ee_s_x,ee_s_y,ee_s_z,ee_s_qx,ee_s_qy,ee_s_qz,ee_s_qw,ee_twist_x,ee_twist_y,ee_twist_z,ee_twist_qx,ee_twist_qy,ee_twist_qz,elbow_s_x,elbow_s_y,elbow_s_z,elbow_s_qx,elbow_s_qy,elbow_s_qz,elbow_s_qw,arm_base_s_x,arm_base_s_y,arm_base_s_z,arm_base_s_qx,arm_base_s_qy,arm_base_s_qz,arm_base_s_qw,ee_f_e_x, ee_f_e_y, ee_f_e_z, ee_f_e_qx, ee_f_e_qy, ee_f_e_qz,ee_beta_x,ee_beta_y,ee_beta_z,ee_beta_qx,ee_beta_qy,ee_beta_qz,tau_c_1,tau_c_2,tau_c_3,tau_c_4,tau_c_5,tau_c_6,tau_c_7,ee_f_c_x,ee_f_c_y,ee_f_c_z,ee_f_c_qx,ee_f_c_qy,ee_f_c_qz,elbow_f_c_x,elbow_f_c_y,elbow_f_c_z,elbow_f_c_qx,elbow_f_c_qy,elbow_f_c_qz
0.492642,0.120932,0.843135,0.654528,0.466215,-0.509812,-0.307131,5.17796e-06,-1.19956e-05,-3.10562e-05,5.47142e-05,4.73823e-05,-9.3039e-06,0.424742,0.396175,0.679336,0.0490538,0.976496,-0.208657,0.0226145,-0.178981,0.0799403,0.739144,0.694609,0.287715,0.609158,-0.25232,0,0,0,0,0,0,0,0.00175032,0,0,0,0,9.90822,1.56203,6.22819,-4.17794,-1.27289,-2.28984,0.888474,0,0,-12,0,0,0,0,0,6.19917,0,0,0,
0.492642,0.120932,0.843135,0.654527,0.466215,-0.509812,-0.307131,4.76705e-06,-1.11525e-05,-2.87348e-05,5.1033e-05,4.37011e-05,-8.61854e-06,0.424742,0.396175,0.679336,0.0490538,0.976496,-0.208657,0.0226143,-0.178981,0.0799403,0.739144,0.694609,0.287715,0.609158,-0.25232,0,0,0,0,0,0,0,0.000789853,0.00150586,0,0,0,9.91072,1.56692,6.22959,-4.17854,-1.2729,-2.28988,0.887991,0,0,-12,0,0,0,0,0,6.19919,0,0,0,
0.492642,0.120932,0.843134,0.654527,0.466215,-0.509812,-0.307132,5.2333e-06,-1.24533e-05,-3.18215e-05,5.72998e-05,4.81279e-05,-9.56377e-06,0.424742,0.396175,0.679336,0.0490538,0.976496,-0.208656,0.0226139,-0.178981,0.0799403,0.739144,0.694609,0.287715,0.609158,-0.25232,0,0,0,0,0,0,0,0.00142624,0.00398349,-0.00615933,-0.00482961,0.00158938,9.91402,1.56844,6.23269,-4.17883,-1.27367,-2.28973,0.888692,0,0,-12,0,0,0,0,0,6.19925,0,0,0,
0.492642,0.120932,0.843134,0.654527,0.466215,-0.509812,-0.307132,4.77361e-06,-1.11639e-05,-2.87693e-05,5.10795e-05,4.37587e-05,-8.62854e-06,0.424742,0.396175,0.679336,0.0490538,0.976496,-0.208656,0.0226137,-0.178981,0.0799403,0.739144,0.694609,0.287715,0.609158,-0.25232,0,0,0,0,0,0,0,0.00248184,0.00161624,-0.00156437,-0.00153964,0.000480648,9.91073,1.56169,6.23063,-4.17802,-1.27306,-2.28991,0.888379,0,0,-12,0,0,0,0,0,6.19928,0,0,0,
0.492642,0.120932,0.843134,0.654527,0.466215,-0.509812,-0.307132,5.18526e-06,-1.20096e-05,-3.10966e-05,5.4774e-05,4.74476e-05,-9.31571e-06,0.424742,0.396175,0.679336,0.0490538,0.976496,-0.208656,0.0226134,-0.178981,0.0799403,0.739144,0.694609,0.287715,0.609158,-0.25232,0,0,0,0,0,0,0,0.00120808,0.00319131,-0.00305359,-0.00302886,0.000931635,9.91307,1.56782,6.23167,-4.17872,-1.27336,-2.28987,0.888236,0,0,-12,0,0,0,0,0,6.19934,0,0,0,
0.492642,0.120931,0.843134,0.654527,0.466215,-0.509812,-0.307132,5.0824e-06,-1.11129e-05,-2.96142e-05,4.96892e-05,4.6029e-05,-8.81044e-06,0.424742,0.396175,0.679335,0.0490538,0.976496,-0.208656,0.0226132,-0.178981,0.0799403,0.739144,0.694609,0.287715,0.609158,-0.25232,0,0,0,0,0,0,0,-0.000141265,0.00166439,-0.00163055,-0.00160579,0.000513798,9.91068,1.57025,6.22886,-4.17885,-1.27326,-2.28974,0.888353,0,0,-12,0,0,0,0,0,6.19937,0,0,0,
0.492642,0.120931,0.843133,0.654526,0.466215,-0.509812,-0.307133,4.71876e-06,-1.07091e-05,-2.80098e-05,4.851e-05,4.30195e-05,-8.37053e-06,0.424742,0.396175,0.679335,0.0490538,0.976496,-0.208655,0.0226129,-0.178981,0.0799403,0.739144,0.694609,0.287715,0.609158,-0.25232,0,0,0,0,0,0,0,0.00248303,0.0025853,-0.00349225,-0.00214269,0.000819642,9.91223,1.56306,6.23186,-4.17823,-1.27316,-2.2898,0.888524,0,0,-12,0,0,0,0,0,6.1994,0,0,0,
0.492642,0.120931,0.843133,0.654526,0.466215,-0.509812,-0.307133,4.71873e-06,-1.07091e-05,-2.80098e-05,4.851e-05,4.30195e-05,-8.37054e-06,0.424742,0.396175,0.679335,0.0490538,0.976497,-0.208655,0.0226124,-0.178981,0.0799403,0.739144,0.694609,0.287715,0.609158,-0.25232,0,0,0,0,0,0,0,0.00119569,0.00483217,-0.00464815,-0.00459866,0.00142572,9.91558,1.56992,6.23362,-4.17903,-1.27359,-2.28988,0.888134,0,0,-12,0,0,0,0,0,6.19948,0,0,0,
0.492642,0.120931,0.843132,0.654526,0.466215,-0.509812,-0.307134,4.71855e-06,-1.0708e-05,-2.80078e-05,4.85039e-05,4.30175e-05,-8.36989e-06,0.424742,0.396175,0.679335,0.0490538,0.976497,-0.208655,0.0226122,-0.178981,0.0799403,0.739144,0.694609,0.287715,0.609158,-0.25232,0,0,0,0,0,0,0,0.00124528,0.00182084,-0.00183486,-0.00178533,0.000595276,9.91102,1.56591,6.22995,-4.17844,-1.27319,-2.2898,0.888401,0,0,-12,0,0,0,0,0,6.19951,0,0,0,
0.492642,0.120931,0.843132,0.654526,0.466215,-0.509812,-0.307134,4.71859e-06,-1.0708e-05,-2.80081e-05,4.85043e-05,4.30179e-05,-8.36997e-06,0.424742,0.396175,0.679335,0.0490538,0.976497,-0.208655,0.0226121,-0.178981,0.0799403,0.739144,0.694609,0.287715,0.609158,-0.25232,0,0,0,0,0,0,0,0.000949353,0.00183426,-0.00185452,-0.00180496,0.000605597,9.91103,1.56689,6.22975,-4.17853,-1.27322,-2.28978,0.888402,0,0,-12,0,0,0,0,0,6.19954,0,0,0,
0.492642,0.120931,0.843132,0.654526,0.466215,-0.509812,-0.307134,5.13353e-06,-1.15595e-05,-3.03526e-05,5.2222e-05,4.67356e-05,-9.06214e-06,0.424742,0.396174,0.679335,0.0490538,0.976497,-0.208654,0.0226116,-0.178981,0.0799403,0.739144,0.694609,0.287715,0.609158,-0.25232,0,0,0,0,0,0,0,-0.000759626,0.00433605,-0.00522601,-0.00382198,0.00135833,9.91476,1.57579,6.2317,-4.17959,-1.27364,-2.28962,0.888379,0,0,-12,0,0,0,0,0,6.1996,0,0,0,
0.492642,0.120931,0.843132,0.654525,0.466215,-0.509812,-0.307135,4.71867e-06,-1.0709e-05,-2.80098e-05,4.85101e-05,4.30195e-05,-8.37055e-06,0.424742,0.396174,0.679335,0.0490538,0.976497,-0.208654,0.0226114,-0.178981,0.0799403,0.739144,0.694609,0.287715,0.609158,-0.25232,0,0,0,0,0,0,0,-0.000400449,0.00189339,-0.00195369,-0.00187934,0.000646847,9.91106,1.57133,6.22886,-4.17897,-1.27333,-2.28969,0.888401,0,0,-12,0,0,0,0,0,6.19963,0,0,0,
0.492642,0.120931,0.843131,0.654525,0.466215,-0.509812,-0.307135,4.29765e-06,-9.84671e-06,-2.56332e-05,4.47476e-05,3.92488e-05,-7.66907e-06,0.424742,0.396174,0.679334,0.0490538,0.976497,-0.208654,0.0226113,-0.178981,0.0799403,0.739144,0.694609,0.287715,0.609158,-0.25232,0,0,0,0,0,0,0,-0.00473981,0.00190196,-0.00196882,-0.00189445,0.00065582,9.91086,1.58542,6.22588,-4.18034,-1.27365,-2.28942,0.888338,0,0,-12,0,0,0,0,0,6.19965,0,0,0,
0.492642,0.12093,0.843131,0.654525,0.466216,-0.509812,-0.307135,4.70853e-06,-1.06898e-05,-2.79547e-05,4.84289e-05,4.29301e-05,-8.35445e-06,0.424742,0.396174,0.679334,0.0490538,0.976497,-0.208654,0.0226109,-0.178981,0.0799403,0.739144,0.694609,0.287715,0.609158,-0.25232,0,0,0,0,0,0,0,0.000145238,0.0034116,-0.00339684,-0.00332244,0.00108862,9.91341,1.57147,6.23106,-4.17908,-1.2735,-2.28975,0.8883,0,0,-12,0,0,0,0,0,6.19971,0,0,0,
0.492643,0.12093,0.843131,0.654525,0.466216,-0.509812,-0.307136,4.8148e-06,-1.15935e-05,-2.94566e-05,5.35445e-05,4.43795e-05,-8.86548e-06,0.424742,0.396174,0.679334,0.0490538,0.976497,-0.208653,0.0226107,-0.178981,0.0799403,0.739144,0.694609,0.287715,0.609158,-0.25232,0,0,0,0,0,0,0,0.000383466,0.00294334,-0.00403167,-0.00253342,0.00101153,9.91273,1.57028,6.23073,-4.17895,-1.27338,-2.28962,0.888567,0,0,-12,0,0,0,0,0,6.19974,0,0,0,
0.492643,0.12093,0.84313,0.654525,0.466216,-0.509812,-0.307136,4.34903e-06,-1.0295e-05,-2.63744e-05,4.72901e-05,3.99581e-05,-7.92172e-06,0.424742,0.396174,0.679334,0.0490538,0.976497,-0.208653,0.0226105,-0.178981,0.0799403,0.739144,0.694609,0.287715,0.609158,-0.25232,0,0,0,0,0,0,0,-0.000135686,0.00201099,-0.00212343,-0.00202256,0.000717869,9.91128,1.57059,6.22913,-4.1789,-1.27334,-2.28968,0.888435,0,0,-12,0,0,0,0,0,6.19977,0,0,0,
0.492643,0.12093,0.84313,0.654525,0.466216,-0.509812,-0.307136,3.52036e-06,-8.59466e-06,-2.16925e-05,3.98659e-05,3.25339e-05,-6.53949e-06,0.424742,0.396174,0.679334,0.0490538,0.976497,-0.208653,0.0226105,-0.178981,0.0799403,0.739144,0.694609,0.287715,0.609158,-0.25232,0,0,0,0,0,0,0,0.000293223,0.000495096,-0.000703816,-0.00060289,0.000296511,9.909,1.56727,6.22756,-4.17847,-1.2731,-2.28967,0.888572,0,0,-12,0,0,0,0,0,6.19977,0,0,0,
0.492643,0.12093,0.84313,0.654524,0.466216,-0.509812,-0.307136,3.93484e-06,-9.44617e-06,-2.40357e-05,4.35857e-05,3.62481e-05,-7.23138e-06,0.424742,0.396174,0.679334,0.0490538,0.976497,-0.208653,0.0226101,-0.178981,0.0799403,0.739144,0.694609,0.287715,0.609158,-0.25232,0,0,0,0,0,0,0,0.00312113,0.00365846,-0.00368069,-0.00357977,-0.00281142,9.91395,1.56087,6.23369,-4.17756,-1.27303,-2.29075,0.888629,0,0,-12,0,0,0,0,0,6.19983,0,0,0,
0.492643,0.12093,0.84313,0.654524,0.466216,-0.509812,-0.307136,3.83465e-06,-8.55395e-06,-2.2567e-05,3.85185e-05,3.48527e-05,-6.73003e-06,0.424742,0.396174,0.679334,0.0490538,0.976497,-0.208653,0.0226099,-0.178981,0.0799403,0.739144,0.694609,0.287715,0.609158,-0.25232,0,0,0,0,0,0,0,0.000331526,0.00210547,-0.00223336,-0.00213236,0.000857476,9.91146,1.5692,6.22952,-4.17878,-1.27333,-2.28968,0.888449,0,0,-12,0,0,0,0,0,6.19986,0,0,0,
0.492643,0.12093,0.843129,0.654524,0.466216,-0.509812,-0.307137,3.83167e-06,-8.5468e-06,-2.25489e-05,3.84856e-05,3.48253e-05,-6.72456e-06,0.424742,0.396174,0.679334,0.0490538,0.976497,-0.208652,0.0226098,-0.178981,0.0799403,0.739144,0.694609,0.287715,0.609158,-0.25232,0,0,0,0,0,0,0,0.000580502,0.00209954,-0.00223496,-0.00213392,-5.9193e-06,9.91147,1.56811,6.22975,-4.17856,-1.27325,-2.28987,0.888519,0,0,-12,0,0,0,0,0,6.19988,0,0,0,
0.492643,0.12093,0.843129,0.654524,0.466216,-0.509812,-0.307137,3.52001e-06,-8.59191e-06,-2.1688e-05,3.98506e-05,3.25296e-05,-6.53798e-06,0.424742,0.396174,0.679334,0.0490538,0.976497,-0.208652,0.0226095,-0.178981,0.0799403,0.739144,0.694609,0.287715,0.609158,-0.25232,0,0,0,0,0,0,0,-0.000518737,0.00309138,-0.00424033,-0.00271142,7.21317e-05,9.91294,1.57305,6.2303,-4.1791,-1.27341,-2.28975,0.888656,0,0,-12,0,0,0,0,0,6.19991,0,0,0,
0.492643,0.12093,0.843129,0.654524,0.466216,-0.509812,-0.307137,3.52737e-06,-8.606e-06,-2.17283e-05,3.99103e-05,3.25949e-05,-6.54978e-06,0.424742,0.396174,0.679334,0.0490538,0.976497,-0.208652,0.0226093,-0.178981,0.0799403,0.739144,0.694609,0.287715,0.609158,-0.25232,0,0,0,0,0,0,0,5.45845e-05,0.00214106,-0.0023123,-0.00218478,0.00143849,9.91152,1.5703,6.2293,-4.17896,-1.2734,-2.28953,0.88843,0,0,-12,0,0,0,0,0,6.19994,0,0,0,
0.492643,0.12093,0.843129,0.654524,0.466216,-0.509812,-0.307137,3.11241e-06,-7.75661e-06,-1.93865e-05,3.62052e-05,2.88787e-05,-5.85862e-06,0.424742,0.396174,0.679334,0.0490538,0.976497,-0.208652,0.0226093,-0.178981,0.0799403,0.739144,0.694609,0.287715,0.609158,-0.25232,0,0,0,0,0,0,0,-0.00103185,0.000636126,-0.000902991,-0.0007754,0.000828515,9.90918,1.57185,6.22672,-4.17898,-1.27326,-2.28947,0.888555,0,0,-12,0,0,0,0,0,6.19994,0,0,0,
0.492643,0.120929,0.843128,0.654524,0.466216,-0.509812,-0.307138,3.00956e-06,-6.85996e-06,-1.79042e-05,3.11205e-05,2.74601e-05,-5.35333e-06,0.424742,0.396174,0.679333,0.0490538,0.976497,-0.208652,0.022609,-0.178981,0.0799403,0.739144,0.694609,0.287715,0.609158,-0.25232,0,0,0,0,0,0,0,0.001421,0.00382122,-0.00390026,-0.00377265,0.000657408,9.91415,1.5676,6.23238,-4.17865,-1.27343,-2.28992,0.888407,0,0,-12,0,0,0,0,0,6.2,0,0,0,
0.492643,0.120929,0.843128,0.654524,0.466216,-0.509812,-0.307138,3.42228e-06,-7.70682e-06,-2.02361e-05,3.48182e-05,3.11578e-05,-6.04177e-06,0.424742,0.396174,0.679333,0.0490538,0.976497,-0.208651,0.0226088,-0.178981,0.0799403,0.739144,0.694609,0.287715,0.609158,-0.25232,0,0,0,0,0,0,0,0.000860491,0.00222801,-0.00241527,-0.00228762,-0.00280626,9.9117,1.56645,6.23027,-4.17804,-1.27304,-2.29047,0.888746,0,0,-12,0,0,0,0,0,6.20003,0,0,0,
0.492643,0.120929,0.843128,0.654523,0.466216,-0.509812,-0.307138,3.4222e-06,-7.70614e-06,-2.0235e-05,3.48144e-05,3.11568e-05,-6.04139e-06,0.424742,0.396174,0.679333,0.0490538,0.976497,-0.208651,0.0226086,-0.178981,0.0799403,0.739144,0.694609,0.287715,0.609158,-0.25232,0,0,0,0,0,0,0,0.00187847,0.00226449,-0.00245665,-0.00232892,0.000530304,9.91182,1.56421,6.23073,-4.17825,-1.27322,-2.28983,0.888542,0,0,-12,0,0,0,0,0,6.20006,0,0,0,
0.492643,0.120929,0.843128,0.654523,0.466216,-0.509812,-0.307138,3.47603e-06,-8.15866e-06,-2.09889e-05,3.73738e-05,3.18873e-05,-6.29771e-06,0.424742,0.396174,0.679333,0.0490538,0.976498,-0.208651,0.0226084,-0.178981,0.0799403,0.739144,0.694609,0.287715,0.609158,-0.25232,0,0,0,0,0,0,0,0.00183164,0.00314292,-0.00423456,-0.00284082,0.000321709,9.91316,1.56548,6.23189,-4.17838,-1.27327,-2.28984,0.888698,0,0,-12,0,0,0,0,0,6.20009,0,0,0,
0.492643,0.120929,0.843128,0.654523,0.466216,-0.509812,-0.307139,3.47599e-06,-8.15858e-06,-2.09887e-05,3.73735e-05,3.1887e-05,-6.29766e-06,0.424742,0.396174,0.679333,0.0490538,0.976498,-0.208651,0.0226082,-0.178981,0.0799403,0.739144,0.694609,0.287715,0.609158,-0.25232,0,0,0,0,0,0,0,0.0026697,0.00226972,-0.00249707,-0.00234613,0.000558802,9.91188,1.56164,6.23126,-4.178,-1.27316,-2.28987,0.888572,0,0,-12,0,0,0,0,0,6.20011,0,0,0,
0.492643,0.120929,0.843127,0.654523,0.466216,-0.509812,-0.307139,3.42487e-06,-7.71269e-06,-2.02516e-05,3.48448e-05,3.11817e-05,-6.0464e-06,0.424742,0.396174,0.679333,0.0490538,0.976498,-0.208651,0.022608,-0.178981,0.0799403,0.739144,0.694609,0.287715,0.609158,-0.25232,0,0,0,0,0,0,0,-0.00290459,0.00231686,-0.00254843,-0.00239743,0.000257905,9.91167,1.5797,6.22751,-4.17972,-1.27356,-2.2896,0.888507,0,0,-12,0,0,0,0,0,6.20014,0,0,0,
0.492643,0.120929,0.843127,0.654523,0.466216,-0.509812,-0.307139,2.5887e-06,-5.99693e-06,-1.55271e-05,2.73533e-05,2.36901e-05,-4.65162e-06,0.424742,0.396174,0.679333,0.0490538,0.976498,-0.208651,0.022608,-0.178981,0.0799403,0.739144,0.694609,0.287715,0.609158,-0.25232,0,0,0,0,0,0,0,-0.000495398,0.00079714,-0.00112533,-0.00097425,0.000216456,9.90949,1.57005,6.22727,-4.17872,-1.27321,-2.28962,0.888651,0,0,-12,0,0,0,0,0,6.20014,0,0,0,
0.492643,0.120929,0.843127,0.654523,0.466216,-0.509812,-0.307139,2.58877e-06,-5.9976e-06,-1.55282e-05,2.73571e-05,2.36911e-05,-4.65199e-06,0.424742,0.396174,0.679333,0.0490538,0.976498,-0.208651,0.022608,-0.178981,0.0799403,0.739144,0.694609,0.287715,0.609158,-0.25232,0,0,0,0,0,0,0,-0.00138556,0.000797416,-0.00112582,-0.00097467,0.000216493,9.90944,1.57294,6.22666,-4.179,-1.27327,-2.28957,0.888637,0,0,-12,0,0,0,0,0,6.20014,0,0,0,
0.492643,0.120929,0.843127,0.654523,0.466216,-0.509812,-0.307139,2.58877e-06,-5.9976e-06,-1.55282e-05,2.73571e-05,2.36911e-05,-4.65199e-06,0.424742,0.396174,0.679333,0.0490538,0.976498,-0.20865,0.0226078,-0.178981,0.0799403,0.739144,0.694609,0.287715,0.609158,-0.25232,0,0,0,0,0,0,0,0.000493072,0.00234419,-0.00258171,-0.00243052,0.000259387,9.91189,1.56869,6.22986,-4.17864,-1.27331,-2.2898,0.888567,0,0,-12,0,0,0,0,0,6.20017,0,0,0,
0.492643,0.120929,0.843127,0.654523,0.466216,-0.509812,-0.307139,2.58876e-06,-5.99759e-06,-1.55282e-05,2.73571e-05,2.36911e-05,-4.652e-06,0.424742,0.396174,0.679333,0.0490538,0.976498,-0.20865,0.0226077,-0.178981,0.0799403,0.739144,0.694609,0.287715,0.609158,-0.25232,0,0,0,0,0,0,0,4.38156e-05,0.00234432,-0.00258907,-0.00243781,1.21535e-05,9.91187,1.57006,6.22956,-4.17874,-1.27333,-2.28982,0.888584,0,0,-12,0,0,0,0,0,6.2002,0,0,0,
0.492643,0.120929,0.843127,0.654523,0.466216,-0.509812,-0.307139,2.58876e-06,-5.99759e-06,-1.55282e-05,2.73571e-05,2.36911e-05,-4.652e-06,0.424742,0.396174,0.679333,0.0490538,0.976498,-0.20865,0.0226075,-0.178981,0.0799403,0.739144,0.694609,0.287715,0.609158,-0.25232,0,0,0,0,0,0,0,0.00126978,0.00241583,-0.00266328,-0.00251196,0.000552689,9.91205,1.56632,6.23044,-4.17845,-1.27329,-2.28979,0.88857,0,0,-12,0,0,0,0,0,6.20023,0,0,0,
0.492643,0.120929,0.843127,0.654523,0.466216,-0.509812,-0.307139,2.17287e-06,-5.14422e-06,-1.31784e-05,2.3631e-05,1.9965e-05,-3.95827e-06,0.424742,0.396174,0.679333,0.0490538,0.976498,-0.20865,0.0226075,-0.178981,0.0799403,0.739144,0.694609,0.287715,0.609158,-0.25232,0,0,0,0,0,0,0,-0.00091896,0.000861801,-0.00120805,-0.00105664,0.000510264,9.90958,1.57157,6.227,-4.1789,-1.27327,-2.28953,0.888642,0,0,-12,0,0,0,0,0,6.20023,0,0,0,
0.492643,0.120929,0.843126,0.654522,0.466216,-0.509812,-0.30714,2.58851e-06,-5.99554e-06,-1.55249e-05,2.73456e-05,2.36879e-05,-4.65085e-06,0.424742,0.396174,0.679332,0.0490538,0.976498,-0.20865,0.022607,-0.178981,0.0799403,0.739144,0.694609,0.287715,0.609158,-0.25232,0,0,0,0,0,0,0,5.43977e-05,0.00490949,-0.00608192,-0.00450347,-0.000153344,9.91579,1.57317,6.23285,-4.17912,-1.27357,-2.28995,0.888664,0,0,-12,0,0,0,0,0,6.20029,0,0,0,
0.492643,0.120929,0.843126,0.654522,0.466216,-0.509812,-0.30714,2.17419e-06,-5.14539e-06,-1.31839e-05,2.36336e-05,1.99758e-05,-3.95974e-06,0.424742,0.396174,0.679332,0.0490538,0.976498,-0.20865,0.022607,-0.178981,0.0799403,0.739144,0.694609,0.287715,0.609158,-0.25232,0,0,0,0,0,0,0,-0.00260513,0.000917926,-0.00129922,-0.0011213,0.000218545,9.90959,1.57701,6.22592,-4.17939,-1.27338,-2.28949,0.888651,0,0,-12,0,0,0,0,0,6.20029,0,0,0,
0.492643,0.120928,0.843126,0.654522,0.466216,-0.509812,-0.30714,2.17262e-06,-5.14217e-06,-1.31751e-05,2.36195e-05,1.99618e-05,-3.95713e-06,0.424742,0.396174,0.679332,0.0490538,0.976498,-0.208649,0.0226069,-0.178981,0.0799403,0.739144,0.694609,0.287715,0.609158,-0.25232,0,0,0,0,0,0,0,-0.0014164,0.00245535,-0.0027464,-0.00256842,0.000853667,9.91198,1.57516,6.22859,-4.17934,-1.27352,-2.28955,0.888532,0,0,-12,0,0,0,0,0,6.20032,0,0,0,
0.492643,0.120928,0.843126,0.654522,0.466216,-0.509812,-0.30714,2.59226e-06,-6.00325e-06,-1.55462e-05,2.73793e-05,2.37216e-05,-4.65713e-06,0.424742,0.396174,0.679332,0.0490538,0.976498,-0.208649,0.0226067,-0.178981,0.0799403,0.739144,0.694609,0.287715,0.609158,-0.25232,0,0,0,0,0,0,0,-0.00180771,0.00250431,-0.00279952,-0.00262146,-7.92315e-07,9.91204,1.57622,6.22844,-4.17934,-1.27349,-2.28971,0.888587,0,0,-12,0,0,0,0,0,6.20035,0,0,0,
0.492643,0.120928,0.843126,0.654522,0.466216,-0.509812,-0.30714,2.17575e-06,-5.14859e-06,-1.31928e-05,2.36475e-05,1.99899e-05,-3.96235e-06,0.424742,0.396174,0.679332,0.0490538,0.976498,-0.208649,0.0226067,-0.178981,0.0799403,0.739144,0.694609,0.287715,0.609158,-0.25232,0,0,0,0,0,0,0,-0.00132966,0.000961052,-0.0013544,-0.00117626,0.000230184,9.90973,1.5729,6.22682,-4.179,-1.2733,-2.28956,0.888683,0,0,-12,0,0,0,0,0,6.20035,0,0,0,
0.492643,0.120928,0.843126,0.654522,0.466216,-0.509812,-0.30714,2.17724e-06,-5.15113e-06,-1.32005e-05,2.36578e-05,2.00028e-05,-3.96459e-06,0.424742,0.396174,0.679332,0.0490538,0.976498,-0.208649,0.0226067,-0.178981,0.0799403,0.739144,0.694609,0.287715,0.609158,-0.25232,0,0,0,0,0,0,0,0.00133811,0.000961373,-0.00135497,-0.00117674,0.000513303,9.90987,1.56433,6.22863,-4.1782,-1.27312,-2.28966,0.888707,0,0,-12,0,0,0,0,0,6.20035,0,0,0,
0.492643,0.120928,0.843126,0.654522,0.466216,-0.509812,-0.30714,1.7623e-06,-4.2997e-06,-1.0856e-05,1.99401e-05,1.62851e-05,-3.27243e-06,0.424742,0.396174,0.679332,0.0490538,0.976498,-0.208649,0.0226067,-0.178981,0.0799403,0.739144,0.694609,0.287715,0.609158,-0.25232,0,0,0,0,0,0,0,0.00146088,0.000961693,-0.00135553,-0.00117723,0.000846653,9.90987,1.56403,6.22869,-4.17821,-1.27314,-2.2896,0.888686,0,0,-12,0,0,0,0,0,6.20035,0,0,0,
0.492643,0.120928,0.843126,0.654522,0.466216,-0.509812,-0.307141,1.76231e-06,-4.29973e-06,-1.08561e-05,1.99403e-05,1.62853e-05,-3.27246e-06,0.424742,0.396174,0.679332,0.0490538,0.976498,-0.208649,0.0226065,-0.178981,0.0799403,0.739144,0.694609,0.287715,0.609158,-0.25232,0,0,0,0,0,0,0,0.00196737,0.00245799,-0.0027642,-0.00258585,0.000298897,9.91217,1.56399,6.23094,-4.17818,-1.27323,-2.28987,0.888638,0,0,-12,0,0,0,0,0,6.20037,0,0,0,
0.492643,0.120928,0.843126,0.654522,0.466216,-0.509812,-0.307141,1.34735e-06,-3.44826e-06,-8.51148e-06,1.62225e-05,1.25674e-05,-2.58027e-06,0.424742,0.396174,0.679332,0.0490538,0.976498,-0.208649,0.0226065,-0.178981,0.0799403,0.739144,0.694609,0.287715,0.609158,-0.25232,0,0,0,0,0,0,0,-0.00305217,0.000983448,-0.00138346,-0.00120501,0.000256563,9.90968,1.57852,6.22566,-4.17954,-1.27343,-2.28945,0.88866,0,0,-12,0,0,0,0,0,6.20037,0,0,0,
0.492643,0.120928,0.843125,0.654522,0.466216,-0.509812,-0.307141,1.76252e-06,-4.30171e-06,-1.08593e-05,1.99516e-05,1.62883e-05,-3.27357e-06,0.424742,0.396174,0.679332,0.0490539,0.976498,-0.208649,0.0226063,-0.178981,0.0799403,0.739144,0.694609,0.287715,0.609158,-0.25232,0,0,0,0,0,0,0,-0.00189859,0.0034709,-0.00473773,-0.00320068,9.97379e-05,9.91352,1.57784,6.22964,-4.17955,-1.27358,-2.28965,0.888738,0,0,-12,0,0,0,0,0,6.2004,0,0,0,
0.492643,0.120928,0.843125,0.654522,0.466216,-0.509812,-0.307141,1.34578e-06,-3.44712e-06,-8.50538e-06,1.6221e-05,1.25549e-05,-2.57868e-06,0.424742,0.396174,0.679332,0.0490539,0.976498,-0.208649,0.0226063,-0.178981,0.0799403,0.739144,0.694609,0.287715,0.609158,-0.25232,0,0,0,0,0,0,0,0.000628471,0.0010177,-0.00144569,-0.00124235,0.000252216,9.90992,1.5666,6.22821,-4.17838,-1.27317,-2.28967,0.888729,0,0,-12,0,0,0,0,0,6.2004,0,0,0,
0.492643,0.120928,0.843125,0.654522,0.466216,-0.509812,-0.307141,1.76e-06,-4.29656e-06,-1.08452e-05,1.99291e-05,1.62659e-05,-3.26939e-06,0.424742,0.396174,0.679332,0.0490539,0.976498,-0.208649,0.0226061,-0.178981,0.0799403,0.739144,0.694609,0.287715,0.609158,-0.25232,0,0,0,0,0,0,0,0.00461813,0.00256154,-0.0028989,-0.00269549,0.000612695,9.91248,1.55559,6.23284,-4.1774,-1.27307,-2.28996,0.888673,0,0,-12,0,0,0,0,0,6.20043,0,0,0,
0.492643,0.120928,0.843125,0.654522,0.466216,-0.509812,-0.307141,1.34577e-06,-3.44709e-06,-8.50532e-06,1.62209e-05,1.25548e-05,-2.57866e-06,0.424742,0.396174,0.679332,0.0490539,0.976498,-0.208649,0.0226061,-0.178981,0.0799403,0.739144,0.694609,0.287715,0.609158,-0.25232,0,0,0,0,0,0,0,0.00906032,0.0010395,-0.00147369,-0.00127017,0.00053636,9.9104,1.53933,6.23399,-4.17576,-1.27257,-2.29012,0.888852,0,0,-12,0,0,0,0,0,6.20043,0,0,0,
0.492644,0.120928,0.843125,0.654521,0.466216,-0.509812,-0.307142,2.08653e-06,-4.76433e-06,-1.18086e-05,2.10427e-05,2.58757e-05,-7.55797e-06,0.424742,0.396174,0.679332,0.0490539,0.976498,-0.208648,0.0226059,-0.178981,0.0799403,0.739144,0.694609,0.287715,0.609158,-0.25232,0,0,0,0,0,0,0,0.00347295,0.00333509,-0.00343561,-0.00731515,0.00273651,9.91304,1.56038,6.23221,-4.17797,-1.27397,-2.28989,0.888593,0,0,-12,0,0,0,0,0,6.20046,0,0,0,
0.492644,0.120928,0.843125,0.654521,0.466216,-0.509812,-0.307142,2.08652e-06,-4.76432e-06,-1.18086e-05,2.10427e-05,2.58755e-05,-7.55792e-06,0.424742,0.396174,0.679332,0.0490539,0.976498,-0.208648,0.0226059,-0.178981,0.0799403,0.739144,0.694609,0.287715,0.609158,-0.25232,0,0,0,0,0,0,0,-0.00157084,0.00107217,-0.00151177,-0.00138471,0.000934858,9.90989,1.57399,6.22668,-4.17918,-1.2734,-2.2894,0.888663,0,0,-12,0,0,0,0,0,6.20046,0,0,0,
0.492644,0.120928,0.843125,0.654521,0.466216,-0.509812,-0.307142,1.67206e-06,-3.91284e-06,-9.46537e-06,1.7323e-05,2.21614e-05,-6.8661e-06,0.424742,0.396174,0.679332,0.0490539,0.976498,-0.208648,0.0226059,-0.178981,0.0799403,0.739144,0.694609,0.287715,0.609158,-0.25232,0,0,0,0,0,0,0,-0.00149837,0.00107254,-0.00151241,-0.00138531,0.00035947,9.9099,1.57358,6.22678,-4.17907,-1.27335,-2.28953,0.888703,0,0,-12,0,0,0,0,0,6.20046,0,0,0,
0.492644,0.120928,0.843124,0.654521,0.466216,-0.509812,-0.307142,2.08644e-06,-4.76365e-06,-1.18075e-05,2.10389e-05,2.58746e-05,-7.55759e-06,0.424742,0.396174,0.679332,0.0490539,0.976498,-0.208648,0.0226057,-0.178981,0.0799403,0.739144,0.694609,0.287715,0.609158,-0.25232,0,0,0,0,0,0,0,-0.00143116,0.00262357,-0.00297237,-0.00284523,0.000123991,9.91226,1.57513,6.22877,-4.17924,-1.2735,-2.28971,0.888623,0,0,-12,0,0,0,0,0,6.20049,0,0,0,
0.492644,0.120928,0.843124,0.654521,0.466216,-0.509812,-0.307142,2.08519e-06,-4.76108e-06,-1.18004e-05,2.10277e-05,2.58633e-05,-7.55546e-06,0.424742,0.396174,0.679332,0.0490539,0.976498,-0.208648,0.0226057,-0.178981,0.0799403,0.739144,0.694609,0.287715,0.609158,-0.25232,0,0,0,0,0,0,0,0.00075639,0.00109436,-0.00154045,-0.00141324,0.00035289,9.91005,1.56628,6.22834,-4.17836,-1.27319,-2.28966,0.888746,0,0,-12,0,0,0,0,0,6.20049,0,0,0,
0.492644,0.120928,0.843124,0.654521,0.466216,-0.509812,-0.307143,2.0851e-06,-4.76039e-06,-1.17993e-05,2.10238e-05,2.58622e-05,-7.55507e-06,0.424742,0.396174,0.679332,0.0490539,0.976498,-0.208648,0.0226053,-0.178981,0.0799403,0.739144,0.694609,0.287715,0.609158,-0.25232,0,0,0,0,0,0,0,0.00226734,0.00521118,-0.00649721,-0.00491873,0.000539574,9.91639,1.56648,6.23458,-4.17855,-1.27351,-2.28994,0.888718,0,0,-12,0,0,0,0,0,6.20055,0,0,0,
0.492644,0.120928,0.843124,0.654521,0.466216,-0.509812,-0.307143,2.08767e-06,-4.76617e-06,-1.18144e-05,2.10499e-05,2.58856e-05,-7.5596e-06,0.424742,0.396174,0.679332,0.0490539,0.976498,-0.208648,0.0226053,-0.178981,0.0799403,0.739144,0.694609,0.287715,0.609158,-0.25232,0,0,0,0,0,0,0,0.00341447,0.00115064,-0.00163191,-0.0014782,7.52128e-05,9.91028,1.55761,6.23024,-4.17748,-1.27298,-2.28988,0.888824,0,0,-12,0,0,0,0,0,6.20055,0,0,0,
0.492644,0.120928,0.843124,0.654521,0.466216,-0.509812,-0.307143,1.67354e-06,-3.9161e-06,-9.47317e-06,1.73368e-05,2.21852e-05,-6.87445e-06,0.424742,0.396174,0.679332,0.0490539,0.976498,-0.208648,0.0226053,-0.178981,0.0799403,0.739144,0.694609,0.287715,0.609158,-0.25232,0,0,0,0,0,0,0,0.00116589,0.00115103,-0.00163259,-0.00147881,0.000349949,9.91017,1.565,6.22867,-4.17823,-1.27317,-2.28969,0.888769,0,0,-12,0,0,0,0,0,6.20055,0,0,0,
0.492644,0.120928,0.843124,0.654521,0.466216,-0.509812,-0.307143,1.76106e-06,-4.29773e-06,-1.085e-05,1.99326e-05,1.62748e-05,-3.2707e-06,0.424742,0.396174,0.679331,0.0490539,0.976498,-0.208648,0.0226051,-0.178981,0.0799403,0.739144,0.694609,0.287715,0.609158,-0.25232,0,0,0,0,0,0,0,-0.00146592,0.0026829,-0.00307463,-0.00292081,0.000117344,9.91236,1.57528,6.22879,-4.17925,-1.27352,-2.2897,0.888647,0,0,-12,0,0,0,0,0,6.20058,0,0,0,
0.492644,0.120928,0.843124,0.654521,0.466216,-0.509812,-0.307143,1.34739e-06,-3.44888e-06,-8.51254e-06,1.62262e-05,1.25684e-05,-2.58064e-06,0.424742,0.396174,0.679331,0.0490539,0.976498,-0.208648,0.0226051,-0.178981,0.0799403,0.739144,0.694609,0.287715,0.609158,-0.25232,0,0,0,0,0,0,0,-0.00131032,0.00117291,-0.00166075,-0.00150684,0.000343367,9.91008,1.57305,6.22699,-4.17901,-1.27335,-2.28954,0.888736,0,0,-12,0,0,0,0,0,6.20058,0,0,0,
0.492644,0.120928,0.843124,0.654521,0.466216,-0.509812,-0.307142,1.02054e-06,-2.98178e-06,-7.54999e-06,1.51186e-05,2.94638e-06,1.71358e-06,0.424742,0.396174,0.679331,0.0490539,0.976498,-0.208648,0.0226051,-0.178981,0.0799403,0.739144,0.694609,0.287715,0.609158,-0.25232,0,0,0,0,0,0,0,0.000594012,0.000363363,-0.00110584,0.00328702,-0.00245451,9.90952,1.56556,6.22816,-4.17811,-1.27232,-2.28977,0.888878,0,0,-12,0,0,0,0,0,6.20058,0,0,0,
0.492644,0.120928,0.843124,0.654521,0.466216,-0.509812,-0.307142,6.05602e-07,-2.13034e-06,-5.20546e-06,1.14009e-05,-7.71335e-07,2.40574e-06,0.424742,0.396174,0.679331,0.0490539,0.976498,-0.208648,0.0226051,-0.178981,0.0799403,0.739144,0.694609,0.287715,0.609158,-0.25232,0,0,0,0,0,0,0,0.00157527,0.00116283,-0.00165208,-0.00142141,0.000264997,9.91022,1.56366,6.22898,-4.17809,-1.27312,-2.28972,0.888785,0,0,-12,0,0,0,0,0,6.20058,0,0,0,
0.492644,0.120928,0.843124,0.654521,0.466216,-0.509812,-0.307142,6.05602e-07,-2.13034e-06,-5.20546e-06,1.14009e-05,-7.71335e-07,2.40574e-06,0.424742,0.396174,0.679331,0.0490539,0.976498,-0.208648,0.0226051,-0.178981,0.0799403,0.739144,0.694609,0.287715,0.609158,-0.25232,0,0,0,0,0,0,0,-0.000852829,0.00116322,-0.00165278,-0.00142201,0.000543188,9.9101,1.57163,6.22729,-4.1789,-1.27332,-2.28951,0.888727,0,0,-12,0,0,0,0,0,6.20058,0,0,0,
0.492644,0.120928,0.843124,0.654521,0.466216,-0.509812,-0.307142,5.01849e-07,-1.23217e-06,-3.71785e-06,6.3097e-06,-2.19276e-06,2.90953e-06,0.424742,0.396174,0.679331,0.0490539,0.976498,-0.208648,0.0226051,-0.178981,0.0799403,0.739144,0.694609,0.287715,0.609158,-0.25232,0,0,0,0,0,0,0,0.00127386,0.00116362,-0.00165348,-0.00142261,0.000838535,9.91021,1.56481,6.22873,-4.17828,-1.27319,-2.28958,0.888741,0,0,-12,0,0,0,0,0,6.20058,0,0,0,
0.492644,0.120928,0.843124,0.654521,0.466216,-0.509812,-0.307142,8.77866e-08,-3.82378e-07,-1.3776e-06,2.59847e-06,-5.8976e-06,3.5974e-06,0.424742,0.396174,0.679331,0.0490539,0.976498,-0.208648,0.0226051,-0.178981,0.0799403,0.739144,0.694609,0.287715,0.609158,-0.25232,0,0,0,0,0,0,0,-0.00158415,0.00116401,-0.00165417,-0.00142321,-0.000286721,9.91006,1.57375,6.22686,-4.179,-1.27331,-2.28964,0.888771,0,0,-12,0,0,0,0,0,6.20058,0,0,0,
0.492644,0.120928,0.843124,0.654521,0.466216,-0.509812,-0.307143,4.14309e-07,-8.50147e-07,-2.34099e-06,3.71207e-06,3.7121e-06,-6.91115e-07,0.424742,0.396174,0.679331,0.0490539,0.976498,-0.208648,0.0226051,-0.178981,0.0799403,0.739144,0.694609,0.287715,0.609158,-0.25232,0,0,0,0,0,0,0,-0.00064804,0.00198292,-0.00221631,-0.00626893,0.00310037,9.91077,1.57221,6.2276,-4.1791,-1.27419,-2.28946,0.888636,0,0,-12,0,0,0,0,0,6.20058,0,0,0,
0.492644,0.120927,0.843123,0.65452,0.466216,-0.509812,-0.307143,9.31212e-07,-2.5949e-06,-6.16102e-06,1.24973e-05,8.83958e-06,-1.88642e-06,0.424742,0.396174,0.679331,0.0490539,0.976498,-0.208647,0.0226049,-0.178981,0.0799403,0.739144,0.694609,0.287715,0.609158,-0.25232,0,0,0,0,0,0,0,0.000518121,0.00367161,-0.00507308,-0.00349938,0.000203297,9.91398,1.57021,6.23146,-4.17881,-1.27345,-2.28977,0.888833,0,0,-12,0,0,0,0,0,6.2006,0,0,0,
0.492644,0.120927,0.843123,0.65452,0.466216,-0.509812,-0.307143,5.16975e-07,-1.74542e-06,-3.82112e-06,8.78908e-06,5.12849e-06,-1.19567e-06,0.424742,0.396174,0.679331,0.0490539,0.976498,-0.208647,0.0226049,-0.178981,0.0799403,0.739144,0.694609,0.287715,0.609158,-0.25232,0,0,0,0,0,0,0,0.00358188,0.00121048,-0.00172968,-0.00154869,0.00150235,9.91039,1.55756,6.23029,-4.17765,-1.27308,-2.28959,0.888747,0,0,-12,0,0,0,0,0,6.2006,0,0,0,
0.492644,0.120927,0.843123,0.65452,0.466216,-0.509812,-0.307143,8.43352e-07,-2.21222e-06,-4.78235e-06,9.89687e-06,1.47416e-05,-5.48652e-06,0.424742,0.396174,0.679331,0.0490539,0.976498,-0.208647,0.0226049,-0.178981,0.0799403,0.739144,0.694609,0.287715,0.609158,-0.25232,0,0,0,0,0,0,0,0.00323504,0.00121089,-0.00173041,-0.00154935,0.000380796,9.91037,1.55834,6.23015,-4.17759,-1.27303,-2.2898,0.888817,0,0,-12,0,0,0,0,0,6.2006,0,0,0,
0.492644,0.120927,0.843123,0.65452,0.466216,-0.509812,-0.307143,8.43418e-07,-2.21251e-06,-4.78339e-06,9.89884e-06,1.47371e-05,-5.4838e-06,0.424742,0.396174,0.679331,0.0490539,0.976498,-0.208647,0.0226049,-0.178981,0.0799403,0.739144,0.694609,0.287715,0.609158,-0.25232,0,0,0,0,0,0,0,0.00521943,0.0012113,-0.00173112,-0.00154999,0.000380859,9.91048,1.5519,6.23151,-4.17696,-1.27288,-2.28992,0.888849,0,0,-12,0,0,0,0,0,6.2006,0,0,0,
0.492644,0.120927,0.843123,0.65452,0.466216,-0.509812,-0.307143,8.43665e-07,-2.21287e-06,-4.78412e-06,9.89968e-06,1.47444e-05,-5.48704e-06,0.424742,0.396174,0.679331,0.0490539,0.976498,-0.208647,0.0226049,-0.178981,0.0799403,0.739144,0.694609,0.287715,0.609158,-0.25232,0,0,0,0,0,0,0,0.00166603,0.0012117,-0.00173184,-0.00155063,0.000380923,9.91029,1.56344,6.22907,-4.17808,-1.27314,-2.28971,0.888792,0,0,-12,0,0,0,0,0,6.2006,0,0,0,
0.492644,0.120927,0.843123,0.65452,0.466216,-0.509812,-0.307143,8.44786e-07,-2.21486e-06,-4.78912e-06,9.90698e-06,1.47646e-05,-5.49458e-06,0.424742,0.396174,0.679331,0.0490539,0.976498,-0.208647,0.0226049,-0.178981,0.0799403,0.739144,0.694609,0.287715,0.609158,-0.25232,0,0,0,0,0,0,0,-0.00422438,0.00121211,-0.00173257,-0.00155129,-0.000184515,9.90999,1.5824,6.22508,-4.17986,-1.27354,-2.28947,0.888736,0,0,-12,0,0,0,0,0,6.2006,0,0,0,
0.492644,0.120927,0.843123,0.65452,0.466216,-0.509812,-0.307143,8.44536e-07,-2.2145e-06,-4.78838e-06,9.90613e-06,1.47572e-05,-5.49129e-06,0.424742,0.396174,0.679331,0.0490539,0.976498,-0.208647,0.0226049,-0.178981,0.0799403,0.739144,0.694609,0.287715,0.609158,-0.25232,0,0,0,0,0,0,0,-0.00338095,0.00121251,-0.00173328,-0.00155192,0.000948186,9.91004,1.58001,6.22556,-4.17977,-1.27356,-2.28928,0.888673,0,0,-12,0,0,0,0,0,6.2006,0,0,0,
0.492644,0.120927,0.843123,0.65452,0.466216,-0.509812,-0.307143,9.32457e-07,-2.59747e-06,-6.16809e-06,1.25086e-05,8.85077e-06,-1.8885e-06,0.424742,0.396174,0.679331,0.0490539,0.976498,-0.208647,0.0226047,-0.178981,0.0799403,0.739144,0.694609,0.287715,0.609158,-0.25232,0,0,0,0,0,0,0,-0.000754928,0.00279537,-0.00322314,-0.00304163,0.00862431,9.9126,1.57571,6.2287,-4.18037,-1.27409,-2.28797,0.888098,0,0,-12,0,0,0,0,0,6.20063,0,0,0,
0.492644,0.120927,0.843123,0.65452,0.466216,-0.509812,-0.307143,8.29867e-07,-1.70286e-06,-4.68906e-06,7.43537e-06,7.43544e-06,-1.38432e-06,0.424742,0.396174,0.679331,0.0490539,0.976498,-0.208647,0.0226047,-0.178981,0.0799403,0.739144,0.694609,0.287715,0.609158,-0.25232,0,0,0,0,0,0,0,0.000717234,0.00123442,-0.00176154,-0.00157994,0.00793352,9.91031,1.56887,6.22782,-4.17956,-1.27376,-2.28807,0.888274,0,0,-12,0,0,0,0,0,6.20063,0,0,0,
0.492644,0.120927,0.843123,0.65452,0.466216,-0.509812,-0.307143,4.14934e-07,-8.51432e-07,-2.34453e-06,3.71768e-06,3.71772e-06,-6.92161e-07,0.424742,0.396174,0.679331,0.0490539,0.976498,-0.208647,0.0226047,-0.178981,0.0799403,0.739144,0.694609,0.287715,0.609158,-0.25232,0,0,0,0,0,0,0,-0.00037661,0.00123483,-0.00176224,-0.00158065,0.000822325,9.91023,1.57023,6.22765,-4.1788,-1.27333,-2.28949,0.888736,0,0,-12,0,0,0,0,0,6.20063,0,0,0,
0.492644,0.120927,0.843123,0.65452,0.466216,-0.509812,-0.307143,4.14934e-07,-8.51432e-07,-2.34453e-06,3.71768e-06,3.71772e-06,-6.92161e-07,0.424742,0.396174,0.679331,0.0490539,0.976498,-0.208647,0.0226047,-0.178981,0.0799403,0.739144,0.694609,0.287715,0.609158,-0.25232,0,0,0,0,0,0,0,-0.00224634,0.00123525,-0.00176297,-0.00158131,0.000822464,9.91013,1.5763,6.22637,-4.17939,-1.27347,-2.28938,0.888706,0,0,-12,0,0,0,0,0,6.20063,0,0,0,
0.492644,0.120927,0.843123,0.65452,0.466216,-0.509812,-0.307143,4.14934e-07,-8.51432e-07,-2.34453e-06,3.71768e-06,3.71772e-06,-6.92161e-07,0.424742,0.396174,0.679331,0.0490539,0.976498,-0.208647,0.0226047,-0.178981,0.0799403,0.739144,0.694609,0.287715,0.609158,-0.25232,0,0,0,0,0,0,0,-0.004563,0.00123566,-0.0017637,-0.00158196,0.000822603,9.91001,1.58382,6.22478,-4.18012,-1.27364,-2.28924,0.888669,0,0,-12,0,0,0,0,0,6.20063,0,0,0,
0.492644,0.120927,0.843123,0.65452,0.466216,-0.509812,-0.307143,4.14934e-07,-8.51432e-07,-2.34453e-06,3.71768e-06,3.71772e-06,-6.92161e-07,0.424742,0.396174,0.679331,0.0490539,0.976498,-0.208647,0.0226047,-0.178981,0.0799403,0.739144,0.694609,0.287715,0.609158,-0.25232,0,0,0,0,0,0,0,-0.00590394,0.00123607,-0.00176447,-0.00158259,0.00598822,9.90996,1.58977,6.22344,-4.18135,-1.27411,-2.28808,0.888299,0,0,-12,0,0,0,0,0,6.20063,0,0,0,
0.492644,0.120927,0.843123,0.65452,0.466216,-0.509812,-0.307144,8.27994e-07,-1.69902e-06,-4.67849e-06,7.4186e-06,7.41867e-06,-1.3812e-06,0.424742,0.396174,0.679331,0.0490539,0.976498,-0.208647,0.0226045,-0.178981,0.0799403,0.739144,0.694609,0.287715,0.609158,-0.25232,0,0,0,0,0,0,0,-0.00467548,0.00279638,-0.00323314,-0.00305125,0.00230049,9.91238,1.58649,6.22652,-4.18062,-1.27393,-2.28905,0.88847,0,0,-12,0,0,0,0,0,6.20066,0,0,0,
0.492644,0.120927,0.843123,0.65452,0.466216,-0.509812,-0.307144,8.27994e-07,-1.69902e-06,-4.67849e-06,7.4186e-06,7.41867e-06,-1.3812e-06,0.424742,0.396174,0.679331,0.0490539,0.976498,-0.208647,0.0226045,-0.178981,0.0799403,0.739144,0.694609,0.287715,0.609158,-0.25232,0,0,0,0,0,0,0,-0.00312608,0.001258,-0.00179268,-0.00161071,0.0015674,9.91013,1.57941,6.22572,-4.17978,-1.27359,-2.28917,0.888648,0,0,-12,0,0,0,0,0,6.20066,0,0,0,
0.492644,0.120927,0.843123,0.65452,0.466216,-0.509812,-0.307144,8.27986e-07,-1.69901e-06,-4.67844e-06,7.41853e-06,7.4186e-06,-1.38119e-06,0.424742,0.396174,0.679331,0.0490539,0.976498,-0.208647,0.0226045,-0.178981,0.0799403,0.739144,0.694609,0.287715,0.609158,-0.25232,0,0,0,0,0,0,0,0.00550021,0.00125841,-0.00179342,-0.00161136,0.00266174,9.91058,1.55173,6.23155,-4.17723,-1.27303,-2.28946,0.888712,0,0,-12,0,0,0,0,0,6.20066,0,0,0,
0.492644,0.120927,0.843123,0.65452,0.466216,-0.509812,-0.307144,4.13993e-07,-8.49503e-07,-2.33922e-06,3.70926e-06,3.7093e-06,-6.90594e-07,0.424742,0.396174,0.679331,0.0490539,0.976498,-0.208647,0.0226045,-0.178981,0.0799403,0.739144,0.694609,0.287715,0.609158,-0.25232,0,0,0,0,0,0,0,0.00364072,0.00125884,-0.00179417,-0.00161204,0.00238297,9.91048,1.55768,6.2303,-4.17777,-1.27315,-2.28941,0.888701,0,0,-12,0,0,0,0,0,6.20066,0,0,0,
0.492644,0.120927,0.843123,0.65452,0.466216,-0.509812,-0.307144,4.14306e-07,-8.50144e-07,-2.34099e-06,3.71207e-06,3.7121e-06,-6.91115e-07,0.424742,0.396174,0.679331,0.0490539,0.976498,-0.208647,0.0226045,-0.178981,0.0799403,0.739144,0.694609,0.287715,0.609158,-0.25232,0,0,0,0,0,0,0,0.00196794,0.00125925,-0.00179491,-0.0016127,0.00249656,9.9104,1.56315,6.22914,-4.17832,-1.27328,-2.28928,0.888667,0,0,-12,0,0,0,0,0,6.20066,0,0,0,
0.492644,0.120927,0.843123,0.65452,0.466216,-0.509812,-0.307144,4.14306e-07,-8.50144e-07,-2.34099e-06,3.71207e-06,3.7121e-06,-6.91115e-07,0.424742,0.396174,0.679331,0.0490539,0.976498,-0.208647,0.0226045,-0.178981,0.0799403,0.739144,0.694609,0.287715,0.609158,-0.25232,0,0,0,0,0,0,0,0.000129843,0.00125986,-0.00179598,-0.00161367,0.00190897,9.9103,1.56894,6.22793,-4.17881,-1.27337,-2.28929,0.888677,0,0,-12,0,0,0,0,0,6.20066,0,0,0,
0.492644,0.120927,0.843123,0.65452,0.466216,-0.509812,-0.307144,4.14306e-07,-8.50144e-07,-2.34099e-06,3.71207e-06,3.7121e-06,-6.91115e-07,0.424742,0.396174,0.679331,0.0490539,0.976498,-0.208647,0.0226045,-0.178981,0.0799403,0.739144,0.694609,0.287715,0.609158,-0.25232,0,0,0,0,0,0,0,-0.00124999,0.00126027,-0.00179672,-0.00161434,0.00145891,9.91023,1.57328,6.22702,-4.17917,-1.27344,-2.2893,0.888685,0,0,-12,0,0,0,0,0,6.20066,0,0,0,
0.492644,0.120927,0.843123,0.65452,0.466216,-0.509812,-0.307144,5.16899e-07,-1.74476e-06,-3.82004e-06,8.78533e-06,5.12747e-06,-1.19531e-06,0.424742,0.396174,0.679331,0.0490539,0.976498,-0.208647,0.0226044,-0.178981,0.0799403,0.739144,0.694609,0.287715,0.609158,-0.25232,0,0,0,0,0,0,0,-0.000287565,0.0021075,-0.00352146,-0.00209597,0.00241314,9.91158,1.57161,6.22874,-4.17917,-1.2735,-2.28913,0.888771,0,0,-12,0,0,0,0,0,6.20066,0,0,0,
0.492644,0.120927,0.843123,0.65452,0.466216,-0.509812,-0.307144,5.17521e-07,-1.74603e-06,-3.82354e-06,8.79086e-06,5.13304e-06,-1.19634e-06,0.424742,0.396174,0.679331,0.0490539,0.976498,-0.208647,0.0226044,-0.178981,0.0799403,0.739144,0.694609,0.287715,0.609158,-0.25232,0,0,0,0,0,0,0,0.000572029,0.0012728,-0.00183026,-0.00162463,0.00161197,9.91034,1.56743,6.22827,-4.17862,-1.27332,-2.28938,0.888708,0,0,-12,0,0,0,0,0,6.20066,0,0,0,
0.492644,0.120927,0.843123,0.65452,0.466216,-0.509812,-0.307144,1.02589e-07,-8.94595e-07,-1.47901e-06,5.07318e-06,1.41532e-06,-5.04178e-07,0.424742,0.396174,0.679331,0.0490539,0.976498,-0.208647,0.0226044,-0.178981,0.0799403,0.739144,0.694609,0.287715,0.609158,-0.25232,0,0,0,0,0,0,0,0.00180564,0.00127322,-0.00183102,-0.00162531,0.00123283,9.91041,1.56331,6.22915,-4.17817,-1.2732,-2.28953,0.888754,0,0,-12,0,0,0,0,0,6.20066,0,0,0,
0.492644,0.120927,0.843123,0.65452,0.466216,-0.509812,-0.307144,1.02589e-07,-8.94595e-07,-1.47901e-06,5.07318e-06,1.41532e-06,-5.04178e-07,0.424742,0.396174,0.679331,0.0490539,0.976498,-0.208647,0.0226044,-0.178981,0.0799403,0.739144,0.694609,0.287715,0.609158,-0.25232,0,0,0,0,0,0,0,-0.00260274,0.00127364,-0.00183181,-0.00162593,0.00834588,9.9102,1.57982,6.22555,-4.18068,-1.27404,-2.28778,0.888203,0,0,-12,0,0,0,0,0,6.20066,0,0,0,
0.492644,0.120927,0.843123,0.65452,0.466216,-0.509812,-0.307144,1.02744e-07,-8.95948e-07,-1.48125e-06,5.08085e-06,1.41746e-06,-5.04941e-07,0.424742,0.396174,0.679331,0.0490539,0.976498,-0.208647,0.0226044,-0.178981,0.0799403,0.739144,0.694609,0.287715,0.609158,-0.25232,0,0,0,0,0,0,0,-0.000825816,0.00127407,-0.00183256,-0.00162664,0.00502489,9.91028,1.57302,6.22704,-4.1796,-1.27367,-2.28858,0.888456,0,0,-12,0,0,0,0,0,6.20066,0,0,0,
0.492644,0.120927,0.843123,0.65452,0.466216,-0.509812,-0.307144,5.17675e-07,-1.74738e-06,-3.82578e-06,8.79853e-06,5.13518e-06,-1.1971e-06,0.424742,0.396174,0.679331,0.0490539,0.976499,-0.208647,0.0226043,-0.178981,0.0799403,0.739144,0.694609,0.287715,0.609158,-0.25232,0,0,0,0,0,0,0,-0.00185134,0.00281772,-0.00328566,-0.00307968,0.00352767,9.91257,1.57772,6.22838,-4.17992,-1.27381,-2.28896,0.888444,0,0,-12,0,0,0,0,0,6.20069,0,0,0,
0.492644,0.120927,0.843123,0.65452,0.466217,-0.509812,-0.307144,1.91468e-07,-1.28026e-06,-2.86417e-06,7.68776e-06,-4.47172e-06,3.09087e-06,0.424742,0.396174,0.679331,0.0490539,0.976499,-0.208647,0.0226043,-0.178981,0.0799403,0.739144,0.694609,0.287715,0.609158,-0.25232,0,0,0,0,0,0,0,0.000221101,0.000513372,-0.00132388,0.002979,0.00127654,9.90974,1.56805,6.22772,-4.17881,-1.27266,-2.28898,0.888657,0,0,-12,0,0,0,0,0,6.20069,0,0,0,
0.492644,0.120927,0.843123,0.65452,0.466217,-0.509812,-0.307144,1.91218e-07,-1.2799e-06,-2.86343e-06,7.68691e-06,-4.47907e-06,3.09415e-06,0.424742,0.396174,0.679331,0.0490539,0.976499,-0.208647,0.0226043,-0.178981,0.0799403,0.739144,0.694609,0.287715,0.609158,-0.25232,0,0,0,0,0,0,0,0.00355235,0.00128561,-0.0018516,-0.0015688,0.00325338,9.91054,1.55827,6.2302,-4.17794,-1.27321,-2.28921,0.888649,0,0,-12,0,0,0,0,0,6.20069,0,0,0,
0.492644,0.120927,0.843123,0.65452,0.466217,-0.509812,-0.307144,8.87209e-08,-3.84299e-07,-1.38289e-06,2.60687e-06,-5.88921e-06,3.59582e-06,0.424742,0.396174,0.679331,0.0490539,0.976499,-0.208647,0.0226043,-0.178981,0.0799403,0.739144,0.694609,0.287715,0.609158,-0.25232,0,0,0,0,0,0,0,-0.00255336,0.00128604,-0.00185237,-0.00156946,0.00298579,9.91022,1.57802,6.22604,-4.17983,-1.27364,-2.2889,0.888569,0,0,-12,0,0,0,0,0,6.20069,0,0,0,
0.492644,0.120927,0.843123,0.65452,0.466217,-0.509812,-0.307144,8.84068e-08,-3.83654e-07,-1.38112e-06,2.60406e-06,-5.89203e-06,3.59634e-06,0.424742,0.396174,0.679331,0.0490539,0.976499,-0.208647,0.0226043,-0.178981,0.0799403,0.739144,0.694609,0.287715,0.609158,-0.25232,0,0,0,0,0,0,0,-0.00359471,0.00128647,-0.00185314,-0.00157011,0.00272454,9.91017,1.58132,6.22535,-4.18012,-1.2737,-2.28889,0.88857,0,0,-12,0,0,0,0,0,6.20069,0,0,0,
0.492644,0.120927,0.843123,0.65452,0.466217,-0.509812,-0.307144,8.77839e-08,-3.82376e-07,-1.3776e-06,2.59848e-06,-5.89761e-06,3.59738e-06,0.424742,0.396174,0.679331,0.0490539,0.976499,-0.208647,0.0226043,-0.178981,0.0799403,0.739144,0.694609,0.287715,0.609158,-0.25232,0,0,0,0,0,0,0,-0.00376874,0.0012869,-0.0018539,-0.00157076,0.00226251,9.91016,1.58174,6.22526,-4.1801,-1.27368,-2.28897,0.888598,0,0,-12,0,0,0,0,0,6.20069,0,0,0,
0.492644,0.120927,0.843123,0.65452,0.466217,-0.509812,-0.307144,8.75372e-08,-3.82023e-07,-1.37687e-06,2.59764e-06,-5.90487e-06,3.60062e-06,0.424742,0.396174,0.679331,0.0490539,0.976499,-0.208647,0.0226043,-0.178981,0.0799403,0.739144,0.694609,0.287715,0.609158,-0.25232,0,0,0,0,0,0,0,-0.00598623,0.00128733,-0.00185468,-0.0015714,0.00367435,9.91005,1.58938,6.22363,-4.18102,-1.27395,-2.28855,0.888468,0,0,-12,0,0,0,0,0,6.20069,0,0,0,
0.492644,0.120927,0.843123,0.65452,0.466217,-0.509812,-0.307144,8.72244e-08,-3.81381e-07,-1.3751e-06,2.59483e-06,-5.90767e-06,3.60115e-06,0.424742,0.396174,0.679331,0.0490539,0.976499,-0.208647,0.0226043,-0.178981,0.0799403,0.739144,0.694609,0.287715,0.609158,-0.25232,0,0,0,0,0,0,0,-0.001806,0.00128777,-0.00185546,-0.00157207,0.00316845,9.91026,1.57565,6.22654,-4.17962,-1.2736,-2.2889,0.888569,0,0,-12,0,0,0,0,0,6.20069,0,0,0,
0.492644,0.120927,0.843123,0.65452,0.466217,-0.509812,-0.307144,-3.26771e-07,4.68125e-07,9.64128e-07,-1.11444e-06,-9.61707e-06,4.29178e-06,0.424742,0.396174,0.679331,0.0490539,0.976499,-0.208647,0.0226043,-0.178981,0.0799403,0.739144,0.694609,0.287715,0.609158,-0.25232,0,0,0,0,0,0,0,0.00122488,0.0012882,-0.00185624,-0.00157273,0.00312335,9.91042,1.5658,6.22862,-4.17866,-1.27338,-2.28909,0.888621,0,0,-12,0,0,0,0,0,6.20069,0,0,0,
0.492644,0.120927,0.843123,0.65452,0.466217,-0.509812,-0.307144,0,0,0,0,0,0,0.424742,0.396174,0.679331,0.0490539,0.976499,-0.208647,0.0226043,-0.178981,0.0799403,0.739144,0.694609,0.287715,0.609158,-0.25232,0,0,0,0,0,0,0,0.00394078,0.00128864,-0.00185703,-0.00157339,0.00382984,9.91056,1.55719,6.23043,-4.17791,-1.27323,-2.28911,0.888617,0,0,-12,0,0,0,0,0,6.20069,0,0,0,
0.492644,0.120927,0.843123,0.65452,0.466217,-0.509812,-0.307144,0,0,0,0,0,0,0.424742,0.396174,0.679331,0.0490539,0.976499,-0.208647,0.0226043,-0.178981,0.0799403,0.739144,0.694609,0.287715,0.609158,-0.25232,0,0,0,0,0,0,0,0.00320392,0.00128908,-0.0018578,-0.00157406,0.00257562,9.91052,1.5592,6.23002,-4.17795,-1.27319,-2.28933,0.888689,0,0,-12,0,0,0,0,0,6.20069,0,0,0,
0.492644,0.120927,0.843123,0.65452,0.466217,-0.509812,-0.307144,0,0,0,0,0,0,0.424742,0.396174,0.679331,0.0490539,0.976499,-0.208647,0.0226043,-0.178981,0.0799403,0.739144,0.694609,0.287715,0.609158,-0.25232,0,0,0,0,0,0,0,0.0013194,0.00128951,-0.00185859,-0.00157472,0.00307835,9.91043,1.56548,6.22869,-4.17862,-1.27337,-2.28911,0.888625,0,0,-12,0,0,0,0,0,6.20069,0,0,0,
0.492644,0.120927,0.843123,0.65452,0.466217,-0.509812,-0.307144,0,0,0,0,0,0,0.424742,0.396174,0.679331,0.0490539,0.976499,-0.208647,0.0226043,-0.178981,0.0799403,0.739144,0.694609,0.287715,0.609158,-0.25232,0,0,0,0,0,0,0,0.00572886,0.00128994,-0.00185935,-0.00157537,0.00254333,9.91065,1.55099,6.23176,-4.17714,-1.273,-2.28949,0.888732,0,0,-12,0,0,0,0,0,6.20069,0,0,0,
0.492644,0.120927,0.843123,0.65452,0.466217,-0.509812,-0.307144,0,0,0,0,0,0,0.424742,0.396174,0.679331,0.0490539,0.976499,-0.208647,0.0226043,-0.178981,0.0799403,0.739144,0.694609,0.287715,0.609158,-0.25232,0,0,0,0,0,0,0,0.00738947,0.00129036,-0.00186011,-0.00157602,0.00198104,9.91074,1.54543,6.23294,-4.17653,-1.27284,-2.2897,0.888797,0,0,-12,0,0,0,0,0,6.20069,0,0,0,
0.492644,0.120927,0.843122,0.65452,0.466217,-0.509812,-0.307144,4.14931e-07,-8.51429e-07,-2.34453e-06,3.71768e-06,3.71772e-06,-6.92161e-07,0.424742,0.396174,0.679331,0.0490539,0.976499,-0.208646,0.0226041,-0.178981,0.0799403,0.739144,0.694609,0.287715,0.609158,-0.25232,0,0,0,0,0,0,0,0.00437203,0.00285003,-0.00332822,-0.00304402,0.00190598,9.91295,1.55705,6.23282,-4.1777,-1.27323,-2.28967,0.888656,0,0,-12,0,0,0,0,0,6.20072,0,0,0,
0.492644,0.120927,0.843122,0.65452,0.466217,-0.509812,-0.307144,4.14931e-07,-8.51429e-07,-2.34453e-06,3.71768e-06,3.71772e-06,-6.92161e-07,0.424742,0.396174,0.679331,0.0490539,0.976499,-0.208646,0.0226041,-0.178981,0.0799403,0.739144,0.694609,0.287715,0.609158,-0.25232,0,0,0,0,0,0,0,0.00528078,0.00131233,-0.00188843,-0.00160409,0.002564,9.91067,1.55247,6.23147,-4.17729,-1.27304,-2.28946,0.88873,0,0,-12,0,0,0,0,0,6.20072,0,0,0,
0.492644,0.120927,0.843122,0.65452,0.466216,-0.509812,-0.307144,7.41139e-07,-1.31856e-06,-3.30616e-06,4.82847e-06,1.33247e-05,-4.98018e-06,0.424742,0.396174,0.679331,0.0490539,0.976499,-0.208646,0.0226041,-0.178981,0.0799403,0.739144,0.694609,0.287715,0.609158,-0.25232,0,0,0,0,0,0,0,-0.00148585,0.00210272,-0.00243119,-0.0062815,0.00556976,9.91096,1.57581,6.22694,-4.17977,-1.27443,-2.28887,0.888494,0,0,-12,0,0,0,0,0,6.20072,0,0,0,
0.492644,0.120927,0.843122,0.65452,0.466216,-0.509812,-0.307144,7.41139e-07,-1.31856e-06,-3.30616e-06,4.82847e-06,1.33247e-05,-4.98018e-06,0.424742,0.396174,0.679331,0.0490539,0.976499,-0.208646,0.0226041,-0.178981,0.0799403,0.739144,0.694609,0.287715,0.609158,-0.25232,0,0,0,0,0,0,0,-0.00273711,0.00132407,-0.00190006,-0.00169212,0.0026875,9.91026,1.57855,6.22596,-4.17984,-1.27365,-2.28896,0.888596,0,0,-12,0,0,0,0,0,6.20072,0,0,0,
0.492644,0.120927,0.843122,0.65452,0.466216,-0.509812,-0.307144,7.41139e-07,-1.31856e-06,-3.30616e-06,4.82847e-06,1.33247e-05,-4.98018e-06,0.424742,0.396174,0.679331,0.0490539,0.976499,-0.208646,0.0226041,-0.178981,0.0799403,0.739144,0.694609,0.287715,0.609158,-0.25232,0,0,0,0,0,0,0,-0.0044358,0.00132452,-0.00190086,-0.00169282,0.00323185,9.91018,1.58424,6.22475,-4.18046,-1.27382,-2.28874,0.888532,0,0,-12,0,0,0,0,0,6.20072,0,0,0,
0.492644,0.120927,0.843122,0.65452,0.466216,-0.509812,-0.307144,7.4145e-07,-1.3192e-06,-3.30792e-06,4.83127e-06,1.33274e-05,-4.98066e-06,0.424742,0.396174,0.679331,0.0490539,0.976499,-0.208646,0.0226041,-0.178981,0.0799403,0.739144,0.694609,0.287715,0.609158,-0.25232,0,0,0,0,0,0,0,-0.0045998,0.00132497,-0.00190167,-0.00169354,0.00358685,9.91017,1.58488,6.22461,-4.18057,-1.27386,-2.28866,0.888505,0,0,-12,0,0,0,0,0,6.20072,0,0,0,
0.492644,0.120927,0.843122,0.65452,0.466216,-0.509812,-0.307144,7.40827e-07,-1.31792e-06,-3.3044e-06,4.82569e-06,1.33218e-05,-4.97962e-06,0.424742,0.396174,0.679331,0.0490539,0.976499,-0.208646,0.0226041,-0.178981,0.0799403,0.739144,0.694609,0.287715,0.609158,-0.25232,0,0,0,0,0,0,0,-0.00226107,0.00132542,-0.00190245,-0.00169425,0.00219218,9.91029,1.57685,6.22633,-4.17961,-1.27358,-2.28909,0.888637,0,0,-12,0,0,0,0,0,6.20072,0,0,0,
0.492644,0.120927,0.843122,0.65452,0.466216,-0.509812,-0.307144,7.40827e-07,-1.31792e-06,-3.3044e-06,4.82569e-06,1.33218e-05,-4.97962e-06,0.424742,0.396174,0.679331,0.0490539,0.976499,-0.208646,0.0226041,-0.178981,0.0799403,0.739144,0.694609,0.287715,0.609158,-0.25232,0,0,0,0,0,0,0,-0.00190575,0.00132587,-0.00190327,-0.00169496,0.003876,9.91031,1.57622,6.22643,-4.17976,-1.27368,-2.28876,0.888529,0,0,-12,0,0,0,0,0,6.20072,0,0,0,
0.492644,0.120927,0.843122,0.65452,0.466216,-0.509812,-0.307144,3.26273e-07,-4.67414e-07,-9.62664e-07,1.11275e-06,9.60246e-06,-4.28526e-06,0.424742,0.396174,0.679331,0.0490539,0.976499,-0.208646,0.0226041,-0.178981,0.0799403,0.739144,0.694609,0.287715,0.609158,-0.25232,0,0,0,0,0,0,0,-0.000347648,0.00132632,-0.00190406,-0.00169567,0.00326792,9.91039,1.57097,6.22755,-4.17918,-1.27352,-2.28898,0.888595,0,0,-12,0,0,0,0,0,6.20072,0,0,0,
0.492644,0.120927,0.843122,0.65452,0.466216,-0.509812,-0.307144,3.26519e-07,-4.67767e-07,-9.63391e-07,1.11359e-06,9.60971e-06,-4.2885e-06,0.424742,0.396174,0.679331,0.0490539,0.976499,-0.208646,0.0226041,-0.178981,0.0799403,0.739144,0.694609,0.287715,0.609158,-0.25232,0,0,0,0,0,0,0,-0.00201243,0.00132677,-0.00190486,-0.00169639,0.00282132,9.9103,1.57624,6.22645,-4.17963,-1.27361,-2.28897,0.888599,0,0,-12,0,0,0,0,0,6.20072,0,0,0,
0.492644,0.120927,0.843122,0.65452,0.466216,-0.509812,-0.307144,0,0,0,0,0,0,0.424742,0.396174,0.679331,0.0490539,0.976499,-0.208646,0.0226041,-0.178981,0.0799403,0.739144,0.694609,0.287715,0.609158,-0.25232,0,0,0,0,0,0,0,-0.00177198,0.00132721,-0.00190565,-0.0016971,0.00288217,9.91032,1.57548,6.22661,-4.17957,-1.2736,-2.28897,0.888599,0,0,-12,0,0,0,0,0,6.20072,0,0,0,
0.492644,0.120927,0.843122,0.65452,0.466216,-0.509812,-0.307144,0,0,0,0,0,0,0.424742,0.396174,0.679331,0.0490539,0.976499,-0.208646,0.0226041,-0.178981,0.0799403,0.739144,0.694609,0.287715,0.609158,-0.25232,0,0,0,0,0,0,0,-0.00072108,0.00132766,-0.00190644,-0.00169781,0.00258348,9.91037,1.57198,6.22735,-4.17919,-1.2735,-2.2891,0.888636,0,0,-12,0,0,0,0,0,6.20072,0,0,0,
0.492644,0.120927,0.843122,0.65452,0.466216,-0.509812,-0.307144,0,0,0,0,0,0,0.424742,0.396174,0.679331,0.0490539,0.976499,-0.208646,0.0226041,-0.178981,0.0799403,0.739144,0.694609,0.287715,0.609158,-0.25232,0,0,0,0,0,0,0,0.002076,0.00132809,-0.00190722,-0.0016985,0.00231413,9.91052,1.56281,6.22929,-4.17826,-1.27327,-2.28932,0.888699,0,0,-12,0,0,0,0,0,6.20072,0,0,0,
0.492644,0.120927,0.843122,0.65452,0.466216,-0.509812,-0.307144,0,0,0,0,0,0,0.424742,0.396174,0.679331,0.0490539,0.976499,-0.208646,0.0226041,-0.178981,0.0799403,0.739144,0.694609,0.287715,0.609158,-0.25232,0,0,0,0,0,0,0,0.00237072,0.00132853,-0.001908,-0.00169919,0.00231451,9.91053,1.56186,6.2295,-4.17817,-1.27325,-2.28934,0.888704,0,0,-12,0,0,0,0,0,6.20072,0,0,0,
0.492644,0.120927,0.843122,0.65452,0.466216,-0.509812,-0.307144,0,0,0,0,0,0,0.424742,0.396174,0.679331,0.0490539,0.976499,-0.208646,0.0226041,-0.178981,0.0799403,0.739144,0.694609,0.287715,0.609158,-0.25232,0,0,0,0,0,0,0,0.00470602,0.00132897,-0.00190879,-0.0016999,0.00259097,9.91065,1.55436,6.23108,-4.17747,-1.2731,-2.28942,0.888723,0,0,-12,0,0,0,0,0,6.20072,0,0,0,
0.492644,0.120927,0.843122,0.65452,0.466216,-0.509812,-0.307144,0,0,0,0,0,0,0.424742,0.396174,0.679331,0.0490539,0.976499,-0.208646,0.0226041,-0.178981,0.0799403,0.739144,0.694609,0.287715,0.609158,-0.25232,0,0,0,0,0,0,0,0.00218179,0.00132942,-0.00190958,-0.0017006,0.00317611,9.91052,1.56274,6.2293,-4.17836,-1.27333,-2.28915,0.888643,0,0,-12,0,0,0,0,0,6.20072,0,0,0,
0.492644,0.120927,0.843122,0.65452,0.466216,-0.509812,-0.307144,0,0,0,0,0,0,0.424742,0.396174,0.679331,0.0490539,0.976499,-0.208646,0.0226041,-0.178981,0.0799403,0.739144,0.694609,0.287715,0.609158,-0.25232,0,0,0,0,0,0,0,0.0015359,0.00132987,-0.00191038,-0.00170132,0.002348,9.91049,1.56458,6.22892,-4.17844,-1.27332,-2.28928,0.888688,0,0,-12,0,0,0,0,0,6.20072,0,0,0,
0.492644,0.120927,0.843122,0.65452,0.466216,-0.509812,-0.307144,0,0,0,0,0,0,0.424742,0.396174,0.679331,0.0490539,0.976499,-0.208646,0.0226041,-0.178981,0.0799403,0.739144,0.694609,0.287715,0.609158,-0.25232,0,0,0,0,0,0,0,0.000732018,0.00133031,-0.00191118,-0.00170203,0.00234701,9.91045,1.56719,6.22837,-4.17869,-1.27337,-2.28924,0.888675,0,0,-12,0,0,0,0,0,6.20072,0,0,0,
0.492644,0.120927,0.843122,0.65452,0.466216,-0.509812,-0.307144,0,0,0,0,0,0,0.424742,0.396174,0.679331,0.0490539,0.976499,-0.208646,0.0226041,-0.178981,0.0799403,0.739144,0.694609,0.287715,0.609158,-0.25232,0,0,0,0,0,0,0,0.00177495,0.00133076,-0.00191197,-0.00170274,0.00234877,9.9105,1.5638,6.22909,-4.17836,-1.2733,-2.2893,0.888692,0,0,-12,0,0,0,0,0,6.20072,0,0,0,
0.492644,0.120927,0.843122,0.65452,0.466216,-0.509812,-0.307144,0,0,0,0,0,0,0.424742,0.396174,0.679331,0.0490539,0.976499,-0.208646,0.0226041,-0.178981,0.0799403,0.739144,0.694609,0.287715,0.609158,-0.25232,0,0,0,0,0,0,0,-0.00167444,0.00133121,-0.00191277,-0.00170344,0.00262396,9.91033,1.57509,6.2267,-4.1795,-1.27357,-2.28903,0.888618,0,0,-12,0,0,0,0,0,6.20072,0,0,0,
0.492644,0.120927,0.843122,0.65452,0.466216,-0.509812,-0.307144,0,0,0,0,0,0,0.424742,0.396174,0.679331,0.0490539,0.976499,-0.208646,0.0226041,-0.178981,0.0799403,0.739144,0.694609,0.287715,0.609158,-0.25232,0,0,0,0,0,0,0,0.00137516,0.00133164,-0.00191354,-0.00170414,0.00235749,9.91048,1.56511,6.22881,-4.17849,-1.27333,-2.28927,0.888685,0,0,-12,0,0,0,0,0,6.20072,0,0,0,
0.492644,0.120927,0.843122,0.65452,0.466216,-0.509812,-0.307144,0,0,0,0,0,0,0.424742,0.396174,0.679331,0.0490539,0.976499,-0.208646,0.0226041,-0.178981,0.0799403,0.739144,0.694609,0.287715,0.609158,-0.25232,0,0,0,0,0,0,0,-0.00198118,0.00133208,-0.00191432,-0.00170483,0.00235788,9.91031,1.57601,6.22651,-4.17955,-1.27358,-2.28907,0.888631,0,0,-12,0,0,0,0,0,6.20072,0,0,0,
0.492644,0.120927,0.843122,0.65452,0.466216,-0.509812,-0.307144,0,0,0,0,0,0,0.424742,0.396174,0.679331,0.0490539,0.976499,-0.208646,0.0226041,-0.178981,0.0799403,0.739144,0.694609,0.287715,0.609158,-0.25232,0,0,0,0,0,0,0,0.00267909,0.00133252,-0.00191512,-0.00170554,0.00264035,9.91055,1.56096,6.22969,-4.17812,-1.27325,-2.28929,0.888687,0,0,-12,0,0,0,0,0,6.20072,0,0,0,
0.492644,0.120927,0.843122,0.65452,0.466216,-0.509812,-0.307144,0,0,0,0,0,0,0.424742,0.396174,0.679331,0.0490539,0.976499,-0.208646,0.0226041,-0.178981,0.0799403,0.739144,0.694609,0.287715,0.609158,-0.25232,0,0,0,0,0,0,0,9.30762e-05,0.00133297,-0.00191591,-0.00170624,0.0032394,9.91042,1.56954,6.22786,-4.17903,-1.27349,-2.28901,0.888605,0,0,-12,0,0,0,0,0,6.20072,0,0,0,
0.492644,0.120927,0.843122,0.65452,0.466216,-0.509812,-0.307144,0,0,0,0,0,0,0.424742,0.396174,0.679331,0.0490539,0.976499,-0.208646,0.0226041,-0.178981,0.0799403,0.739144,0.694609,0.287715,0.609158,-0.25232,0,0,0,0,0,0,0,-0.00288092,0.00133342,-0.00191671,-0.00170695,0.00266656,9.91027,1.57902,6.22587,-4.17988,-1.27366,-2.28895,0.888596,0,0,-12,0,0,0,0,0,6.20072,0,0,0,
0.492644,0.120927,0.843122,0.65452,0.466216,-0.509812,-0.307144,0,0,0,0,0,0,0.424742,0.396174,0.679331,0.0490539,0.976499,-0.208646,0.0226041,-0.178981,0.0799403,0.739144,0.694609,0.287715,0.609158,-0.25232,0,0,0,0,0,0,0,-0.00394659,0.00133387,-0.00191751,-0.00170767,0.00240055,9.91021,1.5824,6.22516,-4.18018,-1.27372,-2.28894,0.888597,0,0,-12,0,0,0,0,0,6.20072,0,0,0,
0.492644,0.120927,0.843122,0.65452,0.466216,-0.509812,-0.307144,4.14303e-07,-8.50142e-07,-2.34099e-06,3.71207e-06,3.7121e-06,-6.91115e-07,0.424742,0.396174,0.679331,0.0490539,0.976499,-0.208646,0.0226039,-0.178981,0.0799403,0.739144,0.694609,0.287715,0.609158,-0.25232,0,0,0,0,0,0,0,-0.00302389,0.00286132,-0.00335546,-0.00314554,0.00244318,9.91258,1.58123,6.22769,-4.18012,-1.27383,-2.28912,0.888514,0,0,-12,0,0,0,0,0,6.20075,0,0,0,
0.492644,0.120927,0.843122,0.65452,0.466216,-0.509812,-0.307145,5.16967e-07,-1.74542e-06,-3.82114e-06,8.78913e-06,5.1285e-06,-1.19568e-06,0.424742,0.396174,0.679331,0.0490539,0.976499,-0.208646,0.0226038,-0.178981,0.0799403,0.739144,0.694609,0.287715,0.609158,-0.25232,0,0,0,0,0,0,0,-0.0025017,0.00232214,-0.00391312,-0.00228467,0.00332601,9.9118,1.57933,6.22739,-4.18004,-1.27376,-2.2888,0.888717,0,0,-12,0,0,0,0,0,6.20075,0,0,0,
0.492644,0.120927,0.843122,0.65452,0.466216,-0.509812,-0.307145,5.16967e-07,-1.74542e-06,-3.82114e-06,8.78913e-06,5.1285e-06,-1.19568e-06,0.424742,0.396174,0.679331,0.0490539,0.976499,-0.208646,0.0226038,-0.178981,0.0799403,0.739144,0.694609,0.287715,0.609158,-0.25232,0,0,0,0,0,0,0,-0.00264858,0.00136965,-0.0019833,-0.00174679,0.00328597,9.91034,1.5785,6.22602,-4.17991,-1.2737,-2.28883,0.888569,0,0,-12,0,0,0,0,0,6.20075,0,0,0,
0.492644,0.120927,0.843122,0.65452,0.466216,-0.509812,-0.307145,5.17122e-07,-1.74677e-06,-3.82336e-06,8.79676e-06,5.13063e-06,-1.19644e-06,0.424742,0.396174,0.679331,0.0490539,0.976499,-0.208646,0.0226038,-0.178981,0.0799403,0.739144,0.694609,0.287715,0.609158,-0.25232,0,0,0,0,0,0,0,-0.00076365,0.0013701,-0.0019841,-0.0017475,0.00273663,9.91044,1.57221,6.22736,-4.17923,-1.27352,-2.28906,0.888636,0,0,-12,0,0,0,0,0,6.20075,0,0,0,
0.492644,0.120927,0.843122,0.65452,0.466216,-0.509812,-0.307145,5.17044e-07,-1.74609e-06,-3.82224e-06,8.79292e-06,5.12956e-06,-1.19606e-06,0.424742,0.396174,0.679331,0.0490539,0.976499,-0.208646,0.0226038,-0.178981,0.0799403,0.739144,0.694609,0.287715,0.609158,-0.25232,0,0,0,0,0,0,0,0.00136339,0.00137055,-0.0019849,-0.00174821,0.00246332,9.91055,1.56522,6.22884,-4.17851,-1.27334,-2.28925,0.888689,0,0,-12,0,0,0,0,0,6.20075,0,0,0,
0.492644,0.120927,0.843122,0.65452,0.466217,-0.509812,-0.307144,1.91226e-07,-1.28028e-06,-2.8635e-06,7.68878e-06,-4.47356e-06,3.09104e-06,0.424742,0.396174,0.679331,0.0490539,0.976499,-0.208646,0.0226038,-0.178981,0.0799403,0.739144,0.694609,0.287715,0.609158,-0.25232,0,0,0,0,0,0,0,0.00325129,0.00057746,-0.00144129,0.00294896,-0.000278365,9.91,1.5578,6.23,-4.17762,-1.27233,-2.28948,0.888829,0,0,-12,0,0,0,0,0,6.20075,0,0,0,
0.492644,0.120927,0.843122,0.65452,0.466217,-0.509812,-0.307144,1.91226e-07,-1.28028e-06,-2.8635e-06,7.68878e-06,-4.47356e-06,3.09104e-06,0.424742,0.396174,0.679331,0.0490539,0.976499,-0.208646,0.0226038,-0.178981,0.0799403,0.739144,0.694609,0.287715,0.609158,-0.25232,0,0,0,0,0,0,0,0.00157657,0.00136058,-0.00197647,-0.00166294,0.00328054,9.91056,1.56477,6.22892,-4.17858,-1.27337,-2.28908,0.888635,0,0,-12,0,0,0,0,0,6.20075,0,0,0,
0.492644,0.120927,0.843122,0.65452,0.466217,-0.509812,-0.307144,1.91229e-07,-1.28029e-06,-2.86351e-06,7.68879e-06,-4.47346e-06,3.091e-06,0.424742,0.396174,0.679331,0.0490539,0.976499,-0.208646,0.0226038,-0.178981,0.0799403,0.739144,0.694609,0.287715,0.609158,-0.25232,0,0,0,0,0,0,0,0.00432676,0.00136103,-0.00197727,-0.00166363,0.00213169,9.9107,1.55549,6.2309,-4.17753,-1.27309,-2.28949,0.888756,0,0,-12,0,0,0,0,0,6.20075,0,0,0,
0.492644,0.120927,0.843122,0.65452,0.466217,-0.509812,-0.307144,-2.23705e-07,-4.28845e-07,-5.18957e-07,3.97105e-06,-8.19129e-06,3.78321e-06,0.424742,0.396174,0.679331,0.0490539,0.976499,-0.208646,0.0226038,-0.178981,0.0799403,0.739144,0.694609,0.287715,0.609158,-0.25232,0,0,0,0,0,0,0,0.000977427,0.00136148,-0.00197808,-0.0016643,0.00240348,9.91052,1.56645,6.22858,-4.17863,-1.27335,-2.28923,0.888684,0,0,-12,0,0,0,0,0,6.20075,0,0,0,
0.492644,0.120927,0.843122,0.65452,0.466216,-0.509812,-0.307145,0,0,0,0,0,0,0.424742,0.396174,0.679331,0.0490539,0.976499,-0.208646,0.0226038,-0.178981,0.0799403,0.739144,0.694609,0.287715,0.609158,-0.25232,0,0,0,0,0,0,0,0.00189098,0.00214594,-0.00251682,-0.00630669,0.00567447,9.91121,1.56493,6.2293,-4.17872,-1.27419,-2.28905,0.888553,0,0,-12,0,0,0,0,0,6.20075,0,0,0,
0.492644,0.120927,0.843122,0.65452,0.466216,-0.509812,-0.307145,0,0,0,0,0,0,0.424742,0.396174,0.679331,0.0490539,0.976499,-0.208646,0.0226038,-0.178981,0.0799403,0.739144,0.694609,0.287715,0.609158,-0.25232,0,0,0,0,0,0,0,-0.000481193,0.00137325,-0.00198976,-0.00175236,0.00249904,9.91046,1.57122,6.22757,-4.1791,-1.27348,-2.28913,0.888657,0,0,-12,0,0,0,0,0,6.20075,0,0,0,
0.492644,0.120927,0.843122,0.65452,0.466216,-0.509812,-0.307145,0,0,0,0,0,0,0.424742,0.396174,0.679331,0.0490539,0.976499,-0.208646,0.0226038,-0.178981,0.0799403,0.739144,0.694609,0.287715,0.609158,-0.25232,0,0,0,0,0,0,0,-0.00144848,0.00137371,-0.00199058,-0.00175309,0.00193679,9.9104,1.57419,6.22696,-4.17932,-1.27351,-2.28919,0.88868,0,0,-12,0,0,0,0,0,6.20075,0,0,0,
0.492644,0.120927,0.843122,0.65452,0.466216,-0.509812,-0.307145,0,0,0,0,0,0,0.424742,0.396174,0.679331,0.0490539,0.976499,-0.208646,0.0226038,-0.178981,0.0799403,0.739144,0.694609,0.287715,0.609158,-0.25232,0,0,0,0,0,0,0,0.00306724,0.00137417,-0.00199141,-0.00175381,0.00304633,9.91064,1.55987,6.22996,-4.17807,-1.27326,-2.28923,0.888678,0,0,-12,0,0,0,0,0,6.20075,0,0,0,
0.492644,0.120927,0.843122,0.65452,0.466216,-0.509812,-0.307145,3.2726e-07,-4.68828e-07,-9.65578e-07,1.11611e-06,9.63153e-06,-4.29822e-06,0.424742,0.396174,0.679331,0.0490539,0.976499,-0.208646,0.0226038,-0.178981,0.0799403,0.739144,0.694609,0.287715,0.609158,-0.25232,0,0,0,0,0,0,0,-0.000937072,0.00137462,-0.00199221,-0.00175452,0.00250031,9.91043,1.5727,6.22726,-4.17925,-1.27352,-2.2891,0.88865,0,0,-12,0,0,0,0,0,6.20075,0,0,0,
0.492644,0.120927,0.843122,0.65452,0.466216,-0.509812,-0.307145,3.27257e-07,-4.68824e-07,-9.65569e-07,1.1161e-06,9.63143e-06,-4.29818e-06,0.424742,0.396174,0.679331,0.0490539,0.976499,-0.208646,0.0226038,-0.178981,0.0799403,0.739144,0.694609,0.287715,0.609158,-0.25232,0,0,0,0,0,0,0,-0.00452346,0.00137506,-0.00199302,-0.00175523,0.00250073,9.91025,1.58435,6.2248,-4.18038,-1.27378,-2.28889,0.888593,0,0,-12,0,0,0,0,0,6.20075,0,0,0,
0.492644,0.120927,0.843122,0.65452,0.466216,-0.509812,-0.307145,3.2726e-07,-4.68828e-07,-9.65578e-07,1.11611e-06,9.63153e-06,-4.29822e-06,0.424742,0.396174,0.679331,0.0490539,0.976499,-0.208646,0.0226038,-0.178981,0.0799403,0.739144,0.694609,0.287715,0.609158,-0.25232,0,0,0,0,0,0,0,-0.00298625,0.00137552,-0.00199384,-0.00175595,0.00277733,9.91033,1.57944,6.22583,-4.17994,-1.27369,-2.28892,0.888599,0,0,-12,0,0,0,0,0,6.20075,0,0,0,
0.492644,0.120927,0.843122,0.65452,0.466216,-0.509812,-0.307145,3.2726e-07,-4.68828e-07,-9.65578e-07,1.11611e-06,9.63153e-06,-4.29822e-06,0.424742,0.396174,0.679331,0.0490539,0.976499,-0.208646,0.0226038,-0.178981,0.0799403,0.739144,0.694609,0.287715,0.609158,-0.25232,0,0,0,0,0,0,0,0.000633168,0.00137597,-0.00199465,-0.00175667,0.0025095,9.91052,1.56761,6.22834,-4.17875,-1.2734,-2.28919,0.888675,0,0,-12,0,0,0,0,0,6.20075,0,0,0,
0.492644,0.120927,0.843122,0.65452,0.466216,-0.509812,-0.307145,3.2726e-07,-4.68828e-07,-9.65578e-07,1.11611e-06,9.63153e-06,-4.29822e-06,0.424742,0.396174,0.679331,0.0490539,0.976499,-0.208646,0.0226038,-0.178981,0.0799403,0.739144,0.694609,0.287715,0.609158,-0.25232,0,0,0,0,0,0,0,-0.000886951,0.00137643,-0.00199548,-0.00175739,0.00307243,9.91044,1.57272,6.22725,-4.17932,-1.27355,-2.28899,0.888613,0,0,-12,0,0,0,0,0,6.20075,0,0,0,
0.492644,0.120927,0.843122,0.65452,0.466216,-0.509812,-0.307145,0,0,0,0,0,0,0.424742,0.396174,0.679331,0.0490539,0.976499,-0.208646,0.0226038,-0.178981,0.0799403,0.739144,0.694609,0.287715,0.609158,-0.25232,0,0,0,0,0,0,0,-0.00147136,0.00137689,-0.0019963,-0.00175812,0.00252661,9.91041,1.57445,6.2269,-4.17942,-1.27356,-2.28906,0.88864,0,0,-12,0,0,0,0,0,6.20075,0,0,0,
0.492644,0.120927,0.843122,0.65452,0.466216,-0.509812,-0.307145,0,0,0,0,0,0,0.424742,0.396174,0.679331,0.0490539,0.976499,-0.208646,0.0226038,-0.178981,0.0799403,0.739144,0.694609,0.287715,0.609158,-0.25232,0,0,0,0,0,0,0,-0.000579992,0.00137735,-0.00199713,-0.00175885,0.00280061,9.91046,1.57164,6.22748,-4.17918,-1.27351,-2.28906,0.888636,0,0,-12,0,0,0,0,0,6.20075,0,0,0,
0.492644,0.120927,0.843122,0.65452,0.466216,-0.509812,-0.307145,0,0,0,0,0,0,0.424742,0.396174,0.679331,0.0490539,0.976499,-0.208646,0.0226038,-0.178981,0.0799403,0.739144,0.694609,0.287715,0.609158,-0.25232,0,0,0,0,0,0,0,-0.00296617,0.00137782,-0.00199796,-0.00175958,0.0025354,9.91033,1.57931,6.22587,-4.17989,-1.27367,-2.28897,0.888616,0,0,-12,0,0,0,0,0,6.20075,0,0,0,
0.492644,0.120927,0.843122,0.65452,0.466216,-0.509812,-0.307145,0,0,0,0,0,0,0.424742,0.396174,0.679331,0.0490539,0.976499,-0.208646,0.0226038,-0.178981,0.0799403,0.739144,0.694609,0.287715,0.609158,-0.25232,0,0,0,0,0,0,0,-4.85965e-05,0.00137828,-0.00199879,-0.00176031,0.00253584,9.91048,1.56983,6.22787,-4.17897,-1.27345,-2.28915,0.888663,0,0,-12,0,0,0,0,0,6.20075,0,0,0,
0.492644,0.120927,0.843122,0.65452,0.466216,-0.509812,-0.307145,0,0,0,0,0,0,0.424742,0.396174,0.679331,0.0490539,0.976499,-0.208646,0.0226038,-0.178981,0.0799403,0.739144,0.694609,0.287715,0.609158,-0.25232,0,0,0,0,0,0,0,0.00063102,0.00137873,-0.0019996,-0.00176102,0.00341718,9.91052,1.5679,6.22827,-4.17889,-1.27347,-2.28901,0.888614,0,0,-12,0,0,0,0,0,6.20075,0,0,0,
0.492644,0.120927,0.843122,0.65452,0.466216,-0.509812,-0.307145,0,0,0,0,0,0,0.424742,0.396174,0.679331,0.0490539,0.976499,-0.208646,0.0226038,-0.178981,0.0799403,0.739144,0.694609,0.287715,0.609158,-0.25232,0,0,0,0,0,0,0,0.00192792,0.00137917,-0.0020004,-0.00176173,0.00256168,9.91059,1.56342,6.22923,-4.17835,-1.27331,-2.28926,0.888693,0,0,-12,0,0,0,0,0,6.20075,0,0,0,
0.492644,0.120927,0.843122,0.65452,0.466216,-0.509812,-0.307145,0,0,0,0,0,0,0.424742,0.396174,0.679331,0.0490539,0.976499,-0.208646,0.0226038,-0.178981,0.0799403,0.739144,0.694609,0.287715,0.609158,-0.25232,0,0,0,0,0,0,0,-0.00028733,0.00137963,-0.00200121,-0.00176244,0.00256211,9.91047,1.57062,6.22771,-4.17905,-1.27347,-2.28913,0.888657,0,0,-12,0,0,0,0,0,6.20075,0,0,0,
0.492644,0.120927,0.843122,0.65452,0.466216,-0.509812,-0.307145,0,0,0,0,0,0,0.424742,0.396174,0.679331,0.0490539,0.976499,-0.208646,0.0226038,-0.178981,0.0799403,0.739144,0.694609,0.287715,0.609158,-0.25232,0,0,0,0,0,0,0,-0.00143834,0.00138008,-0.00200203,-0.00176317,0.00256255,9.91042,1.57436,6.22692,-4.17941,-1.27356,-2.28906,0.888639,0,0,-12,0,0,0,0,0,6.20075,0,0,0,
0.492644,0.120927,0.843122,0.65452,0.466216,-0.509812,-0.307145,0,0,0,0,0,0,0.424742,0.396174,0.679331,0.0490539,0.976499,-0.208646,0.0226038,-0.178981,0.0799403,0.739144,0.694609,0.287715,0.609158,-0.25232,0,0,0,0,0,0,0,0.000623658,0.00138054,-0.00200285,-0.00176389,0.00256298,9.91052,1.56766,6.22833,-4.17876,-1.27341,-2.28918,0.888672,0,0,-12,0,0,0,0,0,6.20075,0,0,0,
0.492644,0.120927,0.843122,0.65452,0.466216,-0.509812,-0.307145,0,0,0,0,0,0,0.424742,0.396174,0.679331,0.0490539,0.976499,-0.208646,0.0226038,-0.178981,0.0799403,0.739144,0.694609,0.287715,0.609158,-0.25232,0,0,0,0,0,0,0,0.00326536,0.001381,-0.00200369,-0.00176463,0.00256343,9.91066,1.55908,6.23015,-4.17793,-1.27321,-2.28934,0.888714,0,0,-12,0,0,0,0,0,6.20075,0,0,0,
0.492644,0.120927,0.843122,0.65452,0.466216,-0.509812,-0.307145,0,0,0,0,0,0,0.424742,0.396174,0.679331,0.0490539,0.976499,-0.208646,0.0226038,-0.178981,0.0799403,0.739144,0.694609,0.287715,0.609158,-0.25232,0,0,0,0,0,0,0,0.00198466,0.00138146,-0.0020045,-0.00176534,0.00256386,9.91059,1.56324,6.22927,-4.17833,-1.27331,-2.28927,0.888694,0,0,-12,0,0,0,0,0,6.20075,0,0,0,
0.492644,0.120927,0.843122,0.65452,0.466216,-0.509812,-0.307145,0,0,0,0,0,0,0.424742,0.396174,0.679331,0.0490539,0.976499,-0.208646,0.0226038,-0.178981,0.0799403,0.739144,0.694609,0.287715,0.609158,-0.25232,0,0,0,0,0,0,0,-0.000230513,0.00138191,-0.00200531,-0.00176605,0.00256429,9.91048,1.57044,6.22775,-4.17903,-1.27347,-2.28913,0.888658,0,0,-12,0,0,0,0,0,6.20075,0,0,0,
0.492644,0.120927,0.843122,0.65452,0.466216,-0.509812,-0.307145,0,0,0,0,0,0,0.424742,0.396174,0.679331,0.0490539,0.976499,-0.208646,0.0226038,-0.178981,0.0799403,0.739144,0.694609,0.287715,0.609158,-0.25232,0,0,0,0,0,0,0,-0.000665257,0.00138235,-0.0020061,-0.00176676,0.00256471,9.91046,1.57185,6.22745,-4.17917,-1.2735,-2.28911,0.888651,0,0,-12,0,0,0,0,0,6.20075,0,0,0,
0.492644,0.120927,0.843122,0.65452,0.466216,-0.509812,-0.307145,0,0,0,0,0,0,0.424742,0.396174,0.679331,0.0490539,0.976499,-0.208646,0.0226038,-0.178981,0.0799403,0.739144,0.694609,0.287715,0.609158,-0.25232,0,0,0,0,0,0,0,-0.000648206,0.00138281,-0.00200693,-0.00176748,0.00256515,9.91046,1.5718,6.22746,-4.17917,-1.2735,-2.28911,0.888652,0,0,-12,0,0,0,0,0,6.20075,0,0,0,
0.492644,0.120927,0.843122,0.65452,0.466216,-0.509812,-0.307145,0,0,0,0,0,0,0.424742,0.396174,0.679331,0.0490539,0.976499,-0.208646,0.0226038,-0.178981,0.0799403,0.739144,0.694609,0.287715,0.609158,-0.25232,0,0,0,0,0,0,0,-0.00102568,0.00138327,-0.00200775,-0.0017682,0.00256559,9.91044,1.57302,6.22721,-4.17929,-1.27353,-2.28908,0.888646,0,0,-12,0,0,0,0,0,6.20075,0,0,0,
0.492644,0.120927,0.843122,0.65452,0.466216,-0.509812,-0.307145,0,0,0,0,0,0,0.424742,0.396174,0.679331,0.0490539,0.976499,-0.208646,0.0226038,-0.178981,0.0799403,0.739144,0.694609,0.287715,0.609158,-0.25232,0,0,0,0,0,0,0,-0.0023401,0.00138373,-0.00200858,-0.00176893,0.00256603,9.91037,1.57729,6.2263,-4.1797,-1.27363,-2.289,0.888625,0,0,-12,0,0,0,0,0,6.20075,0,0,0,
0.492644,0.120927,0.843122,0.65452,0.466216,-0.509812,-0.307145,0,0,0,0,0,0,0.424742,0.396174,0.679331,0.0490539,0.976499,-0.208646,0.0226038,-0.178981,0.0799403,0.739144,0.694609,0.287715,0.609158,-0.25232,0,0,0,0,0,0,0,-0.0018621,0.00138419,-0.0020094,-0.00176966,0.00256647,9.9104,1.57574,6.22663,-4.17955,-1.27359,-2.28903,0.888632,0,0,-12,0,0,0,0,0,6.20075,0,0,0,
0.492644,0.120927,0.843122,0.65452,0.466216,-0.509812,-0.307145,0,0,0,0,0,0,0.424742,0.396174,0.679331,0.0490539,0.976499,-0.208646,0.0226038,-0.178981,0.0799403,0.739144,0.694609,0.287715,0.609158,-0.25232,0,0,0,0,0,0,0,-0.00108321,0.00138464,-0.00201022,-0.00177038,0.00256691,9.91044,1.57321,6.22717,-4.1793,-1.27353,-2.28908,0.888645,0,0,-12,0,0,0,0,0,6.20075,0,0,0,
0.492644,0.120927,0.843122,0.65452,0.466216,-0.509812,-0.307145,0,0,0,0,0,0,0.424742,0.396174,0.679331,0.0490539,0.976499,-0.208646,0.0226038,-0.178981,0.0799403,0.739144,0.694609,0.287715,0.609158,-0.25232,0,0,0,0,0,0,0,-0.00175197,0.0013851,-0.00201105,-0.0017711,0.00284228,9.91041,1.57547,6.22669,-4.17956,-1.2736,-2.28898,0.888616,0,0,-12,0,0,0,0,0,6.20075,0,0,0,
0.492644,0.120927,0.843122,0.65452,0.466216,-0.509812,-0.307145,0,0,0,0,0,0,0.424742,0.396174,0.679331,0.0490539,0.976499,-0.208646,0.0226038,-0.178981,0.0799403,0.739144,0.694609,0.287715,0.609158,-0.25232,0,0,0,0,0,0,0,-0.000990913,0.00138556,-0.00201186,-0.00177182,0.0025757,9.91045,1.57291,6.22723,-4.17928,-1.27353,-2.28908,0.888646,0,0,-12,0,0,0,0,0,6.20075,0,0,0,
0.492644,0.120927,0.843122,0.65452,0.466216,-0.509812,-0.307145,0,0,0,0,0,0,0.424742,0.396174,0.679331,0.0490539,0.976499,-0.208646,0.0226038,-0.178981,0.0799403,0.739144,0.694609,0.287715,0.609158,-0.25232,0,0,0,0,0,0,0,-0.00278342,0.001386,-0.00201266,-0.00177253,0.00257613,9.91035,1.57874,6.226,-4.17984,-1.27366,-2.28898,0.888617,0,0,-12,0,0,0,0,0,6.20075,0,0,0,
0.492644,0.120927,0.843122,0.65452,0.466216,-0.509812,-0.307145,0,0,0,0,0,0,0.424742,0.396174,0.679331,0.0490539,0.976499,-0.208646,0.0226038,-0.178981,0.0799403,0.739144,0.694609,0.287715,0.609158,-0.25232,0,0,0,0,0,0,0,-0.00288661,0.00138646,-0.00201348,-0.00177325,0.00257656,9.91035,1.57907,6.22593,-4.17988,-1.27367,-2.28897,0.888615,0,0,-12,0,0,0,0,0,6.20075,0,0,0,
0.492644,0.120927,0.843122,0.65452,0.466217,-0.509812,-0.307144,-3.2677e-07,4.68124e-07,9.64129e-07,-1.11444e-06,-9.61707e-06,4.29177e-06,0.424742,0.396174,0.679331,0.0490539,0.976499,-0.208646,0.0226038,-0.178981,0.0799403,0.739144,0.694609,0.287715,0.609158,-0.25232,0,0,0,0,0,0,0,-0.000356809,0.000601833,-0.00147565,0.00287409,-0.000136325,9.90984,1.56958,6.22753,-4.17878,-1.27262,-2.28924,0.888764,0,0,-12,0,0,0,0,0,6.20075,0,0,0,
0.492644,0.120927,0.843122,0.65452,0.466216,-0.509812,-0.307145,0,0,0,0,0,0,0.424742,0.396174,0.679331,0.0490539,0.976499,-0.208646,0.0226038,-0.178981,0.0799403,0.739144,0.694609,0.287715,0.609158,-0.25232,0,0,0,0,0,0,0,-0.000154393,0.00216527,-0.00254624,-0.00635769,0.00522477,9.91113,1.57145,6.22795,-4.1793,-1.27432,-2.28902,0.888553,0,0,-12,0,0,0,0,0,6.20075,0,0,0,
0.492644,0.120927,0.843122,0.65452,0.466216,-0.509812,-0.307145,0,0,0,0,0,0,0.424742,0.396174,0.679331,0.0490539,0.976499,-0.208646,0.0226038,-0.178981,0.0799403,0.739144,0.694609,0.287715,0.609158,-0.25232,0,0,0,0,0,0,0,-0.000464901,0.00138783,-0.00201594,-0.00177539,0.00257787,9.91048,1.57121,6.22759,-4.17911,-1.27349,-2.28912,0.888654,0,0,-12,0,0,0,0,0,6.20075,0,0,0,
0.492644,0.120927,0.843122,0.65452,0.466216,-0.509812,-0.307145,0,0,0,0,0,0,0.424742,0.396174,0.679331,0.0490539,0.976499,-0.208646,0.0226038,-0.178981,0.0799403,0.739144,0.694609,0.287715,0.609158,-0.25232,0,0,0,0,0,0,0,0.00545518,0.00138829,-0.00201677,-0.00177612,0.00257831,9.91078,1.55199,6.23166,-4.17724,-1.27305,-2.28947,0.88875,0,0,-12,0,0,0,0,0,6.20075,0,0,0,
0.492644,0.120927,0.843122,0.65452,0.466216,-0.509812,-0.307145,0,0,0,0,0,0,0.424742,0.396174,0.679331,0.0490539,0.976499,-0.208646,0.0226038,-0.178981,0.0799403,0.739144,0.694609,0.287715,0.609158,-0.25232,0,0,0,0,0,0,0,0.0020806,0.00138875,-0.00201759,-0.00177684,0.00257875,9.91061,1.56295,6.22934,-4.17831,-1.2733,-2.28927,0.888695,0,0,-12,0,0,0,0,0,6.20075,0,0,0,
0.492644,0.120927,0.843122,0.65452,0.466216,-0.509812,-0.307145,0,0,0,0,0,0,0.424742,0.396174,0.679331,0.0490539,0.976499,-0.208646,0.0226038,-0.178981,0.0799403,0.739144,0.694609,0.287715,0.609158,-0.25232,0,0,0,0,0,0,0,0.000523809,0.00138919,-0.0020184,-0.00177755,0.00257918,9.91053,1.568,6.22827,-4.1788,-1.27342,-2.28917,0.88867,0,0,-12,0,0,0,0,0,6.20075,0,0,0,
0.492644,0.120927,0.843122,0.65452,0.466216,-0.509812,-0.307145,0,0,0,0,0,0,0.424742,0.396174,0.679331,0.0490539,0.976499,-0.208646,0.0226038,-0.178981,0.0799403,0.739144,0.694609,0.287715,0.609158,-0.25232,0,0,0,0,0,0,0,-0.00136021,0.00138964,-0.0020192,-0.00177825,0.00257961,9.91043,1.57412,6.22698,-4.17939,-1.27356,-2.28906,0.88864,0,0,-12,0,0,0,0,0,6.20075,0,0,0,
0.492644,0.120927,0.843122,0.65452,0.466216,-0.509812,-0.307145,0,0,0,0,0,0,0.424742,0.396174,0.679331,0.0490539,0.976499,-0.208646,0.0226038,-0.178981,0.0799403,0.739144,0.694609,0.287715,0.609158,-0.25232,0,0,0,0,0,0,0,0.00292854,0.00139009,-0.00202001,-0.00177897,0.00258004,9.91066,1.56019,6.22992,-4.17804,-1.27324,-2.28932,0.888709,0,0,-12,0,0,0,0,0,6.20075,0,0,0,
0.492644,0.120927,0.843122,0.65452,0.466216,-0.509812,-0.307145,0,0,0,0,0,0,0.424742,0.396174,0.679331,0.0490539,0.976499,-0.208646,0.0226038,-0.178981,0.0799403,0.739144,0.694609,0.287715,0.609158,-0.25232,0,0,0,0,0,0,0,0.00153315,0.00139054,-0.00202081,-0.00177968,0.00258047,9.91058,1.56473,6.22897,-4.17848,-1.27334,-2.28924,0.888687,0,0,-12,0,0,0,0,0,6.20075,0,0,0,
0.492644,0.120927,0.843122,0.65452,0.466217,-0.509812,-0.307144,0,0,0,0,0,0,0.424742,0.396174,0.679331,0.0490539,0.976499,-0.208646,0.0226038,-0.178981,0.0799403,0.739144,0.694609,0.287715,0.609158,-0.25232,0,0,0,0,0,0,0,0.00302752,0.000578777,-0.00146444,0.00302748,-0.000224737,9.91,1.55856,6.22985,-4.1777,-1.27234,-2.28945,0.888823,0,0,-12,0,0,0,0,0,6.20075,0,0,0,
0.492644,0.120927,0.843122,0.65452,0.466216,-0.509812,-0.307145,0,0,0,0,0,0,0.424742,0.396174,0.679331,0.0490539,0.976499,-0.208646,0.0226038,-0.178981,0.0799403,0.739144,0.694609,0.287715,0.609158,-0.25232,0,0,0,0,0,0,0,-0.00118362,0.00217358,-0.00255644,-0.0063891,0.00524311,9.91108,1.57481,6.22725,-4.17962,-1.2744,-2.28896,0.888537,0,0,-12,0,0,0,0,0,6.20075,0,0,0,
0.492644,0.120927,0.843122,0.65452,0.466216,-0.509812,-0.307145,0,0,0,0,0,0,0.424742,0.396174,0.679331,0.0490539,0.976499,-0.208646,0.0226038,-0.178981,0.0799403,0.739144,0.694609,0.287715,0.609158,-0.25232,0,0,0,0,0,0,0,0.000755488,0.00139189,-0.00202324,-0.00178179,0.00258176,9.91055,1.56725,6.22844,-4.17873,-1.2734,-2.28919,0.888674,0,0,-12,0,0,0,0,0,6.20075,0,0,0,
0.492644,0.120927,0.843122,0.65452,0.466217,-0.509812,-0.307144,-3.26523e-07,4.67771e-07,9.63401e-07,-1.1136e-06,-9.60981e-06,4.28853e-06,0.424742,0.396174,0.679331,0.0490539,0.976499,-0.208646,0.0226038,-0.178981,0.0799403,0.739144,0.694609,0.287715,0.609158,-0.25232,0,0,0,0,0,0,0,-0.00137143,0.000605834,-0.00148444,0.002874,-0.000136009,9.9098,1.57288,6.22684,-4.1791,-1.27269,-2.28918,0.888749,0,0,-12,0,0,0,0,0,6.20075,0,0,0,
0.492644,0.120927,0.843122,0.65452,0.466216,-0.509812,-0.307145,0,0,0,0,0,0,0.424742,0.396174,0.679331,0.0490539,0.976499,-0.208646,0.0226038,-0.178981,0.0799403,0.739144,0.694609,0.287715,0.609158,-0.25232,0,0,0,0,0,0,0,-0.000979415,0.00217246,-0.0025572,-0.00637661,0.00523596,9.91109,1.57414,6.22739,-4.17956,-1.27438,-2.28897,0.88854,0,0,-12,0,0,0,0,0,6.20075,0,0,0,
0.492644,0.120927,0.843122,0.65452,0.466216,-0.509812,-0.307145,0,0,0,0,0,0,0.424742,0.396174,0.679331,0.0490539,0.976499,-0.208646,0.0226038,-0.178981,0.0799403,0.739144,0.694609,0.287715,0.609158,-0.25232,0,0,0,0,0,0,0,0.000447599,0.00139325,-0.00202569,-0.0017839,0.00286487,9.91053,1.56834,6.2282,-4.17887,-1.27344,-2.28911,0.888651,0,0,-12,0,0,0,0,0,6.20075,0,0,0,
0.492644,0.120927,0.843122,0.65452,0.466216,-0.509812,-0.307145,0,0,0,0,0,0,0.424742,0.396174,0.679331,0.0490539,0.976499,-0.208646,0.0226038,-0.178981,0.0799403,0.739144,0.694609,0.287715,0.609158,-0.25232,0,0,0,0,0,0,0,-0.00322093,0.0013937,-0.00202649,-0.00178461,0.0025914,9.91034,1.58017,6.22571,-4.17998,-1.27369,-2.28895,0.88861,0,0,-12,0,0,0,0,0,6.20075,0,0,0,
0.492644,0.120927,0.843122,0.65452,0.466216,-0.509812,-0.307145,0,0,0,0,0,0,0.424742,0.396174,0.679331,0.0490539,0.976499,-0.208646,0.0226038,-0.178981,0.0799403,0.739144,0.694609,0.287715,0.609158,-0.25232,0,0,0,0,0,0,0,-0.00113225,0.00139415,-0.00202731,-0.00178533,0.00259184,9.91045,1.57339,6.22714,-4.17932,-1.27354,-2.28907,0.888644,0,0,-12,0,0,0,0,0,6.20075,0,0,0,
0.492644,0.120927,0.843122,0.65452,0.466216,-0.509812,-0.307145,3.26519e-07,-4.67766e-07,-9.63392e-07,1.11359e-06,9.60971e-06,-4.28849e-06,0.424742,0.396174,0.679331,0.0490539,0.976499,-0.208646,0.0226038,-0.178981,0.0799403,0.739144,0.694609,0.287715,0.609158,-0.25232,0,0,0,0,0,0,0,-0.00110486,0.0013946,-0.00202811,-0.00178604,0.00259227,9.91045,1.5733,6.22716,-4.17932,-1.27354,-2.28907,0.888644,0,0,-12,0,0,0,0,0,6.20075,0,0,0,
0.492644,0.120927,0.843122,0.65452,0.466216,-0.509812,-0.307145,0,0,0,0,0,0,0.424742,0.396174,0.679331,0.0490539,0.976499,-0.208646,0.0226038,-0.178981,0.0799403,0.739144,0.694609,0.287715,0.609158,-0.25232,0,0,0,0,0,0,0,0.00209558,0.00139504,-0.00202891,-0.00178673,0.0031746,9.91062,1.56309,6.22931,-4.1784,-1.27335,-2.28915,0.888656,0,0,-12,0,0,0,0,0,6.20075,0,0,0,
0.492644,0.120927,0.843122,0.65452,0.466216,-0.509812,-0.307145,0,0,0,0,0,0,0.424742,0.396174,0.679331,0.0490539,0.976499,-0.208646,0.0226038,-0.178981,0.0799403,0.739144,0.694609,0.287715,0.609158,-0.25232,0,0,0,0,0,0,0,0.00241121,0.0013955,-0.00202973,-0.00178746,0.00260938,9.91064,1.56189,6.22957,-4.17821,-1.27328,-2.28928,0.8887,0,0,-12,0,0,0,0,0,6.20075,0,0,0,
0.492644,0.120927,0.843122,0.65452,0.466216,-0.509812,-0.307145,0,0,0,0,0,0,0.424742,0.396174,0.679331,0.0490539,0.976499,-0.208646,0.0226038,-0.178981,0.0799403,0.739144,0.694609,0.287715,0.609158,-0.25232,0,0,0,0,0,0,0,0.000501619,0.00139596,-0.00203056,-0.00178819,0.00260983,9.91054,1.56809,6.22826,-4.17881,-1.27342,-2.28917,0.888669,0,0,-12,0,0,0,0,0,6.20075,0,0,0,
0.492644,0.120927,0.843122,0.65452,0.466216,-0.509812,-0.307145,0,0,0,0,0,0,0.424742,0.396174,0.679331,0.0490539,0.976499,-0.208646,0.0226038,-0.178981,0.0799403,0.739144,0.694609,0.287715,0.609158,-0.25232,0,0,0,0,0,0,0,-0.00293569,0.00139642,-0.00203137,-0.00178891,0.00261027,9.91036,1.57925,6.22591,-4.1799,-1.27368,-2.28896,0.888614,0,0,-12,0,0,0,0,0,6.20075,0,0,0,
0.492644,0.120927,0.843122,0.65452,0.466216,-0.509812,-0.307145,0,0,0,0,0,0,0.424742,0.396174,0.679331,0.0490539,0.976499,-0.208646,0.0226038,-0.178981,0.0799403,0.739144,0.694609,0.287715,0.609158,-0.25232,0,0,0,0,0,0,0,0.000959443,0.00139687,-0.00203219,-0.00178963,0.00261071,9.91056,1.56661,6.22858,-4.17867,-1.27339,-2.2892,0.888676,0,0,-12,0,0,0,0,0,6.20075,0,0,0,
0.492644,0.120927,0.843122,0.65452,0.466216,-0.509812,-0.307145,0,0,0,0,0,0,0.424742,0.396174,0.679331,0.0490539,0.976499,-0.208646,0.0226038,-0.178981,0.0799403,0.739144,0.694609,0.287715,0.609158,-0.25232,0,0,0,0,0,0,0,0.00134843,0.00139732,-0.002033,-0.00179034,0.00261114,9.91058,1.56534,6.22885,-4.17854,-1.27336,-2.28922,0.888683,0,0,-12,0,0,0,0,0,6.20075,0,0,0,
0.492644,0.120927,0.843122,0.65452,0.466216,-0.509812,-0.307145,0,0,0,0,0,0,0.424742,0.396174,0.679331,0.0490539,0.976499,-0.208646,0.0226038,-0.178981,0.0799403,0.739144,0.694609,0.287715,0.609158,-0.25232,0,0,0,0,0,0,0,0.00404154,0.00139777,-0.00203379,-0.00179104,0.00261157,9.91072,1.5566,6.23069,-4.17769,-1.27316,-2.28938,0.888726,0,0,-12,0,0,0,0,0,6.20075,0,0,0,
0.492644,0.120927,0.843122,0.65452,0.466216,-0.509812,-0.307145,0,0,0,0,0,0,0.424742,0.396174,0.679331,0.0490539,0.976499,-0.208646,0.0226038,-0.178981,0.0799403,0.739144,0.694609,0.287715,0.609158,-0.25232,0,0,0,0,0,0,0,0.0037291,0.00139822,-0.00203462,-0.00179177,0.00261202,9.91071,1.55761,6.23048,-4.17779,-1.27319,-2.28936,0.888721,0,0,-12,0,0,0,0,0,6.20075,0,0,0,
0.492644,0.120927,0.843122,0.65452,0.466216,-0.509812,-0.307145,0,0,0,0,0,0,0.424742,0.396174,0.679331,0.0490539,0.976499,-0.208646,0.0226038,-0.178981,0.0799403,0.739144,0.694609,0.287715,0.609158,-0.25232,0,0,0,0,0,0,0,-0.00447084,0.00139868,-0.00203544,-0.00179249,0.00261246,9.91028,1.58424,6.22486,-4.18038,-1.27379,-2.28887,0.888589,0,0,-12,0,0,0,0,0,6.20075,0,0,0,
0.492644,0.120927,0.843122,0.65452,0.466216,-0.509812,-0.307145,0,0,0,0,0,0,0.424742,0.396174,0.679331,0.0490539,0.976499,-0.208646,0.0226038,-0.178981,0.0799403,0.739144,0.694609,0.287715,0.609158,-0.25232,0,0,0,0,0,0,0,-0.000939434,0.00139913,-0.00203625,-0.0017932,0.0026129,9.91047,1.57278,6.22728,-4.17927,-1.27353,-2.28908,0.888646,0,0,-12,0,0,0,0,0,6.20075,0,0,0,
0.492644,0.120927,0.843122,0.65452,0.466216,-0.509812,-0.307145,0,0,0,0,0,0,0.424742,0.396174,0.679331,0.0490539,0.976499,-0.208646,0.0226038,-0.178981,0.0799403,0.739144,0.694609,0.287715,0.609158,-0.25232,0,0,0,0,0,0,0,-0.000307883,0.00139958,-0.00203705,-0.00179391,0.00261333,9.9105,1.57073,6.22771,-4.17907,-1.27348,-2.28912,0.888656,0,0,-12,0,0,0,0,0,6.20075,0,0,0,
0.492644,0.120927,0.843122,0.65452,0.466216,-0.509812,-0.307145,0,0,0,0,0,0,0.424742,0.396174,0.679331,0.0490539,0.976499,-0.208646,0.0226038,-0.178981,0.0799403,0.739144,0.694609,0.287715,0.609158,-0.25232,0,0,0,0,0,0,0,-0.00256429,0.00140004,-0.00203787,-0.00179463,0.00261377,9.91039,1.57805,6.22617,-4.17978,-1.27365,-2.28898,0.88862,0,0,-12,0,0,0,0,0,6.20075,0,0,0,
0.492644,0.120927,0.843122,0.65452,0.466216,-0.509812,-0.307145,0,0,0,0,0,0,0.424742,0.396174,0.679331,0.0490539,0.976499,-0.208646,0.0226038,-0.178981,0.0799403,0.739144,0.694609,0.287715,0.609158,-0.25232,0,0,0,0,0,0,0,0.00235666,0.00140049,-0.00203869,-0.00179535,0.00261421,9.91064,1.56207,6.22954,-4.17823,-1.27329,-2.28928,0.888699,0,0,-12,0,0,0,0,0,6.20075,0,0,0,
0.492644,0.120927,0.843122,0.65452,0.466216,-0.509812,-0.307145,0,0,0,0,0,0,0.424742,0.396174,0.679331,0.0490539,0.976499,-0.208646,0.0226038,-0.178981,0.0799403,0.739144,0.694609,0.287715,0.609158,-0.25232,0,0,0,0,0,0,0,-0.00343859,0.00140095,-0.00203951,-0.00179606,0.00377903,9.91034,1.58125,6.22547,-4.18024,-1.2738,-2.28869,0.888528,0,0,-12,0,0,0,0,0,6.20075,0,0,0,
0.492644,0.120927,0.843122,0.65452,0.466216,-0.509812,-0.307145,0,0,0,0,0,0,0.424742,0.396174,0.679331,0.0490539,0.976499,-0.208646,0.0226038,-0.178981,0.0799403,0.739144,0.694609,0.287715,0.609158,-0.25232,0,0,0,0,0,0,0,0.0020166,0.0014014,-0.00204033,-0.00179679,0.00321184,9.91063,1.56336,6.22926,-4.17843,-1.27336,-2.28913,0.888654,0,0,-12,0,0,0,0,0,6.20075,0,0,0,
0.492644,0.120927,0.843122,0.65452,0.466216,-0.509812,-0.307145,3.27013e-07,-4.68474e-07,-9.64848e-07,1.11527e-06,9.62425e-06,-4.29497e-06,0.424742,0.396174,0.679331,0.0490539,0.976499,-0.208646,0.0226038,-0.178981,0.0799403,0.739144,0.694609,0.287715,0.609158,-0.25232,0,0,0,0,0,0,0,-0.00285844,0.00140185,-0.00204113,-0.0017975,0.00294792,9.91037,1.57911,6.22594,-4.17993,-1.2737,-2.2889,0.888593,0,0,-12,0,0,0,0,0,6.20075,0,0,0,
0.492644,0.120927,0.843122,0.65452,0.466216,-0.509812,-0.307145,0,0,0,0,0,0,0.424742,0.396174,0.679331,0.0490539,0.976499,-0.208646,0.0226038,-0.178981,0.0799403,0.739144,0.694609,0.287715,0.609158,-0.25232,0,0,0,0,0,0,0,-0.00311714,0.00140229,-0.00204194,-0.00179818,0.00535667,9.91037,1.5807,6.22557,-4.18038,-1.27389,-2.28838,0.888427,0,0,-12,0,0,0,0,0,6.20075,0,0,0,
0.492644,0.120927,0.843122,0.65452,0.466216,-0.509812,-0.307145,0,0,0,0,0,0,0.424742,0.396174,0.679331,0.0490539,0.976499,-0.208646,0.0226038,-0.178981,0.0799403,0.739144,0.694609,0.287715,0.609158,-0.25232,0,0,0,0,0,0,0,-0.00241176,0.00140274,-0.00204273,-0.00179889,0.00443384,9.9104,1.57812,6.22612,-4.18002,-1.27377,-2.28861,0.8885,0,0,-12,0,0,0,0,0,6.20075,0,0,0,
0.492644,0.120927,0.843122,0.65452,0.466216,-0.509812,-0.307145,0,0,0,0,0,0,0.424742,0.396174,0.679331,0.0490539,0.976499,-0.208646,0.0226038,-0.178981,0.0799403,0.739144,0.694609,0.287715,0.609158,-0.25232,0,0,0,0,0,0,0,-0.00207672,0.00140318,-0.00204353,-0.00179959,0.00485311,9.91042,1.57716,6.22632,-4.17998,-1.27378,-2.28854,0.888477,0,0,-12,0,0,0,0,0,6.20075,0,0,0,
0.492644,0.120927,0.843122,0.65452,0.466216,-0.509812,-0.307145,0,0,0,0,0,0,0.424742,0.396174,0.679331,0.0490539,0.976499,-0.208646,0.0226038,-0.178981,0.0799403,0.739144,0.694609,0.287715,0.609158,-0.25232,0,0,0,0,0,0,0,0.000630829,0.00140364,-0.00204435,-0.00180034,0.00254433,9.91056,1.56766,6.22837,-4.17876,-1.27341,-2.28919,0.888677,0,0,-12,0,0,0,0,0,6.20075,0,0,0,
0.492644,0.120927,0.843122,0.65452,0.466216,-0.509812,-0.307145,0,0,0,0,0,0,0.424742,0.396174,0.679331,0.0490539,0.976499,-0.208646,0.0226038,-0.178981,0.0799403,0.739144,0.694609,0.287715,0.609158,-0.25232,0,0,0,0,0,0,0,-0.000569331,0.00140411,-0.00204518,-0.00180107,0.00338771,9.9105,1.57182,6.22748,-4.17927,-1.27356,-2.28894,0.888601,0,0,-12,0,0,0,0,0,6.20075,0,0,0,
0.492644,0.120927,0.843122,0.65452,0.466216,-0.509812,-0.307145,0,0,0,0,0,0,0.424742,0.396174,0.679331,0.0490539,0.976499,-0.208646,0.0226038,-0.178981,0.0799403,0.739144,0.694609,0.287715,0.609158,-0.25232,0,0,0,0,0,0,0,-0.000270045,0.00140456,-0.002046,-0.00180177,0.00391347,9.91051,1.57101,6.22764,-4.17926,-1.27358,-2.28885,0.88857,0,0,-12,0,0,0,0,0,6.20075,0,0,0,
0.492644,0.120927,0.843122,0.65452,0.466216,-0.509812,-0.307145,0,0,0,0,0,0,0.424742,0.396174,0.679331,0.0490539,0.976499,-0.208646,0.0226038,-0.178981,0.0799403,0.739144,0.694609,0.287715,0.609158,-0.25232,0,0,0,0,0,0,0,0.000516399,0.00140502,-0.00204682,-0.00180251,0.00316613,9.91055,1.56823,6.22824,-4.17889,-1.27346,-2.28905,0.888633,0,0,-12,0,0,0,0,0,6.20075,0,0,0,
0.492644,0.120927,0.843122,0.65452,0.466216,-0.509812,-0.307145,0,0,0,0,0,0,0.424742,0.396174,0.679331,0.0490539,0.976499,-0.208646,0.0226038,-0.178981,0.0799403,0.739144,0.694609,0.287715,0.609158,-0.25232,0,0,0,0,0,0,0,0.00329759,0.00140549,-0.00204767,-0.00180326,0.00290016,9.9107,1.55911,6.23017,-4.17797,-1.27324,-2.28928,0.888696,0,0,-12,0,0,0,0,0,6.20075,0,0,0,
0.492644,0.120927,0.843122,0.65452,0.466216,-0.509812,-0.307145,0,0,0,0,0,0,0.424742,0.396174,0.679331,0.0490539,0.976499,-0.208646,0.0226038,-0.178981,0.0799403,0.739144,0.694609,0.287715,0.609158,-0.25232,0,0,0,0,0,0,0,0.00126868,0.00140594,-0.00204847,-0.00180398,0.00233298,9.91059,1.56553,6.22882,-4.17853,-1.27335,-2.28927,0.888702,0,0,-12,0,0,0,0,0,6.20075,0,0,0,
0.492644,0.120927,0.843122,0.654519,0.466217,-0.509812,-0.307144,2.60523e-06,2.77367e-06,-4.65341e-07,2.19525e-07,2.80038e-06,1.00704e-05,0.424742,0.396174,0.679331,0.0490534,0.976499,-0.208646,0.0226038,-0.178981,0.0799403,0.739144,0.694609,0.287715,0.609158,-0.25232,0,0,0,0,0,0,0,0.00387289,0.00172847,-0.00212218,-0.003099,-0.00838849,9.91105,1.554,6.23172,-4.17601,-1.27256,-2.29181,0.889439,0,0,-12,0,0,0,0,0,6.20075,0,0,0,
0.492644,0.120927,0.843122,0.654519,0.466217,-0.509812,-0.307144,2.60395e-06,2.7734e-06,-4.65255e-07,2.19619e-07,2.79875e-06,1.00668e-05,0.424742,0.396174,0.679331,0.0490534,0.976499,-0.208646,0.0226038,-0.178981,0.0799403,0.739144,0.694609,0.287715,0.609158,-0.25232,0,0,0,0,0,0,0,0.00180936,0.0014113,-0.00205147,-0.00182952,0.00255983,9.91062,1.56384,6.22918,-4.17839,-1.27333,-2.28926,0.888696,0,0,-12,0,0,0,0,0,6.20075,0,0,0,
0.492644,0.120927,0.843122,0.654519,0.466217,-0.509812,-0.307144,2.60524e-06,2.77367e-06,-4.65342e-07,2.19524e-07,2.80041e-06,1.00705e-05,0.424742,0.396174,0.679331,0.0490534,0.976499,-0.208646,0.0226038,-0.178981,0.0799403,0.739144,0.694609,0.287715,0.609158,-0.25232,0,0,0,0,0,0,0,0.00372398,0.00141175,-0.00205226,-0.00183025,0.00141414,9.91072,1.55727,6.23058,-4.1776,-1.2731,-2.28961,0.888804,0,0,-12,0,0,0,0,0,6.20075,0,0,0,
0.492644,0.120927,0.843122,0.65452,0.466216,-0.509812,-0.307145,0,0,0,0,0,0,0.424742,0.396174,0.679331,0.0490539,0.976499,-0.208646,0.0226038,-0.178981,0.0799403,0.739144,0.694609,0.287715,0.609158,-0.25232,0,0,0,0,0,0,0,0.00784416,0.00108335,-0.00197867,-0.000509571,0.0134649,9.91061,1.54737,6.23219,-4.17821,-1.27349,-2.2872,0.888086,0,0,-12,0,0,0,0,0,6.20075,0,0,0,
0.492644,0.120927,0.843122,0.65452,0.466216,-0.509812,-0.307145,0,0,0,0,0,0,0.424742,0.396174,0.679331,0.0490539,0.976499,-0.208646,0.0226038,-0.178981,0.0799403,0.739144,0.694609,0.287715,0.609158,-0.25232,0,0,0,0,0,0,0,0.0088172,0.00140821,-0.00205253,-0.00180761,0.00037986,9.91098,1.54042,6.23416,-4.17584,-1.27265,-2.29014,0.888955,0,0,-12,0,0,0,0,0,6.20075,0,0,0,
0.492644,0.120927,0.843122,0.65452,0.466216,-0.509812,-0.307145,0,0,0,0,0,0,0.424742,0.396174,0.679331,0.0490539,0.976499,-0.208646,0.0226038,-0.178981,0.0799403,0.739144,0.694609,0.287715,0.609158,-0.25232,0,0,0,0,0,0,0,0.0105158,0.00140867,-0.00205336,-0.00180832,0.00163816,9.91107,1.53529,6.23523,-4.1755,-1.27262,-2.28997,0.888897,0,0,-12,0,0,0,0,0,6.20075,0,0,0,
0.492644,0.120927,0.843122,0.65452,0.466217,-0.509812,-0.307145,1.02742e-07,-8.95945e-07,-1.48125e-06,5.08085e-06,1.41746e-06,-5.04944e-07,0.424742,0.396174,0.679331,0.0490539,0.976499,-0.208646,0.0226038,-0.178981,0.0799403,0.739144,0.694609,0.287715,0.609158,-0.25232,0,0,0,0,0,0,0,0.00596432,0.00231104,-0.00389041,-0.00232132,0.00113645,9.91221,1.55115,6.23336,-4.17702,-1.27298,-2.28977,0.889001,0,0,-12,0,0,0,0,0,6.20075,0,0,0,
0.492644,0.120927,0.843122,0.65452,0.466217,-0.509812,-0.307145,1.02664e-07,-8.95269e-07,-1.48013e-06,5.07701e-06,1.41639e-06,-5.04563e-07,0.424742,0.396174,0.679331,0.0490539,0.976499,-0.208646,0.0226038,-0.178981,0.0799403,0.739144,0.694609,0.287715,0.609158,-0.25232,0,0,0,0,0,0,0,-0.000897048,0.00142208,-0.00208931,-0.00181932,0.00240003,9.9105,1.5726,6.22736,-4.17922,-1.27351,-2.28913,0.888667,0,0,-12,0,0,0,0,0,6.20075,0,0,0,
0.492644,0.120927,0.843122,0.65452,0.466217,-0.509812,-0.307145,-8.20365e-07,-3.32536e-06,-1.12568e-06,4.72751e-06,7.82867e-07,-5.75796e-06,0.424742,0.396174,0.679331,0.0490539,0.976499,-0.208646,0.0226038,-0.178981,0.0799403,0.739144,0.694609,0.287715,0.609158,-0.25232,0,0,0,0,0,0,0,-0.00466515,0.00142253,-0.0020901,-0.00182005,-0.000726143,9.9103,1.58388,6.22503,-4.17992,-1.27357,-2.28955,0.888817,0,0,-12,0,0,0,0,0,6.20075,0,0,0,
0.492644,0.120927,0.843122,0.65452,0.466217,-0.509812,-0.307145,-2.50531e-06,-3.67219e-06,-1.01306e-06,4.85322e-06,-1.38766e-06,-1.05862e-05,0.424742,0.396174,0.679331,0.0490539,0.976499,-0.208646,0.0226038,-0.178981,0.0799403,0.739144,0.694609,0.287715,0.609158,-0.25232,0,0,0,0,0,0,0,-0.00143632,0.00142298,-0.00209095,-0.00182074,0.00258843,9.91048,1.57441,6.22697,-4.17942,-1.27357,-2.28906,0.888646,0,0,-12,0,0,0,0,0,6.20075,0,0,0,
0.492644,0.120927,0.843122,0.65452,0.466217,-0.509812,-0.307145,-2.50658e-06,-3.67245e-06,-1.01297e-06,4.85332e-06,-1.3893e-06,-1.05898e-05,0.424742,0.396174,0.679331,0.0490539,0.976499,-0.208646,0.0226038,-0.178981,0.0799403,0.739144,0.694609,0.287715,0.609158,-0.25232,0,0,0,0,0,0,0,-0.00325588,0.00142344,-0.00209177,-0.00182146,0.00203805,9.91038,1.58015,6.22577,-4.17991,-1.27366,-2.28906,0.888654,0,0,-12,0,0,0,0,0,6.20075,0,0,0,
0.492644,0.120927,0.843122,0.65452,0.466216,-0.509812,-0.307145,0,0,0,0,0,0,0.424742,0.396174,0.679331,0.0490539,0.976499,-0.208646,0.0226038,-0.178981,0.0799403,0.739144,0.694609,0.287715,0.609158,-0.25232,0,0,0,0,0,0,0,-0.000117747,0.000482713,-0.000176818,-0.0012877,0.00249142,9.90911,1.56882,6.22662,-4.17882,-1.2734,-2.28919,0.888524,0,0,-12,0,0,0,0,0,6.20075,0,0,0,
0.492644,0.120927,0.843122,0.65452,0.466216,-0.509812,-0.307145,0,0,0,0,0,0,0.424742,0.396174,0.679331,0.0490539,0.976499,-0.208646,0.0226038,-0.178981,0.0799403,0.739144,0.694609,0.287715,0.609158,-0.25232,0,0,0,0,0,0,0,-0.00361474,0.00141184,-0.00205909,-0.00181331,0.00257123,9.91035,1.58147,6.22546,-4.18011,-1.27373,-2.28893,0.888608,0,0,-12,0,0,0,0,0,6.20075,0,0,0,
0.492644,0.120927,0.843122,0.65452,0.466216,-0.509812,-0.307145,0,0,0,0,0,0,0.424742,0.396174,0.679331,0.0490539,0.976499,-0.208646,0.0226038,-0.178981,0.0799403,0.739144,0.694609,0.287715,0.609158,-0.25232,0,0,0,0,0,0,0,-0.00198578,0.0014123,-0.00205992,-0.00181403,0.00316085,9.91043,1.57636,6.22653,-4.17969,-1.27365,-2.2889,0.888594,0,0,-12,0,0,0,0,0,6.20075,0,0,0,
0.492644,0.120927,0.843122,0.65452,0.466216,-0.509812,-0.307145,-1.02664e-07,8.95269e-07,1.48013e-06,-5.07701e-06,-1.41639e-06,5.04563e-07,0.424742,0.396174,0.679331,0.0490539,0.976499,-0.208646,0.0226038,-0.178981,0.0799403,0.739144,0.694609,0.287715,0.609158,-0.25232,0,0,0,0,0,0,0,-0.00454322,0.00141275,-0.00206074,-0.00181475,0.00344104,9.9103,1.58475,6.22476,-4.18054,-1.27386,-2.28869,0.888535,0,0,-12,0,0,0,0,0,6.20075,0,0,0,
0.492644,0.120927,0.843122,0.65452,0.466216,-0.509812,-0.307145,-1.0282e-07,8.96624e-07,1.48237e-06,-5.08469e-06,-1.41853e-06,5.05326e-07,0.424742,0.396174,0.679331,0.0490539,0.976499,-0.208646,0.0226038,-0.178981,0.0799403,0.739144,0.694609,0.287715,0.609158,-0.25232,0,0,0,0,0,0,0,-0.00406892,0.0014132,-0.00206153,-0.00181548,0.000954929,9.91032,1.58244,6.22528,-4.18,-1.27364,-2.28924,0.88871,0,0,-12,0,0,0,0,0,6.20075,0,0,0,
0.492644,0.120927,0.843122,0.65452,0.466216,-0.509812,-0.307145,-1.0282e-07,8.96624e-07,1.48237e-06,-5.08469e-06,-1.41853e-06,5.05326e-07,0.424742,0.396174,0.679331,0.0490539,0.976499,-0.208646,0.0226038,-0.178981,0.0799403,0.739144,0.694609,0.287715,0.609158,-0.25232,0,0,0,0,0,0,0,-0.00426803,0.00141365,-0.00206235,-0.00181617,0.0031298,9.91032,1.58376,6.22497,-4.1804,-1.27381,-2.28877,0.88856,0,0,-12,0,0,0,0,0,6.20075,0,0,0,
0.492644,0.120927,0.843122,0.65452,0.466217,-0.509812,-0.307145,0,0,0,0,0,0,0.424742,0.396174,0.679331,0.0490539,0.976499,-0.208646,0.0226038,-0.178981,0.0799403,0.739144,0.694609,0.287715,0.609158,-0.25232,0,0,0,0,0,0,0,-0.00658507,0.00230256,-0.00387214,-0.00232156,0.00406671,9.91156,1.59279,6.2245,-4.18144,-1.27412,-2.28841,0.888601,0,0,-12,0,0,0,0,0,6.20075,0,0,0,
0.492644,0.120927,0.843122,0.65452,0.466217,-0.509812,-0.307145,0,0,0,0,0,0,0.424742,0.396174,0.679331,0.0490539,0.976499,-0.208646,0.0226038,-0.178981,0.0799403,0.739144,0.694609,0.287715,0.609158,-0.25232,0,0,0,0,0,0,0,-0.00875308,0.00142708,-0.00209833,-0.00182722,0.00272968,9.9101,1.59822,6.22195,-4.18176,-1.27412,-2.28859,0.888519,0,0,-12,0,0,0,0,0,6.20075,0,0,0,
0.492644,0.120927,0.843122,0.65452,0.466217,-0.509812,-0.307145,0,0,0,0,0,0,0.424742,0.396174,0.679331,0.0490539,0.976499,-0.208646,0.0226038,-0.178981,0.0799403,0.739144,0.694609,0.287715,0.609158,-0.25232,0,0,0,0,0,0,0,-0.0042035,0.00142756,-0.00209921,-0.00182794,0.00532302,9.91035,1.58425,6.22486,-4.18073,-1.27397,-2.28832,0.888418,0,0,-12,0,0,0,0,0,6.20075,0,0,0,
0.492644,0.120927,0.843122,0.65452,0.466217,-0.509812,-0.307145,1.02743e-07,-8.95954e-07,-1.48127e-06,5.0809e-06,1.41747e-06,-5.04949e-07,0.424742,0.396174,0.679331,0.0490539,0.976499,-0.208646,0.0226038,-0.178981,0.0799403,0.739144,0.694609,0.287715,0.609158,-0.25232,0,0,0,0,0,0,0,-0.00111783,0.00142802,-0.00210004,-0.0018287,0.00271068,9.9105,1.57342,6.22719,-4.17934,-1.27355,-2.28905,0.888643,0,0,-12,0,0,0,0,0,6.20075,0,0,0,
0.492644,0.120927,0.843122,0.65452,0.466217,-0.509812,-0.307145,1.02741e-07,-8.95937e-07,-1.48124e-06,5.0808e-06,1.41744e-06,-5.04939e-07,0.424742,0.396174,0.679331,0.0490539,0.976499,-0.208646,0.0226038,-0.178981,0.0799403,0.739144,0.694609,0.287715,0.609158,-0.25232,0,0,0,0,0,0,0,0.00433028,0.00142849,-0.00210089,-0.00182943,0.00327036,9.91078,1.5559,6.23088,-4.17771,-1.27319,-2.28926,0.888693,0,0,-12,0,0,0,0,0,6.20075,0,0,0,
0.492644,0.120927,0.843122,0.65452,0.466217,-0.509812,-0.307145,1.02586e-07,-8.94593e-07,-1.47902e-06,5.07318e-06,1.41532e-06,-5.04182e-07,0.424742,0.396174,0.679331,0.0490539,0.976499,-0.208646,0.0226038,-0.178981,0.0799403,0.739144,0.694609,0.287715,0.609158,-0.25232,0,0,0,0,0,0,0,0.000468381,0.00142897,-0.00210176,-0.00183019,0.00383954,9.91059,1.56862,6.22818,-4.17902,-1.27352,-2.28891,0.888593,0,0,-12,0,0,0,0,0,6.20075,0,0,0,
0.492644,0.120927,0.843122,0.65452,0.466217,-0.509812,-0.307145,1.02586e-07,-8.94593e-07,-1.47902e-06,5.07318e-06,1.41532e-06,-5.04182e-07,0.424742,0.396174,0.679331,0.0490539,0.976499,-0.208646,0.0226038,-0.178981,0.0799403,0.739144,0.694609,0.287715,0.609158,-0.25232,0,0,0,0,0,0,0,0.00548022,0.00142944,-0.00210261,-0.00183093,0.00331827,9.91084,1.55218,6.23166,-4.17735,-1.27311,-2.28932,0.888709,0,0,-12,0,0,0,0,0,6.20075,0,0,0,
0.492644,0.120927,0.843122,0.65452,0.466217,-0.509812,-0.307145,1.02586e-07,-8.94593e-07,-1.47902e-06,5.07318e-06,1.41532e-06,-5.04182e-07,0.424742,0.396174,0.679331,0.0490539,0.976499,-0.208646,0.0226038,-0.178981,0.0799403,0.739144,0.694609,0.287715,0.609158,-0.25232,0,0,0,0,0,0,0,0.00133434,0.0014299,-0.00210344,-0.00183166,0.00277823,9.91063,1.56548,6.22886,-4.17858,-1.27338,-2.28918,0.888678,0,0,-12,0,0,0,0,0,6.20075,0,0,0,
0.492644,0.120927,0.843122,0.65452,0.466217,-0.509812,-0.307145,0,0,0,0,0,0,0.424742,0.396174,0.679331,0.0490539,0.976499,-0.208646,0.0226038,-0.178981,0.0799403,0.739144,0.694609,0.287715,0.609158,-0.25232,0,0,0,0,0,0,0,0.00292617,0.00143036,-0.00210428,-0.00183238,0.00419262,9.91072,1.56075,6.22984,-4.1783,-1.27336,-2.28898,0.888609,0,0,-12,0,0,0,0,0,6.20075,0,0,0,
0.492644,0.120927,0.843122,0.65452,0.466217,-0.509812,-0.307145,0,0,0,0,0,0,0.424742,0.396174,0.679331,0.0490539,0.976499,-0.208646,0.0226038,-0.178981,0.0799403,0.739144,0.694609,0.287715,0.609158,-0.25232,0,0,0,0,0,0,0,0.00625122,0.00143083,-0.00210511,-0.00183312,0.00254361,9.91088,1.54944,6.23226,-4.17699,-1.273,-2.28953,0.888773,0,0,-12,0,0,0,0,0,6.20075,0,0,0,
0.492644,0.120927,0.843122,0.65452,0.466217,-0.509812,-0.307145,0,0,0,0,0,0,0.424742,0.396174,0.679331,0.0490539,0.976499,-0.208646,0.0226038,-0.178981,0.0799403,0.739144,0.694609,0.287715,0.609158,-0.25232,0,0,0,0,0,0,0,0.00593812,0.00143129,-0.00210596,-0.00183385,0.0028124,9.91087,1.55054,6.23202,-4.17713,-1.27304,-2.28945,0.88875,0,0,-12,0,0,0,0,0,6.20075,0,0,0,
0.492644,0.120927,0.843122,0.65452,0.466217,-0.509812,-0.307145,0,0,0,0,0,0,0.424742,0.396174,0.679331,0.0490539,0.976499,-0.208646,0.0226038,-0.178981,0.0799403,0.739144,0.694609,0.287715,0.609158,-0.25232,0,0,0,0,0,0,0,0.00354369,0.00143176,-0.00210681,-0.0018346,0.00225566,9.91074,1.55815,6.23042,-4.1778,-1.27318,-2.28943,0.888749,0,0,-12,0,0,0,0,0,6.20075,0,0,0,
0.492644,0.120927,0.843122,0.65452,0.466217,-0.509812,-0.307145,0,0,0,0,0,0,0.424742,0.396174,0.679331,0.0490539,0.976499,-0.208646,0.0226038,-0.178981,0.0799403,0.739144,0.694609,0.287715,0.609158,-0.25232,0,0,0,0,0,0,0,0.00140681,0.00143224,-0.00210767,-0.00183534,0.00279712,9.91064,1.56526,6.22892,-4.17856,-1.27338,-2.28918,0.888679,0,0,-12,0,0,0,0,0,6.20075,0,0,0,
0.492644,0.120927,0.843122,0.65452,0.466217,-0.509812,-0.307145,0,0,0,0,0,0,0.424742,0.396174,0.679331,0.0490539,0.976499,-0.208646,0.0226038,-0.178981,0.0799403,0.739144,0.694609,0.287715,0.609158,-0.25232,0,0,0,0,0,0,0,-0.00230656,0.00143269,-0.0021085,-0.00183606,0.00279759,9.91045,1.57731,6.22637,-4.17973,-1.27365,-2.28896,0.888619,0,0,-12,0,0,0,0,0,6.20075,0,0,0,
0.492644,0.120927,0.843122,0.65452,0.466217,-0.509812,-0.307145,0,0,0,0,0,0,0.424742,0.396174,0.679331,0.0490539,0.976499,-0.208646,0.0226038,-0.178981,0.0799403,0.739144,0.694609,0.287715,0.609158,-0.25232,0,0,0,0,0,0,0,-0.00202435,0.00143317,-0.00210935,-0.0018368,0.00279807,9.91046,1.5764,6.22656,-4.17964,-1.27363,-2.28898,0.888624,0,0,-12,0,0,0,0,0,6.20075,0,0,0,
0.492644,0.120927,0.843122,0.65452,0.466217,-0.509812,-0.307145,0,0,0,0,0,0,0.424742,0.396174,0.679331,0.0490539,0.976499,-0.208646,0.0226038,-0.178981,0.0799403,0.739144,0.694609,0.287715,0.609158,-0.25232,0,0,0,0,0,0,0,-0.00315839,0.00143363,-0.0021102,-0.00183754,0.00279854,9.9104,1.58008,6.22579,-4.18,-1.27371,-2.28891,0.888606,0,0,-12,0,0,0,0,0,6.20075,0,0,0,
0.492644,0.120927,0.843122,0.65452,0.466217,-0.509812,-0.307145,0,0,0,0,0,0,0.424742,0.396174,0.679331,0.0490539,0.976499,-0.208646,0.0226038,-0.178981,0.0799403,0.739144,0.694609,0.287715,0.609158,-0.25232,0,0,0,0,0,0,0,0.000323817,0.00143411,-0.00211106,-0.00183829,0.00279903,9.91058,1.56878,6.22817,-4.1789,-1.27346,-2.28912,0.888661,0,0,-12,0,0,0,0,0,6.20075,0,0,0,
0.492644,0.120927,0.843122,0.65452,0.466217,-0.509812,-0.307145,0,0,0,0,0,0,0.424742,0.396174,0.679331,0.0490539,0.976499,-0.208646,0.0226038,-0.178981,0.0799403,0.739144,0.694609,0.287715,0.609158,-0.25232,0,0,0,0,0,0,0,-0.00365869,0.00143462,-0.00211198,-0.00183909,0.00331486,9.91038,1.58187,6.2254,-4.18024,-1.27379,-2.28877,0.888563,0,0,-12,0,0,0,0,0,6.20075,0,0,0,
0.492644,0.120927,0.843122,0.65452,0.466217,-0.509812,-0.307145,0,0,0,0,0,0,0.424742,0.396174,0.679331,0.0490539,0.976499,-0.208646,0.0226038,-0.178981,0.0799403,0.739144,0.694609,0.287715,0.609158,-0.25232,0,0,0,0,0,0,0,-0.000686253,0.00143511,-0.00211288,-0.00183987,0.0028163,9.91053,1.57206,6.22748,-4.17922,-1.27353,-2.28905,0.888644,0,0,-12,0,0,0,0,0,6.20075,0,0,0,
0.492644,0.120927,0.843122,0.65452,0.466217,-0.509812,-0.307144,-3.27261e-07,4.68828e-07,9.65578e-07,-1.11611e-06,-9.63153e-06,4.29822e-06,0.424742,0.396174,0.679331,0.0490539,0.976499,-0.208646,0.0226038,-0.178981,0.0799403,0.739144,0.694609,0.287715,0.609158,-0.25232,0,0,0,0,0,0,0,0.00100346,0.000655993,-0.00157882,0.00277507,0.000122163,9.90999,1.56531,6.22851,-4.1784,-1.27255,-2.28927,0.888779,0,0,-12,0,0,0,0,0,6.20075,0,0,0,
0.492644,0.120927,0.843122,0.65452,0.466217,-0.509812,-0.307145,0,0,0,0,0,0,0.424742,0.396174,0.679331,0.0490539,0.976499,-0.208646,0.0226038,-0.178981,0.0799403,0.739144,0.694609,0.287715,0.609158,-0.25232,0,0,0,0,0,0,0,0.00252934,0.00212588,-0.00258564,-0.00590526,0.00809795,9.91127,1.56364,6.22957,-4.17892,-1.27426,-2.28854,0.888404,0,0,-12,0,0,0,0,0,6.20075,0,0,0,
0.492644,0.120927,0.843122,0.65452,0.466217,-0.509812,-0.307145,0,0,0,0,0,0,0.424742,0.396174,0.679331,0.0490539,0.976499,-0.208646,0.0226038,-0.178981,0.0799403,0.739144,0.694609,0.287715,0.609158,-0.25232,0,0,0,0,0,0,0,0.00503026,0.00143658,-0.00211553,-0.00184215,0.00291269,9.91083,1.55353,6.2314,-4.17743,-1.27312,-2.28938,0.88873,0,0,-12,0,0,0,0,0,6.20075,0,0,0,
0.492644,0.120927,0.843122,0.65452,0.466217,-0.509812,-0.307145,0,0,0,0,0,0,0.424742,0.396174,0.679331,0.0490539,0.976499,-0.208646,0.0226038,-0.178981,0.0799403,0.739144,0.694609,0.287715,0.609158,-0.25232,0,0,0,0,0,0,0,0.00102233,0.00143706,-0.00211641,-0.0018429,0.0039672,9.91063,1.56687,6.22856,-4.17886,-1.27349,-2.28892,0.888594,0,0,-12,0,0,0,0,0,6.20075,0,0,0,
0.492644,0.120927,0.843122,0.65452,0.466217,-0.509812,-0.307145,0,0,0,0,0,0,0.424742,0.396174,0.679331,0.0490539,0.976499,-0.208646,0.0226038,-0.178981,0.0799403,0.739144,0.694609,0.287715,0.609158,-0.25232,0,0,0,0,0,0,0,0.00130546,0.0014376,-0.00211738,-0.00184375,0.00294541,9.91064,1.56564,6.22884,-4.17861,-1.2734,-2.28915,0.888668,0,0,-12,0,0,0,0,0,6.20075,0,0,0,
0.492644,0.120927,0.843122,0.65452,0.466217,-0.509812,-0.307145,0,0,0,0,0,0,0.424742,0.396174,0.679331,0.0490539,0.976499,-0.208646,0.0226038,-0.178981,0.0799403,0.739144,0.694609,0.287715,0.609158,-0.25232,0,0,0,0,0,0,0,0.000452778,0.00143807,-0.00211824,-0.00184451,0.00294592,9.9106,1.56841,6.22826,-4.17888,-1.27346,-2.2891,0.888654,0,0,-12,0,0,0,0,0,6.20075,0,0,0,
0.492644,0.120927,0.843122,0.65452,0.466217,-0.509812,-0.307145,0,0,0,0,0,0,0.424742,0.396174,0.679331,0.0490539,0.976499,-0.208646,0.0226038,-0.178981,0.0799403,0.739144,0.694609,0.287715,0.609158,-0.25232,0,0,0,0,0,0,0,-0.00369422,0.00143855,-0.0021191,-0.00184524,0.00352602,9.91038,1.58205,6.22536,-4.18028,-1.27381,-2.28872,0.888549,0,0,-12,0,0,0,0,0,6.20075,0,0,0,
0.492644,0.120927,0.843122,0.65452,0.466217,-0.509812,-0.307145,0,0,0,0,0,0,0.424742,0.396174,0.679331,0.0490539,0.976499,-0.208646,0.0226038,-0.178981,0.0799403,0.739144,0.694609,0.287715,0.609158,-0.25232,0,0,0,0,0,0,0,-0.00103718,0.00143904,-0.00211999,-0.00184602,0.00349731,9.91052,1.57342,6.22719,-4.17944,-1.27361,-2.28889,0.888593,0,0,-12,0,0,0,0,0,6.20075,0,0,0,
0.492644,0.120927,0.843122,0.65452,0.466217,-0.509812,-0.307145,3.26519e-07,-4.67766e-07,-9.63392e-07,1.11359e-06,9.60972e-06,-4.28849e-06,0.424742,0.396174,0.679331,0.0490539,0.976499,-0.208646,0.0226038,-0.178981,0.0799403,0.739144,0.694609,0.287715,0.609158,-0.25232,0,0,0,0,0,0,0,0.00136478,0.00143952,-0.00212086,-0.00184679,0.00286972,9.91064,1.56542,6.22889,-4.17858,-1.27339,-2.28917,0.888674,0,0,-12,0,0,0,0,0,6.20075,0,0,0,
0.492644,0.120927,0.843122,0.65452,0.466217,-0.509812,-0.307145,0,0,0,0,0,0,0.424742,0.396174,0.679331,0.0490539,0.976499,-0.208646,0.0226038,-0.178981,0.0799403,0.739144,0.694609,0.287715,0.609158,-0.25232,0,0,0,0,0,0,0,0.00263793,0.00144003,-0.00212179,-0.00184759,0.00297793,9.91071,1.56132,6.22975,-4.1782,-1.2733,-2.28922,0.888687,0,0,-12,0,0,0,0,0,6.20075,0,0,0,
0.492644,0.120927,0.843122,0.65452,0.466217,-0.509812,-0.307145,0,0,0,0,0,0,0.424742,0.396174,0.679331,0.0490539,0.976499,-0.208646,0.0226038,-0.178981,0.0799403,0.739144,0.694609,0.287715,0.609158,-0.25232,0,0,0,0,0,0,0,0.00383881,0.0014405,-0.00212263,-0.00184832,0.00297843,9.91077,1.55742,6.23058,-4.17782,-1.27321,-2.28929,0.888707,0,0,-12,0,0,0,0,0,6.20075,0,0,0,
0.492644,0.120927,0.843122,0.65452,0.466217,-0.509812,-0.307145,0,0,0,0,0,0,0.424742,0.396174,0.679331,0.0490539,0.976499,-0.208646,0.0226038,-0.178981,0.0799403,0.739144,0.694609,0.287715,0.609158,-0.25232,0,0,0,0,0,0,0,0.00254362,0.00144097,-0.00212347,-0.00184907,0.00215077,9.91071,1.56138,6.22976,-4.1781,-1.27325,-2.28939,0.888742,0,0,-12,0,0,0,0,0,6.20075,0,0,0,
0.492644,0.120927,0.843122,0.65452,0.466217,-0.509812,-0.307145,0,0,0,0,0,0,0.424742,0.396174,0.679331,0.0490539,0.976499,-0.208646,0.0226038,-0.178981,0.0799403,0.739144,0.694609,0.287715,0.609158,-0.25232,0,0,0,0,0,0,0,-0.00237517,0.00144145,-0.00212435,-0.00184983,0.0024144,9.91045,1.57743,6.22636,-4.17969,-1.27363,-2.28904,0.888645,0,0,-12,0,0,0,0,0,6.20075,0,0,0,
0.492644,0.120927,0.843122,0.65452,0.466217,-0.509812,-0.307145,0,0,0,0,0,0,0.424742,0.396174,0.679331,0.0490539,0.976499,-0.208646,0.0226038,-0.178981,0.0799403,0.739144,0.694609,0.287715,0.609158,-0.25232,0,0,0,0,0,0,0,-0.00163504,0.00144194,-0.00212524,-0.0018506,0.00268236,9.91049,1.57511,6.22685,-4.1795,-1.27359,-2.28902,0.888639,0,0,-12,0,0,0,0,0,6.20075,0,0,0,
0.492644,0.120927,0.843122,0.65452,0.466217,-0.509812,-0.307145,0,0,0,0,0,0,0.424742,0.396174,0.679331,0.0490539,0.976499,-0.208646,0.0226038,-0.178981,0.0799403,0.739144,0.694609,0.287715,0.609158,-0.25232,0,0,0,0,0,0,0,-0.000294336,0.00144242,-0.00212612,-0.00185136,0.00293217,9.91056,1.57083,6.22775,-4.17912,-1.27351,-2.28905,0.888644,0,0,-12,0,0,0,0,0,6.20075,0,0,0,
0.492644,0.120927,0.843122,0.65452,0.466217,-0.509812,-0.307145,0,0,0,0,0,0,0.424742,0.396174,0.679331,0.0490539,0.976499,-0.208646,0.0226038,-0.178981,0.0799403,0.739144,0.694609,0.287715,0.609158,-0.25232,0,0,0,0,0,0,0,-0.00463017,0.0014429,-0.00212698,-0.00185211,0.00293268,9.91034,1.58491,6.22478,-4.18049,-1.27383,-2.28879,0.888574,0,0,-12,0,0,0,0,0,6.20075,0,0,0,
0.492644,0.120927,0.843122,0.65452,0.466217,-0.509812,-0.307145,0,0,0,0,0,0,0.424742,0.396174,0.679331,0.0490539,0.976499,-0.208646,0.0226038,-0.178981,0.0799403,0.739144,0.694609,0.287715,0.609158,-0.25232,0,0,0,0,0,0,0,0.00240211,0.0014434,-0.00212788,-0.00185289,0.0031867,9.9107,1.56216,6.22958,-4.17831,-1.27333,-2.28916,0.88867,0,0,-12,0,0,0,0,0,6.20075,0,0,0,
0.492644,0.120927,0.843122,0.65452,0.466217,-0.509812,-0.307145,0,0,0,0,0,0,0.424742,0.396174,0.679331,0.0490539,0.976499,-0.208646,0.0226038,-0.178981,0.0799403,0.739144,0.694609,0.287715,0.609158,-0.25232,0,0,0,0,0,0,0,-0.0028016,0.00144388,-0.00212876,-0.00185366,0.00294159,9.91044,1.57898,6.22603,-4.17991,-1.2737,-2.2889,0.888603,0,0,-12,0,0,0,0,0,6.20075,0,0,0,
0.492644,0.120927,0.843122,0.65452,0.466217,-0.509812,-0.307145,0,0,0,0,0,0,0.424742,0.396174,0.679331,0.0490539,0.976499,-0.208646,0.0226038,-0.178981,0.0799403,0.739144,0.694609,0.287715,0.609158,-0.25232,0,0,0,0,0,0,0,-0.00470542,0.00144439,-0.00212967,-0.00185445,0.00294213,9.91034,1.58516,6.22473,-4.18051,-1.27384,-2.28879,0.888573,0,0,-12,0,0,0,0,0,6.20075,0,0,0,
0.492644,0.120927,0.843122,0.65452,0.466217,-0.509812,-0.307145,0,0,0,0,0,0,0.424742,0.396174,0.679331,0.0490539,0.976499,-0.208646,0.0226038,-0.178981,0.0799403,0.739144,0.694609,0.287715,0.609158,-0.25232,0,0,0,0,0,0,0,-0.00179216,0.00144487,-0.00213054,-0.00185521,0.00294264,9.91049,1.5757,6.22672,-4.17959,-1.27362,-2.28896,0.888619,0,0,-12,0,0,0,0,0,6.20075,0,0,0,
0.492644,0.120927,0.843122,0.65452,0.466217,-0.509812,-0.307145,0,0,0,0,0,0,0.424742,0.396174,0.679331,0.0490539,0.976499,-0.208646,0.0226038,-0.178981,0.0799403,0.739144,0.694609,0.287715,0.609158,-0.25232,0,0,0,0,0,0,0,0.000524814,0.00144534,-0.0021314,-0.00185595,0.00294314,9.91061,1.56818,6.22831,-4.17886,-1.27345,-2.2891,0.888657,0,0,-12,0,0,0,0,0,6.20075,0,0,0,
0.492644,0.120927,0.843122,0.65452,0.466217,-0.509812,-0.307145,0,0,0,0,0,0,0.424742,0.396174,0.679331,0.0490539,0.976499,-0.208646,0.0226038,-0.178981,0.0799403,0.739144,0.694609,0.287715,0.609158,-0.25232,0,0,0,0,0,0,0,0.00425961,0.00144579,-0.00213222,-0.00185667,0.00294363,9.9108,1.55605,6.23088,-4.17768,-1.27318,-2.28933,0.888717,0,0,-12,0,0,0,0,0,6.20075,0,0,0,
0.492644,0.120927,0.843122,0.65452,0.466217,-0.509812,-0.307145,0,0,0,0,0,0,0.424742,0.396174,0.679331,0.0490539,0.976499,-0.208646,0.0226038,-0.178981,0.0799403,0.739144,0.694609,0.287715,0.609158,-0.25232,0,0,0,0,0,0,0,0.0012675,0.00144625,-0.00213307,-0.00185738,0.00515428,9.91066,1.56645,6.22864,-4.17897,-1.27356,-2.28868,0.88852,0,0,-12,0,0,0,0,0,6.20075,0,0,0,
0.492644,0.120927,0.843122,0.65452,0.466217,-0.509812,-0.307145,0,0,0,0,0,0,0.424742,0.396174,0.679331,0.0490539,0.976499,-0.208646,0.0226038,-0.178981,0.0799403,0.739144,0.694609,0.287715,0.609158,-0.25232,0,0,0,0,0,0,0,-0.00171524,0.00144671,-0.00213388,-0.00185811,0.00300788,9.9105,1.57548,6.22677,-4.17958,-1.27362,-2.28895,0.888617,0,0,-12,0,0,0,0,0,6.20075,0,0,0,
0.492644,0.120927,0.843122,0.65452,0.466217,-0.509812,-0.307145,0,0,0,0,0,0,0.424742,0.396174,0.679331,0.0490539,0.976499,-0.208646,0.0226038,-0.178981,0.0799403,0.739144,0.694609,0.287715,0.609158,-0.25232,0,0,0,0,0,0,0,0.00191118,0.00144718,-0.00213475,-0.00185884,0.00516945,9.91069,1.56437,6.22909,-4.17877,-1.27351,-2.28872,0.888529,0,0,-12,0,0,0,0,0,6.20075,0,0,0,
0.492644,0.120927,0.843122,0.65452,0.466217,-0.509812,-0.307145,0,0,0,0,0,0,0.424742,0.396174,0.679331,0.0490539,0.976499,-0.208646,0.0226038,-0.178981,0.0799403,0.739144,0.694609,0.287715,0.609158,-0.25232,0,0,0,0,0,0,0,-0.00354661,0.00144766,-0.0021356,-0.00185961,0.00307218,9.9104,1.58144,6.22551,-4.18017,-1.27376,-2.28883,0.888583,0,0,-12,0,0,0,0,0,6.20075,0,0,0,
0.492644,0.120927,0.843122,0.65452,0.466217,-0.509812,-0.307145,0,0,0,0,0,0,0.424742,0.396174,0.679331,0.0490539,0.976499,-0.208646,0.0226038,-0.178981,0.0799403,0.739144,0.694609,0.287715,0.609158,-0.25232,0,0,0,0,0,0,0,-0.00061102,0.00144816,-0.0021365,-0.0018604,0.0022965,9.91055,1.57167,6.22759,-4.17912,-1.27349,-2.28917,0.888683,0,0,-12,0,0,0,0,0,6.20075,0,0,0,
0.492644,0.120927,0.843122,0.65452,0.466217,-0.509812,-0.307145,0,0,0,0,0,0,0.424742,0.396174,0.679331,0.0490539,0.976499,-0.208646,0.0226038,-0.178981,0.0799403,0.739144,0.694609,0.287715,0.609158,-0.25232,0,0,0,0,0,0,0,-0.00119309,0.00144863,-0.00213736,-0.00186114,0.00304916,9.91053,1.5738,6.22713,-4.17942,-1.27359,-2.28898,0.888622,0,0,-12,0,0,0,0,0,6.20075,0,0,0,
0.492644,0.120927,0.843122,0.65452,0.466217,-0.509812,-0.307145,0,0,0,0,0,0,0.424742,0.396174,0.679331,0.0490539,0.976499,-0.208646,0.0226038,-0.178981,0.0799403,0.739144,0.694609,0.287715,0.609158,-0.25232,0,0,0,0,0,0,0,0.00449019,0.00144914,-0.00213828,-0.00186194,0.00304972,9.91082,1.55534,6.23103,-4.17763,-1.27317,-2.28932,0.888714,0,0,-12,0,0,0,0,0,6.20075,0,0,0,
0.492644,0.120927,0.843122,0.65452,0.466217,-0.509812,-0.307145,0,0,0,0,0,0,0.424742,0.396174,0.679331,0.0490539,0.976499,-0.208646,0.0226038,-0.178981,0.0799403,0.739144,0.694609,0.287715,0.609158,-0.25232,0,0,0,0,0,0,0,0.00130366,0.00144962,-0.00213915,-0.0018627,0.00305025,9.91066,1.56569,6.22884,-4.17863,-1.27341,-2.28913,0.888663,0,0,-12,0,0,0,0,0,6.20075,0,0,0,
0.492644,0.120927,0.843122,0.65452,0.466217,-0.509812,-0.307145,0,0,0,0,0,0,0.424742,0.396174,0.679331,0.0490539,0.976499,-0.208646,0.0226038,-0.178981,0.0799403,0.739144,0.694609,0.287715,0.609158,-0.25232,0,0,0,0,0,0,0,0.00379731,0.00145013,-0.00214007,-0.0018635,0.00305082,9.91079,1.55759,6.23056,-4.17784,-1.27322,-2.28928,0.888703,0,0,-12,0,0,0,0,0,6.20075,0,0,0,
0.492644,0.120927,0.843122,0.65452,0.466217,-0.509812,-0.307145,0,0,0,0,0,0,0.424742,0.396174,0.679331,0.0490539,0.976499,-0.208646,0.0226038,-0.178981,0.0799403,0.739144,0.694609,0.287715,0.609158,-0.25232,0,0,0,0,0,0,0,0.000958331,0.00145063,-0.00214098,-0.00186429,0.00305137,9.91064,1.56681,6.22861,-4.17874,-1.27343,-2.2891,0.888657,0,0,-12,0,0,0,0,0,6.20075,0,0,0,
0.492644,0.120927,0.843122,0.65452,0.466217,-0.509812,-0.307145,0,0,0,0,0,0,0.424742,0.396174,0.679331,0.0490539,0.976499,-0.208646,0.0226038,-0.178981,0.0799403,0.739144,0.694609,0.287715,0.609158,-0.25232,0,0,0,0,0,0,0,0.00204888,0.00145109,-0.00214182,-0.00186502,0.00305189,9.9107,1.56327,6.22936,-4.1784,-1.27335,-2.28917,0.888675,0,0,-12,0,0,0,0,0,6.20075,0,0,0,
0.492644,0.120927,0.843122,0.65452,0.466217,-0.509812,-0.307145,0,0,0,0,0,0,0.424742,0.396174,0.679331,0.0490539,0.976499,-0.208646,0.0226038,-0.178981,0.0799403,0.739144,0.694609,0.287715,0.609158,-0.25232,0,0,0,0,0,0,0,0.000854037,0.00145165,-0.00214283,-0.0018659,0.0030525,9.91064,1.56715,6.22854,-4.17877,-1.27344,-2.2891,0.888656,0,0,-12,0,0,0,0,0,6.20075,0,0,0,
0.492644,0.120927,0.843122,0.65452,0.466217,-0.509812,-0.307145,0,0,0,0,0,0,0.424742,0.396174,0.679331,0.0490539,0.976499,-0.208646,0.0226038,-0.178981,0.0799403,0.739144,0.694609,0.287715,0.609158,-0.25232,0,0,0,0,0,0,0,-0.00467923,0.00145218,-0.00214379,-0.00186674,0.00305309,9.91035,1.58512,6.22474,-4.18052,-1.27385,-2.28876,0.888567,0,0,-12,0,0,0,0,0,6.20075,0,0,0,
0.492644,0.120927,0.843122,0.65452,0.466217,-0.509812,-0.307145,0,0,0,0,0,0,0.424742,0.396174,0.679331,0.0490539,0.976499,-0.208646,0.0226038,-0.178981,0.0799403,0.739144,0.694609,0.287715,0.609158,-0.25232,0,0,0,0,0,0,0,-0.000931232,0.00145267,-0.00214467,-0.0018675,0.00305363,9.91054,1.57295,6.22731,-4.17934,-1.27357,-2.28899,0.888627,0,0,-12,0,0,0,0,0,6.20075,0,0,0,
0.492644,0.120927,0.843122,0.65452,0.466217,-0.509812,-0.307145,0,0,0,0,0,0,0.424742,0.396174,0.679331,0.0490539,0.976499,-0.208646,0.0226038,-0.178981,0.0799403,0.739144,0.694609,0.287715,0.609158,-0.25232,0,0,0,0,0,0,0,0.00154344,0.00145318,-0.00214559,-0.0018683,0.00305419,9.91067,1.56492,6.22901,-4.17856,-1.27339,-2.28914,0.888667,0,0,-12,0,0,0,0,0,6.20075,0,0,0,
0.492644,0.120927,0.843122,0.65452,0.466217,-0.509812,-0.307145,0,0,0,0,0,0,0.424742,0.396174,0.679331,0.0490539,0.976499,-0.208646,0.0226038,-0.178981,0.0799403,0.739144,0.694609,0.287715,0.609158,-0.25232,0,0,0,0,0,0,0,0.00359264,0.00145369,-0.00214653,-0.00186912,0.00254957,9.91078,1.55811,6.23046,-4.17783,-1.2732,-2.28937,0.888734,0,0,-12,0,0,0,0,0,6.20075,0,0,0,
0.492644,0.120927,0.843122,0.65452,0.466217,-0.509812,-0.307145,0,0,0,0,0,0,0.424742,0.396174,0.679331,0.0490539,0.976499,-0.208646,0.0226038,-0.178981,0.0799403,0.739144,0.694609,0.287715,0.609158,-0.25232,0,0,0,0,0,0,0,-0.00103479,0.00145422,-0.00214748,-0.00186995,0.0027906,9.91054,1.57321,6.22727,-4.17933,-1.27356,-2.28904,0.888643,0,0,-12,0,0,0,0,0,6.20075,0,0,0,
0.492644,0.120927,0.843122,0.65452,0.466217,-0.509812,-0.307145,0,0,0,0,0,0,0.424742,0.396174,0.679331,0.0490539,0.976499,-0.208646,0.0226038,-0.178981,0.0799403,0.739144,0.694609,0.287715,0.609158,-0.25232,0,0,0,0,0,0,0,0.0012255,0.00145472,-0.00214838,-0.00187074,0.00259069,9.91066,1.56581,6.22883,-4.17859,-1.27338,-2.28922,0.888693,0,0,-12,0,0,0,0,0,6.20075,0,0,0,
0.492644,0.120927,0.843122,0.65452,0.466217,-0.509812,-0.307145,0,0,0,0,0,0,0.424742,0.396174,0.679331,0.0490539,0.976499,-0.208646,0.0226038,-0.178981,0.0799403,0.739144,0.694609,0.287715,0.609158,-0.25232,0,0,0,0,0,0,0,-0.00290055,0.00145523,-0.00214931,-0.00187153,0.00301844,9.91045,1.57934,6.22597,-4.17996,-1.27371,-2.28888,0.888598,0,0,-12,0,0,0,0,0,6.20075,0,0,0,
0.492644,0.120927,0.843122,0.65452,0.466217,-0.509812,-0.307145,0,0,0,0,0,0,0.424742,0.396174,0.679331,0.0490539,0.976499,-0.208646,0.0226038,-0.178981,0.0799403,0.739144,0.694609,0.287715,0.609158,-0.25232,0,0,0,0,0,0,0,-0.00230472,0.00145575,-0.00215026,-0.00187236,0.00326886,9.91048,1.57748,6.22636,-4.17981,-1.27369,-2.28886,0.888591,0,0,-12,0,0,0,0,0,6.20075,0,0,0,
0.492644,0.120927,0.843122,0.65452,0.466217,-0.509812,-0.307145,0,0,0,0,0,0,0.424742,0.396174,0.679331,0.0490539,0.976499,-0.208646,0.0226038,-0.178981,0.0799403,0.739144,0.694609,0.287715,0.609158,-0.25232,0,0,0,0,0,0,0,-0.00209061,0.00145623,-0.00215113,-0.00187312,0.00275699,9.91049,1.57663,6.22655,-4.17966,-1.27364,-2.28898,0.888629,0,0,-12,0,0,0,0,0,6.20075,0,0,0,
0.492644,0.120927,0.843122,0.65452,0.466217,-0.509812,-0.307145,0,0,0,0,0,0,0.424742,0.396174,0.679331,0.0490539,0.976499,-0.208646,0.0226038,-0.178981,0.0799403,0.739144,0.694609,0.287715,0.609158,-0.25232,0,0,0,0,0,0,0,0.00229901,0.00145672,-0.00215202,-0.00187389,0.00384443,9.91072,1.56271,6.22947,-4.17844,-1.27339,-2.28902,0.888626,0,0,-12,0,0,0,0,0,6.20075,0,0,0,
0.492644,0.120927,0.843122,0.65452,0.466217,-0.509812,-0.307145,0,0,0,0,0,0,0.424742,0.396174,0.679331,0.0490539,0.976499,-0.208646,0.0226038,-0.178981,0.0799403,0.739144,0.694609,0.287715,0.609158,-0.25232,0,0,0,0,0,0,0,0.0015551,0.00145719,-0.00215286,-0.00187462,0.0033162,9.91068,1.56496,6.229,-4.1786,-1.27341,-2.28909,0.88865,0,0,-12,0,0,0,0,0,6.20075,0,0,0,
0.492644,0.120927,0.843122,0.65452,0.466217,-0.509812,-0.307145,0,0,0,0,0,0,0.424742,0.396174,0.679331,0.0490539,0.976499,-0.208646,0.0226038,-0.178981,0.0799403,0.739144,0.694609,0.287715,0.609158,-0.25232,0,0,0,0,0,0,0,0.0031863,0.0014577,-0.00215377,-0.00187545,0.00106327,9.91076,1.55897,6.23031,-4.17773,-1.27313,-2.28965,0.888828,0,0,-12,0,0,0,0,0,6.20075,0,0,0,
0.492644,0.120927,0.843122,0.654519,0.466217,-0.509812,-0.307145,4.14305e-07,-8.50148e-07,-2.34101e-06,3.7121e-06,3.71214e-06,-6.91122e-07,0.424742,0.396174,0.679331,0.0490539,0.976499,-0.208646,0.0226036,-0.178981,0.0799403,0.739144,0.694609,0.287715,0.609158,-0.25232,0,0,0,0,0,0,0,0.00263813,0.00287749,-0.00349096,-0.0032125,0.00303277,9.91289,1.56304,6.23153,-4.17842,-1.27347,-2.28933,0.888598,0,0,-12,0,0,0,0,0,6.20078,0,0,0,
0.492644,0.120927,0.843122,0.654519,0.466217,-0.509812,-0.307145,4.14928e-07,-8.51427e-07,-2.34453e-06,3.71768e-06,3.71772e-06,-6.92161e-07,0.424742,0.396174,0.679331,0.0490539,0.976499,-0.208646,0.0226036,-0.178981,0.0799403,0.739144,0.694609,0.287715,0.609158,-0.25232,0,0,0,0,0,0,0,0.000867936,0.00147978,-0.00218233,-0.00190375,0.00242691,9.91068,1.56694,6.22862,-4.17867,-1.2734,-2.28923,0.888705,0,0,-12,0,0,0,0,0,6.20078,0,0,0,
0.492644,0.120927,0.843122,0.654519,0.466217,-0.509812,-0.307145,4.14924e-07,-8.51418e-07,-2.34451e-06,3.71765e-06,3.71768e-06,-6.92154e-07,0.424742,0.396174,0.679331,0.0490539,0.976499,-0.208646,0.0226036,-0.178981,0.0799403,0.739144,0.694609,0.287715,0.609158,-0.25232,0,0,0,0,0,0,0,-0.000539986,0.00148031,-0.00218329,-0.00190458,0.00297679,9.91061,1.57168,6.22761,-4.17921,-1.27354,-2.28903,0.888645,0,0,-12,0,0,0,0,0,6.20078,0,0,0,
0.492644,0.120927,0.843122,0.654519,0.466217,-0.509812,-0.307145,4.14928e-07,-8.51427e-07,-2.34453e-06,3.71768e-06,3.71772e-06,-6.92161e-07,0.424742,0.396174,0.679331,0.0490539,0.976499,-0.208646,0.0226036,-0.178981,0.0799403,0.739144,0.694609,0.287715,0.609158,-0.25232,0,0,0,0,0,0,0,0.00278598,0.00148081,-0.0021842,-0.00190538,0.00297863,9.91078,1.56088,6.22989,-4.17815,-1.2733,-2.28923,0.888699,0,0,-12,0,0,0,0,0,6.20078,0,0,0,
0.492644,0.120927,0.843122,0.654519,0.466217,-0.509812,-0.307145,4.15242e-07,-8.52071e-07,-2.34631e-06,3.7205e-06,3.72053e-06,-6.92685e-07,0.424742,0.396174,0.679331,0.0490539,0.976499,-0.208646,0.0226036,-0.178981,0.0799403,0.739144,0.694609,0.287715,0.609158,-0.25232,0,0,0,0,0,0,0,-0.00100002,0.00148133,-0.00218513,-0.00190619,0.00297791,9.91059,1.57318,6.2273,-4.17935,-1.27358,-2.289,0.888638,0,0,-12,0,0,0,0,0,6.20078,0,0,0,
0.492644,0.120927,0.843122,0.654519,0.466217,-0.509812,-0.307145,4.15238e-07,-8.52063e-07,-2.34628e-06,3.72046e-06,3.7205e-06,-6.92678e-07,0.424742,0.396174,0.679331,0.0490539,0.976499,-0.208646,0.0226036,-0.178981,0.0799403,0.739144,0.694609,0.287715,0.609158,-0.25232,0,0,0,0,0,0,0,-0.00417366,0.0014818,-0.00218599,-0.00190693,0.00325116,9.91043,1.58357,6.2251,-4.1804,-1.27383,-2.28875,0.888569,0,0,-12,0,0,0,0,0,6.20078,0,0,0,
0.492644,0.120927,0.843122,0.654519,0.466217,-0.509812,-0.307145,4.14928e-07,-8.51427e-07,-2.34453e-06,3.71768e-06,3.71772e-06,-6.92161e-07,0.424742,0.396174,0.679331,0.0490539,0.976499,-0.208646,0.0226036,-0.178981,0.0799403,0.739144,0.694609,0.287715,0.609158,-0.25232,0,0,0,0,0,0,0,-0.00702197,0.00148228,-0.00218685,-0.00190769,0.00298684,9.91028,1.59274,6.22317,-4.18126,-1.27402,-2.28864,0.888541,0,0,-12,0,0,0,0,0,6.20078,0,0,0,
0.492644,0.120927,0.843122,0.654519,0.466217,-0.509812,-0.307145,4.14924e-07,-8.51418e-07,-2.34451e-06,3.71765e-06,3.71768e-06,-6.92154e-07,0.424742,0.396174,0.679331,0.0490539,0.976499,-0.208646,0.0226036,-0.178981,0.0799403,0.739144,0.694609,0.287715,0.609158,-0.25232,0,0,0,0,0,0,0,-0.0061917,0.00148274,-0.00218769,-0.00190842,0.00298945,9.91032,1.59004,6.22374,-4.18099,-1.27396,-2.28869,0.888554,0,0,-12,0,0,0,0,0,6.20078,0,0,0,
0.492644,0.120927,0.843122,0.654519,0.466217,-0.509812,-0.307145,0,0,0,0,0,0,0.424742,0.396174,0.679331,0.0490539,0.976499,-0.208646,0.0226036,-0.178981,0.0799403,0.739144,0.694609,0.287715,0.609158,-0.25232,0,0,0,0,0,0,0,-0.00323573,0.00148322,-0.00218856,-0.00190918,0.0029879,9.91048,1.58044,6.22577,-4.18006,-1.27374,-2.28887,0.888602,0,0,-12,0,0,0,0,0,6.20078,0,0,0,
0.492644,0.120927,0.843122,0.654519,0.466217,-0.509812,-0.307145,0,0,0,0,0,0,0.424742,0.396174,0.679331,0.0490539,0.976499,-0.208646,0.0226036,-0.178981,0.0799403,0.739144,0.694609,0.287715,0.609158,-0.25232,0,0,0,0,0,0,0,0.00256993,0.00148371,-0.00218943,-0.00190994,0.00271547,9.91078,1.56151,6.22977,-4.17818,-1.2733,-2.28927,0.888713,0,0,-12,0,0,0,0,0,6.20078,0,0,0,
0.492644,0.120927,0.843122,0.654519,0.466217,-0.509812,-0.307145,0,0,0,0,0,0,0.424742,0.396174,0.679331,0.0490539,0.976499,-0.208646,0.0226036,-0.178981,0.0799403,0.739144,0.694609,0.287715,0.609158,-0.25232,0,0,0,0,0,0,0,0.00253303,0.00148421,-0.00219034,-0.00191074,0.00218546,9.91077,1.56146,6.22979,-4.17811,-1.27326,-2.28938,0.888749,0,0,-12,0,0,0,0,0,6.20078,0,0,0,
0.492644,0.120927,0.843122,0.654519,0.466217,-0.509812,-0.307145,0,0,0,0,0,0,0.424742,0.396174,0.679331,0.0490539,0.976499,-0.208646,0.0226036,-0.178981,0.0799403,0.739144,0.694609,0.287715,0.609158,-0.25232,0,0,0,0,0,0,0,-0.000333005,0.00148471,-0.00219123,-0.00191152,0.00242751,9.91063,1.57085,6.2278,-4.17905,-1.27349,-2.28916,0.888686,0,0,-12,0,0,0,0,0,6.20078,0,0,0,
0.492644,0.120927,0.843122,0.654519,0.466217,-0.509812,-0.307145,9.20174e-07,2.42346e-06,-3.52277e-07,3.44631e-07,6.30546e-07,5.23798e-06,0.424742,0.396174,0.679331,0.0490537,0.976499,-0.208646,0.0226036,-0.178981,0.0799403,0.739144,0.694609,0.287715,0.609158,-0.25232,0,0,0,0,0,0,0,-0.00115407,0.00171294,-0.00232432,-0.00215427,-0.00161505,9.91091,1.57252,6.22784,-4.17871,-1.27329,-2.28998,0.888915,0,0,-12,0,0,0,0,0,6.20078,0,0,0,
0.492644,0.120927,0.843122,0.654519,0.466217,-0.509812,-0.307145,2.60395e-06,2.7734e-06,-4.65255e-07,2.19624e-07,2.79874e-06,1.00668e-05,0.424742,0.396174,0.679331,0.0490534,0.976499,-0.208646,0.0226035,-0.178981,0.0799403,0.739144,0.694609,0.287715,0.609158,-0.25232,0,0,0,0,0,0,0,0.00473791,0.00157922,-0.00213576,-0.0029494,-0.00757631,9.91087,1.55128,6.23206,-4.17584,-1.27254,-2.29166,0.889447,0,0,-12,0,0,0,0,0,6.20078,0,0,0,
0.492644,0.120927,0.843122,0.654519,0.466217,-0.509812,-0.307145,1.68437e-06,3.48403e-07,-1.12801e-07,-1.25358e-07,2.16936e-06,4.82855e-06,0.424742,0.396174,0.679331,0.0490536,0.976499,-0.208646,0.0226035,-0.178981,0.0799403,0.739144,0.694609,0.287715,0.609158,-0.25232,0,0,0,0,0,0,0,0.0137167,0.00126081,-0.00206178,-0.00169373,0.00682435,9.91103,1.52632,6.23681,-4.17527,-1.27275,-2.28906,0.888648,0,0,-12,0,0,0,0,0,6.20078,0,0,0,
0.492644,0.120927,0.843122,0.654519,0.466217,-0.509812,-0.307145,7.64661e-07,-2.08e-06,2.40102e-07,-4.70957e-07,1.54068e-06,-4.13949e-07,0.424742,0.396174,0.679331,0.0490538,0.976499,-0.208646,0.0226035,-0.178981,0.0799403,0.739144,0.694609,0.287715,0.609158,-0.25232,0,0,0,0,0,0,0,0.0101178,0.00128998,-0.00207866,-0.00172377,0.0080268,9.91089,1.53841,6.23428,-4.1766,-1.2731,-2.2886,0.888504,0,0,-12,0,0,0,0,0,6.20077,0,0,0,
0.492644,0.120927,0.843122,0.65452,0.466216,-0.509812,-0.307145,-9.21558e-07,-2.42709e-06,3.52806e-07,-3.45149e-07,-6.31493e-07,-5.24584e-06,0.424742,0.396174,0.679331,0.0490541,0.976499,-0.208646,0.0226036,-0.178981,0.0799403,0.739144,0.694609,0.287715,0.609158,-0.25232,0,0,0,0,0,0,0,0.0039253,0.0013929,-0.00225339,-0.000872979,0.0100719,9.91086,1.5594,6.23015,-4.17895,-1.27358,-2.28771,0.888235,0,0,-12,0,0,0,0,0,6.20077,0,0,0,
0.492644,0.120927,0.843122,0.65452,0.466216,-0.509812,-0.307145,-9.22952e-07,-2.43077e-06,3.5334e-07,-3.45671e-07,-6.32448e-07,-5.25378e-06,0.424742,0.396174,0.679331,0.0490541,0.976499,-0.208646,0.0226036,-0.178981,0.0799403,0.739144,0.694609,0.287715,0.609158,-0.25232,0,0,0,0,0,0,0,-0.00418787,0.00148477,-0.0021942,-0.00191204,0.0029979,9.91043,1.58354,6.22512,-4.18036,-1.27381,-2.28881,0.888586,0,0,-12,0,0,0,0,0,6.20077,0,0,0,
0.492644,0.120927,0.843122,0.65452,0.466216,-0.509812,-0.307145,-9.22952e-07,-2.43077e-06,3.5334e-07,-3.45671e-07,-6.32448e-07,-5.25378e-06,0.424742,0.396174,0.679331,0.0490541,0.976499,-0.208646,0.0226036,-0.178981,0.0799403,0.739144,0.694609,0.287715,0.609158,-0.25232,0,0,0,0,0,0,0,-0.00358204,0.00148525,-0.00219507,-0.00191279,0.00300047,9.91046,1.58158,6.22553,-4.18017,-1.27377,-2.28884,0.888595,0,0,-12,0,0,0,0,0,6.20077,0,0,0,
0.492644,0.120927,0.843122,0.654519,0.466217,-0.509812,-0.307145,0,0,0,0,0,0,0.424742,0.396174,0.679331,0.0490539,0.976499,-0.208646,0.0226036,-0.178981,0.0799403,0.739144,0.694609,0.287715,0.609158,-0.25232,0,0,0,0,0,0,0,-0.00389678,0.00167645,-0.00230671,-0.00211626,-0.000589548,9.91072,1.58171,6.22584,-4.17974,-1.27356,-2.2896,0.888807,0,0,-12,0,0,0,0,0,6.20078,0,0,0,
0.492644,0.120927,0.843122,0.654519,0.466217,-0.509812,-0.307145,-9.22951e-07,-2.43077e-06,3.5334e-07,-3.45671e-07,-6.32448e-07,-5.25378e-06,0.424742,0.396174,0.679331,0.0490539,0.976499,-0.208646,0.0226036,-0.178981,0.0799403,0.739144,0.694609,0.287715,0.609158,-0.25232,0,0,0,0,0,0,0,-0.00211695,0.00148902,-0.00219904,-0.00191831,0.00501154,9.91055,1.57744,6.22637,-4.18002,-1.27381,-2.28851,0.888484,0,0,-12,0,0,0,0,0,6.20078,0,0,0,
0.492644,0.120927,0.843122,0.654519,0.466217,-0.509812,-0.307145,-2.60848e-06,-2.77605e-06,4.65781e-07,-2.19604e-07,-2.80414e-06,-1.00818e-05,0.424742,0.396174,0.679331,0.0490539,0.976499,-0.208646,0.0226036,-0.178981,0.0799403,0.739144,0.694609,0.287715,0.609158,-0.25232,0,0,0,0,0,0,0,0.0011889,0.00148954,-0.00219996,-0.00191917,0.000985938,9.91071,1.56547,6.22897,-4.17835,-1.27327,-2.28955,0.888809,0,0,-12,0,0,0,0,0,6.20078,0,0,0,
0.492644,0.120927,0.843122,0.654519,0.466217,-0.509812,-0.307145,-1.68437e-06,-3.48402e-07,1.128e-07,1.25358e-07,-2.16936e-06,-4.82855e-06,0.424742,0.396174,0.679331,0.0490539,0.976499,-0.208646,0.0226036,-0.178981,0.0799403,0.739144,0.694609,0.287715,0.609158,-0.25232,0,0,0,0,0,0,0,-0.00152608,0.00149003,-0.00220086,-0.00191992,0.00370878,9.91058,1.57512,6.22689,-4.17963,-1.27367,-2.28882,0.888582,0,0,-12,0,0,0,0,0,6.20078,0,0,0,
0.492644,0.120927,0.843122,0.654519,0.466217,-0.509812,-0.307145,-1.68437e-06,-3.48402e-07,1.128e-07,1.25358e-07,-2.16936e-06,-4.82855e-06,0.424742,0.396174,0.679331,0.0490539,0.976499,-0.208646,0.0226036,-0.178981,0.0799403,0.739144,0.694609,0.287715,0.609158,-0.25232,0,0,0,0,0,0,0,-0.00361175,0.0014905,-0.00220172,-0.00192067,0.00346745,9.91047,1.58182,6.22548,-4.18025,-1.27381,-2.28874,0.888565,0,0,-12,0,0,0,0,0,6.20078,0,0,0,
0.492644,0.120927,0.843122,0.654519,0.466217,-0.509812,-0.307145,9.20861e-07,2.42526e-06,-3.5254e-07,3.44888e-07,6.31016e-07,5.24188e-06,0.424742,0.396174,0.679331,0.0490539,0.976499,-0.208646,0.0226036,-0.178981,0.0799403,0.739144,0.694609,0.287715,0.609158,-0.25232,0,0,0,0,0,0,0,-0.00238163,0.00149099,-0.00220259,-0.00192145,0.00160361,9.91053,1.57725,6.22647,-4.17957,-1.27358,-2.28921,0.88871,0,0,-12,0,0,0,0,0,6.20078,0,0,0,
0.492644,0.120927,0.843122,0.654519,0.466217,-0.509812,-0.307145,2.60523e-06,2.77367e-06,-4.65341e-07,2.1953e-07,2.80038e-06,1.00704e-05,0.424742,0.396174,0.679331,0.0490536,0.976499,-0.208646,0.0226035,-0.178981,0.0799403,0.739144,0.694609,0.287715,0.609158,-0.25232,0,0,0,0,0,0,0,-0.00430955,0.00157968,-0.00214525,-0.00292926,-0.00431808,9.91042,1.58167,6.22559,-4.17921,-1.27344,-2.29043,0.889082,0,0,-12,0,0,0,0,0,6.20078,0,0,0,
0.492644,0.120927,0.843122,0.654519,0.466217,-0.509812,-0.307145,2.60523e-06,2.77367e-06,-4.65341e-07,2.1953e-07,2.80038e-06,1.00704e-05,0.424742,0.396174,0.679331,0.0490536,0.976499,-0.208646,0.0226035,-0.178981,0.0799403,0.739144,0.694609,0.287715,0.609158,-0.25232,0,0,0,0,0,0,0,-0.000841371,0.00149323,-0.00220321,-0.00194252,0.00239829,9.91061,1.5725,6.22746,-4.17921,-1.27353,-2.28914,0.888682,0,0,-12,0,0,0,0,0,6.20078,0,0,0,
0.492644,0.120927,0.843122,0.654519,0.466217,-0.509812,-0.307145,1.68309e-06,3.4814e-07,-1.12715e-07,-1.25264e-07,2.16773e-06,4.82491e-06,0.424742,0.396174,0.679331,0.0490536,0.976499,-0.208646,0.0226035,-0.178981,0.0799403,0.739144,0.694609,0.287715,0.609158,-0.25232,0,0,0,0,0,0,0,0.00149249,0.00149374,-0.00220412,-0.00194336,-0.000349404,9.91072,1.56407,6.22929,-4.17804,-1.27316,-2.28985,0.888904,0,0,-12,0,0,0,0,0,6.20078,0,0,0,
0.492644,0.120927,0.843122,0.654519,0.466217,-0.509812,-0.307145,1.68309e-06,3.4814e-07,-1.12715e-07,-1.25264e-07,2.16773e-06,4.82491e-06,0.424742,0.396174,0.679331,0.0490536,0.976499,-0.208646,0.0226035,-0.178981,0.0799403,0.739144,0.694609,0.287715,0.609158,-0.25232,0,0,0,0,0,0,0,0.00467145,0.00149422,-0.002205,-0.00194411,0.00149685,9.91089,1.55432,6.23132,-4.17733,-1.27306,-2.28966,0.888831,0,0,-12,0,0,0,0,0,6.20078,0,0,0,
0.492644,0.120927,0.843122,0.654519,0.466217,-0.509812,-0.307145,1.68437e-06,3.48403e-07,-1.12801e-07,-1.25358e-07,2.16936e-06,4.82855e-06,0.424742,0.396174,0.679331,0.0490536,0.976499,-0.208646,0.0226035,-0.178981,0.0799403,0.739144,0.694609,0.287715,0.609158,-0.25232,0,0,0,0,0,0,0,0.00455752,0.00149477,-0.00220596,-0.001945,-0.00179571,9.91088,1.55367,6.23151,-4.17685,-1.27283,-2.29034,0.889051,0,0,-12,0,0,0,0,0,6.20078,0,0,0,
0.492644,0.120927,0.843122,0.654519,0.466217,-0.509812,-0.307145,1.68692e-06,3.4893e-07,-1.12971e-07,-1.25548e-07,2.17265e-06,4.83586e-06,0.424742,0.396174,0.679331,0.0490536,0.976499,-0.208646,0.0226035,-0.178981,0.0799403,0.739144,0.694609,0.287715,0.609158,-0.25232,0,0,0,0,0,0,0,0.000870924,0.00149526,-0.00220687,-0.00194575,0.00240043,9.9107,1.56694,6.22864,-4.17867,-1.2734,-2.28924,0.888709,0,0,-12,0,0,0,0,0,6.20078,0,0,0,
0.492644,0.120927,0.843122,0.654519,0.466217,-0.509812,-0.307145,0,0,0,0,0,0,0.424742,0.396174,0.679331,0.0490539,0.976499,-0.208646,0.0226036,-0.178981,0.0799403,0.739144,0.694609,0.287715,0.609158,-0.25232,0,0,0,0,0,0,0,0.00387175,0.00140553,-0.00226729,-0.000916644,0.00953061,9.91087,1.55941,6.23016,-4.17888,-1.27355,-2.28782,0.888273,0,0,-12,0,0,0,0,0,6.20078,0,0,0,
0.492644,0.120927,0.843122,0.654519,0.466217,-0.509812,-0.307145,-1.68692e-06,-3.48929e-07,1.12971e-07,1.25548e-07,-2.17265e-06,-4.83586e-06,0.424742,0.396174,0.679331,0.0490539,0.976499,-0.208646,0.0226036,-0.178981,0.0799403,0.739144,0.694609,0.287715,0.609158,-0.25232,0,0,0,0,0,0,0,0.00632577,0.00149498,-0.0022098,-0.00192778,0.00261247,9.91099,1.54929,6.23237,-4.17698,-1.27301,-2.28952,0.888782,0,0,-12,0,0,0,0,0,6.20078,0,0,0,
0.492644,0.120927,0.843122,0.654519,0.466217,-0.509812,-0.307145,-1.68692e-06,-3.48929e-07,1.12971e-07,1.25548e-07,-2.17265e-06,-4.83586e-06,0.424742,0.396174,0.679331,0.0490539,0.976499,-0.208646,0.0226036,-0.178981,0.0799403,0.739144,0.694609,0.287715,0.609158,-0.25232,0,0,0,0,0,0,0,0.0102503,0.00149547,-0.00221066,-0.00192856,0.000351105,9.91118,1.53585,6.23525,-4.17539,-1.27256,-2.29023,0.888998,0,0,-12,0,0,0,0,0,6.20078,0,0,0,
0.492644,0.120927,0.843122,0.65452,0.466216,-0.509812,-0.307145,-2.60987e-06,-2.77969e-06,4.66311e-07,-2.20124e-07,-2.80509e-06,-1.00896e-05,0.424742,0.396174,0.679331,0.0490541,0.976499,-0.208646,0.0226036,-0.178981,0.0799403,0.739144,0.694609,0.287715,0.609158,-0.25232,0,0,0,0,0,0,0,0.00683478,0.00130952,-0.00210327,-0.0017312,0.000225153,9.91073,1.5467,6.23269,-4.17642,-1.27278,-2.29003,0.888977,0,0,-12,0,0,0,0,0,6.20077,0,0,0,
0.492644,0.120927,0.843122,0.65452,0.466216,-0.509812,-0.307145,-2.60987e-06,-2.77969e-06,4.66311e-07,-2.20124e-07,-2.80509e-06,-1.00896e-05,0.424742,0.396174,0.679331,0.0490541,0.976499,-0.208646,0.0226036,-0.178981,0.0799403,0.739144,0.694609,0.287715,0.609158,-0.25232,0,0,0,0,0,0,0,0.00135293,0.00149367,-0.00221026,-0.00192613,1.2939e-05,9.91072,1.56464,6.22917,-4.17815,-1.27319,-2.28976,0.888877,0,0,-12,0,0,0,0,0,6.20077,0,0,0,
0.492644,0.120927,0.843122,0.654519,0.466217,-0.509812,-0.307145,-1.68692e-06,-3.48929e-07,1.12971e-07,1.25548e-07,-2.17265e-06,-4.83586e-06,0.424742,0.396174,0.679331,0.0490539,0.976499,-0.208646,0.0226036,-0.178981,0.0799403,0.739144,0.694609,0.287715,0.609158,-0.25232,0,0,0,0,0,0,0,-0.00786624,0.00169664,-0.00232867,-0.00214201,-0.00199636,9.91054,1.59419,6.22326,-4.18077,-1.27375,-2.28965,0.888838,0,0,-12,0,0,0,0,0,6.20078,0,0,0,
0.492644,0.120927,0.843122,0.654519,0.466217,-0.509812,-0.307145,-1.68309e-06,-3.48139e-07,1.12715e-07,1.25264e-07,-2.16773e-06,-4.82491e-06,0.424742,0.396174,0.679331,0.0490539,0.976499,-0.208646,0.0226036,-0.178981,0.0799403,0.739144,0.694609,0.287715,0.609158,-0.25232,0,0,0,0,0,0,0,-0.00532887,0.0014974,-0.00221417,-0.00193161,0.00119011,9.91038,1.5867,6.22449,-4.18044,-1.27377,-2.28912,0.888692,0,0,-12,0,0,0,0,0,6.20078,0,0,0,
0.492644,0.120927,0.843122,0.654519,0.466217,-0.509812,-0.307145,-1.68438e-06,-3.48406e-07,1.12801e-07,1.2536e-07,-2.16938e-06,-4.8286e-06,0.424742,0.396174,0.679331,0.0490539,0.976499,-0.208646,0.0226036,-0.178981,0.0799403,0.739144,0.694609,0.287715,0.609158,-0.25232,0,0,0,0,0,0,0,-0.00772513,0.00149789,-0.00221506,-0.00193237,0.00224445,9.91026,1.59481,6.22276,-4.18136,-1.27402,-2.28875,0.888582,0,0,-12,0,0,0,0,0,6.20078,0,0,0,
0.492644,0.120927,0.843122,0.654519,0.466217,-0.509812,-0.307145,9.21564e-07,2.42712e-06,-3.5281e-07,3.45152e-07,6.31499e-07,5.24589e-06,0.424742,0.396174,0.679331,0.0490537,0.976499,-0.208646,0.0226036,-0.178981,0.0799403,0.739144,0.694609,0.287715,0.609158,-0.25232,0,0,0,0,0,0,0,-0.00813827,0.00172158,-0.00234554,-0.00217033,-0.00168014,9.91056,1.59519,6.22307,-4.18091,-1.2738,-2.28957,0.88881,0,0,-12,0,0,0,0,0,6.20078,0,0,0,
0.492644,0.120927,0.843122,0.654519,0.466217,-0.509812,-0.307145,9.21555e-07,2.42709e-06,-3.52806e-07,3.45149e-07,6.31493e-07,5.24584e-06,0.424742,0.396174,0.679331,0.0490537,0.976499,-0.208646,0.0226036,-0.178981,0.0799403,0.739144,0.694609,0.287715,0.609158,-0.25232,0,0,0,0,0,0,0,-0.00789082,0.00150206,-0.00221933,-0.0019385,0.000335384,9.91025,1.59476,6.22281,-4.18112,-1.2739,-2.28914,0.888709,0,0,-12,0,0,0,0,0,6.20078,0,0,0,
0.492644,0.120927,0.843122,0.654519,0.466217,-0.509812,-0.307145,9.21555e-07,2.42709e-06,-3.52806e-07,3.45149e-07,6.31493e-07,5.24584e-06,0.424742,0.396174,0.679331,0.0490537,0.976499,-0.208646,0.0226036,-0.178981,0.0799403,0.739144,0.694609,0.287715,0.609158,-0.25232,0,0,0,0,0,0,0,-0.00311125,0.00150255,-0.00222019,-0.00193929,-0.00242914,9.91049,1.57839,6.22631,-4.17917,-1.27335,-2.29001,0.888973,0,0,-12,0,0,0,0,0,6.20078,0,0,0,
0.492644,0.120927,0.843122,0.654519,0.466217,-0.509812,-0.307145,9.21557e-07,2.42709e-06,-3.52806e-07,3.45149e-07,6.31493e-07,5.24584e-06,0.424742,0.396174,0.679331,0.0490539,0.976499,-0.208646,0.0226036,-0.178981,0.0799403,0.739144,0.694609,0.287715,0.609158,-0.25232,0,0,0,0,0,0,0,0.00488149,0.00128962,-0.00209716,-0.00171322,0.00178385,9.9106,1.5535,6.2312,-4.17728,-1.27303,-2.28958,0.888846,0,0,-12,0,0,0,0,0,6.20078,0,0,0,
0.492644,0.120927,0.843122,0.654519,0.466217,-0.509812,-0.307145,9.21557e-07,2.42709e-06,-3.52806e-07,3.45149e-07,6.31493e-07,5.24584e-06,0.424742,0.396174,0.679331,0.0490539,0.976499,-0.208646,0.0226036,-0.178981,0.0799403,0.739144,0.694609,0.287715,0.609158,-0.25232,0,0,0,0,0,0,0,0.00123136,0.00150036,-0.00221952,-0.00193627,0.00138567,9.91073,1.56546,6.22898,-4.1784,-1.2733,-2.28947,0.888784,0,0,-12,0,0,0,0,0,6.20078,0,0,0,
0.492644,0.120927,0.843122,0.654519,0.466217,-0.509812,-0.307145,1.68438e-06,3.48407e-07,-1.12802e-07,-1.2536e-07,2.16938e-06,4.8286e-06,0.424742,0.396174,0.679331,0.0490536,0.976499,-0.208646,0.0226035,-0.178981,0.0799403,0.739144,0.694609,0.287715,0.609158,-0.25232,0,0,0,0,0,0,0,0.00376904,0.00158749,-0.00216322,-0.00292626,-0.00545606,9.91084,1.55509,6.23124,-4.17648,-1.27276,-2.29116,0.88929,0,0,-12,0,0,0,0,0,6.20078,0,0,0,
0.492644,0.120927,0.843121,0.654519,0.466217,-0.509812,-0.307145,2.09963e-06,-5.0083e-07,-2.45211e-06,3.58381e-06,5.8803e-06,4.14161e-06,0.424742,0.396174,0.679331,0.0490536,0.976499,-0.208645,0.0226032,-0.178981,0.0799403,0.739144,0.694609,0.287715,0.609158,-0.25232,0,0,0,0,0,0,0,0.00307071,0.00442094,-0.00496739,-0.00470464,0.000173832,9.91525,1.56257,6.23397,-4.17805,-1.27341,-2.29008,0.888714,0,0,-12,0,0,0,0,0,6.20083,0,0,0,
0.492644,0.120927,0.843121,0.654519,0.466217,-0.509812,-0.307145,2.10057e-06,-5.02759e-07,-2.45742e-06,3.59223e-06,5.88872e-06,4.14004e-06,0.424742,0.396174,0.679331,0.0490536,0.976499,-0.208645,0.0226032,-0.178981,0.0799403,0.739144,0.694609,0.287715,0.609158,-0.25232,0,0,0,0,0,0,0,0.00457248,0.0015453,-0.00227458,-0.0020117,0.000299186,9.91097,1.55431,6.23139,-4.17717,-1.27299,-2.2899,0.888923,0,0,-12,0,0,0,0,0,6.20083,0,0,0,
0.492644,0.120927,0.843121,0.654519,0.466217,-0.509812,-0.307145,1.17819e-06,-2.9351e-06,-2.1039e-06,3.2462e-06,5.25744e-06,-1.11406e-06,0.424742,0.396174,0.679331,0.0490536,0.976499,-0.208645,0.0226032,-0.178981,0.0799403,0.739144,0.694609,0.287715,0.609158,-0.25232,0,0,0,0,0,0,0,0.000409797,0.00154582,-0.00227549,-0.00201257,-0.00452761,9.91074,1.56635,6.22893,-4.17773,-1.27295,-2.29066,0.889182,0,0,-12,0,0,0,0,0,6.20083,0,0,0,
0.492644,0.120927,0.843121,0.654519,0.466217,-0.509812,-0.307145,1.17947e-06,-2.93484e-06,-2.10398e-06,3.24611e-06,5.25908e-06,-1.1104e-06,0.424742,0.396174,0.679331,0.0490536,0.976499,-0.208645,0.0226032,-0.178981,0.0799403,0.739144,0.694609,0.287715,0.609158,-0.25232,0,0,0,0,0,0,0,0.00239451,0.00154633,-0.00227644,-0.00201332,0.00141869,9.91086,1.56173,6.22981,-4.17804,-1.27323,-2.28953,0.888813,0,0,-12,0,0,0,0,0,6.20083,0,0,0,
0.492644,0.120927,0.843121,0.654519,0.466217,-0.509812,-0.307145,-5.08339e-07,-3.28155e-06,-1.98942e-06,3.3692e-06,3.08246e-06,-5.94542e-06,0.424742,0.396174,0.679331,0.0490539,0.976499,-0.208645,0.0226032,-0.178981,0.0799403,0.739144,0.694609,0.287715,0.609158,-0.25232,0,0,0,0,0,0,0,0.00224414,0.00146034,-0.00233441,-0.00102644,-0.00350187,9.91084,1.56073,6.23015,-4.17736,-1.27274,-2.29045,0.889139,0,0,-12,0,0,0,0,0,6.20083,0,0,0,
0.492644,0.120927,0.843121,0.654519,0.466217,-0.509812,-0.307145,4.14612e-07,-8.50781e-07,-2.34276e-06,3.71487e-06,3.71491e-06,-6.91638e-07,0.424742,0.396174,0.679331,0.0490539,0.976499,-0.208645,0.0226032,-0.178981,0.0799403,0.739144,0.694609,0.287715,0.609158,-0.25232,0,0,0,0,0,0,0,0.00884399,0.00154611,-0.00227941,-0.0019955,-0.00558552,9.91118,1.53863,6.23481,-4.17491,-1.27225,-2.29138,0.889389,0,0,-12,0,0,0,0,0,6.20083,0,0,0,
0.492644,0.120927,0.843121,0.654519,0.466217,-0.509812,-0.307145,4.14612e-07,-8.50781e-07,-2.34276e-06,3.71487e-06,3.71491e-06,-6.91638e-07,0.424742,0.396174,0.679331,0.0490539,0.976499,-0.208645,0.0226032,-0.178981,0.0799403,0.739144,0.694609,0.287715,0.609158,-0.25232,0,0,0,0,0,0,0,0.0125667,0.0015466,-0.00228031,-0.00199625,-0.00356907,9.91138,1.52717,6.2372,-4.17405,-1.27212,-2.29119,0.889313,0,0,-12,0,0,0,0,0,6.20083,0,0,0,
0.492644,0.120927,0.843121,0.654519,0.466217,-0.509812,-0.307145,-1.27325e-06,-1.20062e-06,-2.23148e-06,3.84332e-06,1.54345e-06,-5.53164e-06,0.424742,0.396174,0.679331,0.0490539,0.976499,-0.208645,0.0226032,-0.178981,0.0799403,0.739144,0.694609,0.287715,0.609158,-0.25232,0,0,0,0,0,0,0,0.01081,0.00154712,-0.0022812,-0.00199714,-0.0106283,9.91127,1.5307,6.23657,-4.1735,-1.27174,-2.29256,0.889761,0,0,-12,0,0,0,0,0,6.20083,0,0,0,
0.492644,0.120927,0.843121,0.654519,0.466217,-0.509812,-0.307145,-1.68562e-06,-3.48662e-07,1.12885e-07,1.25448e-07,-2.17098e-06,-4.83216e-06,0.424742,0.396174,0.679331,0.0490539,0.976499,-0.208645,0.0226032,-0.178981,0.0799403,0.739144,0.694609,0.287715,0.609158,-0.25232,0,0,0,0,0,0,0,0.00813543,0.00154762,-0.00228201,-0.00199803,-0.0240199,9.91109,1.53526,6.23583,-4.17225,-1.27097,-2.29519,0.890621,0,0,-12,0,0,0,0,0,6.20083,0,0,0,
0.492644,0.120926,0.843121,0.654519,0.466216,-0.509812,-0.307146,-2.6072e-06,-2.77576e-06,4.65692e-07,-2.19703e-07,-2.80249e-06,-1.0078e-05,0.424742,0.396174,0.679331,0.0490541,0.976499,-0.208645,0.0226032,-0.178981,0.0799403,0.739144,0.694609,0.287715,0.609158,-0.25232,0,0,0,0,0,0,0,0.00563244,0.00136549,-0.0021769,-0.00180466,-0.0177802,9.91071,1.5451,6.23338,-4.17399,-1.27158,-2.29372,0.890185,0,0,-12,0,0,0,0,0,6.20083,0,0,0,
0.492644,0.120926,0.843121,0.654519,0.466216,-0.509812,-0.307146,-2.60721e-06,-2.77576e-06,4.65693e-07,-2.19702e-07,-2.80251e-06,-1.00781e-05,0.424742,0.396174,0.679331,0.0490541,0.976499,-0.208645,0.0226032,-0.178981,0.0799403,0.739144,0.694609,0.287715,0.609158,-0.25232,0,0,0,0,0,0,0,-0.00561935,0.00154591,-0.00228189,-0.00199558,-0.00545404,9.91043,1.58564,6.22488,-4.1795,-1.27332,-2.29049,0.889147,0,0,-12,0,0,0,0,0,6.20083,0,0,0,
0.492644,0.120926,0.843121,0.654519,0.466216,-0.509812,-0.307146,-2.60594e-06,-2.7755e-06,4.65607e-07,-2.19797e-07,-2.80087e-06,-1.00744e-05,0.424742,0.396174,0.679331,0.0490541,0.976499,-0.208645,0.0226032,-0.178981,0.0799403,0.739144,0.694609,0.287715,0.609158,-0.25232,0,0,0,0,0,0,0,-0.00433384,0.00154642,-0.00228281,-0.00199637,-0.00455347,9.9105,1.58175,6.22569,-4.17923,-1.27329,-2.29037,0.889107,0,0,-12,0,0,0,0,0,6.20083,0,0,0,
0.492644,0.120927,0.843121,0.654519,0.466217,-0.509812,-0.307145,0,0,0,0,0,0,0.424742,0.396174,0.679331,0.0490539,0.976499,-0.208645,0.0226032,-0.178981,0.0799403,0.739144,0.694609,0.287715,0.609158,-0.25232,0,0,0,0,0,0,0,-0.0118321,0.00174706,-0.00239991,-0.0022098,-0.00559858,9.91041,1.606,6.22087,-4.18146,-1.27379,-2.29017,0.889031,0,0,-12,0,0,0,0,0,6.20083,0,0,0,
0.492644,0.120927,0.843121,0.654519,0.466217,-0.509812,-0.307145,0,0,0,0,0,0,0.424742,0.396174,0.679331,0.0490539,0.976499,-0.208645,0.0226032,-0.178981,0.0799403,0.739144,0.694609,0.287715,0.609158,-0.25232,0,0,0,0,0,0,0,-0.00667066,0.00155018,-0.00228675,-0.0020019,-0.00488446,9.91038,1.58924,6.22411,-4.17992,-1.27344,-2.2903,0.889093,0,0,-12,0,0,0,0,0,6.20083,0,0,0,
0.492644,0.120927,0.843121,0.654519,0.466217,-0.509812,-0.307145,9.22252e-07,2.42893e-06,-3.53072e-07,3.45413e-07,6.31967e-07,5.24981e-06,0.424742,0.396174,0.679331,0.0490537,0.976499,-0.208645,0.0226032,-0.178981,0.0799403,0.739144,0.694609,0.287715,0.609158,-0.25232,0,0,0,0,0,0,0,-0.0038272,0.00177619,-0.00241856,-0.00224234,-0.011174,9.91085,1.57832,6.22685,-4.17807,-1.2728,-2.29182,0.889533,0,0,-12,0,0,0,0,0,6.20084,0,0,0,
0.492644,0.120927,0.843121,0.654519,0.466217,-0.509812,-0.307145,9.23649e-07,2.43261e-06,-3.53607e-07,3.45936e-07,6.32924e-07,5.25776e-06,0.424742,0.396174,0.679331,0.0490537,0.976499,-0.208645,0.0226032,-0.178981,0.0799403,0.739144,0.694609,0.287715,0.609158,-0.25232,0,0,0,0,0,0,0,0.00178612,0.00155434,-0.00229099,-0.00200803,-0.00805188,9.91082,1.5608,6.23017,-4.17675,-1.27259,-2.29147,0.889444,0,0,-12,0,0,0,0,0,6.20084,0,0,0,
0.492644,0.120927,0.843121,0.654519,0.466217,-0.509812,-0.307145,9.23658e-07,2.43263e-06,-3.5361e-07,3.4594e-07,6.3293e-07,5.25781e-06,0.424742,0.396174,0.679331,0.0490537,0.976499,-0.208645,0.0226032,-0.178981,0.0799403,0.739144,0.694609,0.287715,0.609158,-0.25232,0,0,0,0,0,0,0,0.00282485,0.00155484,-0.0022919,-0.00200878,-0.00425212,9.91088,1.5586,6.23057,-4.17702,-1.27279,-2.29074,0.889204,0,0,-12,0,0,0,0,0,6.20084,0,0,0,
0.492644,0.120927,0.843121,0.654519,0.466217,-0.509812,-0.307145,1.38546e-06,3.64887e-06,-5.30405e-07,5.18899e-07,9.49376e-07,7.88656e-06,0.424742,0.396174,0.679331,0.0490537,0.976499,-0.208645,0.0226032,-0.178981,0.0799403,0.739144,0.694609,0.287715,0.609158,-0.25232,0,0,0,0,0,0,0,0.00380974,0.00155532,-0.00229277,-0.00200956,-0.00617274,9.91093,1.55481,6.23141,-4.17641,-1.27258,-2.2912,0.88935,0,0,-12,0,0,0,0,0,6.20084,0,0,0,
0.492644,0.120927,0.843121,0.654519,0.466217,-0.509812,-0.307145,1.38546e-06,3.64887e-06,-5.30405e-07,5.18899e-07,9.49376e-07,7.88656e-06,0.424742,0.396174,0.679331,0.0490537,0.976499,-0.208645,0.0226032,-0.178981,0.0799403,0.739144,0.694609,0.287715,0.609158,-0.25232,0,0,0,0,0,0,0,-0.00139872,0.00155581,-0.00229368,-0.00201029,-0.00164644,9.91067,1.57312,6.22747,-4.17876,-1.27329,-2.28994,0.888961,0,0,-12,0,0,0,0,0,6.20084,0,0,0,
0.492644,0.120927,0.843121,0.654519,0.466217,-0.509812,-0.307145,9.22951e-07,2.43077e-06,-3.53339e-07,3.45675e-07,6.32445e-07,5.25378e-06,0.424742,0.396174,0.679331,0.0490539,0.976499,-0.208645,0.0226032,-0.178981,0.0799403,0.739144,0.694609,0.287715,0.609158,-0.25232,0,0,0,0,0,0,0,0.00288007,0.00132524,-0.00216039,-0.00176559,-0.00162716,9.91055,1.55897,6.23012,-4.17738,-1.27294,-2.29017,0.889059,0,0,-12,0,0,0,0,0,6.20083,0,0,0,
0.492644,0.120927,0.843121,0.654519,0.466217,-0.509812,-0.307145,9.22951e-07,2.43077e-06,-3.53339e-07,3.45675e-07,6.32445e-07,5.25378e-06,0.424742,0.396174,0.679331,0.0490539,0.976499,-0.208645,0.0226032,-0.178981,0.0799403,0.739144,0.694609,0.287715,0.609158,-0.25232,0,0,0,0,0,0,0,0.00266932,0.0015536,-0.00229293,-0.00200727,-0.00190489,9.91088,1.55983,6.23028,-4.17743,-1.27297,-2.29024,0.889043,0,0,-12,0,0,0,0,0,6.20083,0,0,0,
0.492644,0.120927,0.843121,0.654519,0.466217,-0.509812,-0.307145,0,0,0,0,0,0,0.424742,0.396174,0.679331,0.0490539,0.976499,-0.208645,0.0226032,-0.178981,0.0799403,0.739144,0.694609,0.287715,0.609158,-0.25232,0,0,0,0,0,0,0,0.00328477,0.00155409,-0.0022938,-0.00200806,-0.0043502,9.91091,1.55708,6.2309,-4.17686,-1.27275,-2.29079,0.889218,0,0,-12,0,0,0,0,0,6.20083,0,0,0,
0.492644,0.120927,0.843121,0.654519,0.466217,-0.509812,-0.307145,0,0,0,0,0,0,0.424742,0.396174,0.679331,0.0490539,0.976499,-0.208645,0.0226032,-0.178981,0.0799403,0.739144,0.694609,0.287715,0.609158,-0.25232,0,0,0,0,0,0,0,0.00232148,0.00155459,-0.00229469,-0.00200885,-0.00494837,9.91086,1.56002,6.23029,-4.17707,-1.27277,-2.29086,0.889243,0,0,-12,0,0,0,0,0,6.20083,0,0,0,
0.492644,0.120927,0.843121,0.654519,0.466217,-0.509812,-0.307145,7.66055e-07,-2.07633e-06,2.39567e-07,-4.70436e-07,1.54163e-06,-4.06021e-07,0.424742,0.396174,0.679331,0.0490536,0.976499,-0.208645,0.0226032,-0.178981,0.0799403,0.739144,0.694609,0.287715,0.609158,-0.25232,0,0,0,0,0,0,0,0.00366555,0.00164723,-0.0022347,-0.00306159,-0.014603,9.9109,1.55266,6.23196,-4.17508,-1.27213,-2.29307,0.889919,0,0,-12,0,0,0,0,0,6.20083,0,0,0,
0.492644,0.120927,0.843121,0.654519,0.466217,-0.509812,-0.307145,7.63522e-07,-2.07686e-06,2.39736e-07,-4.70248e-07,1.53837e-06,-4.1328e-07,0.424742,0.396174,0.679331,0.0490536,0.976499,-0.208645,0.0226032,-0.178981,0.0799403,0.739144,0.694609,0.287715,0.609158,-0.25232,0,0,0,0,0,0,0,0.00550732,0.00155682,-0.0022953,-0.00202991,-0.00328322,9.91103,1.55019,6.23234,-4.17632,-1.27266,-2.2907,0.889182,0,0,-12,0,0,0,0,0,6.20083,0,0,0,
0.492644,0.120927,0.843121,0.654519,0.466217,-0.509812,-0.307145,7.62827e-07,-2.07869e-06,2.40003e-07,-4.70508e-07,1.53789e-06,-4.17241e-07,0.424742,0.396174,0.679331,0.0490536,0.976499,-0.208645,0.0226032,-0.178981,0.0799403,0.739144,0.694609,0.287715,0.609158,-0.25232,0,0,0,0,0,0,0,0.00675464,0.00155732,-0.0022962,-0.00203072,-0.00514127,9.91109,1.54557,6.23335,-4.17563,-1.27244,-2.29117,0.889327,0,0,-12,0,0,0,0,0,6.20083,0,0,0,
0.492644,0.120927,0.843121,0.654519,0.466217,-0.509812,-0.307145,7.62801e-07,-2.07872e-06,2.40007e-07,-4.7051e-07,1.53786e-06,-4.1734e-07,0.424742,0.396174,0.679331,0.0490536,0.976499,-0.208645,0.0226032,-0.178981,0.0799403,0.739144,0.694609,0.287715,0.609158,-0.25232,0,0,0,0,0,0,0,0.00619129,0.0015578,-0.00229707,-0.00203146,-0.00310041,9.91106,1.54803,6.23279,-4.17613,-1.27263,-2.29071,0.889181,0,0,-12,0,0,0,0,0,6.20083,0,0,0,
0.492644,0.120927,0.843121,0.654519,0.466217,-0.509812,-0.307145,1.68309e-06,3.4814e-07,-1.12716e-07,-1.2526e-07,2.16772e-06,4.82491e-06,0.424742,0.396174,0.679331,0.0490536,0.976499,-0.208645,0.0226032,-0.178981,0.0799403,0.739144,0.694609,0.287715,0.609158,-0.25232,0,0,0,0,0,0,0,0.00680967,0.00155829,-0.00229792,-0.00203226,-0.00617929,9.91109,1.54507,6.23347,-4.17545,-1.27236,-2.29139,0.889398,0,0,-12,0,0,0,0,0,6.20083,0,0,0,
0.492644,0.120927,0.843121,0.654519,0.466217,-0.509812,-0.307145,1.68182e-06,3.47877e-07,-1.12631e-07,-1.25166e-07,2.16609e-06,4.82127e-06,0.424742,0.396174,0.679331,0.0490536,0.976499,-0.208645,0.0226032,-0.178981,0.0799403,0.739144,0.694609,0.287715,0.609158,-0.25232,0,0,0,0,0,0,0,0.0031212,0.00155877,-0.00229878,-0.00203303,-0.00685873,9.9109,1.55684,6.231,-4.17651,-1.27258,-2.29131,0.889385,0,0,-12,0,0,0,0,0,6.20083,0,0,0,
0.492644,0.120927,0.843121,0.654519,0.466217,-0.509812,-0.307145,1.68182e-06,3.47877e-07,-1.12631e-07,-1.25166e-07,2.16609e-06,4.82127e-06,0.424742,0.396174,0.679331,0.0490536,0.976499,-0.208645,0.0226032,-0.178981,0.0799403,0.739144,0.694609,0.287715,0.609158,-0.25232,0,0,0,0,0,0,0,0.00130114,0.00155928,-0.00229969,-0.00203386,-0.00854284,9.9108,1.56223,6.22989,-4.17683,-1.27259,-2.29155,0.889469,0,0,-12,0,0,0,0,0,6.20083,0,0,0,
0.492644,0.120927,0.843121,0.654519,0.466217,-0.509812,-0.307145,1.68309e-06,3.4814e-07,-1.12716e-07,-1.2526e-07,2.16772e-06,4.82491e-06,0.424742,0.396174,0.679331,0.0490536,0.976499,-0.208645,0.0226032,-0.178981,0.0799403,0.739144,0.694609,0.287715,0.609158,-0.25232,0,0,0,0,0,0,0,0.000804434,0.0015598,-0.00230062,-0.00203471,-0.0104369,9.91077,1.56326,6.2297,-4.17669,-1.27249,-2.29192,0.889589,0,0,-12,0,0,0,0,0,6.20083,0,0,0,
0.492644,0.120927,0.843121,0.654519,0.466217,-0.509812,-0.307145,0,0,0,0,0,0,0.424742,0.396174,0.679331,0.0490536,0.976499,-0.208645,0.0226032,-0.178981,0.0799403,0.739144,0.694609,0.287715,0.609158,-0.25232,0,0,0,0,0,0,0,-0.00132809,0.00156034,-0.00230158,-0.00203555,-0.00978161,9.91066,1.57039,6.22818,-4.17746,-1.2727,-2.29165,0.889511,0,0,-12,0,0,0,0,0,6.20083,0,0,0,
0.492644,0.120927,0.843121,0.654519,0.466217,-0.509812,-0.307145,-1.68437e-06,-3.48402e-07,1.12801e-07,1.25355e-07,-2.16936e-06,-4.82855e-06,0.424742,0.396174,0.679331,0.0490539,0.976499,-0.208645,0.0226032,-0.178981,0.0799403,0.739144,0.694609,0.287715,0.609158,-0.25232,0,0,0,0,0,0,0,-0.001201,0.00147441,-0.00235961,-0.00104926,-0.00288906,9.91068,1.57212,6.22775,-4.17855,-1.27304,-2.29012,0.889045,0,0,-12,0,0,0,0,0,6.20083,0,0,0,
0.492644,0.120927,0.843121,0.654519,0.466217,-0.509812,-0.307145,-1.68564e-06,-3.48666e-07,1.12886e-07,1.2545e-07,-2.171e-06,-4.8322e-06,0.424742,0.396174,0.679331,0.0490539,0.976499,-0.208645,0.0226032,-0.178981,0.0799403,0.739144,0.694609,0.287715,0.609158,-0.25232,0,0,0,0,0,0,0,-0.000975613,0.00156008,-0.00230456,-0.0020176,-0.00752386,9.91069,1.56994,6.22825,-4.17771,-1.27283,-2.2912,0.889364,0,0,-12,0,0,0,0,0,6.20083,0,0,0,
0.492644,0.120927,0.843121,0.654519,0.466217,-0.509812,-0.307145,-1.68564e-06,-3.48666e-07,1.12886e-07,1.2545e-07,-2.171e-06,-4.8322e-06,0.424742,0.396174,0.679331,0.0490539,0.976499,-0.208645,0.0226032,-0.178981,0.0799403,0.739144,0.694609,0.287715,0.609158,-0.25232,0,0,0,0,0,0,0,0.00708062,0.00156058,-0.00230546,-0.00201836,-0.00542372,9.91111,1.54443,6.2336,-4.17549,-1.27239,-2.29124,0.889352,0,0,-12,0,0,0,0,0,6.20083,0,0,0,
0.492644,0.120927,0.843121,0.654519,0.466217,-0.509812,-0.307145,-1.68564e-06,-3.48666e-07,1.12886e-07,1.2545e-07,-2.171e-06,-4.8322e-06,0.424742,0.396174,0.679331,0.0490539,0.976499,-0.208645,0.0226032,-0.178981,0.0799403,0.739144,0.694609,0.287715,0.609158,-0.25232,0,0,0,0,0,0,0,0.00807744,0.00156108,-0.00230633,-0.00201919,-0.00994796,9.91115,1.5398,6.23465,-4.17447,-1.27199,-2.29225,0.889673,0,0,-12,0,0,0,0,0,6.20083,0,0,0,
0.492644,0.120927,0.843121,0.654519,0.466217,-0.509812,-0.307145,-1.68692e-06,-3.48929e-07,1.12972e-07,1.25544e-07,-2.17264e-06,-4.83586e-06,0.424742,0.396174,0.679331,0.0490539,0.976499,-0.208645,0.0226032,-0.178981,0.0799403,0.739144,0.694609,0.287715,0.609158,-0.25232,0,0,0,0,0,0,0,0.00748478,0.00156158,-0.00230726,-0.00201995,-0.00642097,9.91113,1.54281,6.23396,-4.17521,-1.27229,-2.29148,0.889426,0,0,-12,0,0,0,0,0,6.20083,0,0,0,
0.492644,0.120927,0.843121,0.654519,0.466217,-0.509812,-0.307145,-1.68692e-06,-3.48929e-07,1.12972e-07,1.25544e-07,-2.17264e-06,-4.83586e-06,0.424742,0.396174,0.679331,0.0490539,0.976499,-0.208645,0.0226032,-0.178981,0.0799403,0.739144,0.694609,0.287715,0.609158,-0.25232,0,0,0,0,0,0,0,0.0032783,0.00156211,-0.00230824,-0.00202076,-0.00331185,9.91092,1.55743,6.23082,-4.17702,-1.27282,-2.29057,0.889149,0,0,-12,0,0,0,0,0,6.20083,0,0,0,
0.492644,0.120927,0.843121,0.654519,0.466217,-0.509812,-0.307145,-1.68437e-06,-3.48402e-07,1.12801e-07,1.25355e-07,-2.16936e-06,-4.82855e-06,0.424742,0.396174,0.679331,0.0490539,0.976499,-0.208645,0.0226032,-0.178981,0.0799403,0.739144,0.694609,0.287715,0.609158,-0.25232,0,0,0,0,0,0,0,0.0015699,0.0015626,-0.00230912,-0.00202154,-0.00381334,9.91083,1.56282,6.22969,-4.17748,-1.27291,-2.29058,0.889155,0,0,-12,0,0,0,0,0,6.20083,0,0,0,
0.492644,0.120927,0.843121,0.654519,0.466217,-0.509812,-0.307145,-1.68309e-06,-3.48139e-07,1.12716e-07,1.2526e-07,-2.16772e-06,-4.82491e-06,0.424742,0.396174,0.679331,0.0490539,0.976499,-0.208645,0.0226032,-0.178981,0.0799403,0.739144,0.694609,0.287715,0.609158,-0.25232,0,0,0,0,0,0,0,0.00514582,0.00156311,-0.00231005,-0.00202234,-0.00300948,9.91102,1.55146,6.23208,-4.17648,-1.27271,-2.29062,0.889158,0,0,-12,0,0,0,0,0,6.20083,0,0,0,
0.492644,0.120927,0.843121,0.654519,0.466217,-0.509812,-0.307145,0,0,0,0,0,0,0.424742,0.396174,0.679331,0.0490539,0.976499,-0.208645,0.0226032,-0.178981,0.0799403,0.739144,0.694609,0.287715,0.609158,-0.25232,0,0,0,0,0,0,0,0.00809686,0.00156359,-0.00231089,-0.00202312,-0.00601254,9.91116,1.54095,6.23435,-4.17508,-1.27227,-2.29143,0.889408,0,0,-12,0,0,0,0,0,6.20083,0,0,0,
0.492644,0.120927,0.843121,0.654519,0.466217,-0.509812,-0.307145,0,0,0,0,0,0,0.424742,0.396174,0.679331,0.0490539,0.976499,-0.208645,0.0226032,-0.178981,0.0799403,0.739144,0.694609,0.287715,0.609158,-0.25232,0,0,0,0,0,0,0,0.00663844,0.00156409,-0.00231179,-0.00202388,-0.00385431,9.91109,1.54635,6.23317,-4.17588,-1.27254,-2.29089,0.88924,0,0,-12,0,0,0,0,0,6.20083,0,0,0,
0.492644,0.120927,0.843121,0.654519,0.466217,-0.509812,-0.307145,0,0,0,0,0,0,0.424742,0.396174,0.679331,0.0490539,0.976499,-0.208645,0.0226032,-0.178981,0.0799403,0.739144,0.694609,0.287715,0.609158,-0.25232,0,0,0,0,0,0,0,0.00505548,0.00156459,-0.00231221,-0.00202522,-0.0749751,9.91081,1.52959,6.23789,-4.16526,-1.26752,-2.30565,0.894011,0,0,-12,0,0,0,0,0,6.20083,0,0,0,
0.492644,0.120927,0.843121,0.654519,0.466217,-0.509812,-0.307145,0,0,0,0,0,0,0.424742,0.396174,0.679331,0.0490539,0.976499,-0.208645,0.0226032,-0.178981,0.0799403,0.739144,0.694609,0.287715,0.609158,-0.25232,0,0,0,0,0,0,0,0.00673084,0.00156508,-0.00231058,-0.00202888,-0.44329,9.90986,1.4107,6.26911,-4.10715,-1.24078,-2.3827,0.91888,0,0,-12,0,0,0,0,0,6.20083,0,0,0,
0.492644,0.120927,0.843121,0.654519,0.466217,-0.509812,-0.307145,0,0,0,0,0,0,0.424742,0.396174,0.679331,0.0490539,0.976499,-0.208645,0.0226032,-0.178981,0.0799403,0.739144,0.694609,0.287715,0.609158,-0.25232,0,0,0,0,0,0,0,-0.000870943,0.00156557,-0.00230921,-0.00203224,-0.778095,9.90852,1.33227,6.29123,-4.05721,-1.21716,-2.45218,0.941339,0,0,-12,0,0,0,0,0,6.20083,0,0,0,
0.492644,0.120927,0.843121,0.654519,0.466217,-0.509812,-0.307146,1.7872e-06,-5.48215e-07,-1.59518e-06,4.95934e-06,3.58791e-06,4.32327e-06,0.424742,0.396174,0.679331,0.0490536,0.976499,-0.208645,0.0226031,-0.178981,0.0799403,0.739144,0.694609,0.287715,0.609158,-0.25232,0,0,0,0,0,0,0,-0.00275428,0.00261277,-0.00419445,-0.00361659,-0.938295,9.90944,1.29032,6.30426,-4.03288,-1.20594,-2.48561,0.952269,0,0,-12,0,0,0,0,0,6.20083,0,0,0,
0.492644,0.120927,0.843121,0.654519,0.466217,-0.509812,-0.307146,1.78973e-06,-5.47691e-07,-1.59535e-06,4.95915e-06,3.59117e-06,4.33053e-06,0.424742,0.396174,0.679331,0.0490536,0.976499,-0.208645,0.0226031,-0.178981,0.0799403,0.739144,0.694609,0.287715,0.609158,-0.25232,0,0,0,0,0,0,0,-0.00274205,0.00158115,-0.00234251,-0.00206802,-1.34581,9.90685,1.1635,6.33631,-3.96904,-1.17628,-2.57067,0.979605,0,0,-12,0,0,0,0,0,6.20083,0,0,0,
0.492644,0.120927,0.843121,0.654519,0.466217,-0.509812,-0.307146,1.78958e-06,-5.46336e-07,-1.59311e-06,4.95147e-06,3.58903e-06,4.3313e-06,0.424742,0.396174,0.679331,0.0490536,0.976499,-0.208645,0.0226031,-0.178981,0.0799403,0.739144,0.694609,0.287715,0.609158,-0.25232,0,0,0,0,0,0,0,-0.00609203,0.00158165,-0.00234391,-0.00206822,-1.28573,9.90684,1.19289,6.32911,-3.97949,-1.18087,-2.55792,0.975498,0,0,-12,0,0,0,0,0,6.20083,0,0,0,
0.492644,0.120927,0.843121,0.654519,0.466217,-0.509812,-0.307146,1.7895e-06,-5.4566e-07,-1.59199e-06,4.94763e-06,3.58796e-06,4.33168e-06,0.424742,0.396174,0.679331,0.0490536,0.976499,-0.208645,0.0226031,-0.178981,0.0799403,0.739144,0.694609,0.287715,0.609158,-0.25232,0,0,0,0,0,0,0,0.000770556,0.00158215,-0.0023433,-0.00207075,-1.51666,9.90655,1.09947,6.35267,-3.94122,-1.16368,-2.60658,0.991185,0,0,-12,0,0,0,0,0,6.20083,0,0,0,
0.492644,0.120927,0.843121,0.654519,0.466217,-0.509812,-0.307146,1.7895e-06,-5.4566e-07,-1.59199e-06,4.94763e-06,3.58796e-06,4.33168e-06,0.424742,0.396174,0.679331,0.0490536,0.976499,-0.208645,0.0226031,-0.178981,0.0799403,0.739144,0.694609,0.287715,0.609158,-0.25232,0,0,0,0,0,0,0,-9.0592e-05,0.00158264,-0.00234162,-0.00207446,-1.89864,9.90543,0.984616,6.38326,-3.88178,-1.13615,-2.68632,1.01693,0,0,-12,0,0,0,0,0,6.20083,0,0,0,
0.492644,0.120927,0.843121,0.654519,0.466217,-0.509812,-0.307146,1.79085e-06,-5.46072e-07,-1.59319e-06,4.95137e-06,3.59067e-06,4.33496e-06,0.424742,0.396174,0.679331,0.0490536,0.976499,-0.208645,0.0226031,-0.178981,0.0799403,0.739144,0.694609,0.287715,0.609158,-0.25232,0,0,0,0,0,0,0,0.00107351,0.00158313,-0.00234084,-0.00207715,-2.15704,9.90476,0.901248,6.40515,-3.84101,-1.1174,-2.74037,1.03438,0,0,-12,0,0,0,0,0,6.20083,0,0,0,
0.492644,0.120927,0.843121,0.654519,0.466217,-0.509812,-0.307145,1.68819e-06,3.49194e-07,-1.13058e-07,-1.2564e-07,2.17429e-06,4.83952e-06,0.424742,0.396174,0.679331,0.0490536,0.976499,-0.208645,0.0226032,-0.178981,0.0799403,0.739144,0.694609,0.287715,0.609158,-0.25232,0,0,0,0,0,0,0,0.00154644,0.000630736,-0.000401305,-0.00153593,-2.29152,9.90295,0.856991,6.41518,-3.81967,-1.10758,-2.76853,1.04331,0,0,-12,0,0,0,0,0,6.20083,0,0,0,
0.492644,0.120927,0.843121,0.654519,0.466217,-0.509812,-0.307145,0,0,0,0,0,0,0.424742,0.396174,0.679331,0.0490539,0.976499,-0.208645,0.0226032,-0.178981,0.0799403,0.739144,0.694609,0.287715,0.609158,-0.25232,0,0,0,0,0,0,0,0.00337113,0.00147731,-0.00236665,-0.00100399,-2.50843,9.90386,0.785565,6.43544,-3.7854,-1.09169,-2.81381,1.05811,0,0,-12,0,0,0,0,0,6.20083,0,0,0,
0.492644,0.120927,0.843121,0.654519,0.466217,-0.509812,-0.307145,-1.78958e-06,5.46338e-07,1.59311e-06,-4.95147e-06,-3.58903e-06,-4.33129e-06,0.424742,0.396174,0.679331,0.0490539,0.976499,-0.208645,0.0226032,-0.178981,0.0799403,0.739144,0.694609,0.287715,0.609158,-0.25232,0,0,0,0,0,0,0,0.00319202,0.00157,-0.00230275,-0.00205573,-3.02491,9.9024,0.627044,6.47744,-3.70466,-1.05454,-2.92181,1.09295,0,0,-12,0,0,0,0,0,6.20083,0,0,0,
0.492644,0.120927,0.843121,0.654519,0.466217,-0.509812,-0.307145,-2.11684e-06,1.01517e-06,2.55869e-06,-6.06759e-06,-1.32207e-05,-3.30403e-08,0.424742,0.396174,0.679331,0.0490539,0.976499,-0.208645,0.0226032,-0.178981,0.0799403,0.739144,0.694609,0.287715,0.609158,-0.25232,0,0,0,0,0,0,0,0.00268208,0.000773277,-0.00176185,0.00266201,-3.2703,9.90104,0.552675,6.49676,-3.66659,-1.03617,-2.97258,1.10941,0,0,-12,0,0,0,0,0,6.20083,0,0,0,
0.492644,0.120927,0.843121,0.654519,0.466217,-0.509812,-0.307145,-1.7872e-06,5.48216e-07,1.59518e-06,-4.95934e-06,-3.58791e-06,-4.32327e-06,0.424742,0.396174,0.679331,0.0490539,0.976499,-0.208645,0.0226032,-0.178981,0.0799403,0.739144,0.694609,0.287715,0.609158,-0.25232,0,0,0,0,0,0,0,1.77977e-05,0.00234534,-0.00282406,-0.00662337,-3.47226,9.9016,0.499999,6.51214,-3.6356,-1.02311,-3.01551,1.12314,0,0,-12,0,0,0,0,0,6.20083,0,0,0,
0.492644,0.120927,0.843121,0.654519,0.466217,-0.509812,-0.307145,-8.65551e-07,2.97463e-06,1.24125e-06,-4.61034e-06,-2.95533e-06,9.22237e-07,0.424742,0.396174,0.679331,0.0490537,0.976499,-0.208645,0.0226032,-0.178981,0.0799403,0.739144,0.694609,0.287715,0.609158,-0.25232,0,0,0,0,0,0,0,-0.00950877,0.00180143,-0.00243522,-0.00230624,-3.58099,9.90052,0.49727,6.5144,-3.62177,-1.01533,-3.03724,1.13022,0,0,-12,0,0,0,0,0,6.20084,0,0,0,
0.492644,0.120927,0.843121,0.654519,0.466217,-0.509812,-0.307145,5.46091e-08,5.39807e-06,8.88992e-07,-4.26576e-06,-2.32481e-06,6.16016e-06,0.424742,0.396174,0.679331,0.0490534,0.976499,-0.208645,0.0226033,-0.178981,0.0799403,0.739144,0.694609,0.287715,0.609158,-0.25232,0,0,0,0,0,0,0,-0.00937039,0.00179776,-0.00243287,-0.00230544,-3.81488,9.89986,0.424776,6.53358,-3.58516,-0.998421,-3.08611,1.146,0,0,-12,0,0,0,0,0,6.20084,0,0,0,
0.492644,0.120927,0.843121,0.654519,0.466217,-0.509812,-0.307145,5.58828e-08,5.39832e-06,8.88877e-07,-4.26575e-06,-2.32314e-06,6.1638e-06,0.424742,0.396174,0.679331,0.0490534,0.976499,-0.208645,0.0226033,-0.178981,0.0799403,0.739144,0.694609,0.287715,0.609158,-0.25232,0,0,0,0,0,0,0,0.00329405,0.00157879,-0.00230579,-0.00207573,-4.0719,9.89946,0.304239,6.56298,-3.54095,-0.978893,-3.14054,1.16357,0,0,-12,0,0,0,0,0,6.20084,0,0,0,
0.492644,0.120927,0.843121,0.654519,0.466217,-0.509812,-0.307145,-7.61539e-07,2.07895e-06,-2.40089e-07,4.70413e-07,-1.53623e-06,4.20934e-07,0.424742,0.396174,0.679331,0.0490537,0.976499,-0.208645,0.0226032,-0.178981,0.0799403,0.739144,0.694609,0.287715,0.609158,-0.25232,0,0,0,0,0,0,0,0.0127331,0.00134744,-0.00216875,-0.00183433,-4.67415,9.8979,0.0878291,6.61834,-3.44378,-0.93466,-3.26689,1.20437,0,0,-12,0,0,0,0,0,6.20084,0,0,0,
0.492644,0.120927,0.843121,0.654519,0.466217,-0.509812,-0.307145,-1.68309e-06,-3.48139e-07,1.12716e-07,1.2526e-07,-2.16772e-06,-4.82491e-06,0.424742,0.396174,0.679331,0.0490539,0.976499,-0.208645,0.0226032,-0.178981,0.0799403,0.739144,0.694609,0.287715,0.609158,-0.25232,0,0,0,0,0,0,0,0.0115801,0.00134387,-0.00216516,-0.00183135,-4.94616,9.89707,0.00779224,6.63976,-3.40162,-0.915093,-3.32365,1.2227,0,0,-12,0,0,0,0,0,6.20083,0,0,0,
0.492644,0.120926,0.843121,0.654519,0.466216,-0.509812,-0.307146,-8.1875e-07,-3.32374e-06,-1.12957e-06,4.73954e-06,7.87032e-07,-5.75122e-06,0.424742,0.396174,0.679331,0.0490541,0.976499,-0.208645,0.0226031,-0.178981,0.0799403,0.739144,0.694609,0.287715,0.609158,-0.25232,0,0,0,0,0,0,0,0.00797256,0.00233255,-0.00413366,-0.00241163,-4.82667,9.89873,0.0576532,6.62885,-3.42162,-0.924065,-3.29844,1.21473,0,0,-12,0,0,0,0,0,6.20083,0,0,0,
0.492644,0.120926,0.843121,0.654519,0.466216,-0.509812,-0.307146,-8.18896e-07,-3.32236e-06,-1.12733e-06,4.73186e-06,7.84895e-07,-5.75041e-06,0.424742,0.396174,0.679331,0.0490541,0.976499,-0.208645,0.0226031,-0.178981,0.0799403,0.739144,0.694609,0.287715,0.609158,-0.25232,0,0,0,0,0,0,0,0.0035253,0.00158494,-0.00233104,-0.00208527,-5.34558,9.89589,-0.0887979,6.66714,-3.34175,-0.886861,-3.40663,1.24948,0,0,-12,0,0,0,0,0,6.20083,0,0,0,
0.492644,0.120926,0.843121,0.654519,0.466216,-0.509812,-0.307146,-8.18209e-07,-3.32055e-06,-1.12759e-06,4.73212e-06,7.85366e-07,-5.7465e-06,0.424742,0.396174,0.679331,0.0490541,0.976499,-0.208645,0.0226031,-0.178981,0.0799403,0.739144,0.694609,0.287715,0.609158,-0.25232,0,0,0,0,0,0,0,-0.00150323,0.00158542,-0.00232904,-0.00208934,-5.80478,9.89434,-0.213906,6.70118,-3.27155,-0.854057,-3.50226,1.28037,0,0,-12,0,0,0,0,0,6.20083,0,0,0,
0.492644,0.120927,0.843121,0.654519,0.466217,-0.509812,-0.307146,1.7895e-06,-5.4566e-07,-1.59199e-06,4.94763e-06,3.58796e-06,4.33168e-06,0.424742,0.396174,0.679331,0.0490536,0.976499,-0.208645,0.0226031,-0.178981,0.0799403,0.739144,0.694609,0.287715,0.609158,-0.25232,0,0,0,0,0,0,0,-0.00797095,0.00187886,-0.00238019,-0.00335335,-5.96604,9.89386,-0.24237,6.7101,-3.24836,-0.84306,-3.53569,1.29112,0,0,-12,0,0,0,0,0,6.20083,0,0,0,
0.492644,0.120927,0.843121,0.654519,0.466217,-0.509812,-0.307146,8.67246e-07,-2.97459e-06,-1.23892e-06,4.60222e-06,2.95599e-06,-9.18132e-07,0.424742,0.396174,0.679331,0.0490536,0.976499,-0.208645,0.0226031,-0.178981,0.0799403,0.739144,0.694609,0.287715,0.609158,-0.25232,0,0,0,0,0,0,0,-0.00725774,0.00159046,-0.00232923,-0.00211688,-6.20432,9.89292,-0.318279,6.72984,-3.21091,-0.825619,-3.58538,1.30722,0,0,-12,0,0,0,0,0,6.20083,0,0,0,
0.492644,0.120927,0.843121,0.654519,0.466217,-0.509812,-0.307145,-1.8459e-06,-4.86153e-06,7.06678e-07,-6.91349e-07,-1.26489e-06,-1.05076e-05,0.424742,0.396174,0.679331,0.0490539,0.976499,-0.208645,0.0226032,-0.178981,0.0799403,0.739144,0.694609,0.287715,0.609158,-0.25232,0,0,0,0,0,0,0,-0.00772726,0.000525873,-0.000417265,-0.000501012,-6.51747,9.89052,-0.414507,6.75382,-3.16197,-0.802806,-3.65069,1.32818,0,0,-12,0,0,0,0,0,6.20083,0,0,0,
0.492644,0.120927,0.843121,0.654519,0.466217,-0.509812,-0.307145,-9.22253e-07,-2.42893e-06,3.53072e-07,-3.45413e-07,-6.31967e-07,-5.24981e-06,0.424742,0.396174,0.679331,0.0490539,0.976499,-0.208645,0.0226032,-0.178981,0.0799403,0.739144,0.694609,0.287715,0.609158,-0.25232,0,0,0,0,0,0,0,-0.00556209,0.00157682,-0.00229504,-0.00208913,-6.46012,9.89227,-0.40259,6.75187,-3.17038,-0.807009,-3.63892,1.3245,0,0,-12,0,0,0,0,0,6.20083,0,0,0,
0.492644,0.120927,0.843121,0.654519,0.466217,-0.509812,-0.307145,1.68819e-06,3.49194e-07,-1.13058e-07,-1.2564e-07,2.17429e-06,4.83952e-06,0.424742,0.396174,0.679331,0.0490536,0.976499,-0.208645,0.0226032,-0.178981,0.0799403,0.739144,0.694609,0.287715,0.609158,-0.25232,0,0,0,0,0,0,0,0.00358116,0.00166897,-0.00222367,-0.00314269,-7.39317,9.89011,-0.71969,6.83427,-3.02157,-0.73908,-3.8345,1.38758,0,0,-12,0,0,0,0,0,6.20083,0,0,0,
0.492644,0.120927,0.843121,0.654519,0.466217,-0.509812,-0.307145,8.20365e-07,3.32537e-06,1.12569e-06,-4.72755e-06,-7.82886e-07,5.75797e-06,0.424742,0.396174,0.679331,0.0490539,0.976499,-0.208645,0.0226032,-0.178981,0.0799403,0.739144,0.694609,0.287715,0.609158,-0.25232,0,0,0,0,0,0,0,0.00710629,0.00148915,-0.00235469,-0.00109044,-7.40475,9.89025,-0.734655,6.83772,-3.01875,-0.737687,-3.83692,1.38841,0,0,-12,0,0,0,0,0,6.20083,0,0,0,
0.492644,0.120927,0.843121,0.654519,0.466217,-0.509812,-0.307145,2.50728e-06,3.6743e-06,1.01272e-06,-4.8531e-06,1.38976e-06,1.05938e-05,0.424742,0.396174,0.679331,0.0490536,0.976499,-0.208645,0.0226032,-0.178981,0.0799403,0.739144,0.694609,0.287715,0.609158,-0.25232,0,0,0,0,0,0,0,0.00700206,0.00166999,-0.00222459,-0.00314458,-7.50387,9.88998,-0.764893,6.84566,-3.00319,-0.730831,-3.85783,1.3951,0,0,-12,0,0,0,0,0,6.20083,0,0,0,
0.492644,0.120927,0.843121,0.654519,0.466217,-0.509812,-0.307146,3.48311e-06,3.14445e-06,-2.98383e-06,4.10527e-06,6.83017e-06,1.20182e-05,0.424742,0.396174,0.67933,0.0490534,0.976499,-0.208645,0.0226029,-0.178981,0.0799403,0.739144,0.694609,0.287715,0.609158,-0.25232,0,0,0,0,0,0,0,0.0138595,0.00431845,-0.00582995,-0.00438806,-7.95671,9.89321,-0.923221,6.89085,-2.9307,-0.697739,-3.95287,1.42578,0,0,-12,0,0,0,0,0,6.20087,0,0,0,
0.492644,0.120926,0.843121,0.654519,0.466217,-0.509812,-0.307146,1.33586e-06,1.57698e-06,-2.6938e-06,4.05722e-06,4.3436e-06,4.55478e-06,0.424742,0.396174,0.67933,0.0490539,0.976499,-0.208645,0.022603,-0.178981,0.0799403,0.739144,0.694609,0.287715,0.609158,-0.25232,0,0,0,0,0,0,0,0.00495803,0.00130296,-0.00229027,-0.000899561,-8.12549,9.88783,-0.949886,6.89484,-2.90672,-0.685755,-3.98733,1.43703,0,0,-12,0,0,0,0,0,6.20086,0,0,0,
0.492644,0.120926,0.843121,0.654519,0.466217,-0.509812,-0.307146,-1.27134e-06,-1.1988e-06,-2.2281e-06,3.83751e-06,1.54111e-06,-5.52332e-06,0.424742,0.396174,0.67933,0.0490539,0.976499,-0.208645,0.022603,-0.178981,0.0799403,0.739144,0.694609,0.287715,0.609158,-0.25232,0,0,0,0,0,0,0,-0.000298725,0.00161421,-0.00235131,-0.00214534,-8.42398,9.88706,-1.02453,6.91584,-2.8617,-0.664751,-4.0495,1.45705,0,0,-12,0,0,0,0,0,6.20086,0,0,0,
0.492644,0.120926,0.843121,0.654519,0.466217,-0.509812,-0.307146,-1.27134e-06,-1.1988e-06,-2.2281e-06,3.83751e-06,1.54111e-06,-5.52332e-06,0.424742,0.396174,0.67933,0.0490539,0.976499,-0.208645,0.022603,-0.178981,0.0799403,0.739144,0.694609,0.287715,0.609158,-0.25232,0,0,0,0,0,0,0,0.00355979,0.00161471,-0.00234922,-0.00214951,-8.90453,9.8859,-1.18507,6.95771,-2.78535,-0.629751,-4.15013,1.48953,0,0,-12,0,0,0,0,0,6.20086,0,0,0,
0.492644,0.120926,0.843121,0.654519,0.466217,-0.509812,-0.307146,5.17037e-07,-1.74608e-06,-3.82225e-06,8.79291e-06,5.12956e-06,-1.19606e-06,0.424742,0.396174,0.67933,0.0490539,0.976499,-0.208645,0.022603,-0.178981,0.0799403,0.739144,0.694609,0.287715,0.609158,-0.25232,0,0,0,0,0,0,0,0.00442326,0.00161521,-0.00235034,-0.00215003,-8.9341,9.88586,-1.19698,6.96072,-2.78045,-0.627551,-4.15636,1.49153,0,0,-12,0,0,0,0,0,6.20086,0,0,0,
0.492644,0.120927,0.843121,0.654519,0.466217,-0.509812,-0.307145,-1.68438e-06,-3.48406e-07,1.12802e-07,1.25356e-07,-2.16938e-06,-4.8286e-06,0.424742,0.396174,0.679331,0.0490539,0.976499,-0.208645,0.0226032,-0.178981,0.0799403,0.739144,0.694609,0.287715,0.609158,-0.25232,0,0,0,0,0,0,0,0.00109194,-0.00092199,0.00109725,-0.000101602,-9.26631,9.88089,-1.29166,6.98231,-2.72917,-0.603544,-4.22546,1.51383,0,0,-12,0,0,0,0,0,6.20083,0,0,0,
0.492644,0.120927,0.843121,0.654519,0.466217,-0.509812,-0.307145,0,0,0,0,0,0,0.424742,0.396174,0.679331,0.0490539,0.976499,-0.208645,0.0226032,-0.178981,0.0799403,0.739144,0.694609,0.287715,0.609158,-0.25232,0,0,0,0,0,0,0,0.00483867,0.00158176,-0.00228703,-0.00211588,-9.46492,9.88433,-1.36186,7.00431,-2.69734,-0.589165,-4.26727,1.52733,0,0,-12,0,0,0,0,0,6.20083,0,0,0,
0.492644,0.120927,0.843121,0.654519,0.466217,-0.509812,-0.307145,-1.68437e-06,-3.48402e-07,1.12801e-07,1.25355e-07,-2.16936e-06,-4.82855e-06,0.424742,0.396174,0.679331,0.0490539,0.976499,-0.208645,0.0226032,-0.178981,0.0799403,0.739144,0.694609,0.287715,0.609158,-0.25232,0,0,0,0,0,0,0,0.00332679,0.00158226,-0.00228328,-0.00212185,-10.1971,9.88219,-1.58246,7.06304,-2.58335,-0.53638,-4.42014,1.57669,0,0,-12,0,0,0,0,0,6.20083,0,0,0,
0.492644,0.120927,0.843121,0.654519,0.466217,-0.509812,-0.307145,-4.29539e-06,-3.12495e-06,5.78749e-07,-9.40633e-08,-4.97677e-06,-1.49176e-05,0.424742,0.396174,0.679331,0.0490539,0.976499,-0.208645,0.0226032,-0.178981,0.0799403,0.739144,0.694609,0.287715,0.609158,-0.25232,0,0,0,0,0,0,0,0.00322374,0.00158274,-0.00228477,-0.00212189,-10.172,9.88226,-1.57441,7.06093,-2.5873,-0.538199,-4.4149,1.575,0,0,-12,0,0,0,0,0,6.20083,0,0,0,
0.492644,0.120927,0.843121,0.654519,0.466217,-0.509812,-0.307146,-1.33788e-06,-1.57934e-06,2.69787e-06,-4.06336e-06,-4.35016e-06,-4.56162e-06,0.424742,0.396174,0.679331,0.0490539,0.976499,-0.208645,0.0226031,-0.178981,0.0799403,0.739144,0.694609,0.287715,0.609158,-0.25232,0,0,0,0,0,0,0,0.00567486,0.00256831,-0.0042803,-0.00270848,-10.9157,9.88179,-1.81007,7.12463,-2.47044,-0.48437,-4.57037,1.62535,0,0,-12,0,0,0,0,0,6.20083,0,0,0,
0.492644,0.120927,0.843121,0.654519,0.466217,-0.509812,-0.307146,-4.14926e-07,8.51425e-07,2.34453e-06,-3.71768e-06,-3.71772e-06,6.92161e-07,0.424742,0.396174,0.679331,0.0490539,0.976499,-0.208645,0.0226031,-0.178981,0.0799403,0.739144,0.694609,0.287715,0.609158,-0.25232,0,0,0,0,0,0,0,0.00343245,0.00159704,-0.00231686,-0.00214152,-11.1502,9.87953,-1.87634,7.14094,-2.43431,-0.467521,-4.61925,1.64098,0,0,-12,0,0,0,0,0,6.20083,0,0,0,
0.492644,0.120926,0.843121,0.654519,0.466216,-0.509812,-0.307146,-3.02448e-06,-1.92891e-06,2.80907e-06,-3.935e-06,-6.51999e-06,-9.39801e-06,0.424742,0.396174,0.679331,0.0490543,0.976499,-0.208645,0.0226032,-0.178981,0.0799403,0.739144,0.694609,0.287715,0.609158,-0.25232,0,0,0,0,0,0,0,-0.00175441,0.00134733,-0.00224723,-0.00132003,-11.4382,9.87815,-1.94842,7.16069,-2.39092,-0.446981,-4.67902,1.66035,0,0,-12,0,0,0,0,0,6.20083,0,0,0,
0.492644,0.120927,0.843121,0.654519,0.466217,-0.509812,-0.307146,1.2723e-06,1.19971e-06,2.22979e-06,-3.84042e-06,-1.54227e-06,5.5275e-06,0.424742,0.396174,0.679331,0.0490536,0.976499,-0.208645,0.0226031,-0.178981,0.0799403,0.739144,0.694609,0.287715,0.609158,-0.25232,0,0,0,0,0,0,0,-0.0064168,0.00193866,-0.00231573,-0.00399654,-11.1652,9.87928,-1.8488,7.13558,-2.43503,-0.467424,-4.62199,1.64181,0,0,-12,0,0,0,0,0,6.20083,0,0,0,
0.492644,0.120926,0.843121,0.654519,0.466217,-0.509812,-0.307146,2.1009e-06,-5.00565e-07,-2.4522e-06,3.58372e-06,5.88194e-06,4.14527e-06,0.424742,0.396174,0.67933,0.0490536,0.976499,-0.208645,0.0226029,-0.178981,0.0799403,0.739144,0.694609,0.287715,0.609158,-0.25232,0,0,0,0,0,0,0,-0.00116102,0.0031343,-0.00373544,-0.00363474,-12.5175,9.87776,-2.28077,7.25131,-2.22222,-0.369256,-4.90476,1.73303,0,0,-12,0,0,0,0,0,6.20086,0,0,0,
0.492644,0.120927,0.843121,0.654519,0.466217,-0.509812,-0.307146,1.44006e-06,6.84018e-07,-4.17669e-06,9.14238e-06,5.76306e-06,4.05734e-06,0.424742,0.396174,0.67933,0.0490537,0.976499,-0.208645,0.022603,-0.178981,0.0799403,0.739144,0.694609,0.287715,0.609158,-0.25232,0,0,0,0,0,0,0,-0.00720337,0.00175865,-0.00254051,-0.00140246,-12.4636,9.87565,-2.24604,7.24119,-2.23243,-0.373305,-4.89291,1.72937,0,0,-12,0,0,0,0,0,6.20087,0,0,0,
0.492644,0.120927,0.843121,0.654519,0.466217,-0.509812,-0.307146,3.12698e-06,1.03294e-06,-4.28968e-06,9.01689e-06,7.93572e-06,8.8932e-06,0.424742,0.396174,0.67933,0.0490534,0.976499,-0.208645,0.0226029,-0.178981,0.0799403,0.739144,0.694609,0.287715,0.609158,-0.25232,0,0,0,0,0,0,0,-0.00573039,0.0017178,-0.00226162,-0.00326228,-13.0729,9.87368,-2.43882,7.29159,-2.13657,-0.329448,-5.02049,1.77052,0,0,-12,0,0,0,0,0,6.20087,0,0,0,
0.492644,0.120926,0.843121,0.654519,0.466217,-0.509812,-0.307146,5.17038e-07,-1.74609e-06,-3.82226e-06,8.79297e-06,5.12957e-06,-1.19607e-06,0.424742,0.396174,0.67933,0.0490539,0.976499,-0.208645,0.022603,-0.178981,0.0799403,0.739144,0.694609,0.287715,0.609158,-0.25232,0,0,0,0,0,0,0,7.10863e-05,0.00130603,-0.00228431,-0.000924149,-12.9811,9.87388,-2.42958,7.28789,-2.14915,-0.335322,-5.00142,1.76446,0,0,-12,0,0,0,0,0,6.20086,0,0,0,
0.492644,0.120926,0.843121,0.654519,0.466217,-0.509812,-0.307146,2.20019e-06,-1.39863e-06,-3.9361e-06,8.67155e-06,7.29834e-06,3.62841e-06,0.424742,0.396174,0.67933,0.0490536,0.976499,-0.208645,0.0226029,-0.178981,0.0799403,0.739144,0.694609,0.287715,0.609158,-0.25232,0,0,0,0,0,0,0,0.00420822,0.00171413,-0.00225957,-0.003244,-13.45,9.87313,-2.58722,7.32919,-2.07448,-0.301475,-5.09985,1.79611,0,0,-12,0,0,0,0,0,6.20086,0,0,0,
0.492644,0.120926,0.843121,0.654519,0.466217,-0.509812,-0.307146,4.14302e-07,-8.50146e-07,-2.34102e-06,3.7121e-06,3.71214e-06,-6.91122e-07,0.424742,0.396174,0.67933,0.0490536,0.976499,-0.208645,0.0226029,-0.178981,0.0799403,0.739144,0.694609,0.287715,0.609158,-0.25232,0,0,0,0,0,0,0,0.000856959,0.00162339,-0.00233424,-0.00221013,-13.6523,9.87238,-2.63862,7.34345,-2.04396,-0.286957,-5.14181,1.8097,0,0,-12,0,0,0,0,0,6.20086,0,0,0,
0.492644,0.120926,0.843121,0.654519,0.466217,-0.509812,-0.307146,3.01954e-06,1.92354e-06,-2.80636e-06,3.93165e-06,6.51251e-06,9.37937e-06,0.424742,0.396174,0.67933,0.0490539,0.976499,-0.208645,0.022603,-0.178981,0.0799403,0.739144,0.694609,0.287715,0.609158,-0.25232,0,0,0,0,0,0,0,0.000769009,0.00153183,-0.00241063,-0.0011633,-13.9994,9.87139,-2.74523,7.37177,-1.98976,-0.261732,-5.21421,1.83312,0,0,-12,0,0,0,0,0,6.20086,0,0,0,
0.492644,0.120926,0.843121,0.654519,0.466217,-0.509812,-0.307146,3.01922e-06,1.92419e-06,-2.80457e-06,3.92881e-06,6.50967e-06,9.3799e-06,0.424742,0.396174,0.67933,0.0490536,0.976499,-0.208645,0.0226029,-0.178981,0.0799403,0.739144,0.694609,0.287715,0.609158,-0.25232,0,0,0,0,0,0,0,0.00297953,0.00171349,-0.00226002,-0.00322436,-14.0076,9.87149,-2.75498,7.37387,-1.98769,-0.261277,-5.21627,1.8337,0,0,-12,0,0,0,0,0,6.20086,0,0,0,
0.492644,0.120926,0.843121,0.654519,0.466217,-0.509812,-0.307146,4.14925e-07,-8.51424e-07,-2.34453e-06,3.71768e-06,3.71772e-06,-6.92161e-07,0.424742,0.396174,0.67933,0.0490536,0.976499,-0.208645,0.0226029,-0.178981,0.0799403,0.739144,0.694609,0.287715,0.609158,-0.25232,0,0,0,0,0,0,0,0.00456108,0.00162488,-0.002331,-0.00221899,-14.7102,9.86959,-2.97649,7.43235,-1.8774,-0.210258,-5.36303,1.88111,0,0,-12,0,0,0,0,0,6.20086,0,0,0,
0.492644,0.120926,0.843121,0.654519,0.466217,-0.509812,-0.307146,-1.68309e-06,-3.48138e-07,1.12716e-07,1.25258e-07,-2.16772e-06,-4.82491e-06,0.424742,0.396174,0.67933,0.0490541,0.976499,-0.208645,0.022603,-0.178981,0.0799403,0.739144,0.694609,0.287715,0.609158,-0.25232,0,0,0,0,0,0,0,0.00376395,0.00147732,-0.00245898,-0.000532022,-14.8377,9.86917,-3.01315,7.44229,-1.85779,-0.200855,-5.38946,1.88971,0,0,-12,0,0,0,0,0,6.20086,0,0,0,
0.492644,0.120926,0.843121,0.654519,0.466217,-0.509812,-0.307146,-2.60465e-06,-2.77523e-06,4.65521e-07,-2.19896e-07,-2.79921e-06,-1.00708e-05,0.424742,0.396174,0.67933,0.0490539,0.976499,-0.208645,0.022603,-0.178981,0.0799403,0.739144,0.694609,0.287715,0.609158,-0.25232,0,0,0,0,0,0,0,0.00049599,0.00167925,-0.00228627,-0.00282301,-15.1183,9.86823,-3.08899,7.46285,-1.81486,-0.181162,-5.4481,1.90857,0,0,-12,0,0,0,0,0,6.20086,0,0,0,
0.492644,0.120926,0.843121,0.654519,0.466217,-0.509812,-0.307146,0,0,0,0,0,0,0.424742,0.396174,0.67933,0.0490536,0.976499,-0.208645,0.0226029,-0.178981,0.0799403,0.739144,0.694609,0.287715,0.609158,-0.25232,0,0,0,0,0,0,0,0.00241717,0.00171716,-0.00225341,-0.00325346,-15.2134,9.86806,-3.12456,7.47192,-1.79935,-0.174205,-5.46815,1.91502,0,0,-12,0,0,0,0,0,6.20086,0,0,0,
0.492644,0.120926,0.843121,0.654519,0.466217,-0.509812,-0.307146,-1.68692e-06,-3.48929e-07,1.12972e-07,1.25542e-07,-2.17264e-06,-4.83586e-06,0.424742,0.396174,0.67933,0.0490541,0.976499,-0.208645,0.022603,-0.178981,0.0799403,0.739144,0.694609,0.287715,0.609158,-0.25232,0,0,0,0,0,0,0,0.00714312,0.00148341,-0.00245722,-0.000590285,-15.5475,9.86735,-3.24272,7.50254,-1.74576,-0.149342,-5.53793,1.93763,0,0,-12,0,0,0,0,0,6.20086,0,0,0,
0.492644,0.120926,0.843121,0.654519,0.466217,-0.509812,-0.307146,-1.68693e-06,-3.48933e-07,1.12973e-07,1.25543e-07,-2.17266e-06,-4.83591e-06,0.424742,0.396174,0.67933,0.0490539,0.976499,-0.208645,0.022603,-0.178981,0.0799403,0.739144,0.694609,0.287715,0.609158,-0.25232,0,0,0,0,0,0,0,0.00247084,0.00168004,-0.00228225,-0.00282416,-16.2428,9.86516,-3.44178,7.55601,-1.63842,-0.0997708,-5.68316,1.98446,0,0,-12,0,0,0,0,0,6.20086,0,0,0,
0.492644,0.120926,0.843121,0.654519,0.466217,-0.509812,-0.307146,1.68819e-06,3.49194e-07,-1.13058e-07,-1.25637e-07,2.17428e-06,4.83952e-06,0.424742,0.396174,0.67933,0.0490536,0.976499,-0.208645,0.0226029,-0.178981,0.0799403,0.739144,0.694609,0.287715,0.609158,-0.25232,0,0,0,0,0,0,0,0.00725591,0.00170989,-0.00226082,-0.0031569,-15.6575,9.86706,-3.27704,7.5115,-1.72841,-0.141755,-5.5612,1.94505,0,0,-12,0,0,0,0,0,6.20086,0,0,0,
0.492644,0.120926,0.843121,0.654519,0.466216,-0.509812,-0.307146,-4.29748e-06,-3.13046e-06,5.7955e-07,-9.48554e-08,-4.9782e-06,-1.49295e-05,0.424742,0.396174,0.67933,0.0490543,0.976499,-0.208645,0.022603,-0.178981,0.0799403,0.739144,0.694609,0.287715,0.609158,-0.25232,0,0,0,0,0,0,0,-0.00230645,0.0013217,-0.00234417,-0.000568838,-16.8714,9.86286,-3.62001,7.60392,-1.54174,-0.0543919,-5.81394,2.0268,0,0,-12,0,0,0,0,0,6.20086,0,0,0,
0.492644,0.120926,0.843121,0.654519,0.466217,-0.509812,-0.307146,0,0,0,0,0,0,0.424742,0.396174,0.67933,0.0490536,0.976499,-0.208645,0.0226029,-0.178981,0.0799403,0.739144,0.694609,0.287715,0.609158,-0.25232,0,0,0,0,0,0,0,-0.00764722,0.00193313,-0.00231201,-0.00387917,-16.5988,9.86391,-3.5184,7.57832,-1.58595,-0.0749432,-5.75703,2.00828,0,0,-12,0,0,0,0,0,6.20086,0,0,0,
0.492644,0.120926,0.843121,0.654519,0.466217,-0.509812,-0.307146,3.37383e-06,6.9786e-07,-2.25945e-07,-2.51084e-07,4.34528e-06,9.67173e-06,0.424742,0.396174,0.67933,0.0490536,0.976499,-0.208645,0.0226029,-0.178981,0.0799403,0.739144,0.694609,0.287715,0.609158,-0.25232,0,0,0,0,0,0,0,-4.82871e-05,0.00162958,-0.00232926,-0.00223732,-16.8827,9.86322,-3.63066,7.60654,-1.53922,-0.0536468,-5.81661,2.02757,0,0,-12,0,0,0,0,0,6.20086,0,0,0,
0.492644,0.120926,0.843121,0.654519,0.466217,-0.509812,-0.307146,-3.37383e-06,-6.97857e-07,2.25944e-07,2.51084e-07,-4.34528e-06,-9.67173e-06,0.424742,0.396174,0.67933,0.0490541,0.976499,-0.208645,0.022603,-0.178981,0.0799403,0.739144,0.694609,0.287715,0.609158,-0.25232,0,0,0,0,0,0,0,-0.000685151,0.00148309,-0.00246285,-0.000566216,-17.3939,9.86174,-3.78601,7.64791,-1.45957,-0.0165172,-5.92319,2.06205,0,0,-12,0,0,0,0,0,6.20086,0,0,0,
0.492644,0.120926,0.843121,0.654519,0.466217,-0.509812,-0.307146,0,0,0,0,0,0,0.424742,0.396174,0.67933,0.0490536,0.976499,-0.208645,0.0226029,-0.178981,0.0799403,0.739144,0.694609,0.287715,0.609158,-0.25232,0,0,0,0,0,0,0,-0.00282019,0.00176276,-0.002205,-0.00374265,-17.7015,9.86078,-3.8739,7.67143,-1.41201,0.00508964,-5.98766,2.08275,0,0,-12,0,0,0,0,0,6.20086,0,0,0,
0.492644,0.120926,0.843121,0.654519,0.466217,-0.509812,-0.307146,3.36873e-06,6.96806e-07,-2.25604e-07,-2.50705e-07,4.33871e-06,9.65711e-06,0.424742,0.396174,0.67933,0.0490536,0.976499,-0.208645,0.0226029,-0.178981,0.0799403,0.739144,0.694609,0.287715,0.609158,-0.25232,0,0,0,0,0,0,0,0.00737748,0.00163116,-0.00232512,-0.0022474,-18.1114,9.86014,-4.03324,7.71195,-1.34477,0.035671,-6.07376,2.11057,0,0,-12,0,0,0,0,0,6.20086,0,0,0,
0.492644,0.120926,0.843121,0.654519,0.466217,-0.509812,-0.307146,0,0,0,0,0,0,0.424742,0.396174,0.67933,0.0490539,0.976499,-0.208645,0.022603,-0.178981,0.0799403,0.739144,0.694609,0.287715,0.609158,-0.25232,0,0,0,0,0,0,0,0.00148691,0.00154558,-0.00240628,-0.001268,-18.3838,9.85907,-4.09797,7.73018,-1.3041,0.0550548,-6.13019,2.12884,0,0,-12,0,0,0,0,0,6.20086,0,0,0,
0.492644,0.120926,0.843121,0.654519,0.466217,-0.509812,-0.307146,0,0,0,0,0,0,0.424742,0.396174,0.67933,0.0490539,0.976499,-0.208645,0.022603,-0.178981,0.0799403,0.739144,0.694609,0.287715,0.609158,-0.25232,0,0,0,0,0,0,0,-0.00943162,0.00163092,-0.00232733,-0.00223156,-18.5484,9.85804,-4.11324,7.7361,-1.28177,0.0660059,-6.16403,2.13977,0,0,-12,0,0,0,0,0,6.20086,0,0,0,
0.492644,0.120926,0.843121,0.654519,0.466217,-0.509812,-0.307146,4.28959e-06,3.12207e-06,-5.78142e-07,9.41888e-08,4.96972e-06,1.4899e-05,0.424742,0.396174,0.67933,0.0490536,0.976499,-0.208645,0.0226029,-0.178981,0.0799403,0.739144,0.694609,0.287715,0.609158,-0.25232,0,0,0,0,0,0,0,0.0038169,0.00172267,-0.0022412,-0.00327139,-18.5498,9.85873,-4.15672,7.74525,-1.27732,0.0669296,-6.16522,2.14007,0,0,-12,0,0,0,0,0,6.20086,0,0,0,
0.492644,0.120926,0.843121,0.654519,0.466217,-0.509812,-0.307146,1.68437e-06,3.48403e-07,-1.12802e-07,-1.25352e-07,2.16936e-06,4.82856e-06,0.424742,0.396174,0.67933,0.0490536,0.976499,-0.208645,0.0226029,-0.178981,0.0799403,0.739144,0.694609,0.287715,0.609158,-0.25232,0,0,0,0,0,0,0,0.00428717,0.00163319,-0.00232512,-0.00225444,-18.9551,9.85761,-4.28306,7.77871,-1.21385,0.0963951,-6.24982,2.16742,0,0,-12,0,0,0,0,0,6.20086,0,0,0,
0.492644,0.120926,0.843121,0.654519,0.466217,-0.509812,-0.307146,-3.36873e-06,-6.96804e-07,2.25603e-07,2.50705e-07,-4.33871e-06,-9.65711e-06,0.424742,0.396174,0.67933,0.0490539,0.976499,-0.208645,0.022603,-0.178981,0.0799403,0.739144,0.694609,0.287715,0.609158,-0.25232,0,0,0,0,0,0,0,-0.00161273,0.00154223,-0.00241592,-0.00121218,-18.9229,9.85739,-4.25396,7.77207,-1.22079,0.0937855,-6.24263,2.16516,0,0,-12,0,0,0,0,0,6.20086,0,0,0,
0.492644,0.120926,0.843121,0.654519,0.466217,-0.509812,-0.307146,3.36873e-06,6.96806e-07,-2.25604e-07,-2.50705e-07,4.33871e-06,9.65711e-06,0.424742,0.396174,0.67933,0.0490536,0.976499,-0.208645,0.0226029,-0.178981,0.0799403,0.739144,0.694609,0.287715,0.609158,-0.25232,0,0,0,0,0,0,0,0.00643275,0.00172447,-0.00223707,-0.00328208,-19.4464,9.85634,-4.44136,7.82024,-1.13633,0.131893,-6.35268,2.20058,0,0,-12,0,0,0,0,0,6.20086,0,0,0,
0.492644,0.120926,0.843121,0.654519,0.466217,-0.509812,-0.307146,-3.3738e-06,-6.9785e-07,2.25942e-07,2.51081e-07,-4.34523e-06,-9.67163e-06,0.424742,0.396174,0.67933,0.0490541,0.976499,-0.208645,0.022603,-0.178981,0.0799403,0.739144,0.694609,0.287715,0.609158,-0.25232,0,0,0,0,0,0,0,-6.74453e-06,0.00149239,-0.00246837,-0.000635131,-19.2061,9.85667,-4.34638,7.79632,-1.17604,0.114446,-6.30182,2.18429,0,0,-12,0,0,0,0,0,6.20086,0,0,0,
0.492644,0.120926,0.843121,0.654519,0.466217,-0.509812,-0.307146,-1.68819e-06,-3.49193e-07,1.13058e-07,1.25637e-07,-2.17428e-06,-4.83952e-06,0.424742,0.396174,0.67933,0.0490539,0.976499,-0.208645,0.022603,-0.178981,0.0799403,0.739144,0.694609,0.287715,0.609158,-0.25232,0,0,0,0,0,0,0,-0.00382512,0.00168844,-0.00227767,-0.00285574,-19.2496,9.85636,-4.34742,7.79716,-1.17035,0.116983,-6.31091,2.18715,0,0,-12,0,0,0,0,0,6.20086,0,0,0,
0.492644,0.120926,0.843121,0.654519,0.466217,-0.509812,-0.307146,1.68818e-06,3.49191e-07,-1.13057e-07,-1.25636e-07,2.17426e-06,4.83948e-06,0.424742,0.396174,0.67933,0.0490536,0.976499,-0.208645,0.0226029,-0.178981,0.0799403,0.739144,0.694609,0.287715,0.609158,-0.25232,0,0,0,0,0,0,0,-0.0013243,0.00172673,-0.00223413,-0.00329618,-20.1131,9.85406,-4.62151,7.86935,-1.03455,0.179486,-6.49149,2.24543,0,0,-12,0,0,0,0,0,6.20086,0,0,0,
0.492644,0.120926,0.843121,0.654519,0.466217,-0.509812,-0.307146,0,0,0,0,0,0,0.424742,0.396174,0.67933,0.0490539,0.976499,-0.208645,0.022603,-0.178981,0.0799403,0.739144,0.694609,0.287715,0.609158,-0.25232,0,0,0,0,0,0,0,-0.00211668,0.00154314,-0.00241812,-0.00120575,-20.2839,9.85352,-4.6715,7.88283,-1.00819,0.192072,-6.52691,2.25694,0,0,-12,0,0,0,0,0,6.20086,0,0,0,
0.492644,0.120926,0.843121,0.654519,0.466217,-0.509812,-0.307146,0,0,0,0,0,0,0.424742,0.396174,0.67933,0.0490536,0.976499,-0.208645,0.0226029,-0.178981,0.0799403,0.739144,0.694609,0.287715,0.609158,-0.25232,0,0,0,0,0,0,0,0.0010396,0.0017266,-0.00223716,-0.00328334,-20.09,9.85425,-4.62209,7.86909,-1.0374,0.177998,-6.48682,2.24391,0,0,-12,0,0,0,0,0,6.20086,0,0,0,
0.492644,0.120926,0.843121,0.654519,0.466217,-0.509812,-0.307146,-1.68692e-06,-3.48929e-07,1.12972e-07,1.25542e-07,-2.17264e-06,-4.83586e-06,0.424742,0.396174,0.67933,0.0490539,0.976499,-0.208645,0.022603,-0.178981,0.0799403,0.739144,0.694609,0.287715,0.609158,-0.25232,0,0,0,0,0,0,0,0.000635456,0.00154314,-0.00242102,-0.00119736,-20.5909,9.8528,-4.77501,7.90979,-0.959314,0.214458,-6.59122,2.2777,0,0,-12,0,0,0,0,0,6.20086,0,0,0,
0.492644,0.120926,0.843121,0.654519,0.466216,-0.509812,-0.307146,-2.60778e-06,-2.77419e-06,4.6551e-07,-2.19352e-07,-2.80365e-06,-1.00777e-05,0.424742,0.396174,0.67933,0.0490543,0.976499,-0.208645,0.022603,-0.178981,0.0799403,0.739144,0.694609,0.287715,0.609158,-0.25232,0,0,0,0,0,0,0,0.00149668,0.00137672,-0.00227444,-0.00139305,-20.6551,9.85236,-4.7978,7.91536,-0.948961,0.219123,-6.60469,2.28207,0,0,-12,0,0,0,0,0,6.20086,0,0,0,
0.492644,0.120926,0.843121,0.654519,0.466217,-0.509812,-0.307146,-9.21558e-07,-2.42709e-06,3.52805e-07,-3.45154e-07,-6.31487e-07,-5.24584e-06,0.424742,0.396174,0.67933,0.0490538,0.976499,-0.208645,0.0226029,-0.178981,0.0799403,0.739144,0.694609,0.287715,0.609158,-0.25232,0,0,0,0,0,0,0,-0.00181525,0.00177966,-0.00217767,-0.00390063,-20.728,9.85231,-4.80934,7.91919,-0.938533,0.22379,-6.62,2.28689,0,0,-12,0,0,0,0,0,6.20086,0,0,0,
0.492644,0.120926,0.843121,0.654519,0.466217,-0.509812,-0.307146,0,0,0,0,0,0,0.424742,0.396174,0.67933,0.0490539,0.976499,-0.208645,0.022603,-0.178981,0.0799403,0.739144,0.694609,0.287715,0.609158,-0.25232,0,0,0,0,0,0,0,0.000587717,0.00174514,-0.00252996,-0.00143886,-20.9622,9.85205,-4.88898,7.94031,-0.901312,0.241248,-6.66881,2.30271,0,0,-12,0,0,0,0,0,6.20086,0,0,0,
0.492644,0.120926,0.843121,0.654519,0.466217,-0.509812,-0.307146,0,0,0,0,0,0,0.424742,0.396174,0.67933,0.0490541,0.976499,-0.208645,0.022603,-0.178981,0.0799403,0.739144,0.694609,0.287715,0.609158,-0.25232,0,0,0,0,0,0,0,-0.00742458,0.00158345,-0.00238626,-0.00163359,-21.143,9.85083,-4.91889,7.94932,-0.87553,0.253687,-6.70611,2.3148,0,0,-12,0,0,0,0,0,6.20086,0,0,0,
0.492644,0.120926,0.843121,0.654519,0.466217,-0.509812,-0.307146,0,0,0,0,0,0,0.424742,0.396174,0.67933,0.0490536,0.976499,-0.208645,0.0226029,-0.178981,0.0799403,0.739144,0.694609,0.287715,0.609158,-0.25232,0,0,0,0,0,0,0,-0.00763942,0.00178247,-0.00217822,-0.00389318,-21.3527,9.85025,-4.98282,7.96619,-0.842721,0.268491,-6.75014,2.32893,0,0,-12,0,0,0,0,0,6.20086,0,0,0,
0.492644,0.120927,0.843121,0.654519,0.466217,-0.509812,-0.307146,2.60524e-06,2.77369e-06,-4.65344e-07,2.19544e-07,2.80037e-06,1.00705e-05,0.424742,0.396174,0.67933,0.0490534,0.976499,-0.208645,0.0226029,-0.178981,0.0799403,0.739144,0.694609,0.287715,0.609158,-0.25232,0,0,0,0,0,0,0,-0.00515266,0.00187206,-0.00245317,-0.0025273,-21.5046,9.85028,-5.03741,7.98064,-0.818285,0.279857,-6.7819,2.33919,0,0,-12,0,0,0,0,0,6.20087,0,0,0,
0.492644,0.120927,0.843121,0.654519,0.466217,-0.509812,-0.307146,9.2086e-07,2.42526e-06,-3.52538e-07,3.44893e-07,6.31011e-07,5.24188e-06,0.424742,0.396174,0.67933,0.0490537,0.976499,-0.208645,0.022603,-0.178981,0.0799403,0.739144,0.694609,0.287715,0.609158,-0.25232,0,0,0,0,0,0,0,0.000989868,0.00155484,-0.00242633,-0.00126666,-21.4222,9.85048,-5.03219,7.97789,-0.829248,0.274528,-6.7649,2.33377,0,0,-12,0,0,0,0,0,6.20087,0,0,0,
0.492644,0.120926,0.843121,0.654519,0.466217,-0.509812,-0.307146,-1.68437e-06,-3.48402e-07,1.12802e-07,1.25352e-07,-2.16936e-06,-4.82856e-06,0.424742,0.396174,0.67933,0.0490539,0.976499,-0.208645,0.022603,-0.178981,0.0799403,0.739144,0.694609,0.287715,0.609158,-0.25232,0,0,0,0,0,0,0,-0.00360882,0.00140857,-0.00220472,-0.00201112,-21.8956,9.84856,-5.16335,8.01306,-0.756612,0.308276,-6.8636,2.36566,0,0,-12,0,0,0,0,0,6.20086,0,0,0,
0.492644,0.120926,0.843121,0.654519,0.466217,-0.509812,-0.307146,3.36873e-06,6.96806e-07,-2.25604e-07,-2.50705e-07,4.33871e-06,9.65711e-06,0.424742,0.396174,0.67933,0.0490536,0.976499,-0.208645,0.0226029,-0.178981,0.0799403,0.739144,0.694609,0.287715,0.609158,-0.25232,0,0,0,0,0,0,0,0.00317885,0.00173171,-0.00223193,-0.00330091,-22.004,9.84897,-5.21854,8.02681,-0.737509,0.316426,-6.88679,2.37303,0,0,-12,0,0,0,0,0,6.20086,0,0,0,
0.492644,0.120926,0.843121,0.654519,0.466217,-0.509812,-0.307146,2.60535e-06,2.77707e-06,-4.65788e-07,2.20157e-07,2.79968e-06,1.00747e-05,0.424742,0.396174,0.67933,0.0490536,0.976499,-0.208645,0.0226029,-0.178981,0.0799403,0.739144,0.694609,0.287715,0.609158,-0.25232,0,0,0,0,0,0,0,0.00895623,0.00164217,-0.00232834,-0.00228203,-22.1369,9.84888,-5.27822,8.04166,-0.714951,0.326601,-6.9148,2.3821,0,0,-12,0,0,0,0,0,6.20086,0,0,0,
0.492644,0.120926,0.843121,0.654519,0.466217,-0.509812,-0.307146,-1.68564e-06,-3.48665e-07,1.12887e-07,1.25447e-07,-2.171e-06,-4.83221e-06,0.424742,0.396174,0.67933,0.0490539,0.976499,-0.208645,0.022603,-0.178981,0.0799403,0.739144,0.694609,0.287715,0.609158,-0.25232,0,0,0,0,0,0,0,0.00224396,0.00155309,-0.00243137,-0.0012578,-21.5888,9.85008,-5.08757,7.99236,-0.802806,0.286656,-6.79978,2.34503,0,0,-12,0,0,0,0,0,6.20086,0,0,0,
0.492644,0.120927,0.843121,0.654519,0.466217,-0.509812,-0.307146,4.29353e-06,3.12626e-06,-5.78846e-07,9.45193e-08,4.97396e-06,1.49142e-05,0.424742,0.396174,0.67933,0.0490534,0.976499,-0.208645,0.0226029,-0.178981,0.0799403,0.739144,0.694609,0.287715,0.609158,-0.25232,0,0,0,0,0,0,0,0.00136184,0.001962,-0.00235534,-0.0035532,-22.3608,9.84821,-5.32229,8.05496,-0.68233,0.342042,-6.96126,2.39704,0,0,-12,0,0,0,0,0,6.20087,0,0,0,
0.492644,0.120927,0.843121,0.654519,0.466217,-0.509812,-0.307146,2.60987e-06,2.7797e-06,-4.66311e-07,2.20134e-07,2.80508e-06,1.00896e-05,0.424742,0.396174,0.67933,0.0490534,0.976499,-0.208645,0.0226029,-0.178981,0.0799403,0.739144,0.694609,0.287715,0.609158,-0.25232,0,0,0,0,0,0,0,0.00575447,0.00164692,-0.00233005,-0.0022927,-22.8085,9.84683,-5.47469,8.09429,-0.610963,0.374887,-7.05492,2.42735,0,0,-12,0,0,0,0,0,6.20087,0,0,0,
0.492644,0.120926,0.843121,0.654519,0.466216,-0.509812,-0.307146,-4.75571e-06,-4.34348e-06,7.55781e-07,-2.67622e-07,-5.29066e-06,-1.75451e-05,0.424742,0.396174,0.67933,0.0490543,0.976499,-0.208645,0.022603,-0.178981,0.0799403,0.739144,0.694609,0.287715,0.609158,-0.25232,0,0,0,0,0,0,0,0.00434008,0.00107198,-0.00226524,-0.000158586,-22.4208,9.84719,-5.3511,8.06123,-0.672035,0.347068,-6.9736,2.40125,0,0,-12,0,0,0,0,0,6.20086,0,0,0,
0.492644,0.120926,0.843121,0.654519,0.466217,-0.509812,-0.307146,-1.38443e-06,-3.64615e-06,5.30008e-07,-5.18515e-07,-9.48665e-07,-7.88067e-06,0.424742,0.396174,0.67933,0.0490541,0.976499,-0.208645,0.0226029,-0.178981,0.0799403,0.739144,0.694609,0.287715,0.609158,-0.25232,0,0,0,0,0,0,0,-0.00645187,0.00168927,-0.00228086,-0.00281126,-22.3955,9.84736,-5.30785,8.05219,-0.679359,0.344074,-6.96795,2.39929,0,0,-12,0,0,0,0,0,6.20086,0,0,0,
0.492644,0.120927,0.843121,0.654519,0.466217,-0.509812,-0.307146,3.37383e-06,6.97861e-07,-2.25946e-07,-2.51084e-07,4.34528e-06,9.67173e-06,0.424742,0.396174,0.67933,0.0490535,0.976499,-0.208645,0.0226029,-0.178981,0.0799403,0.739144,0.694609,0.287715,0.609158,-0.25232,0,0,0,0,0,0,0,0.0050246,0.00197716,-0.0022769,-0.00409185,-23.0053,9.84654,-5.53277,8.11003,-0.580375,0.388798,-7.09618,2.44057,0,0,-12,0,0,0,0,0,6.20086,0,0,0,
0.492644,0.120926,0.843121,0.654519,0.466217,-0.509812,-0.307146,-1.68692e-06,-3.48929e-07,1.12972e-07,1.25542e-07,-2.17264e-06,-4.83586e-06,0.424742,0.396174,0.67933,0.0490539,0.976499,-0.208645,0.022603,-0.178981,0.0799403,0.739144,0.694609,0.287715,0.609158,-0.25232,0,0,0,0,0,0,0,0.0052855,0.00151018,-0.0024885,-0.000744329,-22.4484,9.84781,-5.3622,8.06464,-0.667474,0.34906,-6.97949,2.40306,0,0,-12,0,0,0,0,0,6.20086,0,0,0,
0.492644,0.120926,0.843121,0.654519,0.466217,-0.509812,-0.307146,-1.68309e-06,-3.48139e-07,1.12716e-07,1.25258e-07,-2.16772e-06,-4.82491e-06,0.424742,0.396174,0.67933,0.0490539,0.976499,-0.208645,0.022603,-0.178981,0.0799403,0.739144,0.694609,0.287715,0.609158,-0.25232,0,0,0,0,0,0,0,0.00567267,0.0016451,-0.00233506,-0.00227253,-23.1574,9.84584,-5.58189,8.12273,-0.556435,0.400092,-7.1278,2.45088,0,0,-12,0,0,0,0,0,6.20086,0,0,0,
0.492644,0.120926,0.843121,0.654519,0.466217,-0.509812,-0.307146,1.68309e-06,3.4814e-07,-1.12717e-07,-1.25258e-07,2.16772e-06,4.82491e-06,0.424742,0.396174,0.67933,0.0490536,0.976499,-0.208645,0.0226029,-0.178981,0.0799403,0.739144,0.694609,0.287715,0.609158,-0.25232,0,0,0,0,0,0,0,0.00865593,0.00173437,-0.00223696,-0.00328157,-22.9719,9.84653,-5.53446,8.10959,-0.584451,0.386763,-7.08933,2.43841,0,0,-12,0,0,0,0,0,6.20086,0,0,0,
0.492644,0.120926,0.843121,0.654519,0.466217,-0.509812,-0.307146,-3.06545e-06,-3.98878e-06,6.41925e-07,-3.92473e-07,-3.11497e-06,-1.26937e-05,0.424742,0.396174,0.67933,0.0490541,0.976499,-0.208645,0.0226029,-0.178981,0.0799403,0.739144,0.694609,0.287715,0.609158,-0.25232,0,0,0,0,0,0,0,0.00171502,0.00135691,-0.00233211,-0.00103992,-23.2254,9.84514,-5.59015,8.12536,-0.547084,0.40488,-7.14162,2.45543,0,0,-12,0,0,0,0,0,6.20086,0,0,0,
0.492644,0.120926,0.843121,0.654519,0.466217,-0.509812,-0.307146,-3.06543e-06,-3.98878e-06,6.41923e-07,-3.92474e-07,-3.11495e-06,-1.26937e-05,0.424742,0.396174,0.67933,0.0490541,0.976499,-0.208645,0.0226029,-0.178981,0.0799403,0.739144,0.694609,0.287715,0.609158,-0.25232,0,0,0,0,0,0,0,-0.00494587,0.00164386,-0.0023517,-0.00225352,-21.1604,9.85093,-4.93229,7.95242,-0.872005,0.255033,-6.70995,2.31601,0,0,-12,0,0,0,0,0,6.20086,0,0,0,
0.492644,0.120927,0.843121,0.654519,0.466217,-0.509812,-0.307146,5.12933e-06,3.29746e-06,-6.34601e-07,3.20049e-08,6.05084e-06,1.73082e-05,0.424742,0.396174,0.67933,0.0490532,0.976499,-0.208645,0.0226029,-0.178981,0.0799403,0.739144,0.694609,0.287715,0.609158,-0.25232,0,0,0,0,0,0,0,-0.00100873,0.002201,-0.00243633,-0.00429062,-17.9011,9.86096,-3.94078,7.68948,-1.38029,0.0195756,-6.02953,2.09618,0,0,-12,0,0,0,0,0,6.20087,0,0,0,
0.492644,0.120927,0.843121,0.654519,0.466217,-0.509812,-0.307146,5.12934e-06,3.29748e-06,-6.34604e-07,3.20102e-08,6.05084e-06,1.73083e-05,0.424742,0.396174,0.67933,0.0490535,0.976499,-0.208645,0.0226029,-0.178981,0.0799403,0.739144,0.694609,0.287715,0.609158,-0.25232,0,0,0,0,0,0,0,0.00949586,0.00142277,-0.0022618,-0.00201209,-17.0154,9.86303,-3.70277,7.62368,-1.51542,-0.0433273,-5.84489,2.03672,0,0,-12,0,0,0,0,0,6.20086,0,0,0,
0.492643,0.120926,0.843121,0.65452,0.466216,-0.509811,-0.307146,-1.10215e-05,-4.51955e-06,1.02962e-06,4.05869e-07,-1.36387e-05,-3.42032e-05,0.424742,0.396174,0.67933,0.0490552,0.976499,-0.208645,0.0226032,-0.178981,0.0799403,0.739144,0.694609,0.287715,0.609158,-0.25232,0,0,0,0,0,0,0,-0.00214264,0.000981992,-0.00282523,0.00336303,-16.9911,9.86251,-3.65727,7.61398,-1.52316,-0.0451678,-5.83852,2.03492,0,0,-12,0,0,0,0,0,6.20086,0,0,0,
0.492644,0.120926,0.843121,0.654519,0.466217,-0.509812,-0.307146,1.68311e-06,3.48143e-07,-1.12718e-07,-1.25259e-07,2.16774e-06,4.82496e-06,0.424742,0.396174,0.67933,0.0490536,0.976499,-0.208645,0.0226029,-0.178981,0.0799403,0.739144,0.694609,0.287715,0.609158,-0.25232,0,0,0,0,0,0,0,-0.00749544,0.00224613,-0.00201854,-0.00708552,-17.0002,9.86286,-3.64255,7.6111,-1.52302,-0.0464001,-5.84123,2.03532,0,0,-12,0,0,0,0,0,6.20086,0,0,0,
0.492644,0.120927,0.843121,0.654519,0.466217,-0.509812,-0.307146,4.29423e-06,3.1281e-06,-5.79114e-07,9.47807e-08,4.97443e-06,1.49182e-05,0.424742,0.396174,0.67933,0.0490532,0.976499,-0.208645,0.0226029,-0.178981,0.0799403,0.739144,0.694609,0.287715,0.609158,-0.25232,0,0,0,0,0,0,0,0.00106768,0.00193511,-0.00244663,-0.00312386,-16.9744,9.8634,-3.66228,7.61508,-1.52453,-0.0470559,-5.83594,2.03375,0,0,-12,0,0,0,0,0,6.20087,0,0,0,
0.492644,0.120926,0.843121,0.654519,0.466216,-0.509812,-0.307146,-5.05692e-06,-1.04599e-06,3.38659e-07,3.76341e-07,-6.51299e-06,-1.44966e-05,0.424742,0.396174,0.67933,0.0490544,0.976499,-0.208645,0.0226031,-0.178981,0.0799403,0.739144,0.694609,0.287715,0.609158,-0.25232,0,0,0,0,0,0,0,0.00160615,0.00113181,-0.0026024,0.00132529,-16.9308,9.86284,-3.651,7.6115,-1.53129,-0.049537,-5.82638,2.03091,0,0,-12,0,0,0,0,0,6.20086,0,0,0,
0.492644,0.120926,0.843121,0.654519,0.466217,-0.509812,-0.307146,9.22952e-07,2.43077e-06,-3.53339e-07,3.45676e-07,6.32443e-07,5.25378e-06,0.424742,0.396174,0.67933,0.0490539,0.976499,-0.208645,0.022603,-0.178981,0.0799403,0.739144,0.694609,0.287715,0.609158,-0.25232,0,0,0,0,0,0,0,-0.0133387,0.00179194,-0.00222991,-0.00383412,-16.8582,9.86265,-3.57998,7.5954,-1.54717,-0.0566207,-5.81087,2.02571,0,0,-12,0,0,0,0,0,6.20086,0,0,0,
0.492644,0.120927,0.843121,0.654519,0.466217,-0.509812,-0.307146,1.38443e-06,3.64615e-06,-5.30008e-07,5.18515e-07,9.48665e-07,7.88067e-06,0.424742,0.396174,0.67933,0.0490537,0.976499,-0.208645,0.022603,-0.178981,0.0799403,0.739144,0.694609,0.287715,0.609158,-0.25232,0,0,0,0,0,0,0,-0.00396726,0.00187148,-0.0025102,-0.00247017,-16.8923,9.86336,-3.62063,7.60494,-1.53898,-0.0532632,-5.81842,2.02814,0,0,-12,0,0,0,0,0,6.20087,0,0,0,
0.492644,0.120927,0.843121,0.654519,0.466217,-0.509812,-0.307146,-2.44833e-06,1.73343e-06,-1.27565e-07,5.96572e-07,-3.70955e-06,-4.41063e-06,0.424742,0.396174,0.67933,0.0490537,0.976499,-0.208645,0.022603,-0.178981,0.0799403,0.739144,0.694609,0.287715,0.609158,-0.25232,0,0,0,0,0,0,0,0.00413551,0.00165443,-0.00239594,-0.00223505,-16.7968,9.86372,-3.61776,7.60244,-1.55133,-0.059541,-5.79892,2.02185,0,0,-12,0,0,0,0,0,6.20087,0,0,0,
0.492644,0.120926,0.843121,0.654519,0.466217,-0.509812,-0.307146,-3.36619e-06,-6.96278e-07,2.25433e-07,2.50515e-07,-4.33544e-06,-9.64982e-06,0.424742,0.396174,0.67933,0.0490539,0.976499,-0.208645,0.022603,-0.178981,0.0799403,0.739144,0.694609,0.287715,0.609158,-0.25232,0,0,0,0,0,0,0,6.89175e-06,0.00143457,-0.00227962,-0.00199562,-16.6923,9.86347,-3.5724,7.59081,-1.56894,-0.0673704,-5.7768,2.01477,0,0,-12,0,0,0,0,0,6.20086,0,0,0,
0.492644,0.120926,0.843121,0.654519,0.466217,-0.509812,-0.307146,7.65464e-06,3.82151e-06,-8.03941e-07,-1.55612e-07,9.30284e-06,2.45495e-05,0.424742,0.396174,0.67933,0.0490539,0.976499,-0.208645,0.022603,-0.178981,0.0799403,0.739144,0.694609,0.287715,0.609158,-0.25232,0,0,0,0,0,0,0,0.00458305,0.00165231,-0.00239443,-0.00223329,-16.9409,9.86334,-3.66361,7.61451,-1.52865,-0.049096,-5.82905,2.03158,0,0,-12,0,0,0,0,0,6.20086,0,0,0,
0.492644,0.120926,0.843121,0.654519,0.466217,-0.509812,-0.307146,0,0,0,0,0,0,0.424742,0.396174,0.67933,0.0490536,0.976499,-0.208645,0.0226029,-0.178981,0.0799403,0.739144,0.694609,0.287715,0.609158,-0.25232,0,0,0,0,0,0,0,0.0048533,0.00173779,-0.00229794,-0.00320153,-16.9784,9.86325,-3.67606,7.61772,-1.52266,-0.0465073,-5.83701,2.03411,0,0,-12,0,0,0,0,0,6.20086,0,0,0,
0.492644,0.120926,0.843121,0.654519,0.466217,-0.509812,-0.307146,-4.2903e-06,-3.12392e-06,5.78411e-07,-9.44528e-08,-4.97021e-06,-1.4903e-05,0.424742,0.396174,0.67933,0.0490539,0.976499,-0.208645,0.022603,-0.178981,0.0799403,0.739144,0.694609,0.287715,0.609158,-0.25232,0,0,0,0,0,0,0,-0.00282987,0.00156466,-0.00249742,-0.00123036,-16.9092,9.86304,-3.62974,7.60688,-1.536,-0.0517875,-5.82188,2.02933,0,0,-12,0,0,0,0,0,6.20086,0,0,0,
0.492644,0.120926,0.843121,0.654519,0.466217,-0.509812,-0.307146,5.04928e-06,1.04442e-06,-3.38151e-07,-3.75773e-07,6.50315e-06,1.44747e-05,0.424742,0.396174,0.67933,0.0490536,0.976499,-0.208645,0.0226029,-0.178981,0.0799403,0.739144,0.694609,0.287715,0.609158,-0.25232,0,0,0,0,0,0,0,0.00133611,0.00173565,-0.00230357,-0.00316681,-16.9701,9.8631,-3.66206,7.61463,-1.52508,-0.0473656,-5.83504,2.03349,0,0,-12,0,0,0,0,0,6.20086,0,0,0,
0.492644,0.120927,0.843121,0.654519,0.466217,-0.509812,-0.307146,2.60592e-06,2.7755e-06,-4.65607e-07,2.19801e-07,2.80084e-06,1.00744e-05,0.424742,0.396174,0.67933,0.0490534,0.976499,-0.208645,0.0226029,-0.178981,0.0799403,0.739144,0.694609,0.287715,0.609158,-0.25232,0,0,0,0,0,0,0,0.00251698,0.00187244,-0.0025122,-0.00249189,-16.9536,9.86352,-3.66057,7.61439,-1.52735,-0.0483612,-5.83161,2.03237,0,0,-12,0,0,0,0,0,6.20087,0,0,0,
0.492644,0.120927,0.843121,0.654519,0.466217,-0.509812,-0.307146,1.68438e-06,3.48407e-07,-1.12803e-07,-1.25354e-07,2.16938e-06,4.8286e-06,0.424742,0.396174,0.67933,0.0490534,0.976499,-0.208645,0.0226029,-0.178981,0.0799403,0.739144,0.694609,0.287715,0.609158,-0.25232,0,0,0,0,0,0,0,0.00306637,0.00165945,-0.00239979,-0.00226153,-16.9026,9.86337,-3.64686,7.61034,-1.53513,-0.0519833,-5.82095,2.02897,0,0,-12,0,0,0,0,0,6.20087,0,0,0,
0.492644,0.120926,0.843121,0.654519,0.466217,-0.509812,-0.307146,7.6281e-07,-2.07869e-06,2.40003e-07,-4.70506e-07,1.53787e-06,-4.17287e-07,0.424742,0.396174,0.67933,0.0490536,0.976499,-0.208645,0.0226029,-0.178981,0.0799403,0.739144,0.694609,0.287715,0.609158,-0.25232,0,0,0,0,0,0,0,0.00798458,0.00143567,-0.00228104,-0.00201822,-16.8425,9.86346,-3.64457,7.60854,-1.54294,-0.0559354,-5.80866,2.02503,0,0,-12,0,0,0,0,0,6.20086,0,0,0,
0.492644,0.120926,0.843121,0.654519,0.466217,-0.509812,-0.307146,-9.21558e-07,-2.42709e-06,3.52805e-07,-3.45154e-07,-6.31487e-07,-5.24584e-06,0.424742,0.396174,0.67933,0.0490541,0.976499,-0.208645,0.0226029,-0.178981,0.0799403,0.739144,0.694609,0.287715,0.609158,-0.25232,0,0,0,0,0,0,0,0.00681801,0.00136504,-0.00239683,-0.000997564,-16.8619,9.86337,-3.64671,7.6094,-1.54032,-0.0544696,-5.81254,2.02632,0,0,-12,0,0,0,0,0,6.20086,0,0,0,
0.492644,0.120926,0.843121,0.654519,0.466217,-0.509812,-0.307146,-9.22953e-07,-2.43077e-06,3.53339e-07,-3.45676e-07,-6.32443e-07,-5.25378e-06,0.424742,0.396174,0.67933,0.0490541,0.976499,-0.208645,0.0226029,-0.178981,0.0799403,0.739144,0.694609,0.287715,0.609158,-0.25232,0,0,0,0,0,0,0,0.00169431,0.00165376,-0.00240053,-0.00223542,-16.8452,9.86346,-3.62474,7.60472,-1.54452,-0.0562239,-5.80888,2.02508,0,0,-12,0,0,0,0,0,6.20086,0,0,0,
0.492644,0.120926,0.843121,0.654519,0.466217,-0.509812,-0.307146,-2.60789e-06,-2.77759e-06,4.65958e-07,-2.19969e-07,-2.80296e-06,-1.0082e-05,0.424742,0.396174,0.67933,0.0490541,0.976499,-0.208645,0.0226029,-0.178981,0.0799403,0.739144,0.694609,0.287715,0.609158,-0.25232,0,0,0,0,0,0,0,-0.00250787,0.00165427,-0.00240066,-0.0022371,-16.9526,9.86294,-3.64417,7.61061,-1.52906,-0.0487753,-5.83107,2.03225,0,0,-12,0,0,0,0,0,6.20086,0,0,0,
0.492644,0.120926,0.843121,0.654519,0.466217,-0.509812,-0.307146,0,0,0,0,0,0,0.424742,0.396174,0.67933,0.0490539,0.976499,-0.208645,0.022603,-0.178981,0.0799403,0.739144,0.694609,0.287715,0.609158,-0.25232,0,0,0,0,0,0,0,-0.0045356,0.00183625,-0.00249824,-0.00243582,-17.0337,9.86288,-3.66237,7.61606,-1.51705,-0.0430862,-5.84792,2.03767,0,0,-12,0,0,0,0,0,6.20086,0,0,0,
0.492644,0.120926,0.843121,0.654519,0.466217,-0.509812,-0.307146,-1.68566e-06,-3.48669e-07,1.12888e-07,1.25448e-07,-2.17102e-06,-4.83225e-06,0.424742,0.396174,0.67933,0.0490539,0.976499,-0.208645,0.022603,-0.178981,0.0799403,0.739144,0.694609,0.287715,0.609158,-0.25232,0,0,0,0,0,0,0,-0.00309403,0.00165818,-0.0024039,-0.00224385,-17.0599,9.86261,-3.67532,7.61897,-1.51247,-0.0410656,-5.85345,2.03948,0,0,-12,0,0,0,0,0,6.20086,0,0,0,
0.492644,0.120926,0.843121,0.654519,0.466217,-0.509812,-0.307146,-2.60859e-06,-2.77943e-06,4.66225e-07,-2.20229e-07,-2.80344e-06,-1.0086e-05,0.424742,0.396174,0.67933,0.0490539,0.976499,-0.208645,0.022603,-0.178981,0.0799403,0.739144,0.694609,0.287715,0.609158,-0.25232,0,0,0,0,0,0,0,0.000314809,0.00165868,-0.00240492,-0.00224451,-17.0425,9.86284,-3.68103,7.61988,-1.51412,-0.0420723,-5.85002,2.03837,0,0,-12,0,0,0,0,0,6.20086,0,0,0,
0.492644,0.120926,0.843121,0.654519,0.466217,-0.509812,-0.307146,-2.60859e-06,-2.77943e-06,4.66225e-07,-2.20229e-07,-2.80344e-06,-1.0086e-05,0.424742,0.396174,0.67933,0.0490539,0.976499,-0.208645,0.022603,-0.178981,0.0799403,0.739144,0.694609,0.287715,0.609158,-0.25232,0,0,0,0,0,0,0,0.00153232,0.00165918,-0.00240562,-0.0022455,-17.0667,9.86283,-3.69244,7.6227,-1.50995,-0.0402332,-5.85515,2.04002,0,0,-12,0,0,0,0,0,6.20086,0,0,0,
0.492644,0.120926,0.843121,0.654519,0.466217,-0.509812,-0.307146,-1.68309e-06,-3.48139e-07,1.12716e-07,1.25258e-07,-2.16772e-06,-4.82491e-06,0.424742,0.396174,0.67933,0.0490539,0.976499,-0.208645,0.022603,-0.178981,0.0799403,0.739144,0.694609,0.287715,0.609158,-0.25232,0,0,0,0,0,0,0,-0.00100131,0.00165967,-0.00240665,-0.00224612,-17.0453,9.86276,-3.67762,7.61921,-1.51409,-0.0419667,-5.85053,2.03853,0,0,-12,0,0,0,0,0,6.20086,0,0,0,
0.492644,0.120926,0.843121,0.654519,0.466217,-0.509812,-0.307146,9.2365e-07,2.43261e-06,-3.53606e-07,3.45938e-07,6.32922e-07,5.25776e-06,0.424742,0.396174,0.67933,0.0490539,0.976499,-0.208645,0.022603,-0.178981,0.0799403,0.739144,0.694609,0.287715,0.609158,-0.25232,0,0,0,0,0,0,0,0.00116109,0.00166016,-0.00240747,-0.00224697,-17.0526,9.86285,-3.68687,7.62129,-1.51228,-0.0412843,-5.85217,2.03906,0,0,-12,0,0,0,0,0,6.20086,0,0,0,
0.492644,0.120926,0.843121,0.654519,0.466217,-0.509812,-0.307146,9.22254e-07,2.42893e-06,-3.53071e-07,3.45415e-07,6.31965e-07,5.24981e-06,0.424742,0.396174,0.67933,0.0490539,0.976499,-0.208645,0.022603,-0.178981,0.0799403,0.739144,0.694609,0.287715,0.609158,-0.25232,0,0,0,0,0,0,0,-0.00230505,0.00166065,-0.00240838,-0.00224772,-17.0481,9.86269,-3.67424,7.61855,-1.51407,-0.0418612,-5.85103,2.0387,0,0,-12,0,0,0,0,0,6.20086,0,0,0,
0.492644,0.120926,0.843121,0.654519,0.466217,-0.509812,-0.307146,9.21557e-07,2.42709e-06,-3.52805e-07,3.45154e-07,6.31487e-07,5.24584e-06,0.424742,0.396174,0.67933,0.0490539,0.976499,-0.208645,0.022603,-0.178981,0.0799403,0.739144,0.694609,0.287715,0.609158,-0.25232,0,0,0,0,0,0,0,-0.00609892,0.00166115,-0.0024092,-0.00224861,-17.0584,9.86246,-3.66509,7.61678,-1.51366,-0.0413977,-5.85295,2.03933,0,0,-12,0,0,0,0,0,6.20086,0,0,0,
0.492644,0.120927,0.843121,0.654519,0.466217,-0.509812,-0.307146,9.21556e-07,2.42709e-06,-3.52805e-07,3.45154e-07,6.31487e-07,5.24584e-06,0.424742,0.396174,0.67933,0.0490537,0.976499,-0.208645,0.022603,-0.178981,0.0799403,0.739144,0.694609,0.287715,0.609158,-0.25232,0,0,0,0,0,0,0,-0.00558943,0.00188504,-0.00252968,-0.00249216,-17.0645,9.86281,-3.66836,7.61789,-1.51259,-0.0409513,-5.85428,2.03972,0,0,-12,0,0,0,0,0,6.20087,0,0,0,
0.492644,0.120927,0.843121,0.654519,0.466217,-0.509812,-0.307146,9.21556e-07,2.42709e-06,-3.52805e-07,3.45154e-07,6.31487e-07,5.24584e-06,0.424742,0.396174,0.67933,0.0490537,0.976499,-0.208645,0.022603,-0.178981,0.0799403,0.739144,0.694609,0.287715,0.609158,-0.25232,0,0,0,0,0,0,0,0.000500484,0.00166539,-0.00241334,-0.00225501,-17.0631,9.8628,-3.68796,7.62169,-1.51085,-0.0405751,-5.85433,2.03976,0,0,-12,0,0,0,0,0,6.20087,0,0,0,
0.492644,0.120927,0.843121,0.654519,0.466217,-0.509812,-0.307146,9.20869e-07,2.42529e-06,-3.52542e-07,3.44897e-07,6.31017e-07,5.24193e-06,0.424742,0.396174,0.67933,0.0490537,0.976499,-0.208645,0.022603,-0.178981,0.0799403,0.739144,0.694609,0.287715,0.609158,-0.25232,0,0,0,0,0,0,0,0.00361646,0.00166595,-0.00241414,-0.00225611,-17.0899,9.86288,-3.70633,7.62602,-1.50568,-0.0384106,-5.86011,2.04161,0,0,-12,0,0,0,0,0,6.20087,0,0,0,
0.492644,0.120926,0.843121,0.654519,0.466217,-0.509812,-0.307146,0,0,0,0,0,0,0.424742,0.396174,0.67933,0.0490539,0.976499,-0.208645,0.022603,-0.178981,0.0799403,0.739144,0.694609,0.287715,0.609158,-0.25232,0,0,0,0,0,0,0,0.00365038,0.00145761,-0.00230322,-0.00202997,-17.0896,9.86257,-3.70658,7.62577,-1.50568,-0.038403,-5.86002,2.04162,0,0,-12,0,0,0,0,0,6.20086,0,0,0,
0.492644,0.120926,0.843121,0.654519,0.466217,-0.509812,-0.307146,0,0,0,0,0,0,0.424742,0.396174,0.67933,0.0490539,0.976499,-0.208645,0.022603,-0.178981,0.0799403,0.739144,0.694609,0.287715,0.609158,-0.25232,0,0,0,0,0,0,0,0.00714549,0.00166385,-0.00241371,-0.00225326,-17.0982,9.86304,-3.72034,7.62912,-1.50326,-0.0375516,-5.86205,2.04223,0,0,-12,0,0,0,0,0,6.20086,0,0,0,
0.492644,0.120926,0.843121,0.654519,0.466217,-0.509812,-0.307146,0,0,0,0,0,0,0.424742,0.396174,0.67933,0.0490539,0.976499,-0.208645,0.022603,-0.178981,0.0799403,0.739144,0.694609,0.287715,0.609158,-0.25232,0,0,0,0,0,0,0,0.00629092,0.00166444,-0.00241483,-0.00225413,-17.0885,9.86302,-3.71458,7.62774,-1.50505,-0.0383142,-5.85998,2.04156,0,0,-12,0,0,0,0,0,6.20086,0,0,0,
0.492644,0.120926,0.843121,0.654519,0.466217,-0.509812,-0.307146,0,0,0,0,0,0,0.424742,0.396174,0.67933,0.0490539,0.976499,-0.208645,0.022603,-0.178981,0.0799403,0.739144,0.694609,0.287715,0.609158,-0.25232,0,0,0,0,0,0,0,0.00400731,0.00166497,-0.00241574,-0.00225503,-17.094,9.86289,-3.70887,7.62663,-1.5049,-0.0380826,-5.861,2.0419,0,0,-12,0,0,0,0,0,6.20086,0,0,0,
0.492644,0.120926,0.843121,0.654519,0.466217,-0.509812,-0.307146,-9.22952e-07,-2.43077e-06,3.53339e-07,-3.45676e-07,-6.32443e-07,-5.25378e-06,0.424742,0.396174,0.67933,0.0490539,0.976499,-0.208645,0.022603,-0.178981,0.0799403,0.739144,0.694609,0.287715,0.609158,-0.25232,0,0,0,0,0,0,0,-0.00116746,0.00166556,-0.00241674,-0.00225602,-17.1007,9.86261,-3.69413,7.62363,-1.50549,-0.0379788,-5.86209,2.04227,0,0,-12,0,0,0,0,0,6.20086,0,0,0,
0.492644,0.120926,0.843121,0.654519,0.466217,-0.509812,-0.307146,-9.22254e-07,-2.42893e-06,3.53071e-07,-3.45415e-07,-6.31965e-07,-5.24981e-06,0.424742,0.396174,0.67933,0.0490539,0.976499,-0.208645,0.022603,-0.178981,0.0799403,0.739144,0.694609,0.287715,0.609158,-0.25232,0,0,0,0,0,0,0,-0.000297912,0.00166609,-0.00241774,-0.00225682,-17.0945,9.86267,-3.69503,7.62371,-1.50619,-0.0383673,-5.86083,2.04186,0,0,-12,0,0,0,0,0,6.20086,0,0,0,
0.492644,0.120926,0.843121,0.654519,0.466217,-0.509812,-0.307146,-9.22952e-07,-2.43077e-06,3.53339e-07,-3.45676e-07,-6.32443e-07,-5.25378e-06,0.424742,0.396174,0.67933,0.0490539,0.976499,-0.208645,0.022603,-0.178981,0.0799403,0.739144,0.694609,0.287715,0.609158,-0.25232,0,0,0,0,0,0,0,-0.000615254,0.00166662,-0.00241861,-0.00225773,-17.103,9.86263,-3.69662,7.62419,-1.50496,-0.0377741,-5.8626,2.04243,0,0,-12,0,0,0,0,0,6.20086,0,0,0,
0.492644,0.120926,0.843121,0.654519,0.466217,-0.509812,-0.307146,0,0,0,0,0,0,0.424742,0.396174,0.67933,0.0490539,0.976499,-0.208645,0.022603,-0.178981,0.0799403,0.739144,0.694609,0.287715,0.609158,-0.25232,0,0,0,0,0,0,0,0.00135,0.00166712,-0.00241948,-0.00225856,-17.106,9.86272,-3.70394,7.62579,-1.50387,-0.037411,-5.86335,2.04267,0,0,-12,0,0,0,0,0,6.20086,0,0,0,
0.492644,0.120926,0.843121,0.654519,0.466217,-0.509812,-0.307146,0,0,0,0,0,0,0.424742,0.396174,0.67933,0.0490539,0.976499,-0.208645,0.022603,-0.178981,0.0799403,0.739144,0.694609,0.287715,0.609158,-0.25232,0,0,0,0,0,0,0,-0.00347821,0.00166765,-0.00242043,-0.00225943,-17.1072,9.86247,-3.68864,7.62258,-1.5052,-0.0376777,-5.86331,2.04267,0,0,-12,0,0,0,0,0,6.20086,0,0,0,
0.492644,0.120926,0.843121,0.654519,0.466217,-0.509812,-0.307146,0,0,0,0,0,0,0.424742,0.396174,0.67933,0.0490539,0.976499,-0.208645,0.022603,-0.178981,0.0799403,0.739144,0.694609,0.287715,0.609158,-0.25232,0,0,0,0,0,0,0,-0.000762201,0.00166816,-0.00242126,-0.00226034,-17.1183,9.86258,-3.70086,7.62534,-1.50261,-0.0366798,-5.86579,2.04346,0,0,-12,0,0,0,0,0,6.20086,0,0,0,
0.492644,0.120926,0.843121,0.654519,0.466217,-0.509812,-0.307146,0,0,0,0,0,0,0.424742,0.396174,0.67933,0.0490539,0.976499,-0.208645,0.022603,-0.178981,0.0799403,0.739144,0.694609,0.287715,0.609158,-0.25232,0,0,0,0,0,0,0,6.14056e-05,0.00166867,-0.0024224,-0.0022609,-17.0861,9.86271,-3.69362,7.62328,-1.50738,-0.0389434,-5.85911,2.0413,0,0,-12,0,0,0,0,0,6.20086,0,0,0,
0.492644,0.120926,0.843121,0.654519,0.466217,-0.509812,-0.307146,0,0,0,0,0,0,0.424742,0.396174,0.67933,0.0490539,0.976499,-0.208645,0.022603,-0.178981,0.0799403,0.739144,0.694609,0.287715,0.609158,-0.25232,0,0,0,0,0,0,0,-0.00118199,0.00166922,-0.00242326,-0.00226192,-17.1028,9.8626,-3.69473,7.62379,-1.50516,-0.0378274,-5.86253,2.04241,0,0,-12,0,0,0,0,0,6.20086,0,0,0,
0.492644,0.120926,0.843121,0.654519,0.466217,-0.509812,-0.307146,0,0,0,0,0,0,0.424742,0.396174,0.67933,0.0490539,0.976499,-0.208645,0.022603,-0.178981,0.0799403,0.739144,0.694609,0.287715,0.609158,-0.25232,0,0,0,0,0,0,0,-0.00255224,0.00166974,-0.00242412,-0.0022628,-17.1101,9.86251,-3.69252,7.62345,-1.50446,-0.0374027,-5.86397,2.04288,0,0,-12,0,0,0,0,0,6.20086,0,0,0,
0.492644,0.120926,0.843121,0.654519,0.466217,-0.509812,-0.307146,0,0,0,0,0,0,0.424742,0.396174,0.67933,0.0490539,0.976499,-0.208645,0.022603,-0.178981,0.0799403,0.739144,0.694609,0.287715,0.609158,-0.25232,0,0,0,0,0,0,0,0.00169825,0.00167025,-0.0024251,-0.00226353,-17.0998,9.86276,-3.70315,7.62552,-1.50473,-0.0378347,-5.86207,2.04225,0,0,-12,0,0,0,0,0,6.20086,0,0,0,
0.492644,0.120926,0.843121,0.654519,0.466217,-0.509812,-0.307146,0,0,0,0,0,0,0.424742,0.396174,0.67933,0.0490539,0.976499,-0.208645,0.022603,-0.178981,0.0799403,0.739144,0.694609,0.287715,0.609158,-0.25232,0,0,0,0,0,0,0,-0.000419944,0.00167077,-0.00242587,-0.00226457,-17.1236,9.86259,-3.70362,7.62602,-1.50167,-0.0362681,-5.86693,2.04383,0,0,-12,0,0,0,0,0,6.20086,0,0,0,
0.492644,0.120926,0.843121,0.654519,0.466217,-0.509812,-0.307146,0,0,0,0,0,0,0.424742,0.396174,0.67933,0.0490539,0.976499,-0.208645,0.022603,-0.178981,0.0799403,0.739144,0.694609,0.287715,0.609158,-0.25232,0,0,0,0,0,0,0,0.000261352,0.00167127,-0.00242674,-0.00226539,-17.1261,9.86262,-3.70657,7.62668,-1.50108,-0.0360437,-5.86747,2.044,0,0,-12,0,0,0,0,0,6.20086,0,0,0,
0.492644,0.120926,0.843121,0.654519,0.466217,-0.509812,-0.307146,0,0,0,0,0,0,0.424742,0.396174,0.67933,0.0490539,0.976499,-0.208645,0.022603,-0.178981,0.0799403,0.739144,0.694609,0.287715,0.609158,-0.25232,0,0,0,0,0,0,0,-0.000956113,0.00167179,-0.00242757,-0.00226631,-17.138,9.86252,-3.70631,7.62683,-1.49959,-0.0352684,-5.8699,2.04479,0,0,-12,0,0,0,0,0,6.20086,0,0,0,
0.492644,0.120926,0.843121,0.654519,0.466217,-0.509812,-0.307146,0,0,0,0,0,0,0.424742,0.396174,0.67933,0.0490539,0.976499,-0.208645,0.022603,-0.178981,0.0799403,0.739144,0.694609,0.287715,0.609158,-0.25232,0,0,0,0,0,0,0,0.00209327,0.00167228,-0.00242843,-0.00226712,-17.141,9.86267,-3.71713,7.62916,-1.49816,-0.0348275,-5.87071,2.04504,0,0,-12,0,0,0,0,0,6.20086,0,0,0,
0.492644,0.120926,0.843121,0.654519,0.466217,-0.509812,-0.307146,0,0,0,0,0,0,0.424742,0.396174,0.67933,0.0490539,0.976499,-0.208645,0.022603,-0.178981,0.0799403,0.739144,0.694609,0.287715,0.609158,-0.25232,0,0,0,0,0,0,0,0.00123983,0.00167277,-0.00242929,-0.00226794,-17.1445,9.86262,-3.71543,7.62886,-1.49788,-0.034638,-5.87139,2.04526,0,0,-12,0,0,0,0,0,6.20086,0,0,0,
0.492644,0.120926,0.843121,0.654519,0.466217,-0.509812,-0.307146,0,0,0,0,0,0,0.424742,0.396174,0.67933,0.0490539,0.976499,-0.208645,0.022603,-0.178981,0.0799403,0.739144,0.694609,0.287715,0.609158,-0.25232,0,0,0,0,0,0,0,0.00244999,0.00167326,-0.00243013,-0.00226876,-17.1489,9.86267,-3.72072,7.63005,-1.49681,-0.0342305,-5.87238,2.04558,0,0,-12,0,0,0,0,0,6.20086,0,0,0,
0.492644,0.120926,0.843121,0.654519,0.466217,-0.509812,-0.307146,0,0,0,0,0,0,0.424742,0.396174,0.67933,0.0490539,0.976499,-0.208645,0.022603,-0.178981,0.0799403,0.739144,0.694609,0.287715,0.609158,-0.25232,0,0,0,0,0,0,0,0.00395138,0.00167376,-0.002431,-0.00226959,-17.1527,9.86273,-3.72675,7.63139,-1.49575,-0.0338492,-5.87326,2.04586,0,0,-12,0,0,0,0,0,6.20086,0,0,0,
0.492644,0.120926,0.843121,0.654519,0.466217,-0.509812,-0.307146,0,0,0,0,0,0,0.424742,0.396174,0.67933,0.0490539,0.976499,-0.208645,0.022603,-0.178981,0.0799403,0.739144,0.694609,0.287715,0.609158,-0.25232,0,0,0,0,0,0,0,0.00426589,0.00167426,-0.00243185,-0.00227042,-17.1573,9.86274,-3.7292,7.63198,-1.49492,-0.0334914,-5.87424,2.04617,0,0,-12,0,0,0,0,0,6.20086,0,0,0,
0.492644,0.120926,0.843121,0.654519,0.466217,-0.509812,-0.307146,0,0,0,0,0,0,0.424742,0.396174,0.67933,0.0490539,0.976499,-0.208645,0.022603,-0.178981,0.0799403,0.739144,0.694609,0.287715,0.609158,-0.25232,0,0,0,0,0,0,0,0.00246865,0.00167477,-0.00243271,-0.00227129,-17.1644,9.86263,-3.72555,7.63133,-1.49438,-0.0331119,-5.87561,2.04662,0,0,-12,0,0,0,0,0,6.20086,0,0,0,
0.492644,0.120926,0.843121,0.654519,0.466217,-0.509812,-0.307146,0,0,0,0,0,0,0.424742,0.396174,0.67933,0.0490539,0.976499,-0.208645,0.022603,-0.178981,0.0799403,0.739144,0.694609,0.287715,0.609158,-0.25232,0,0,0,0,0,0,0,0.000102961,0.00167527,-0.00243359,-0.00227211,-17.1665,9.8625,-3.71851,7.62988,-1.4948,-0.0331331,-5.87591,2.04673,0,0,-12,0,0,0,0,0,6.20086,0,0,0,
0.492644,0.120926,0.843121,0.654519,0.466217,-0.509812,-0.307146,0,0,0,0,0,0,0.424742,0.396174,0.67933,0.0490539,0.976499,-0.208645,0.022603,-0.178981,0.0799403,0.739144,0.694609,0.287715,0.609158,-0.25232,0,0,0,0,0,0,0,0.000536173,0.00167579,-0.00243449,-0.00227299,-17.1717,9.86251,-3.72151,7.6306,-1.49386,-0.0327286,-5.87702,2.04708,0,0,-12,0,0,0,0,0,6.20086,0,0,0,
0.492644,0.120926,0.843121,0.654519,0.466217,-0.509812,-0.307146,0,0,0,0,0,0,0.424742,0.396174,0.67933,0.0490539,0.976499,-0.208645,0.022603,-0.178981,0.0799403,0.739144,0.694609,0.287715,0.609158,-0.25232,0,0,0,0,0,0,0,-0.000932995,0.00167632,-0.0024354,-0.00227386,-17.1761,9.86242,-3.7181,7.62996,-1.49363,-0.0325164,-5.87786,2.04736,0,0,-12,0,0,0,0,0,6.20086,0,0,0,
0.492644,0.120926,0.843121,0.654519,0.466217,-0.509812,-0.307146,0,0,0,0,0,0,0.424742,0.396174,0.67933,0.0490539,0.976499,-0.208645,0.022603,-0.178981,0.0799403,0.739144,0.694609,0.287715,0.609158,-0.25232,0,0,0,0,0,0,0,0.00134998,0.00167689,-0.00243641,-0.00227479,-17.1772,9.86254,-3.72585,7.63161,-1.49274,-0.0322706,-5.87822,2.04747,0,0,-12,0,0,0,0,0,6.20086,0,0,0,
0.492644,0.120926,0.843121,0.654519,0.466217,-0.509812,-0.307146,0,0,0,0,0,0,0.424742,0.396174,0.67933,0.0490539,0.976499,-0.208645,0.022603,-0.178981,0.0799403,0.739144,0.694609,0.287715,0.609158,-0.25232,0,0,0,0,0,0,0,-0.00282534,0.0016774,-0.00243728,-0.00227565,-17.1836,9.8623,-3.71426,7.62927,-1.49306,-0.0321163,-5.8793,2.04783,0,0,-12,0,0,0,0,0,6.20086,0,0,0,
0.492644,0.120926,0.843121,0.654519,0.466217,-0.509812,-0.307146,0,0,0,0,0,0,0.424742,0.396174,0.67933,0.0490539,0.976499,-0.208645,0.022603,-0.178981,0.0799403,0.739144,0.694609,0.287715,0.609158,-0.25232,0,0,0,0,0,0,0,0.000225629,0.0016779,-0.00243815,-0.00227647,-17.1856,9.86246,-3.7248,7.63153,-1.49177,-0.0317431,-5.87992,2.04802,0,0,-12,0,0,0,0,0,6.20086,0,0,0,
0.492644,0.120926,0.843121,0.654519,0.466217,-0.509812,-0.307146,0,0,0,0,0,0,0.424742,0.396174,0.67933,0.0490539,0.976499,-0.208645,0.022603,-0.178981,0.0799403,0.739144,0.694609,0.287715,0.609158,-0.25232,0,0,0,0,0,0,0,0.00054691,0.00167841,-0.00243905,-0.00227731,-17.1887,9.86246,-3.72678,7.632,-1.49119,-0.0314989,-5.88057,2.04823,0,0,-12,0,0,0,0,0,6.20086,0,0,0,
0.492644,0.120926,0.843121,0.654519,0.466217,-0.509812,-0.307146,0,0,0,0,0,0,0.424742,0.396174,0.67933,0.0490539,0.976499,-0.208645,0.022603,-0.178981,0.0799403,0.739144,0.694609,0.287715,0.609158,-0.25232,0,0,0,0,0,0,0,-0.00223976,0.00167892,-0.00243993,-0.00227814,-17.1916,9.86231,-3.71864,7.63033,-1.49161,-0.0314918,-5.88102,2.04839,0,0,-12,0,0,0,0,0,6.20086,0,0,0,
0.492644,0.120926,0.843121,0.654519,0.466217,-0.509812,-0.307146,0,0,0,0,0,0,0.424742,0.396174,0.67933,0.0490539,0.976499,-0.208645,0.022603,-0.178981,0.0799403,0.739144,0.694609,0.287715,0.609158,-0.25232,0,0,0,0,0,0,0,-0.00152678,0.00167942,-0.00244081,-0.00227898,-17.1951,9.86234,-3.72202,7.6311,-1.49085,-0.0311883,-5.88179,2.04863,0,0,-12,0,0,0,0,0,6.20086,0,0,0,
0.492644,0.120926,0.843121,0.654519,0.466217,-0.509812,-0.307146,0,0,0,0,0,0,0.424742,0.396174,0.67933,0.0490539,0.976499,-0.208645,0.022603,-0.178981,0.0799403,0.739144,0.694609,0.287715,0.609158,-0.25232,0,0,0,0,0,0,0,-0.00205999,0.00167996,-0.00244174,-0.00227986,-17.1981,9.8623,-3.72121,7.63098,-1.49055,-0.0310112,-5.88238,2.04883,0,0,-12,0,0,0,0,0,6.20086,0,0,0,
0.492644,0.120926,0.843121,0.654519,0.466217,-0.509812,-0.307146,0,0,0,0,0,0,0.424742,0.396174,0.67933,0.0490539,0.976499,-0.208645,0.022603,-0.178981,0.0799403,0.739144,0.694609,0.287715,0.609158,-0.25232,0,0,0,0,0,0,0,0.00108431,0.00168045,-0.00244262,-0.00228065,-17.1984,9.86247,-3.73152,7.63317,-1.4895,-0.0307565,-5.88264,2.0489,0,0,-12,0,0,0,0,0,6.20086,0,0,0,
0.492644,0.120926,0.843121,0.654519,0.466217,-0.509812,-0.307146,0,0,0,0,0,0,0.424742,0.396174,0.67933,0.0490539,0.976499,-0.208645,0.022603,-0.178981,0.0799403,0.739144,0.694609,0.287715,0.609158,-0.25232,0,0,0,0,0,0,0,0.00180866,0.00168096,-0.0024435,-0.00228152,-17.2041,9.86249,-3.73563,7.63413,-1.48838,-0.0302927,-5.88387,2.04929,0,0,-12,0,0,0,0,0,6.20086,0,0,0,
0.492644,0.120926,0.843121,0.654519,0.466217,-0.509812,-0.307146,0,0,0,0,0,0,0.424742,0.396174,0.67933,0.0490539,0.976499,-0.208645,0.022603,-0.178981,0.0799403,0.739144,0.694609,0.287715,0.609158,-0.25232,0,0,0,0,0,0,0,0.00421218,0.00168146,-0.00244438,-0.00228234,-17.2066,9.86261,-3.7442,7.63598,-1.48723,-0.0299351,-5.88454,2.0495,0,0,-12,0,0,0,0,0,6.20086,0,0,0,
0.492644,0.120926,0.843121,0.654519,0.466217,-0.509812,-0.307146,0,0,0,0,0,0,0.424742,0.396174,0.67933,0.0490539,0.976499,-0.208645,0.022603,-0.178981,0.0799403,0.739144,0.694609,0.287715,0.609158,-0.25232,0,0,0,0,0,0,0,0.00204019,0.00168196,-0.00244525,-0.00228314,-17.2082,9.86249,-3.73764,7.63462,-1.48767,-0.0299801,-5.88474,2.04957,0,0,-12,0,0,0,0,0,6.20086,0,0,0,
0.492644,0.120926,0.843121,0.654519,0.466217,-0.509812,-0.307146,0,0,0,0,0,0,0.424742,0.396174,0.67933,0.0490539,0.976499,-0.208645,0.022603,-0.178981,0.0799403,0.739144,0.694609,0.287715,0.609158,-0.25232,0,0,0,0,0,0,0,0.00145795,0.00168245,-0.0024461,-0.00228397,-17.2125,9.86245,-3.73706,7.63457,-1.48719,-0.0297141,-5.8856,2.04985,0,0,-12,0,0,0,0,0,6.20086,0,0,0,
0.492644,0.120926,0.843121,0.654519,0.466217,-0.509812,-0.307146,0,0,0,0,0,0,0.424742,0.396174,0.67933,0.0490539,0.976499,-0.208645,0.022603,-0.178981,0.0799403,0.739144,0.694609,0.287715,0.609158,-0.25232,0,0,0,0,0,0,0,0.00198525,0.00168296,-0.00244701,-0.00228479,-17.2131,9.86248,-3.73896,7.63498,-1.48693,-0.0296319,-5.88576,2.0499,0,0,-12,0,0,0,0,0,6.20086,0,0,0,
0.492644,0.120926,0.843121,0.654519,0.466217,-0.509812,-0.307146,0,0,0,0,0,0,0.424742,0.396174,0.67933,0.0490539,0.976499,-0.208645,0.022603,-0.178981,0.0799403,0.739144,0.694609,0.287715,0.609158,-0.25232,0,0,0,0,0,0,0,0.00450454,0.00168354,-0.00244799,-0.00228575,-17.2187,9.86259,-3.74888,7.63717,-1.48525,-0.0290393,-5.88709,2.05032,0,0,-12,0,0,0,0,0,6.20086,0,0,0,
0.492644,0.120926,0.843121,0.654519,0.466217,-0.509812,-0.307146,0,0,0,0,0,0,0.424742,0.396174,0.67933,0.0490539,0.976499,-0.208645,0.022603,-0.178981,0.0799403,0.739144,0.694609,0.287715,0.609158,-0.25232,0,0,0,0,0,0,0,-8.13918e-05,0.00168404,-0.0024489,-0.00228656,-17.2184,9.86236,-3.73388,7.634,-1.48675,-0.0294022,-5.88674,2.05022,0,0,-12,0,0,0,0,0,6.20086,0,0,0,
0.492644,0.120926,0.843121,0.654519,0.466217,-0.509812,-0.307146,0,0,0,0,0,0,0.424742,0.396174,0.67933,0.0490539,0.976499,-0.208645,0.022603,-0.178981,0.0799403,0.739144,0.694609,0.287715,0.609158,-0.25232,0,0,0,0,0,0,0,0.000518093,0.00168453,-0.00244978,-0.00228735,-17.219,9.86239,-3.73603,7.63446,-1.48646,-0.0293107,-5.88691,2.05028,0,0,-12,0,0,0,0,0,6.20086,0,0,0,
0.492644,0.120926,0.843121,0.654519,0.466217,-0.509812,-0.307146,0,0,0,0,0,0,0.424742,0.396174,0.67933,0.0490539,0.976499,-0.208645,0.022603,-0.178981,0.0799403,0.739144,0.694609,0.287715,0.609158,-0.25232,0,0,0,0,0,0,0,-0.000451516,0.00168502,-0.00245061,-0.00228818,-17.2249,9.86232,-3.73469,7.63428,-1.48585,-0.0289582,-5.88808,2.05066,0,0,-12,0,0,0,0,0,6.20086,0,0,0,
0.492644,0.120926,0.843121,0.654519,0.466217,-0.509812,-0.307146,0,0,0,0,0,0,0.424742,0.396174,0.67933,0.0490539,0.976499,-0.208645,0.022603,-0.178981,0.0799403,0.739144,0.694609,0.287715,0.609158,-0.25232,0,0,0,0,0,0,0,-0.00182408,0.00168552,-0.00245147,-0.00228902,-17.2302,9.86223,-3.73186,7.63377,-1.48545,-0.0286755,-5.88911,2.051,0,0,-12,0,0,0,0,0,6.20086,0,0,0,
0.492644,0.120926,0.843121,0.654519,0.466217,-0.509812,-0.307146,0,0,0,0,0,0,0.424742,0.396174,0.67933,0.0490539,0.976499,-0.208645,0.022603,-0.178981,0.0799403,0.739144,0.694609,0.287715,0.609158,-0.25232,0,0,0,0,0,0,0,-0.000543578,0.00168603,-0.00245237,-0.00228984,-17.2315,9.8623,-3.73642,7.63476,-1.48485,-0.0284883,-5.88945,2.0511,0,0,-12,0,0,0,0,0,6.20086,0,0,0,
0.492644,0.120926,0.843121,0.654519,0.466217,-0.509812,-0.307146,0,0,0,0,0,0,0.424742,0.396174,0.67933,0.0490539,0.976499,-0.208645,0.022603,-0.178981,0.0799403,0.739144,0.694609,0.287715,0.609158,-0.25232,0,0,0,0,0,0,0,0.00293235,0.00168654,-0.00245324,-0.00229069,-17.2361,9.86246,-3.74911,7.63751,-1.48303,-0.0279027,-5.89062,2.05147,0,0,-12,0,0,0,0,0,6.20086,0,0,0,
0.492644,0.120926,0.843121,0.654519,0.466217,-0.509812,-0.307146,0,0,0,0,0,0,0.424742,0.396174,0.67933,0.0490539,0.976499,-0.208645,0.022603,-0.178981,0.0799403,0.739144,0.694609,0.287715,0.609158,-0.25232,0,0,0,0,0,0,0,0.00143574,0.00168703,-0.00245411,-0.00229149,-17.2371,9.86239,-3.74457,7.63657,-1.48335,-0.027939,-5.89074,2.05151,0,0,-12,0,0,0,0,0,6.20086,0,0,0,
0.492644,0.120926,0.843121,0.654519,0.466217,-0.509812,-0.307146,0,0,0,0,0,0,0.424742,0.396174,0.67933,0.0490539,0.976499,-0.208645,0.022603,-0.178981,0.0799403,0.739144,0.694609,0.287715,0.609158,-0.25232,0,0,0,0,0,0,0,0.00196409,0.00168755,-0.002455,-0.00229235,-17.2419,9.8624,-3.74776,7.63733,-1.48243,-0.0275523,-5.89178,2.05185,0,0,-12,0,0,0,0,0,6.20086,0,0,0,
0.492644,0.120926,0.843121,0.654519,0.466217,-0.509812,-0.307146,0,0,0,0,0,0,0.424742,0.396174,0.67933,0.0490539,0.976499,-0.208645,0.022603,-0.178981,0.0799403,0.739144,0.694609,0.287715,0.609158,-0.25232,0,0,0,0,0,0,0,0.00199724,0.00168805,-0.00245587,-0.00229318,-17.2453,9.86239,-3.74892,7.63763,-1.48188,-0.0273038,-5.89249,2.05208,0,0,-12,0,0,0,0,0,6.20086,0,0,0,
0.492644,0.120926,0.843121,0.654519,0.466217,-0.509812,-0.307146,0,0,0,0,0,0,0.424742,0.396174,0.67933,0.0490539,0.976499,-0.208645,0.022603,-0.178981,0.0799403,0.739144,0.694609,0.287715,0.609158,-0.25232,0,0,0,0,0,0,0,6.73213e-05,0.00168858,-0.0024568,-0.00229404,-17.2476,9.86229,-3.74334,7.63649,-1.48214,-0.0272841,-5.89284,2.0522,0,0,-12,0,0,0,0,0,6.20086,0,0,0,
0.492644,0.120926,0.843121,0.654519,0.466217,-0.509812,-0.307146,0,0,0,0,0,0,0.424742,0.396174,0.67933,0.0490539,0.976499,-0.208645,0.022603,-0.178981,0.0799403,0.739144,0.694609,0.287715,0.609158,-0.25232,0,0,0,0,0,0,0,0.000491896,0.00168911,-0.00245772,-0.00229492,-17.2515,9.8623,-3.74595,7.6371,-1.48139,-0.0269657,-5.8937,2.05247,0,0,-12,0,0,0,0,0,6.20086,0,0,0,
0.492644,0.120926,0.843121,0.654519,0.466217,-0.509812,-0.307146,0,0,0,0,0,0,0.424742,0.396174,0.67933,0.0490539,0.976499,-0.208645,0.022603,-0.178981,0.0799403,0.739144,0.694609,0.287715,0.609158,-0.25232,0,0,0,0,0,0,0,-0.00158418,0.00168962,-0.00245861,-0.00229576,-17.2542,9.86218,-3.74003,7.6359,-1.48163,-0.0269255,-5.89413,2.05262,0,0,-12,0,0,0,0,0,6.20086,0,0,0,
0.492644,0.120926,0.843121,0.654519,0.466217,-0.509812,-0.307146,0,0,0,0,0,0,0.424742,0.396174,0.67933,0.0490539,0.976499,-0.208645,0.022603,-0.178981,0.0799403,0.739144,0.694609,0.287715,0.609158,-0.25232,0,0,0,0,0,0,0,0.003837,0.00169013,-0.0024595,-0.0022966,-17.2571,9.86246,-3.75852,7.63986,-1.47946,-0.026317,-5.89507,2.0529,0,0,-12,0,0,0,0,0,6.20086,0,0,0,
0.492644,0.120926,0.843121,0.654519,0.466217,-0.509812,-0.307146,0,0,0,0,0,0,0.424742,0.396174,0.67933,0.0490539,0.976499,-0.208645,0.022603,-0.178981,0.0799403,0.739144,0.694609,0.287715,0.609158,-0.25232,0,0,0,0,0,0,0,-0.00255091,0.00169063,-0.00246038,-0.00229744,-17.261,9.86212,-3.73898,7.63579,-1.48087,-0.0265063,-5.89549,2.05306,0,0,-12,0,0,0,0,0,6.20086,0,0,0,
0.492644,0.120926,0.843121,0.654519,0.466217,-0.509812,-0.307146,0,0,0,0,0,0,0.424742,0.396174,0.67933,0.0490539,0.976499,-0.208645,0.022603,-0.178981,0.0799403,0.739144,0.694609,0.287715,0.609158,-0.25232,0,0,0,0,0,0,0,0.00336635,0.00169114,-0.00246127,-0.00229827,-17.2631,9.86242,-3.75884,7.64002,-1.47867,-0.0259191,-5.89629,2.0533,0,0,-12,0,0,0,0,0,6.20086,0,0,0,
0.492644,0.120926,0.843121,0.654519,0.466217,-0.509812,-0.307146,0,0,0,0,0,0,0.424742,0.396174,0.67933,0.0490539,0.976499,-0.208645,0.022603,-0.178981,0.0799403,0.739144,0.694609,0.287715,0.609158,-0.25232,0,0,0,0,0,0,0,0.00153773,0.00169164,-0.00246213,-0.00229911,-17.2683,9.86231,-3.75451,7.63919,-1.47843,-0.0256769,-5.89727,2.05362,0,0,-12,0,0,0,0,0,6.20086,0,0,0,
0.492644,0.120926,0.843121,0.654519,0.466217,-0.509812,-0.307146,0,0,0,0,0,0,0.424742,0.396174,0.67933,0.0490539,0.976499,-0.208645,0.022603,-0.178981,0.0799403,0.739144,0.694609,0.287715,0.609158,-0.25232,0,0,0,0,0,0,0,0.000487433,0.00169214,-0.00246301,-0.00229992,-17.27,9.86225,-3.7516,7.63861,-1.47851,-0.0256355,-5.89755,2.05371,0,0,-12,0,0,0,0,0,6.20086,0,0,0,
0.492644,0.120926,0.843121,0.654519,0.466217,-0.509812,-0.307146,0,0,0,0,0,0,0.424742,0.396174,0.67933,0.0490539,0.976499,-0.208645,0.022603,-0.178981,0.0799403,0.739144,0.694609,0.287715,0.609158,-0.25232,0,0,0,0,0,0,0,-0.000631054,0.00169263,-0.00246387,-0.00230072,-17.272,9.86219,-3.7486,7.63801,-1.47854,-0.0255698,-5.89791,2.05383,0,0,-12,0,0,0,0,0,6.20086,0,0,0,
0.492644,0.120926,0.843121,0.654519,0.466217,-0.509812,-0.307146,0,0,0,0,0,0,0.424742,0.396174,0.67933,0.0490539,0.976499,-0.208645,0.022603,-0.178981,0.0799403,0.739144,0.694609,0.287715,0.609158,-0.25232,0,0,0,0,0,0,0,0.00240587,0.00169313,-0.00246474,-0.00230155,-17.2754,9.86234,-3.7595,7.64037,-1.47706,-0.0251043,-5.89879,2.05411,0,0,-12,0,0,0,0,0,6.20086,0,0,0,
0.492644,0.120926,0.843121,0.654519,0.466217,-0.509812,-0.307146,0,0,0,0,0,0,0.424742,0.396174,0.67933,0.0490539,0.976499,-0.208645,0.022603,-0.178981,0.0799403,0.739144,0.694609,0.287715,0.609158,-0.25232,0,0,0,0,0,0,0,0.000461201,0.00169364,-0.00246563,-0.00230237,-17.2775,9.86223,-3.75382,7.6392,-1.47735,-0.0250967,-5.89911,2.05422,0,0,-12,0,0,0,0,0,6.20086,0,0,0,
0.492644,0.120926,0.843121,0.654519,0.466217,-0.509812,-0.307146,0,0,0,0,0,0,0.424742,0.396174,0.67933,0.0490539,0.976499,-0.208645,0.022603,-0.178981,0.0799403,0.739144,0.694609,0.287715,0.609158,-0.25232,0,0,0,0,0,0,0,-0.001947,0.00169413,-0.00246649,-0.00230319,-17.2808,9.8621,-3.74704,7.63783,-1.47758,-0.0250319,-5.89967,2.05441,0,0,-12,0,0,0,0,0,6.20086,0,0,0,
0.492644,0.120926,0.843121,0.654519,0.466217,-0.509812,-0.307146,0,0,0,0,0,0,0.424742,0.396174,0.67933,0.0490539,0.976499,-0.208645,0.022603,-0.178981,0.0799403,0.739144,0.694609,0.287715,0.609158,-0.25232,0,0,0,0,0,0,0,0.00306457,0.00169464,-0.00246735,-0.00230404,-17.286,9.86234,-3.76491,7.64169,-1.47519,-0.024287,-5.90106,2.05484,0,0,-12,0,0,0,0,0,6.20086,0,0,0,
0.492644,0.120926,0.843121,0.654519,0.466217,-0.509812,-0.307146,0,0,0,0,0,0,0.424742,0.396174,0.67933,0.0490539,0.976499,-0.208645,0.022603,-0.178981,0.0799403,0.739144,0.694609,0.287715,0.609158,-0.25232,0,0,0,0,0,0,0,0.00115153,0.00169515,-0.00246827,-0.00230487,-17.2868,9.86224,-3.75895,7.64045,-1.47566,-0.0243685,-5.90111,2.05486,0,0,-12,0,0,0,0,0,6.20086,0,0,0,
0.492644,0.120926,0.843121,0.654519,0.466217,-0.509812,-0.307146,0,0,0,0,0,0,0.424742,0.396174,0.67933,0.0490539,0.976499,-0.208645,0.022603,-0.178981,0.0799403,0.739144,0.694609,0.287715,0.609158,-0.25232,0,0,0,0,0,0,0,0.00150821,0.00169566,-0.00246916,-0.00230571,-17.2899,9.86225,-3.76105,7.64094,-1.47507,-0.0241223,-5.90177,2.05507,0,0,-12,0,0,0,0,0,6.20086,0,0,0,
0.492644,0.120926,0.843121,0.654519,0.466217,-0.509812,-0.307146,0,0,0,0,0,0,0.424742,0.396174,0.67933,0.0490539,0.976499,-0.208645,0.022603,-0.178981,0.0799403,0.739144,0.694609,0.287715,0.609158,-0.25232,0,0,0,0,0,0,0,-0.00215086,0.00169618,-0.00247007,-0.00230656,-17.2925,9.86206,-3.74997,7.63864,-1.47582,-0.024204,-5.90209,2.05519,0,0,-12,0,0,0,0,0,6.20086,0,0,0,
0.492644,0.120926,0.843121,0.654519,0.466217,-0.509812,-0.307146,0,0,0,0,0,0,0.424742,0.396174,0.67933,0.0490539,0.976499,-0.208645,0.022603,-0.178981,0.0799403,0.739144,0.694609,0.287715,0.609158,-0.25232,0,0,0,0,0,0,0,-0.00261296,0.00169668,-0.00247094,-0.00230739,-17.2959,9.86202,-3.74951,7.6386,-1.47544,-0.0239937,-5.90277,2.05541,0,0,-12,0,0,0,0,0,6.20086,0,0,0,
0.492644,0.120926,0.843121,0.654519,0.466217,-0.509812,-0.307146,0,0,0,0,0,0,0.424742,0.396174,0.67933,0.0490539,0.976499,-0.208645,0.022603,-0.178981,0.0799403,0.739144,0.694609,0.287715,0.609158,-0.25232,0,0,0,0,0,0,0,-0.00225845,0.00169717,-0.0024718,-0.0023082,-17.2988,9.86203,-3.75155,7.63908,-1.47488,-0.023759,-5.9034,2.05561,0,0,-12,0,0,0,0,0,6.20086,0,0,0,
0.492644,0.120926,0.843121,0.654519,0.466217,-0.509812,-0.307146,0,0,0,0,0,0,0.424742,0.396174,0.67933,0.0490539,0.976499,-0.208645,0.022603,-0.178981,0.0799403,0.739144,0.694609,0.287715,0.609158,-0.25232,0,0,0,0,0,0,0,0.000480547,0.00169767,-0.00247267,-0.00230901,-17.3017,9.86217,-3.76134,7.6412,-1.47355,-0.023346,-5.90417,2.05585,0,0,-12,0,0,0,0,0,6.20086,0,0,0,
0.492644,0.120926,0.843121,0.654519,0.466217,-0.509812,-0.307146,0,0,0,0,0,0,0.424742,0.396174,0.67933,0.0490539,0.976499,-0.208645,0.022603,-0.178981,0.0799403,0.739144,0.694609,0.287715,0.609158,-0.25232,0,0,0,0,0,0,0,0.000982123,0.00169816,-0.00247353,-0.00230983,-17.3046,9.86219,-3.76387,7.64178,-1.47294,-0.0230992,-5.90481,2.05606,0,0,-12,0,0,0,0,0,6.20086,0,0,0,
0.492644,0.120926,0.843121,0.654519,0.466217,-0.509812,-0.307146,0,0,0,0,0,0,0.424742,0.396174,0.67933,0.0490539,0.976499,-0.208645,0.022603,-0.178981,0.0799403,0.739144,0.694609,0.287715,0.609158,-0.25232,0,0,0,0,0,0,0,-0.000283719,0.00169865,-0.00247439,-0.00231063,-17.307,9.86212,-3.7605,7.64111,-1.47296,-0.0230168,-5.90524,2.0562,0,0,-12,0,0,0,0,0,6.20086,0,0,0,
0.492644,0.120926,0.843121,0.654519,0.466217,-0.509812,-0.307146,0,0,0,0,0,0,0.424742,0.396174,0.67933,0.0490539,0.976499,-0.208645,0.022603,-0.178981,0.0799403,0.739144,0.694609,0.287715,0.609158,-0.25232,0,0,0,0,0,0,0,0.000442511,0.00169917,-0.00247526,-0.0023115,-17.3131,9.86214,-3.76475,7.64211,-1.47177,-0.0225205,-5.90657,2.05663,0,0,-12,0,0,0,0,0,6.20086,0,0,0,
0.492644,0.120926,0.843121,0.654519,0.466217,-0.509812,-0.307146,0,0,0,0,0,0,0.424742,0.396174,0.67933,0.0490539,0.976499,-0.208645,0.022603,-0.178981,0.0799403,0.739144,0.694609,0.287715,0.609158,-0.25232,0,0,0,0,0,0,0,-0.000513558,0.00169966,-0.00247614,-0.0023123,-17.3141,9.86208,-3.76194,7.64153,-1.47193,-0.0225223,-5.90671,2.05668,0,0,-12,0,0,0,0,0,6.20086,0,0,0,
0.492644,0.120926,0.843121,0.654519,0.466217,-0.509812,-0.307146,0,0,0,0,0,0,0.424742,0.396174,0.67933,0.0490539,0.976499,-0.208645,0.022603,-0.178981,0.0799403,0.739144,0.694609,0.287715,0.609158,-0.25232,0,0,0,0,0,0,0,-0.000370379,0.0017002,-0.00247708,-0.00231317,-17.3166,9.86209,-3.76318,7.64184,-1.47148,-0.0223286,-5.90725,2.05685,0,0,-12,0,0,0,0,0,6.20086,0,0,0,
0.492644,0.120926,0.843121,0.654519,0.466217,-0.509812,-0.307146,0,0,0,0,0,0,0.424742,0.396174,0.67933,0.0490539,0.976499,-0.208645,0.022603,-0.178981,0.0799403,0.739144,0.694609,0.287715,0.609158,-0.25232,0,0,0,0,0,0,0,4.16546e-05,0.0017007,-0.00247795,-0.002314,-17.3191,9.8621,-3.76529,7.64233,-1.47096,-0.0221176,-5.9078,2.05702,0,0,-12,0,0,0,0,0,6.20086,0,0,0,
0.492644,0.120926,0.843121,0.654519,0.466217,-0.509812,-0.307146,0,0,0,0,0,0,0.424742,0.396174,0.67933,0.0490539,0.976499,-0.208645,0.022603,-0.178981,0.0799403,0.739144,0.694609,0.287715,0.609158,-0.25232,0,0,0,0,0,0,0,0.00248978,0.0017012,-0.00247882,-0.00231482,-17.323,9.86222,-3.77442,7.64432,-1.46959,-0.0216611,-5.90874,2.05732,0,0,-12,0,0,0,0,0,6.20086,0,0,0,
0.492644,0.120926,0.843121,0.654519,0.466217,-0.509812,-0.307146,0,0,0,0,0,0,0.424742,0.396174,0.67933,0.0490539,0.976499,-0.208645,0.022603,-0.178981,0.0799403,0.739144,0.694609,0.287715,0.609158,-0.25232,0,0,0,0,0,0,0,0.0016309,0.00170172,-0.00247973,-0.00231567,-17.3251,9.86217,-3.7723,7.64391,-1.46952,-0.0215667,-5.90915,2.05746,0,0,-12,0,0,0,0,0,6.20086,0,0,0,
0.492644,0.120926,0.843121,0.654519,0.466217,-0.509812,-0.307146,0,0,0,0,0,0,0.424742,0.396174,0.67933,0.0490539,0.976499,-0.208645,0.022603,-0.178981,0.0799403,0.739144,0.694609,0.287715,0.609158,-0.25232,0,0,0,0,0,0,0,0.0041056,0.00170225,-0.00248067,-0.00231656,-17.3287,9.86229,-3.78144,7.6459,-1.46818,-0.0211254,-5.91005,2.05774,0,0,-12,0,0,0,0,0,6.20086,0,0,0,
0.492644,0.120926,0.843121,0.654519,0.466217,-0.509812,-0.307146,0,0,0,0,0,0,0.424742,0.396174,0.67933,0.0490539,0.976499,-0.208645,0.022603,-0.178981,0.0799403,0.739144,0.694609,0.287715,0.609158,-0.25232,0,0,0,0,0,0,0,0.000837592,0.00170275,-0.00248153,-0.00231738,-17.3317,9.86211,-3.77173,7.6439,-1.46875,-0.0211553,-5.91046,2.05788,0,0,-12,0,0,0,0,0,6.20086,0,0,0,
0.492644,0.120926,0.843121,0.654519,0.466217,-0.509812,-0.307146,0,0,0,0,0,0,0.424742,0.396174,0.67933,0.0490539,0.976499,-0.208645,0.022603,-0.178981,0.0799403,0.739144,0.694609,0.287715,0.609158,-0.25232,0,0,0,0,0,0,0,-0.000558088,0.00170324,-0.00248239,-0.00231819,-17.3346,9.86203,-3.76809,7.64318,-1.46874,-0.0210484,-5.91098,2.05806,0,0,-12,0,0,0,0,0,6.20086,0,0,0,
0.492644,0.120926,0.843121,0.654519,0.466217,-0.509812,-0.307146,0,0,0,0,0,0,0.424742,0.396174,0.67933,0.0490539,0.976499,-0.208645,0.022603,-0.178981,0.0799403,0.739144,0.694609,0.287715,0.609158,-0.25232,0,0,0,0,0,0,0,0.00124136,0.00170375,-0.00248329,-0.00231903,-17.3375,9.86212,-3.77483,7.64465,-1.46772,-0.0207048,-5.9117,2.05828,0,0,-12,0,0,0,0,0,6.20086,0,0,0,
0.492644,0.120926,0.843121,0.654519,0.466217,-0.509812,-0.307146,0,0,0,0,0,0,0.424742,0.396174,0.67933,0.0490539,0.976499,-0.208645,0.022603,-0.178981,0.0799403,0.739144,0.694609,0.287715,0.609158,-0.25232,0,0,0,0,0,0,0,6.16074e-05,0.00170431,-0.00248426,-0.00231995,-17.3409,9.86205,-3.77204,7.64412,-1.46756,-0.0205484,-5.91233,2.05849,0,0,-12,0,0,0,0,0,6.20086,0,0,0,
0.492644,0.120926,0.843121,0.654519,0.466217,-0.509812,-0.307146,0,0,0,0,0,0,0.424742,0.396174,0.67933,0.0490539,0.976499,-0.208645,0.022603,-0.178981,0.0799403,0.739144,0.694609,0.287715,0.609158,-0.25232,0,0,0,0,0,0,0,-0.00422184,0.00170482,-0.00248513,-0.0023208,-17.3461,9.86181,-3.75974,7.64161,-1.4681,-0.0204871,-5.91316,2.05877,0,0,-12,0,0,0,0,0,6.20086,0,0,0,
0.492644,0.120926,0.843121,0.654519,0.466217,-0.509812,-0.307146,0,0,0,0,0,0,0.424742,0.396174,0.67933,0.0490539,0.976499,-0.208645,0.022603,-0.178981,0.0799403,0.739144,0.694609,0.287715,0.609158,-0.25232,0,0,0,0,0,0,0,-0.00389934,0.00170531,-0.00248601,-0.0023216,-17.3468,9.86183,-3.76101,7.64189,-1.46788,-0.0204093,-5.91334,2.05883,0,0,-12,0,0,0,0,0,6.20086,0,0,0,
0.492644,0.120926,0.843121,0.654519,0.466217,-0.509812,-0.307146,0,0,0,0,0,0,0.424742,0.396174,0.67933,0.0490539,0.976499,-0.208645,0.022603,-0.178981,0.0799403,0.739144,0.694609,0.287715,0.609158,-0.25232,0,0,0,0,0,0,0,-0.00120937,0.00170581,-0.00248687,-0.00232242,-17.3502,9.86196,-3.77078,7.64401,-1.46651,-0.019969,-5.9142,2.0591,0,0,-12,0,0,0,0,0,6.20086,0,0,0,
0.492644,0.120926,0.843121,0.654519,0.466217,-0.509812,-0.307146,0,0,0,0,0,0,0.424742,0.396174,0.67933,0.0490539,0.976499,-0.208645,0.022603,-0.178981,0.0799403,0.739144,0.694609,0.287715,0.609158,-0.25232,0,0,0,0,0,0,0,-4.30341e-05,0.00170635,-0.00248781,-0.00232329,-17.3525,9.86201,-3.77528,7.645,-1.46578,-0.0197168,-5.91475,2.05927,0,0,-12,0,0,0,0,0,6.20086,0,0,0,
0.492644,0.120926,0.843121,0.654519,0.466217,-0.509812,-0.307146,0,0,0,0,0,0,0.424742,0.396174,0.67933,0.0490539,0.976499,-0.208645,0.022603,-0.178981,0.0799403,0.739144,0.694609,0.287715,0.609158,-0.25232,0,0,0,0,0,0,0,0.00159818,0.00170689,-0.00248875,-0.00232419,-17.3565,9.86208,-3.78184,7.64645,-1.46463,-0.019306,-5.91569,2.05957,0,0,-12,0,0,0,0,0,6.20086,0,0,0,
0.492644,0.120926,0.843121,0.654519,0.466217,-0.509812,-0.307146,0,0,0,0,0,0,0.424742,0.396174,0.67933,0.0490539,0.976499,-0.208645,0.022603,-0.178981,0.0799403,0.739144,0.694609,0.287715,0.609158,-0.25232,0,0,0,0,0,0,0,0.00110431,0.00170741,-0.00248967,-0.00232505,-17.3587,9.86205,-3.78093,7.6463,-1.46444,-0.0191794,-5.91613,2.05971,0,0,-12,0,0,0,0,0,6.20086,0,0,0,
0.492644,0.120926,0.843121,0.654519,0.466217,-0.509812,-0.307146,0,0,0,0,0,0,0.424742,0.396174,0.67933,0.0490539,0.976499,-0.208645,0.022603,-0.178981,0.0799403,0.739144,0.694609,0.287715,0.609158,-0.25232,0,0,0,0,0,0,0,-9.88524e-05,0.00170791,-0.00249053,-0.00232587,-17.3623,9.86198,-3.77812,7.64576,-1.46426,-0.0190127,-5.9168,2.05993,0,0,-12,0,0,0,0,0,6.20086,0,0,0,
0.492644,0.120926,0.843121,0.654519,0.466217,-0.509812,-0.307146,0,0,0,0,0,0,0.424742,0.396174,0.67933,0.0490539,0.976499,-0.208645,0.022603,-0.178981,0.0799403,0.739144,0.694609,0.287715,0.609158,-0.25232,0,0,0,0,0,0,0,-0.00296366,0.0017084,-0.00249142,-0.00232667,-17.3624,9.86183,-3.76884,7.6438,-1.46515,-0.0192174,-5.91665,2.05989,0,0,-12,0,0,0,0,0,6.20086,0,0,0,
0.492644,0.120926,0.843121,0.654519,0.466217,-0.509812,-0.307146,0,0,0,0,0,0,0.424742,0.396174,0.67933,0.0490539,0.976499,-0.208645,0.022603,-0.178981,0.0799403,0.739144,0.694609,0.287715,0.609158,-0.25232,0,0,0,0,0,0,0,-0.00261318,0.0017089,-0.00249227,-0.00232751,-17.3682,9.86184,-3.77177,7.64452,-1.46413,-0.0187698,-5.91789,2.06029,0,0,-12,0,0,0,0,0,6.20086,0,0,0,
0.492644,0.120926,0.843121,0.654519,0.466217,-0.509812,-0.307146,0,0,0,0,0,0,0.424742,0.396174,0.67933,0.0490539,0.976499,-0.208645,0.022603,-0.178981,0.0799403,0.739144,0.694609,0.287715,0.609158,-0.25232,0,0,0,0,0,0,0,-0.00088632,0.0017094,-0.00249316,-0.00232831,-17.3687,9.86193,-3.77752,7.64574,-1.46352,-0.0186106,-5.91808,2.06035,0,0,-12,0,0,0,0,0,6.20086,0,0,0,
0.492644,0.120926,0.843121,0.654519,0.466217,-0.509812,-0.307146,0,0,0,0,0,0,0.424742,0.396174,0.67933,0.0490539,0.976499,-0.208645,0.022603,-0.178981,0.0799403,0.739144,0.694609,0.287715,0.609158,-0.25232,0,0,0,0,0,0,0,-0.00143192,0.0017099,-0.00249403,-0.00232913,-17.3713,9.86189,-3.77657,7.64559,-1.46327,-0.0184589,-5.91861,2.06052,0,0,-12,0,0,0,0,0,6.20086,0,0,0,
0.492644,0.120926,0.843121,0.654519,0.466217,-0.509812,-0.307146,0,0,0,0,0,0,0.424742,0.396174,0.67933,0.0490539,0.976499,-0.208645,0.022603,-0.178981,0.0799403,0.739144,0.694609,0.287715,0.609158,-0.25232,0,0,0,0,0,0,0,-0.00151252,0.00171041,-0.00249491,-0.00232997,-17.3753,9.86188,-3.77753,7.64586,-1.46268,-0.0181775,-5.91943,2.06079,0,0,-12,0,0,0,0,0,6.20086,0,0,0,
0.492644,0.120926,0.843121,0.654519,0.466217,-0.509812,-0.307146,0,0,0,0,0,0,0.424742,0.396174,0.67933,0.0490539,0.976499,-0.208645,0.022603,-0.178981,0.0799403,0.739144,0.694609,0.287715,0.609158,-0.25232,0,0,0,0,0,0,0,-0.00106134,0.00171089,-0.00249576,-0.00233077,-17.378,9.86189,-3.77982,7.64639,-1.46212,-0.0179514,-5.92002,2.06098,0,0,-12,0,0,0,0,0,6.20086,0,0,0,
0.492644,0.120926,0.843121,0.654519,0.466217,-0.509812,-0.307146,0,0,0,0,0,0,0.424742,0.396174,0.67933,0.0490539,0.976499,-0.208645,0.022603,-0.178981,0.0799403,0.739144,0.694609,0.287715,0.609158,-0.25232,0,0,0,0,0,0,0,-0.000836321,0.00171138,-0.00249663,-0.00233155,-17.3782,9.8619,-3.78061,7.64656,-1.46201,-0.0179196,-5.92008,2.06099,0,0,-12,0,0,0,0,0,6.20086,0,0,0,
0.492644,0.120926,0.843121,0.654519,0.466217,-0.509812,-0.307146,0,0,0,0,0,0,0.424742,0.396174,0.67933,0.0490539,0.976499,-0.208645,0.022603,-0.178981,0.0799403,0.739144,0.694609,0.287715,0.609158,-0.25232,0,0,0,0,0,0,0,0.00330397,0.00171188,-0.00249755,-0.00233232,-17.3743,9.86213,-3.79287,7.64908,-1.46131,-0.0178933,-5.91952,2.0608,0,0,-12,0,0,0,0,0,6.20086,0,0,0,
0.492644,0.120926,0.843121,0.654519,0.466217,-0.509812,-0.307146,0,0,0,0,0,0,0.424742,0.396174,0.67933,0.0490539,0.976499,-0.208645,0.022603,-0.178981,0.0799403,0.739144,0.694609,0.287715,0.609158,-0.25232,0,0,0,0,0,0,0,-0.00114052,0.00171238,-0.00249839,-0.00233319,-17.3822,9.86188,-3.78086,7.64668,-1.46148,-0.0176516,-5.9209,2.06126,0,0,-12,0,0,0,0,0,6.20086,0,0,0,
0.492644,0.120926,0.843121,0.654519,0.466217,-0.509812,-0.307146,0,0,0,0,0,0,0.424742,0.396174,0.67933,0.0490539,0.976499,-0.208645,0.022603,-0.178981,0.0799403,0.739144,0.694609,0.287715,0.609158,-0.25232,0,0,0,0,0,0,0,0.000100975,0.00171289,-0.00249928,-0.00233402,-17.3843,9.86194,-3.78553,7.6477,-1.46076,-0.0174105,-5.92141,2.06142,0,0,-12,0,0,0,0,0,6.20086,0,0,0,
0.492644,0.120926,0.843121,0.654519,0.466217,-0.509812,-0.307146,0,0,0,0,0,0,0.424742,0.396174,0.67933,0.0490539,0.976499,-0.208645,0.022603,-0.178981,0.0799403,0.739144,0.694609,0.287715,0.609158,-0.25232,0,0,0,0,0,0,0,0.00116825,0.00171338,-0.00250024,-0.00233471,-17.373,9.86202,-3.78551,7.64751,-1.4622,-0.01815,-5.91911,2.06067,0,0,-12,0,0,0,0,0,6.20086,0,0,0,
0.492644,0.120926,0.843121,0.654519,0.466217,-0.509812,-0.307146,0,0,0,0,0,0,0.424742,0.396174,0.67933,0.0490539,0.976499,-0.208645,0.022603,-0.178981,0.0799403,0.739144,0.694609,0.287715,0.609158,-0.25232,0,0,0,0,0,0,0,-0.00257348,0.00171388,-0.00250107,-0.00233558,-17.3817,9.86181,-3.77604,7.64565,-1.46202,-0.0177965,-5.9207,2.0612,0,0,-12,0,0,0,0,0,6.20086,0,0,0,
0.492644,0.120926,0.843121,0.654519,0.466217,-0.509812,-0.307146,0,0,0,0,0,0,0.424742,0.396174,0.67933,0.0490539,0.976499,-0.208645,0.022603,-0.178981,0.0799403,0.739144,0.694609,0.287715,0.609158,-0.25232,0,0,0,0,0,0,0,-0.00349171,0.00171438,-0.00250191,-0.00233645,-17.3895,9.86174,-3.77547,7.64566,-1.46108,-0.0172987,-5.92228,2.06171,0,0,-12,0,0,0,0,0,6.20086,0,0,0,
0.492644,0.120926,0.843121,0.654519,0.466217,-0.509812,-0.307146,0,0,0,0,0,0,0.424742,0.396174,0.67933,0.0490539,0.976499,-0.208645,0.022603,-0.178981,0.0799403,0.739144,0.694609,0.287715,0.609158,-0.25232,0,0,0,0,0,0,0,-0.00114196,0.00171494,-0.00250282,-0.00233743,-17.4012,9.86183,-3.78671,7.64823,-1.45851,-0.0162784,-5.92487,2.06254,0,0,-12,0,0,0,0,0,6.20086,0,0,0,
0.492644,0.120926,0.843121,0.654519,0.466217,-0.509812,-0.307146,0,0,0,0,0,0,0.424742,0.396174,0.67933,0.0490539,0.976499,-0.208645,0.022603,-0.178981,0.0799403,0.739144,0.694609,0.287715,0.609158,-0.25232,0,0,0,0,0,0,0,0.00293626,0.00171549,-0.00250378,-0.00233833,-17.4036,9.86203,-3.80068,7.65122,-1.45685,-0.0158079,-5.92561,2.06277,0,0,-12,0,0,0,0,0,6.20086,0,0,0,
0.492644,0.120926,0.843121,0.654519,0.466217,-0.509812,-0.307146,0,0,0,0,0,0,0.424742,0.396174,0.67933,0.0490539,0.976499,-0.208645,0.022603,-0.178981,0.0799403,0.739144,0.694609,0.287715,0.609158,-0.25232,0,0,0,0,0,0,0,0.00224903,0.001716,-0.0025047,-0.00233915,-17.4033,9.862,-3.79838,7.65073,-1.4571,-0.0158751,-5.92552,2.06274,0,0,-12,0,0,0,0,0,6.20086,0,0,0,
0.492644,0.120926,0.843121,0.654519,0.466217,-0.509812,-0.307146,0,0,0,0,0,0,0.424742,0.396174,0.67933,0.0490539,0.976499,-0.208645,0.022603,-0.178981,0.0799403,0.739144,0.694609,0.287715,0.609158,-0.25232,0,0,0,0,0,0,0,0.00318173,0.00171651,-0.00250555,-0.00234002,-17.411,9.86203,-3.80377,7.652,-1.45561,-0.0152511,-5.92718,2.06328,0,0,-12,0,0,0,0,0,6.20086,0,0,0,
0.492644,0.120926,0.843121,0.654519,0.466217,-0.509812,-0.307146,0,0,0,0,0,0,0.424742,0.396174,0.67933,0.0490539,0.976499,-0.208645,0.022603,-0.178981,0.0799403,0.739144,0.694609,0.287715,0.609158,-0.25232,0,0,0,0,0,0,0,0.00129651,0.00171702,-0.00250646,-0.00234085,-17.4119,9.86193,-3.79792,7.65078,-1.45607,-0.0153273,-5.92725,2.0633,0,0,-12,0,0,0,0,0,6.20086,0,0,0,
0.492644,0.120926,0.843121,0.654519,0.466217,-0.509812,-0.307146,0,0,0,0,0,0,0.424742,0.396174,0.67933,0.0490539,0.976499,-0.208645,0.022603,-0.178981,0.0799403,0.739144,0.694609,0.287715,0.609158,-0.25232,0,0,0,0,0,0,0,-0.00183591,0.00171756,-0.00250743,-0.00234171,-17.4118,9.86177,-3.78772,7.64862,-1.45707,-0.0155647,-5.92704,2.06325,0,0,-12,0,0,0,0,0,6.20086,0,0,0,
0.492644,0.120926,0.843121,0.654519,0.466217,-0.509812,-0.307146,0,0,0,0,0,0,0.424742,0.396174,0.67933,0.0490539,0.976499,-0.208645,0.022603,-0.178981,0.0799403,0.739144,0.694609,0.287715,0.609158,-0.25232,0,0,0,0,0,0,0,-0.000240812,0.00171811,-0.0025084,-0.00234262,-17.4147,9.86184,-3.79378,7.64995,-1.45612,-0.0152391,-5.92774,2.06347,0,0,-12,0,0,0,0,0,6.20086,0,0,0,
0.492644,0.120926,0.843121,0.654519,0.466217,-0.509812,-0.307146,0,0,0,0,0,0,0.424742,0.396174,0.67933,0.0490539,0.976499,-0.208645,0.022603,-0.178981,0.0799403,0.739144,0.694609,0.287715,0.609158,-0.25232,0,0,0,0,0,0,0,0.000325005,0.00171863,-0.00250933,-0.00234344,-17.4135,9.86187,-3.79525,7.65024,-1.45613,-0.0152853,-5.92752,2.06339,0,0,-12,0,0,0,0,0,6.20086,0,0,0,
0.492644,0.120926,0.843121,0.654519,0.466217,-0.509812,-0.307146,0,0,0,0,0,0,0.424742,0.396174,0.67933,0.0490539,0.976499,-0.208645,0.022603,-0.178981,0.0799403,0.739144,0.694609,0.287715,0.609158,-0.25232,0,0,0,0,0,0,0,-0.001897,0.00171912,-0.00251016,-0.00234429,-17.421,9.86174,-3.79035,7.64934,-1.45565,-0.0149042,-5.92896,2.06387,0,0,-12,0,0,0,0,0,6.20086,0,0,0,
0.492644,0.120926,0.843121,0.654519,0.466217,-0.509812,-0.307146,0,0,0,0,0,0,0.424742,0.396174,0.67933,0.0490539,0.976499,-0.208645,0.022603,-0.178981,0.0799403,0.739144,0.694609,0.287715,0.609158,-0.25232,0,0,0,0,0,0,0,0.00142667,0.00171963,-0.00251106,-0.00234511,-17.4222,9.86191,-3.80151,7.65171,-1.45442,-0.0145746,-5.92941,2.064,0,0,-12,0,0,0,0,0,6.20086,0,0,0,
0.492644,0.120926,0.843121,0.654519,0.466217,-0.509812,-0.307146,0,0,0,0,0,0,0.424742,0.396174,0.67933,0.0490539,0.976499,-0.208645,0.022603,-0.178981,0.0799403,0.739144,0.694609,0.287715,0.609158,-0.25232,0,0,0,0,0,0,0,0.000650267,0.00172012,-0.00251192,-0.00234592,-17.4251,9.86186,-3.79987,7.65142,-1.45421,-0.0144239,-5.92996,2.06418,0,0,-12,0,0,0,0,0,6.20086,0,0,0,
0.492644,0.120926,0.843121,0.654519,0.466217,-0.509812,-0.307146,0,0,0,0,0,0,0.424742,0.396174,0.67933,0.0490539,0.976499,-0.208645,0.022603,-0.178981,0.0799403,0.739144,0.694609,0.287715,0.609158,-0.25232,0,0,0,0,0,0,0,0.00195084,0.00172062,-0.00251285,-0.00234668,-17.4197,9.86194,-3.80244,7.65187,-1.45464,-0.0147169,-5.92892,2.06384,0,0,-12,0,0,0,0,0,6.20086,0,0,0,
0.492644,0.120926,0.843121,0.654519,0.466217,-0.509812,-0.307146,0,0,0,0,0,0,0.424742,0.396174,0.67933,0.0490539,0.976499,-0.208645,0.022603,-0.178981,0.0799403,0.739144,0.694609,0.287715,0.609158,-0.25232,0,0,0,0,0,0,0,-0.00250294,0.00172111,-0.00251368,-0.00234751,-17.4256,9.8617,-3.78979,7.6493,-1.45513,-0.014619,-5.92988,2.06417,0,0,-12,0,0,0,0,0,6.20086,0,0,0,
0.492644,0.120926,0.843121,0.654519,0.466217,-0.509812,-0.307146,0,0,0,0,0,0,0.424742,0.396174,0.67933,0.0490539,0.976499,-0.208645,0.022603,-0.178981,0.0799403,0.739144,0.694609,0.287715,0.609158,-0.25232,0,0,0,0,0,0,0,0.00344944,0.00172161,-0.00251451,-0.00234837,-17.4339,9.86198,-3.81167,7.65406,-1.45195,-0.0135819,-5.93197,2.06482,0,0,-12,0,0,0,0,0,6.20086,0,0,0,
0.492644,0.120926,0.843121,0.654519,0.466217,-0.509812,-0.307146,0,0,0,0,0,0,0.424742,0.396174,0.67933,0.0490539,0.976499,-0.208645,0.022603,-0.178981,0.0799403,0.739144,0.694609,0.287715,0.609158,-0.25232,0,0,0,0,0,0,0,-0.00186444,0.0017221,-0.0025154,-0.00234915,-17.4322,9.86171,-3.79389,7.65027,-1.4539,-0.0140962,-5.9313,2.06462,0,0,-12,0,0,0,0,0,6.20086,0,0,0,
0.492644,0.120926,0.843121,0.654519,0.466217,-0.509812,-0.307146,0,0,0,0,0,0,0.424742,0.396174,0.67933,0.0490539,0.976499,-0.208645,0.022603,-0.178981,0.0799403,0.739144,0.694609,0.287715,0.609158,-0.25232,0,0,0,0,0,0,0,-0.00173269,0.00172261,-0.00251628,-0.00234999,-17.436,9.86171,-3.79548,7.65067,-1.45326,-0.0138142,-5.93209,2.06488,0,0,-12,0,0,0,0,0,6.20086,0,0,0,
0.492644,0.120926,0.843121,0.654519,0.466217,-0.509812,-0.307146,0,0,0,0,0,0,0.424742,0.396174,0.67933,0.0490539,0.976499,-0.208645,0.022603,-0.178981,0.0799403,0.739144,0.694609,0.287715,0.609158,-0.25232,0,0,0,0,0,0,0,0.000945337,0.0017231,-0.00251714,-0.00235081,-17.4395,9.86184,-3.80526,7.6528,-1.45187,-0.0133644,-5.93299,2.06516,0,0,-12,0,0,0,0,0,6.20086,0,0,0,
0.492644,0.120926,0.843121,0.654519,0.466217,-0.509812,-0.307146,0,0,0,0,0,0,0.424742,0.396174,0.67933,0.0490539,0.976499,-0.208645,0.022603,-0.178981,0.0799403,0.739144,0.694609,0.287715,0.609158,-0.25232,0,0,0,0,0,0,0,0.000849868,0.00172361,-0.00251801,-0.00235167,-17.4451,9.86182,-3.80668,7.65319,-1.45102,-0.0129656,-5.93415,2.06553,0,0,-12,0,0,0,0,0,6.20086,0,0,0,
0.492644,0.120926,0.843121,0.654519,0.466217,-0.509812,-0.307146,0,0,0,0,0,0,0.424742,0.396174,0.67933,0.0490539,0.976499,-0.208645,0.022603,-0.178981,0.0799403,0.739144,0.694609,0.287715,0.609158,-0.25232,0,0,0,0,0,0,0,-0.000146319,0.00172412,-0.00251897,-0.00235242,-17.438,9.86179,-3.80125,7.65193,-1.45245,-0.0135519,-5.93261,2.06504,0,0,-12,0,0,0,0,0,6.20086,0,0,0,
0.492644,0.120926,0.843121,0.654519,0.466217,-0.509812,-0.307146,1.02739e-07,-8.95942e-07,-1.48125e-06,5.08085e-06,1.41746e-06,-5.04949e-07,0.424742,0.396174,0.67933,0.0490539,0.976499,-0.208645,0.0226029,-0.178981,0.0799403,0.739144,0.694609,0.287715,0.609158,-0.25232,0,0,0,0,0,0,0,0.00291514,0.00267588,-0.00443263,-0.00297502,-17.4475,9.86336,-3.81284,7.65607,-1.45016,-0.0127215,-5.93476,2.06588,0,0,-12,0,0,0,0,0,6.20086,0,0,0,
0.492644,0.120926,0.843121,0.654519,0.466217,-0.509812,-0.307146,1.02661e-07,-8.95265e-07,-1.48014e-06,5.07701e-06,1.41639e-06,-5.04568e-07,0.424742,0.396174,0.67933,0.0490539,0.976499,-0.208645,0.0226029,-0.178981,0.0799403,0.739144,0.694609,0.287715,0.609158,-0.25232,0,0,0,0,0,0,0,-0.00113722,0.00173848,-0.00255684,-0.00236592,-17.4522,9.86172,-3.80238,7.65242,-1.45054,-0.0126038,-5.93551,2.06598,0,0,-12,0,0,0,0,0,6.20086,0,0,0,
0.492644,0.120926,0.843121,0.654519,0.466217,-0.509812,-0.307146,1.0266e-07,-8.95256e-07,-1.48012e-06,5.07696e-06,1.41637e-06,-5.04563e-07,0.424742,0.396174,0.67933,0.0490539,0.976499,-0.208645,0.0226029,-0.178981,0.0799403,0.739144,0.694609,0.287715,0.609158,-0.25232,0,0,0,0,0,0,0,-0.000939538,0.00173901,-0.00256188,-0.00236226,-16.8899,9.86332,-3.62985,7.60666,-1.53838,-0.0532075,-5.81807,2.02807,0,0,-12,0,0,0,0,0,6.20086,0,0,0,
0.492644,0.120926,0.843121,0.654519,0.466217,-0.509812,-0.307146,1.68564e-06,3.48666e-07,-1.12887e-07,-1.25447e-07,2.171e-06,4.83221e-06,0.424742,0.396174,0.67933,0.0490536,0.976499,-0.208645,0.0226029,-0.178981,0.0799403,0.739144,0.694609,0.287715,0.609158,-0.25232,0,0,0,0,0,0,0,-0.00273472,0.000892813,-0.000579833,-0.00276545,-16.7794,9.86212,-3.59127,7.59512,-1.55602,-0.0613914,-5.795,2.02043,0,0,-12,0,0,0,0,0,6.20086,0,0,0,
0.492644,0.120926,0.843121,0.654519,0.466217,-0.509812,-0.307146,1.68564e-06,3.48666e-07,-1.12887e-07,-1.25447e-07,2.171e-06,4.83221e-06,0.424742,0.396174,0.67933,0.0490536,0.976499,-0.208645,0.0226029,-0.178981,0.0799403,0.739144,0.694609,0.287715,0.609158,-0.25232,0,0,0,0,0,0,0,-0.00128543,0.00172798,-0.00253261,-0.00236424,-15.923,9.86601,-3.33094,7.52747,-1.68965,-0.123086,-5.61606,1.96284,0,0,-12,0,0,0,0,0,6.20086,0,0,0,
0.492644,0.120926,0.843121,0.654519,0.466217,-0.509812,-0.307146,0,0,0,0,0,0,0.424742,0.396174,0.67933,0.0490539,0.976499,-0.208645,0.022603,-0.178981,0.0799403,0.739144,0.694609,0.287715,0.609158,-0.25232,0,0,0,0,0,0,0,-0.00311321,0.0016377,-0.00263984,-0.00132845,-15.4789,9.86716,-3.18817,7.49001,-1.75971,-0.155157,-5.52305,1.93287,0,0,-12,0,0,0,0,0,6.20086,0,0,0,
0.492644,0.120926,0.843121,0.654519,0.466217,-0.509812,-0.307146,0,0,0,0,0,0,0.424742,0.396174,0.67933,0.0490539,0.976499,-0.208645,0.022603,-0.178981,0.0799403,0.739144,0.694609,0.287715,0.609158,-0.25232,0,0,0,0,0,0,0,0.00179956,0.00172775,-0.00254394,-0.0023381,-14.8281,9.86926,-3.0037,7.44021,-1.85986,-0.20196,-5.3875,1.88904,0,0,-12,0,0,0,0,0,6.20086,0,0,0,
0.492644,0.120926,0.843121,0.654519,0.466217,-0.509812,-0.307146,1.68692e-06,3.4893e-07,-1.12973e-07,-1.25542e-07,2.17264e-06,4.83586e-06,0.424742,0.396174,0.67933,0.0490536,0.976499,-0.208645,0.0226029,-0.178981,0.0799403,0.739144,0.694609,0.287715,0.609158,-0.25232,0,0,0,0,0,0,0,0.00208961,0.00181552,-0.00244514,-0.00333308,-14.926,9.869,-3.03484,7.44836,-1.8444,-0.195004,-5.40809,1.89565,0,0,-12,0,0,0,0,0,6.20086,0,0,0,
0.492644,0.120926,0.843121,0.654519,0.466217,-0.509812,-0.307146,1.58433e-06,1.24352e-06,1.36604e-06,-5.19872e-06,7.57322e-07,5.34005e-06,0.424742,0.396174,0.67933,0.0490536,0.976499,-0.208645,0.0226029,-0.178981,0.0799403,0.739144,0.694609,0.287715,0.609158,-0.25232,0,0,0,0,0,0,0,0.0065498,0.00173006,-0.0025471,-0.00235595,-14.3547,9.87084,-2.87332,7.40482,-1.93236,-0.235811,-5.2889,1.85719,0,0,-12,0,0,0,0,0,6.20086,0,0,0,
0.492644,0.120926,0.843121,0.654519,0.466217,-0.509812,-0.307146,1.58418e-06,1.24486e-06,1.36827e-06,-5.20634e-06,7.55196e-07,5.34081e-06,0.424742,0.396174,0.67933,0.0490536,0.976499,-0.208645,0.0226029,-0.178981,0.0799403,0.739144,0.694609,0.287715,0.609158,-0.25232,0,0,0,0,0,0,0,-0.00149942,0.00173055,-0.00255125,-0.00235321,-13.8772,9.87177,-2.70012,7.36033,-2.00955,-0.270897,-5.18867,1.82486,0,0,-12,0,0,0,0,0,6.20086,0,0,0,
0.492644,0.120926,0.843121,0.654519,0.466217,-0.509812,-0.307146,1.6869e-06,3.48927e-07,-1.12972e-07,-1.2554e-07,2.17262e-06,4.83582e-06,0.424742,0.396174,0.67933,0.0490537,0.976499,-0.208645,0.0226028,-0.178981,0.0799403,0.739144,0.694609,0.287715,0.609158,-0.25232,0,0,0,0,0,0,0,0.00318336,0.00268541,-0.00447604,-0.00297066,-13.2931,9.87511,-2.53413,7.31712,-2.09955,-0.312831,-5.0669,1.78569,0,0,-12,0,0,0,0,0,6.20086,0,0,0,
0.492644,0.120926,0.843121,0.654519,0.466217,-0.509812,-0.307146,1.02817e-07,-8.9662e-07,-1.48238e-06,5.08469e-06,1.41853e-06,-5.05331e-07,0.424742,0.396174,0.67933,0.0490539,0.976499,-0.208645,0.0226029,-0.178981,0.0799403,0.739144,0.694609,0.287715,0.609158,-0.25232,0,0,0,0,0,0,0,0.00263421,0.00165154,-0.00269701,-0.0013004,-13.3978,9.87335,-2.56582,7.32408,-2.08325,-0.305081,-5.08864,1.7926,0,0,-12,0,0,0,0,0,6.20086,0,0,0,
0.492644,0.120926,0.843121,0.654519,0.466217,-0.509812,-0.307146,-1.5841e-06,-1.24555e-06,-1.3694e-06,5.21023e-06,-7.54107e-07,-5.3412e-06,0.424742,0.396174,0.67933,0.0490539,0.976499,-0.208645,0.0226029,-0.178981,0.0799403,0.739144,0.694609,0.287715,0.609158,-0.25232,0,0,0,0,0,0,0,0.00166186,0.00174413,-0.00259723,-0.00234153,-13.0389,9.87432,-2.45215,7.29408,-2.13961,-0.33123,-5.01372,1.76837,0,0,-12,0,0,0,0,0,6.20086,0,0,0,
0.492644,0.120926,0.843121,0.654519,0.466217,-0.509812,-0.307146,1.02817e-07,-8.9662e-07,-1.48238e-06,5.08469e-06,1.41853e-06,-5.05331e-07,0.424742,0.396174,0.67933,0.0490539,0.976499,-0.208645,0.0226029,-0.178981,0.0799403,0.739144,0.694609,0.287715,0.609158,-0.25232,0,0,0,0,0,0,0,0.000414793,0.00174463,-0.00260123,-0.00233886,-12.5714,9.87558,-2.3041,7.25506,-2.2131,-0.365098,-4.91597,1.73682,0,0,-12,0,0,0,0,0,6.20086,0,0,0,
0.492644,0.120926,0.843121,0.654519,0.466217,-0.509812,-0.307146,1.02817e-07,-8.9662e-07,-1.48238e-06,5.08469e-06,1.41853e-06,-5.05331e-07,0.424742,0.396174,0.67933,0.0490539,0.976499,-0.208645,0.0226029,-0.178981,0.0799403,0.739144,0.694609,0.287715,0.609158,-0.25232,0,0,0,0,0,0,0,-0.00227884,0.00174513,-0.00260351,-0.00233813,-12.3385,9.8761,-2.22364,7.2342,-2.25035,-0.382117,-4.86717,1.72107,0,0,-12,0,0,0,0,0,6.20086,0,0,0,
0.492644,0.120926,0.843121,0.654519,0.466217,-0.509812,-0.307146,0,0,0,0,0,0,0.424742,0.396174,0.67933,0.0490539,0.976499,-0.208645,0.022603,-0.178981,0.0799403,0.739144,0.694609,0.287715,0.609158,-0.25232,0,0,0,0,0,0,0,-0.00220826,0.00080876,-0.000719809,-0.00173076,-12.1343,9.87526,-2.16222,7.21633,-2.2821,-0.39679,-4.82452,1.70715,0,0,-12,0,0,0,0,0,6.20086,0,0,0,
0.492644,0.120926,0.843121,0.654519,0.466217,-0.509812,-0.307146,-1.68309e-06,-3.48139e-07,1.12716e-07,1.25258e-07,-2.16772e-06,-4.82491e-06,0.424742,0.396174,0.67933,0.0490539,0.976499,-0.208645,0.022603,-0.178981,0.0799403,0.739144,0.694609,0.287715,0.609158,-0.25232,0,0,0,0,0,0,0,-0.000597696,0.00173282,-0.00257518,-0.00232192,-11.3884,9.87885,-1.93647,7.15778,-2.39836,-0.450632,-4.66878,1.65701,0,0,-12,0,0,0,0,0,6.20086,0,0,0,
0.492644,0.120926,0.843121,0.654519,0.466217,-0.509812,-0.307146,-1.68309e-06,-3.48139e-07,1.12716e-07,1.25258e-07,-2.16772e-06,-4.82491e-06,0.424742,0.396174,0.67933,0.0490539,0.976499,-0.208645,0.022603,-0.178981,0.0799403,0.739144,0.694609,0.287715,0.609158,-0.25232,0,0,0,0,0,0,0,-0.000236057,0.00173335,-0.00257689,-0.0023219,-11.2268,9.87932,-1.88788,7.14484,-2.4235,-0.462278,-4.63505,1.64612,0,0,-12,0,0,0,0,0,6.20086,0,0,0,
0.492644,0.120926,0.843121,0.654519,0.466217,-0.509812,-0.307146,-1.78568e-06,5.4646e-07,1.59175e-06,-4.94797e-06,-3.58305e-06,-4.32072e-06,0.424742,0.396174,0.67933,0.0490539,0.976499,-0.208645,0.022603,-0.178981,0.0799403,0.739144,0.694609,0.287715,0.609158,-0.25232,0,0,0,0,0,0,0,-0.00284958,0.00173393,-0.00257463,-0.00232643,-11.6254,9.87806,-2.00215,7.17558,-2.36202,-0.433678,-4.71815,1.67296,0,0,-12,0,0,0,0,0,6.20086,0,0,0,
0.492644,0.120926,0.843121,0.654519,0.466217,-0.509812,-0.307146,-1.02584e-07,8.9459e-07,1.47902e-06,-5.07318e-06,-1.41532e-06,5.04187e-07,0.424742,0.396174,0.67933,0.0490539,0.976499,-0.208645,0.022603,-0.178981,0.0799403,0.739144,0.694609,0.287715,0.609158,-0.25232,0,0,0,0,0,0,0,-0.000778503,0.00173447,-0.00258152,-0.00232077,-10.7507,9.88064,-1.73947,7.1056,-2.49811,-0.496715,-4.53555,1.614,0,0,-12,0,0,0,0,0,6.20086,0,0,0,
0.492644,0.120926,0.843121,0.654519,0.466217,-0.509812,-0.307146,0,0,0,0,0,0,0.424742,0.396174,0.67933,0.0490539,0.976499,-0.208645,0.0226029,-0.178981,0.0799403,0.739144,0.694609,0.287715,0.609158,-0.25232,0,0,0,0,0,0,0,0.00116068,0.00267532,-0.00448132,-0.00292145,-9.99177,9.88431,-1.51073,7.04622,-2.61631,-0.551481,-4.37709,1.56299,0,0,-12,0,0,0,0,0,6.20086,0,0,0,
0.492644,0.120926,0.843121,0.654519,0.466217,-0.509812,-0.307146,1.68564e-06,3.48666e-07,-1.12887e-07,-1.25446e-07,2.17099e-06,4.83221e-06,0.424742,0.396174,0.67933,0.0490537,0.976499,-0.208645,0.0226028,-0.178981,0.0799403,0.739144,0.694609,0.287715,0.609158,-0.25232,0,0,0,0,0,0,0,0.00469464,0.00183024,-0.00253237,-0.00325956,-10.5569,9.8815,-1.69756,7.09351,-2.52664,-0.51045,-4.4955,1.60101,0,0,-12,0,0,0,0,0,6.20086,0,0,0,
0.492644,0.120926,0.843121,0.654519,0.466217,-0.509812,-0.307146,0,0,0,0,0,0,0.424742,0.396174,0.67933,0.0490539,0.976499,-0.208645,0.0226029,-0.178981,0.0799403,0.739144,0.694609,0.287715,0.609158,-0.25232,0,0,0,0,0,0,0,-0.000774506,0.00165953,-0.00272161,-0.00131137,-9.99887,9.88277,-1.50786,7.04428,-2.6157,-0.550888,-4.37838,1.5633,0,0,-12,0,0,0,0,0,6.20086,0,0,0,
0.492644,0.120926,0.843121,0.654519,0.466217,-0.509812,-0.307146,1.68564e-06,3.48666e-07,-1.12887e-07,-1.25447e-07,2.171e-06,4.83221e-06,0.424742,0.396174,0.67933,0.0490536,0.976499,-0.208645,0.0226029,-0.178981,0.0799403,0.739144,0.694609,0.287715,0.609158,-0.25232,0,0,0,0,0,0,0,-0.0057983,0.00090238,-0.000647177,-0.0027409,-9.34079,9.88296,-1.29017,6.98579,-2.71991,-0.599016,-4.24084,1.51867,0,0,-12,0,0,0,0,0,6.20086,0,0,0,
0.492644,0.120926,0.843121,0.654519,0.466217,-0.509812,-0.307146,1.68819e-06,3.49194e-07,-1.13058e-07,-1.25637e-07,2.17428e-06,4.83952e-06,0.424742,0.396174,0.67933,0.0490536,0.976499,-0.208645,0.0226029,-0.178981,0.0799403,0.739144,0.694609,0.287715,0.609158,-0.25232,0,0,0,0,0,0,0,0.00163962,0.00173835,-0.00259333,-0.00233501,-9.26654,9.88495,-1.29018,6.9861,-2.72938,-0.603765,-4.22564,1.51393,0,0,-12,0,0,0,0,0,6.20086,0,0,0,
0.492644,0.120926,0.843121,0.654519,0.466217,-0.509812,-0.307146,-1.68692e-06,-3.48929e-07,1.12972e-07,1.25542e-07,-2.17264e-06,-4.83586e-06,0.424742,0.396174,0.67933,0.0490539,0.976499,-0.208645,0.022603,-0.178981,0.0799403,0.739144,0.694609,0.287715,0.609158,-0.25232,0,0,0,0,0,0,0,0.00407717,0.00165641,-0.00268525,-0.00139235,-8.7359,9.88657,-1.13463,6.94449,-2.81161,-0.641785,-4.11484,1.47819,0,0,-12,0,0,0,0,0,6.20086,0,0,0,
0.492644,0.120926,0.843121,0.654519,0.466217,-0.509812,-0.307146,0,0,0,0,0,0,0.424742,0.396174,0.67933,0.0490539,0.976499,-0.208645,0.022603,-0.178981,0.0799403,0.739144,0.694609,0.287715,0.609158,-0.25232,0,0,0,0,0,0,0,0.00317327,0.00173821,-0.00259595,-0.00231813,-9.23583,9.88512,-1.2857,6.98464,-2.7337,-0.605868,-4.21932,1.51189,0,0,-12,0,0,0,0,0,6.20086,0,0,0,
0.492644,0.120926,0.843121,0.654519,0.466217,-0.509812,-0.307146,0,0,0,0,0,0,0.424742,0.396174,0.67933,0.0490539,0.976499,-0.208645,0.022603,-0.178981,0.0799403,0.739144,0.694609,0.287715,0.609158,-0.25232,0,0,0,0,0,0,0,-0.000394293,0.00173871,-0.00260127,-0.00231401,-8.55998,9.88684,-1.06595,6.92703,-2.84048,-0.654956,-4.07791,1.46625,0,0,-12,0,0,0,0,0,6.20086,0,0,0,
0.492644,0.120926,0.843121,0.654519,0.466217,-0.509812,-0.307146,1.58164e-06,1.24435e-06,1.36845e-06,-5.2062e-06,7.5192e-07,5.33355e-06,0.424742,0.396174,0.67933,0.0490536,0.976499,-0.208645,0.0226029,-0.178981,0.0799403,0.739144,0.694609,0.287715,0.609158,-0.25232,0,0,0,0,0,0,0,0.00280907,0.00183137,-0.00250722,-0.00336271,-8.29674,9.88776,-0.995298,6.90769,-2.88057,-0.67389,-4.02323,1.44854,0,0,-12,0,0,0,0,0,6.20086,0,0,0,
0.492644,0.120926,0.843121,0.654519,0.466217,-0.509812,-0.307146,-1.78583e-06,5.47804e-07,1.59397e-06,-4.95559e-06,-3.58518e-06,-4.31996e-06,0.424742,0.396174,0.67933,0.0490539,0.976499,-0.208645,0.022603,-0.178981,0.0799403,0.739144,0.694609,0.287715,0.609158,-0.25232,0,0,0,0,0,0,0,0.000551266,0.00165007,-0.00269926,-0.00129647,-8.02808,9.88839,-0.905159,6.88429,-2.92339,-0.693168,-3.96674,1.43039,0,0,-12,0,0,0,0,0,6.20086,0,0,0,
0.492644,0.120926,0.843121,0.654519,0.466217,-0.509812,-0.307146,0,0,0,0,0,0,0.424742,0.396174,0.67933,0.0490539,0.976499,-0.208645,0.0226029,-0.178981,0.0799403,0.739144,0.694609,0.287715,0.609158,-0.25232,0,0,0,0,0,0,0,0.00253274,0.00269915,-0.00454076,-0.00292172,-7.93121,9.89023,-0.880485,6.87898,-2.93803,-0.700245,-3.94671,1.42404,0,0,-12,0,0,0,0,0,6.20086,0,0,0,
0.492644,0.120926,0.843121,0.654519,0.466217,-0.509812,-0.307146,0,0,0,0,0,0,0.424742,0.396174,0.67933,0.0490537,0.976499,-0.208645,0.0226028,-0.178981,0.0799403,0.739144,0.694609,0.287715,0.609158,-0.25232,0,0,0,0,0,0,0,0.0058529,0.00184703,-0.0025515,-0.00337997,-7.4744,9.89026,-0.751876,6.84267,-3.00818,-0.733079,-3.85162,1.39313,0,0,-12,0,0,0,0,0,6.20086,0,0,0,
0.492644,0.120926,0.843121,0.654519,0.466217,-0.509812,-0.307146,1.02584e-07,-8.94589e-07,-1.47902e-06,5.07318e-06,1.41532e-06,-5.04187e-07,0.424742,0.396174,0.67933,0.0490537,0.976499,-0.208645,0.0226028,-0.178981,0.0799403,0.739144,0.694609,0.287715,0.609158,-0.25232,0,0,0,0,0,0,0,0.00391816,0.00175583,-0.00264791,-0.00234031,-7.27282,9.89072,-0.683475,6.82493,-3.04035,-0.747635,-3.80928,1.3795,0,0,-12,0,0,0,0,0,6.20086,0,0,0,
0.492644,0.120926,0.843121,0.654519,0.466217,-0.509812,-0.307146,1.78697e-06,-5.46192e-07,-1.59184e-06,4.94787e-06,3.58471e-06,4.32441e-06,0.424742,0.396174,0.67933,0.0490537,0.976499,-0.208645,0.0226028,-0.178981,0.0799403,0.739144,0.694609,0.287715,0.609158,-0.25232,0,0,0,0,0,0,0,0.00367858,0.00175632,-0.00264654,-0.00234358,-7.51732,9.89002,-0.758007,6.84472,-3.0022,-0.729989,-3.86034,1.39599,0,0,-12,0,0,0,0,0,6.20086,0,0,0,
0.492644,0.120926,0.843121,0.654519,0.466217,-0.509812,-0.307146,-1.5818e-06,-1.243e-06,-1.36623e-06,5.19858e-06,-7.54044e-07,-5.3328e-06,0.424742,0.396174,0.67933,0.0490539,0.976499,-0.208645,0.0226029,-0.178981,0.0799403,0.739144,0.694609,0.287715,0.609158,-0.25232,0,0,0,0,0,0,0,0.000597778,0.00166598,-0.00274457,-0.0013041,-6.77805,9.89194,-0.520273,6.7823,-3.1188,-0.783474,-3.70561,1.34609,0,0,-12,0,0,0,0,0,6.20086,0,0,0,
0.492644,0.120926,0.843121,0.654519,0.466217,-0.509812,-0.307146,-8.19672e-07,-3.32352e-06,-1.12595e-06,4.72776e-06,7.8335e-07,-5.754e-06,0.424742,0.396174,0.67933,0.0490541,0.976499,-0.208645,0.0226029,-0.178981,0.0799403,0.739144,0.694609,0.287715,0.609158,-0.25232,0,0,0,0,0,0,0,-0.000146999,0.00155302,-0.00254348,-0.00210069,-6.682,9.89188,-0.488522,6.77367,-3.13397,-0.790589,-3.68558,1.33962,0,0,-12,0,0,0,0,0,6.20086,0,0,0,
0.492644,0.120926,0.843121,0.654519,0.466217,-0.509812,-0.307146,-2.50659e-06,-3.67245e-06,-1.01297e-06,4.8533e-06,-1.38929e-06,-1.05899e-05,0.424742,0.396174,0.67933,0.0490541,0.976499,-0.208645,0.0226029,-0.178981,0.0799403,0.739144,0.694609,0.287715,0.609158,-0.25232,0,0,0,0,0,0,0,-0.00333893,0.00175379,-0.00265501,-0.002315,-6.40028,9.89281,-0.391161,6.74872,-3.17905,-0.811202,-3.62656,1.32054,0,0,-12,0,0,0,0,0,6.20086,0,0,0,
0.492644,0.120926,0.843121,0.654519,0.466217,-0.509812,-0.307146,0,0,0,0,0,0,0.424742,0.396174,0.67933,0.0490536,0.976499,-0.208645,0.0226029,-0.178981,0.0799403,0.739144,0.694609,0.287715,0.609158,-0.25232,0,0,0,0,0,0,0,0.00133251,0.00109141,-0.000751189,-0.00296643,-6.48582,9.89167,-0.433773,6.75784,-3.16401,-0.804776,-3.64487,1.3262,0,0,-12,0,0,0,0,0,6.20086,0,0,0,
0.492644,0.120926,0.843121,0.654519,0.466217,-0.509812,-0.307146,-1.02739e-07,8.95943e-07,1.48125e-06,-5.08085e-06,-1.41746e-06,5.04949e-07,0.424742,0.396174,0.67933,0.0490539,0.976499,-0.208645,0.022603,-0.178981,0.0799403,0.739144,0.694609,0.287715,0.609158,-0.25232,0,0,0,0,0,0,0,0.00388343,0.00166435,-0.00270562,-0.00139988,-5.7511,9.89499,-0.214652,6.7007,-3.2783,-0.857438,-3.49128,1.27687,0,0,-12,0,0,0,0,0,6.20086,0,0,0,
0.492644,0.120926,0.843121,0.654519,0.466217,-0.509812,-0.307146,-1.78836e-06,5.47281e-07,1.59414e-06,-4.9554e-06,-3.58843e-06,-4.32721e-06,0.424742,0.396174,0.67933,0.0490539,0.976499,-0.208645,0.022603,-0.178981,0.0799403,0.739144,0.694609,0.287715,0.609158,-0.25232,0,0,0,0,0,0,0,0.000125043,0.00174483,-0.00262345,-0.00231108,-6.1845,9.89358,-0.335961,6.73347,-3.21169,-0.826535,-3.58169,1.30604,0,0,-12,0,0,0,0,0,6.20086,0,0,0,
0.492644,0.120926,0.843121,0.654519,0.466217,-0.509812,-0.307146,-1.02431e-06,-1.53118e-06,1.83406e-06,-5.42601e-06,-2.04895e-06,-4.74095e-06,0.424742,0.396174,0.67933,0.0490536,0.976499,-0.208645,0.0226029,-0.178981,0.0799403,0.739144,0.694609,0.287715,0.609158,-0.25232,0,0,0,0,0,0,0,-0.000465628,0.00183772,-0.00253789,-0.00335971,-5.5238,9.89542,-0.13057,6.67908,-3.31512,-0.874462,-3.44374,1.26146,0,0,-12,0,0,0,0,0,6.20086,0,0,0,
0.492644,0.120926,0.843121,0.654519,0.466217,-0.509812,-0.307146,-1.68562e-06,-3.48662e-07,1.12886e-07,1.25445e-07,-2.17097e-06,-4.83216e-06,0.424742,0.396174,0.67933,0.0490539,0.976499,-0.208645,0.0226029,-0.178981,0.0799403,0.739144,0.694609,0.287715,0.609158,-0.25232,0,0,0,0,0,0,0,0.000666043,0.00262102,-0.00466765,-0.00188359,-5.63598,9.89662,-0.167432,6.69039,-3.29749,-0.866052,-3.467,1.2692,0,0,-12,0,0,0,0,0,6.20086,0,0,0,
0.492644,0.120926,0.843121,0.654519,0.466217,-0.509812,-0.307146,0,0,0,0,0,0,0.424742,0.396174,0.67933,0.0490539,0.976499,-0.208645,0.0226029,-0.178981,0.0799403,0.739144,0.694609,0.287715,0.609158,-0.25232,0,0,0,0,0,0,0,0.00276106,0.00175966,-0.00266758,-0.00231826,-5.30027,9.89624,-0.0721525,6.66311,-3.3491,-0.890224,-3.39712,1.24644,0,0,-12,0,0,0,0,0,6.20086,0,0,0,
0.492644,0.120926,0.843121,0.654519,0.466217,-0.509812,-0.307146,2.60523e-06,2.77367e-06,-4.65341e-07,2.19542e-07,2.80036e-06,1.00704e-05,0.424742,0.396174,0.67933,0.0490537,0.976499,-0.208645,0.0226028,-0.178981,0.0799403,0.739144,0.694609,0.287715,0.609158,-0.25232,0,0,0,0,0,0,0,-1.71895e-05,0.0018535,-0.0025795,-0.00338123,-5.06824,9.89675,0.00830779,6.64222,-3.3862,-0.907345,-3.3486,1.23075,0,0,-12,0,0,0,0,0,6.20086,0,0,0,
0.492644,0.120926,0.843121,0.654519,0.466217,-0.509812,-0.307146,1.33578e-06,1.57384e-06,-2.69707e-06,4.06258e-06,4.34873e-06,4.54972e-06,0.424742,0.396174,0.67933,0.0490539,0.976499,-0.208645,0.0226027,-0.178981,0.0799403,0.739144,0.694609,0.287715,0.609158,-0.25232,0,0,0,0,0,0,0,0.00640359,0.00318478,-0.00414485,-0.00276029,-4.89426,9.89986,0.04288,6.63438,-3.41169,-0.919316,-3.31255,1.21902,0,0,-12,0,0,0,0,0,6.20089,0,0,0,
0.492644,0.120926,0.843121,0.654519,0.466217,-0.509812,-0.307146,-1.26848e-06,-1.19892e-06,-2.23004e-06,3.84013e-06,1.54719e-06,-5.51655e-06,0.424742,0.396174,0.67933,0.0490539,0.976499,-0.208645,0.0226028,-0.178981,0.0799403,0.739144,0.694609,0.287715,0.609158,-0.25232,0,0,0,0,0,0,0,-0.000114743,0.000814175,-0.000742862,-0.00174431,-4.81242,9.89603,0.0861514,6.62004,-3.42611,-0.925607,-3.29506,1.21335,0,0,-12,0,0,0,0,0,6.20089,0,0,0,
0.492644,0.120926,0.843121,0.654519,0.466217,-0.509812,-0.307146,2.09898e-06,-5.02376e-07,-2.45556e-06,3.58952e-06,5.88426e-06,4.13692e-06,0.424742,0.396174,0.67933,0.0490536,0.976499,-0.208645,0.0226027,-0.178981,0.0799403,0.739144,0.694609,0.287715,0.609158,-0.25232,0,0,0,0,0,0,0,-0.00164601,0.00186089,-0.00257824,-0.00337591,-4.50383,9.89828,0.187441,6.59503,-3.47495,-0.948239,-3.23059,1.19266,0,0,-12,0,0,0,0,0,6.20089,0,0,0,
0.492644,0.120926,0.843121,0.654519,0.466217,-0.509812,-0.307146,5.1758e-07,-1.74668e-06,-3.82465e-06,8.79466e-06,5.13407e-06,-1.19672e-06,0.424742,0.396174,0.67933,0.0490539,0.976499,-0.208645,0.0226027,-0.178981,0.0799403,0.739144,0.694609,0.287715,0.609158,-0.25232,0,0,0,0,0,0,0,0.00442341,0.00264596,-0.00470629,-0.00190241,-4.41526,9.9003,0.196378,6.59334,-3.48715,-0.953969,-3.2122,1.18694,0,0,-12,0,0,0,0,0,6.20089,0,0,0,
0.492644,0.120926,0.843121,0.654519,0.466217,-0.509812,-0.307146,5.17193e-07,-1.74537e-06,-3.82178e-06,8.78805e-06,5.13022e-06,-1.19583e-06,0.424742,0.396174,0.67933,0.0490537,0.976499,-0.208645,0.0226026,-0.178981,0.0799403,0.739144,0.694609,0.287715,0.609158,-0.25232,0,0,0,0,0,0,0,-0.00223465,0.0018724,-0.00262034,-0.00335541,-4.36479,9.89866,0.232199,6.5833,-3.49688,-0.958325,-3.2015,1.18327,0,0,-12,0,0,0,0,0,6.20089,0,0,0,
0.492644,0.120926,0.843121,0.654519,0.466217,-0.509812,-0.307146,5.17585e-07,-1.7467e-06,-3.82469e-06,8.79474e-06,5.13412e-06,-1.19674e-06,0.424742,0.396174,0.67933,0.0490537,0.976499,-0.208645,0.0226026,-0.178981,0.0799403,0.739144,0.694609,0.287715,0.609158,-0.25232,0,0,0,0,0,0,0,-5.5665e-06,0.00178557,-0.00270676,-0.00236197,-3.8302,9.90028,0.389644,6.54122,-3.5798,-0.996639,-3.08985,1.14725,0,0,-12,0,0,0,0,0,6.20089,0,0,0,
0.492644,0.120926,0.843121,0.654519,0.466217,-0.509812,-0.307146,1.99671e-06,3.91568e-07,-9.78319e-07,-1.48084e-06,4.47176e-06,4.64058e-06,0.424742,0.396174,0.67933,0.0490539,0.976499,-0.208645,0.0226028,-0.178981,0.0799403,0.739144,0.694609,0.287715,0.609158,-0.25232,0,0,0,0,0,0,0,0.00216193,0.000748494,-0.000874551,-0.000751907,-3.90763,9.89873,0.357494,6.54781,-3.56689,-0.990662,-3.10608,1.15236,0,0,-12,0,0,0,0,0,6.20089,0,0,0,
0.492644,0.120926,0.843121,0.654519,0.466217,-0.509812,-0.307146,3.11323e-07,4.57708e-08,-8.59089e-07,-1.36775e-06,2.29291e-06,-1.86025e-07,0.424742,0.396174,0.67933,0.0490539,0.976499,-0.208645,0.0226028,-0.178981,0.0799403,0.739144,0.694609,0.287715,0.609158,-0.25232,0,0,0,0,0,0,0,0.00192073,0.00177198,-0.00267493,-0.00233174,-3.43567,9.90148,0.504888,6.51032,-3.64087,-1.02499,-3.00755,1.12067,0,0,-12,0,0,0,0,0,6.20089,0,0,0,
0.492644,0.120926,0.843121,0.654519,0.466217,-0.509812,-0.307146,-1.02662e-07,8.95274e-07,1.48015e-06,-5.07706e-06,-1.4164e-06,5.04574e-07,0.424742,0.396174,0.67933,0.0490536,0.976499,-0.208645,0.0226027,-0.178981,0.0799403,0.739144,0.694609,0.287715,0.609158,-0.25232,0,0,0,0,0,0,0,-0.000816185,0.00186438,-0.00259091,-0.00338064,-3.4474,9.90131,0.510138,6.50936,-3.63985,-1.0245,-3.00994,1.12142,0,0,-12,0,0,0,0,0,6.20089,0,0,0,
0.492644,0.120926,0.843121,0.654519,0.466217,-0.509812,-0.307146,-1.02815e-07,8.96611e-07,1.48236e-06,-5.08464e-06,-1.41852e-06,5.05328e-07,0.424742,0.396174,0.67933,0.0490539,0.976499,-0.208645,0.0226028,-0.178981,0.0799403,0.739144,0.694609,0.287715,0.609158,-0.25232,0,0,0,0,0,0,0,-0.00156472,0.00168717,-0.00275653,-0.00135815,-3.10401,9.90223,0.618387,6.4809,-3.69387,-1.04907,-2.93795,1.09825,0,0,-12,0,0,0,0,0,6.20089,0,0,0,
0.492644,0.120926,0.843121,0.654519,0.466217,-0.509812,-0.307146,0,0,0,0,0,0,0.424742,0.396174,0.67933,0.0490536,0.976499,-0.208645,0.0226027,-0.178981,0.0799403,0.739144,0.694609,0.287715,0.609158,-0.25232,0,0,0,0,0,0,0,0.00298081,0.00186443,-0.00259678,-0.00336867,-3.0183,9.90272,0.629973,6.47694,-3.70574,-1.05522,-2.92053,1.09254,0,0,-12,0,0,0,0,0,6.20089,0,0,0,
0.492644,0.120926,0.843121,0.654519,0.466217,-0.509812,-0.307146,0,0,0,0,0,0,0.424742,0.396174,0.67933,0.0490539,0.976499,-0.208645,0.0226027,-0.178981,0.0799403,0.739144,0.694609,0.287715,0.609158,-0.25232,0,0,0,0,0,0,0,0.00652149,0.00264515,-0.00470889,-0.00189416,-2.70105,9.90525,0.717552,6.45483,-3.75448,-1.07766,-2.85422,1.07135,0,0,-12,0,0,0,0,0,6.20089,0,0,0,
0.492644,0.120926,0.843121,0.654519,0.466217,-0.509812,-0.307146,0,0,0,0,0,0,0.424742,0.396174,0.67933,0.0490539,0.976499,-0.208645,0.0226027,-0.178981,0.0799403,0.739144,0.694609,0.287715,0.609158,-0.25232,0,0,0,0,0,0,0,0.00568764,0.00178789,-0.00271764,-0.00234415,-2.87869,9.90327,0.66423,6.46746,-3.72676,-1.06496,-2.89141,1.08317,0,0,-12,0,0,0,0,0,6.20089,0,0,0,
0.492644,0.120926,0.843121,0.654518,0.466217,-0.509812,-0.307146,1.68819e-06,3.49195e-07,-1.13059e-07,-1.25635e-07,2.17428e-06,4.83953e-06,0.424742,0.396174,0.67933,0.0490535,0.976499,-0.208645,0.0226026,-0.178981,0.0799403,0.739144,0.694609,0.287715,0.609158,-0.25232,0,0,0,0,0,0,0,0.00191707,0.00193557,-0.00258956,-0.00402035,-2.53419,9.90406,0.782543,6.43668,-3.78173,-1.09037,-2.8194,1.05987,0,0,-12,0,0,0,0,0,6.20089,0,0,0,
0.492644,0.120926,0.843121,0.654519,0.466217,-0.509812,-0.307146,1.68819e-06,3.49194e-07,-1.13059e-07,-1.25635e-07,2.17428e-06,4.83953e-06,0.424742,0.396174,0.67933,0.0490536,0.976499,-0.208645,0.0226027,-0.178981,0.0799403,0.739144,0.694609,0.287715,0.609158,-0.25232,0,0,0,0,0,0,0,0.00997736,0.000766621,-0.000808728,-0.00115262,-2.27823,9.9037,0.833946,6.42011,-3.81913,-1.10786,-2.7662,1.04259,0,0,-12,0,0,0,0,0,6.20089,0,0,0,
0.492644,0.120926,0.843121,0.654519,0.466217,-0.509812,-0.307146,0,0,0,0,0,0,0.424742,0.396174,0.67933,0.0490539,0.976499,-0.208645,0.0226028,-0.178981,0.0799403,0.739144,0.694609,0.287715,0.609158,-0.25232,0,0,0,0,0,0,0,-0.000120025,0.00168702,-0.00276459,-0.0013233,-2.34143,9.90446,0.84858,6.41964,-3.81263,-1.10405,-2.77872,1.04684,0,0,-12,0,0,0,0,0,6.20089,0,0,0,
0.492644,0.120926,0.843121,0.654519,0.466217,-0.509812,-0.307146,-1.58275e-06,-1.24596e-06,-1.37061e-06,5.21399e-06,-7.51389e-07,-5.33792e-06,0.424742,0.396174,0.67933,0.0490539,0.976499,-0.208645,0.0226027,-0.178981,0.0799403,0.739144,0.694609,0.287715,0.609158,-0.25232,0,0,0,0,0,0,0,-0.00607118,0.00273524,-0.00462842,-0.00291564,-2.26565,9.90583,0.892523,6.41061,-3.82648,-1.11019,-2.76261,1.04178,0,0,-12,0,0,0,0,0,6.20089,0,0,0,
0.492644,0.120926,0.843121,0.654519,0.466217,-0.509812,-0.307146,0,0,0,0,0,0,0.424742,0.396174,0.67933,0.0490539,0.976499,-0.208645,0.0226028,-0.178981,0.0799403,0.739144,0.694609,0.287715,0.609158,-0.25232,0,0,0,0,0,0,0,-0.000847846,0.000830625,-0.000782945,-0.00176183,-1.90678,9.90421,0.983508,6.38236,-3.8806,-1.13558,-2.68801,1.01736,0,0,-12,0,0,0,0,0,6.20089,0,0,0,
0.492644,0.120926,0.843121,0.654519,0.466217,-0.509812,-0.307146,0,0,0,0,0,0,0.424742,0.396174,0.67933,0.0490536,0.976499,-0.208645,0.0226027,-0.178981,0.0799403,0.739144,0.694609,0.287715,0.609158,-0.25232,0,0,0,0,0,0,0,0.00162243,0.00186802,-0.0026096,-0.00336817,-2.3041,9.90467,0.854368,6.41771,-3.81782,-1.10692,-2.77124,1.04435,0,0,-12,0,0,0,0,0,6.20089,0,0,0,
0.492644,0.120926,0.843121,0.654519,0.466217,-0.509812,-0.307146,-1.02661e-07,8.95265e-07,1.48014e-06,-5.07701e-06,-1.41639e-06,5.04569e-07,0.424742,0.396174,0.67933,0.0490536,0.976499,-0.208645,0.0226027,-0.178981,0.0799403,0.739144,0.694609,0.287715,0.609158,-0.25232,0,0,0,0,0,0,0,0.00583243,0.0017794,-0.00269272,-0.00235205,-1.54048,9.90703,1.07592,6.3583,-3.93592,-1.16163,-2.61186,0.99291,0,0,-12,0,0,0,0,0,6.20089,0,0,0,
0.492644,0.120926,0.843121,0.654519,0.466217,-0.509812,-0.307146,0,0,0,0,0,0,0.424742,0.396174,0.67933,0.0490539,0.976499,-0.208645,0.0226027,-0.178981,0.0799403,0.739144,0.694609,0.287715,0.609158,-0.25232,0,0,0,0,0,0,0,0.00306025,0.00266488,-0.00475516,-0.00187945,-1.429,9.90869,1.12062,6.34865,-3.95445,-1.16981,-2.58826,0.985501,0,0,-12,0,0,0,0,0,6.20089,0,0,0,
0.492644,0.120926,0.843121,0.654519,0.466217,-0.509812,-0.307146,0,0,0,0,0,0,0.424742,0.396174,0.67933,0.0490537,0.976499,-0.208645,0.0226026,-0.178981,0.0799403,0.739144,0.694609,0.287715,0.609158,-0.25232,0,0,0,0,0,0,0,0.00274788,0.00188309,-0.00265482,-0.00337783,-1.47052,9.9071,1.10748,6.35045,-3.94778,-1.16706,-2.59717,0.988146,0,0,-12,0,0,0,0,0,6.20089,0,0,0,
0.492644,0.120926,0.843121,0.654519,0.466217,-0.509812,-0.307146,1.02662e-07,-8.95274e-07,-1.48015e-06,5.07706e-06,1.4164e-06,-5.04574e-07,0.424742,0.396174,0.67933,0.0490537,0.976499,-0.208645,0.0226026,-0.178981,0.0799403,0.739144,0.694609,0.287715,0.609158,-0.25232,0,0,0,0,0,0,0,0.00628365,0.00179428,-0.00273428,-0.00236203,-1.05246,9.90846,1.22479,6.31879,-4.01207,-1.19685,-2.50994,0.960006,0,0,-12,0,0,0,0,0,6.20089,0,0,0,
0.492644,0.120926,0.843121,0.654519,0.466217,-0.509812,-0.307146,-8.20991e-07,-3.32787e-06,-1.12653e-06,4.73107e-06,7.83464e-07,-5.76233e-06,0.424742,0.396173,0.67933,0.0490541,0.976499,-0.208645,0.0226027,-0.178981,0.0799403,0.739144,0.694609,0.287715,0.609158,-0.25232,0,0,0,0,0,0,0,0.00580618,0.00154232,-0.00270257,-0.00127481,-1.15634,9.90787,1.19418,6.32677,-3.996,-1.18923,-2.5315,0.967029,0,0,-12,0,0,0,0,0,6.20089,0,0,0,
0.492644,0.120926,0.843121,0.654519,0.466217,-0.509812,-0.307146,0,0,0,0,0,0,0.424742,0.396174,0.67933,0.0490539,0.976499,-0.208645,0.0226027,-0.178981,0.0799403,0.739144,0.694609,0.287715,0.609158,-0.25232,0,0,0,0,0,0,0,-0.00451993,0.00197019,-0.00283308,-0.00253543,-1.33191,9.90738,1.174,6.33441,-3.97182,-1.17748,-2.56769,0.978656,0,0,-12,0,0,0,0,0,6.20089,0,0,0,
0.492644,0.120926,0.843121,0.654519,0.466217,-0.509812,-0.307146,1.68692e-06,3.4893e-07,-1.12973e-07,-1.2554e-07,2.17264e-06,4.83586e-06,0.424742,0.396174,0.67933,0.0490536,0.976499,-0.208645,0.0226027,-0.178981,0.0799403,0.739144,0.694609,0.287715,0.609158,-0.25232,0,0,0,0,0,0,0,-0.000869823,0.000918049,-0.000697223,-0.00281864,-0.885488,9.90709,1.29811,6.29892,-4.04022,-1.20952,-2.47477,0.948477,0,0,-12,0,0,0,0,0,6.20089,0,0,0,
0.492644,0.120926,0.843121,0.654519,0.466217,-0.509812,-0.307146,-1.68692e-06,-3.48929e-07,1.12973e-07,1.2554e-07,-2.17264e-06,-4.83586e-06,0.424742,0.396174,0.67933,0.0490539,0.976499,-0.208645,0.0226028,-0.178981,0.0799403,0.739144,0.694609,0.287715,0.609158,-0.25232,0,0,0,0,0,0,0,0.00315709,0.00169091,-0.00277728,-0.00130394,-0.80414,9.90897,1.31144,6.2964,-4.05193,-1.21487,-2.45777,0.943204,0,0,-12,0,0,0,0,0,6.20089,0,0,0,
0.492644,0.120926,0.843121,0.654519,0.466217,-0.509812,-0.307146,0,0,0,0,0,0,0.424742,0.396174,0.67933,0.0490536,0.976499,-0.208645,0.0226027,-0.178981,0.0799403,0.739144,0.694609,0.287715,0.609158,-0.25232,0,0,0,0,0,0,0,0.00058591,0.00187523,-0.00262657,-0.00339667,-0.841556,9.90875,1.30821,6.29761,-4.0468,-1.21266,-2.46565,0.945686,0,0,-12,0,0,0,0,0,6.20089,0,0,0,
0.492644,0.120926,0.843121,0.654519,0.466217,-0.509812,-0.307146,-1.02738e-07,8.95933e-07,1.48124e-06,-5.0808e-06,-1.41744e-06,5.04946e-07,0.424742,0.396174,0.67933,0.0490539,0.976499,-0.208645,0.0226028,-0.178981,0.0799403,0.739144,0.694609,0.287715,0.609158,-0.25232,0,0,0,0,0,0,0,0.00398689,0.00169325,-0.00277783,-0.00131971,-0.592051,9.90961,1.37407,6.27965,-4.08483,-1.23013,-2.41351,0.928912,0,0,-12,0,0,0,0,0,6.20089,0,0,0,
0.492644,0.120926,0.843121,0.654519,0.466217,-0.509812,-0.307146,-1.78846e-06,5.47955e-07,1.59526e-06,-4.95925e-06,-3.58952e-06,-4.32687e-06,0.424742,0.396174,0.67933,0.0490539,0.976499,-0.208645,0.0226028,-0.178981,0.0799403,0.739144,0.694609,0.287715,0.609158,-0.25232,0,0,0,0,0,0,0,0.00337296,0.00178338,-0.00270589,-0.0023375,-0.512238,9.90981,1.40062,6.27268,-4.09745,-1.23609,-2.39691,0.923519,0,0,-12,0,0,0,0,0,6.20089,0,0,0,
0.492644,0.120926,0.843121,0.654519,0.466217,-0.509812,-0.307146,-1.78593e-06,5.48469e-07,1.59508e-06,-4.95939e-06,-3.58625e-06,-4.31963e-06,0.424742,0.396174,0.67933,0.0490539,0.976499,-0.208645,0.0226028,-0.178981,0.0799403,0.739144,0.694609,0.287715,0.609158,-0.25232,0,0,0,0,0,0,0,0.0019621,0.00178388,-0.0027076,-0.00233736,-0.341451,9.91022,1.45781,6.25777,-4.1246,-1.24853,-2.36114,0.911978,0,0,-12,0,0,0,0,0,6.20089,0,0,0,
0.492644,0.120926,0.843121,0.654519,0.466217,-0.509812,-0.307146,0,0,0,0,0,0,0.424742,0.396174,0.67933,0.0490539,0.976499,-0.208645,0.0226027,-0.178981,0.0799403,0.739144,0.694609,0.287715,0.609158,-0.25232,0,0,0,0,0,0,0,-0.00076365,0.00275837,-0.00468622,-0.00291361,-0.0350771,9.91243,1.56235,6.23219,-4.17353,-1.27094,-2.29694,0.891424,0,0,-12,0,0,0,0,0,6.20089,0,0,0,
0.492644,0.120926,0.843121,0.654519,0.466217,-0.509812,-0.307146,2.60523e-06,2.77367e-06,-4.65341e-07,2.19545e-07,2.80036e-06,1.00704e-05,0.424742,0.396174,0.67933,0.0490537,0.976499,-0.208645,0.0226026,-0.178981,0.0799403,0.739144,0.694609,0.287715,0.609158,-0.25232,0,0,0,0,0,0,0,0.000639999,0.00188853,-0.00267135,-0.00338221,-0.62937,9.90937,1.37342,6.28034,-4.07995,-1.22798,-2.42132,0.931381,0,0,-12,0,0,0,0,0,6.20089,0,0,0,
0.492644,0.120926,0.843121,0.654519,0.466217,-0.509812,-0.307146,-1.68438e-06,-3.48405e-07,1.12803e-07,1.25352e-07,-2.16938e-06,-4.8286e-06,0.424742,0.396174,0.67933,0.0490539,0.976499,-0.208645,0.0226028,-0.178981,0.0799403,0.739144,0.694609,0.287715,0.609158,-0.25232,0,0,0,0,0,0,0,-0.00325685,0.000736944,-0.000855182,-0.00073426,0.600248,9.91115,1.76353,6.17608,-4.27334,-1.31673,-2.16402,0.84823,0,0,-12,0,0,0,0,0,6.20089,0,0,0,
0.492644,0.120926,0.843121,0.654519,0.466217,-0.509812,-0.307146,1.68437e-06,3.48403e-07,-1.12802e-07,-1.25351e-07,2.16935e-06,4.82856e-06,0.424742,0.396174,0.67933,0.0490536,0.976499,-0.208645,0.0226027,-0.178981,0.0799403,0.739144,0.694609,0.287715,0.609158,-0.25232,0,0,0,0,0,0,0,-0.00125586,0.00187319,-0.00264594,-0.00333238,0.342365,9.912,1.67886,6.1997,-4.23247,-1.29832,-2.2182,0.865806,0,0,-12,0,0,0,0,0,6.20089,0,0,0,
0.492644,0.120926,0.843121,0.654519,0.466217,-0.509812,-0.307146,0,0,0,0,0,0,0.424742,0.396174,0.67933,0.0490539,0.976499,-0.208645,0.0226028,-0.178981,0.0799403,0.739144,0.694609,0.287715,0.609158,-0.25232,0,0,0,0,0,0,0,-6.09884e-05,0.00169953,-0.00278375,-0.00135054,0.453628,9.91236,1.70929,6.19152,-4.24958,-1.30598,-2.19482,0.858319,0,0,-12,0,0,0,0,0,6.20089,0,0,0,
0.492644,0.120926,0.843121,0.654519,0.466217,-0.509812,-0.307146,0,0,0,0,0,0,0.424742,0.396174,0.67933,0.0490536,0.976499,-0.208645,0.0226027,-0.178981,0.0799403,0.739144,0.694609,0.287715,0.609158,-0.25232,0,0,0,0,0,0,0,-0.000893669,0.00187526,-0.00265086,-0.00334227,0.879159,9.91353,1.84302,6.15613,-4.31628,-1.33707,-2.10608,0.829607,0,0,-12,0,0,0,0,0,6.20089,0,0,0,
0.492644,0.120926,0.843121,0.654519,0.466217,-0.509812,-0.307146,1.68437e-06,3.48403e-07,-1.12802e-07,-1.25351e-07,2.16935e-06,4.82856e-06,0.424742,0.396174,0.67933,0.0490536,0.976499,-0.208645,0.0226027,-0.178981,0.0799403,0.739144,0.694609,0.287715,0.609158,-0.25232,0,0,0,0,0,0,0,0.00466007,0.00178883,-0.00271737,-0.00235798,0.658373,9.91319,1.757,6.178,-4.28005,-1.32057,-2.15244,0.844586,0,0,-12,0,0,0,0,0,6.20089,0,0,0,
0.492644,0.120926,0.843121,0.654519,0.466217,-0.509812,-0.307146,0,0,0,0,0,0,0.424742,0.396174,0.67933,0.0490539,0.976499,-0.208645,0.0226028,-0.178981,0.0799403,0.739144,0.694609,0.287715,0.609158,-0.25232,0,0,0,0,0,0,0,0.00532415,0.00170184,-0.0027873,-0.001358,0.985929,9.91414,1.85576,6.15176,-4.3311,-1.34404,-2.08394,0.822503,0,0,-12,0,0,0,0,0,6.20089,0,0,0,
0.492644,0.120926,0.843121,0.654519,0.466217,-0.509812,-0.307146,1.58431e-06,1.24353e-06,1.36606e-06,-5.19877e-06,7.57285e-07,5.34001e-06,0.424742,0.396174,0.67933,0.0490536,0.976499,-0.208645,0.0226027,-0.178981,0.0799403,0.739144,0.694609,0.287715,0.609158,-0.25232,0,0,0,0,0,0,0,0.00451561,0.00187003,-0.00265805,-0.00326935,0.748106,9.91344,1.78509,6.17054,-4.29408,-1.3272,-2.13378,0.838533,0,0,-12,0,0,0,0,0,6.20089,0,0,0,
0.492644,0.120926,0.843121,0.654519,0.466217,-0.509812,-0.307146,0,0,0,0,0,0,0.424742,0.396174,0.67933,0.0490536,0.976499,-0.208645,0.0226027,-0.178981,0.0799403,0.739144,0.694609,0.287715,0.609158,-0.25232,0,0,0,0,0,0,0,0.00562838,0.00179049,-0.00272267,-0.00235797,1.16414,9.91467,1.90964,6.13738,-4.35882,-1.35704,-2.04684,0.81049,0,0,-12,0,0,0,0,0,6.20089,0,0,0,
0.492644,0.120926,0.843121,0.654519,0.466217,-0.509812,-0.307146,1.78973e-06,-5.4769e-07,-1.59535e-06,4.95915e-06,3.59116e-06,4.33053e-06,0.424742,0.396174,0.67933,0.0490537,0.976499,-0.208645,0.0226026,-0.178981,0.0799403,0.739144,0.694609,0.287715,0.609158,-0.25232,0,0,0,0,0,0,0,0.000498695,0.00271387,-0.00460151,-0.00289485,1.62519,9.91711,2.06956,6.09746,-4.43268,-1.39079,-1.95018,0.779457,0,0,-12,0,0,0,0,0,6.20089,0,0,0,
0.492644,0.120926,0.843121,0.654519,0.466217,-0.509812,-0.307146,1.78846e-06,-5.47953e-07,-1.59526e-06,4.95925e-06,3.58952e-06,4.32688e-06,0.424742,0.396174,0.67933,0.0490537,0.976499,-0.208645,0.0226026,-0.178981,0.0799403,0.739144,0.694609,0.287715,0.609158,-0.25232,0,0,0,0,0,0,0,-0.000477039,0.00180494,-0.00276356,-0.00236699,1.59042,9.91558,2.06079,6.09841,-4.42739,-1.38829,-1.95741,0.781645,0,0,-12,0,0,0,0,0,6.20089,0,0,0,
0.492644,0.120926,0.843121,0.654519,0.466217,-0.509812,-0.307146,1.02816e-07,-8.9662e-07,-1.48238e-06,5.08469e-06,1.41853e-06,-5.05333e-07,0.424742,0.396174,0.67933,0.0490539,0.976499,-0.208645,0.0226027,-0.178981,0.0799403,0.739144,0.694609,0.287715,0.609158,-0.25232,0,0,0,0,0,0,0,0.00316986,0.00171536,-0.00282983,-0.00134136,1.44405,9.91535,2.00388,6.11291,-4.4034,-1.3773,-1.9881,0.791574,0,0,-12,0,0,0,0,0,6.20089,0,0,0,
0.492644,0.120926,0.843121,0.654519,0.466217,-0.509812,-0.307146,-1.5829e-06,-1.24461e-06,-1.36837e-06,5.20629e-06,-7.53535e-07,-5.33716e-06,0.424742,0.396174,0.67933,0.0490539,0.976499,-0.208645,0.0226027,-0.178981,0.0799403,0.739144,0.694609,0.287715,0.609158,-0.25232,0,0,0,0,0,0,0,-0.00145036,0.00180477,-0.00277037,-0.00234456,2.26314,9.91743,2.27115,6.04283,-4.53287,-1.43696,-1.81682,0.736256,0,0,-12,0,0,0,0,0,6.20089,0,0,0,
0.492644,0.120926,0.843121,0.654519,0.466217,-0.509812,-0.307146,1.68437e-06,3.48403e-07,-1.12802e-07,-1.25351e-07,2.16935e-06,4.82856e-06,0.424742,0.396174,0.67933,0.0490536,0.976499,-0.208645,0.0226027,-0.178981,0.0799403,0.739144,0.694609,0.287715,0.609158,-0.25232,0,0,0,0,0,0,0,-0.00125749,0.000954776,-0.000788604,-0.00282864,1.42815,9.91365,2.01203,6.10983,-4.40205,-1.3767,-1.9914,0.79243,0,0,-12,0,0,0,0,0,6.20089,0,0,0,
0.492644,0.120926,0.843121,0.654519,0.466217,-0.509812,-0.307146,0,0,0,0,0,0,0.424742,0.396174,0.67933,0.0490539,0.976499,-0.208645,0.0226028,-0.178981,0.0799403,0.739144,0.694609,0.287715,0.609158,-0.25232,0,0,0,0,0,0,0,0.00204897,0.00170249,-0.0028005,-0.00131537,2.3058,9.9177,2.27293,6.04177,-4.53848,-1.43963,-1.80801,0.733429,0,0,-12,0,0,0,0,0,6.20089,0,0,0,
0.492644,0.120926,0.843121,0.654519,0.466217,-0.509812,-0.307146,-1.68311e-06,-3.48142e-07,1.12718e-07,1.25257e-07,-2.16774e-06,-4.82496e-06,0.424742,0.396174,0.67933,0.0490539,0.976499,-0.208645,0.0226028,-0.178981,0.0799403,0.739144,0.694609,0.287715,0.609158,-0.25232,0,0,0,0,0,0,0,0.00234353,0.00179298,-0.00273487,-0.00233904,2.22245,9.91749,2.24628,6.04874,-4.52531,-1.43374,-1.82555,0.739058,0,0,-12,0,0,0,0,0,6.20089,0,0,0,
0.492644,0.120926,0.843121,0.654519,0.466217,-0.509812,-0.307146,-1.68309e-06,-3.48139e-07,1.12717e-07,1.25256e-07,-2.16772e-06,-4.82491e-06,0.424742,0.396174,0.67933,0.0490539,0.976499,-0.208645,0.0226028,-0.178981,0.0799403,0.739144,0.694609,0.287715,0.609158,-0.25232,0,0,0,0,0,0,0,-0.000760354,0.00179349,-0.0027357,-0.00233994,2.26549,9.91745,2.26962,6.0431,-4.53302,-1.43707,-1.81637,0.736104,0,0,-12,0,0,0,0,0,6.20089,0,0,0,
0.492644,0.120926,0.843121,0.654519,0.466217,-0.509812,-0.307146,-1.78703e-06,5.46863e-07,1.59294e-06,-4.95166e-06,-3.58574e-06,-4.32399e-06,0.424742,0.396174,0.67933,0.0490539,0.976499,-0.208645,0.0226028,-0.178981,0.0799403,0.739144,0.694609,0.287715,0.609158,-0.25232,0,0,0,0,0,0,0,0.00405666,0.00179399,-0.00273873,-0.00233827,2.61875,9.9187,2.36278,6.01756,-4.58672,-1.46224,-1.74286,0.712355,0,0,-12,0,0,0,0,0,6.20089,0,0,0,
0.492644,0.120926,0.843121,0.654519,0.466217,-0.509812,-0.307146,-1.78703e-06,5.46863e-07,1.59294e-06,-4.95166e-06,-3.58574e-06,-4.32399e-06,0.424742,0.396174,0.67933,0.0490539,0.976499,-0.208645,0.0226028,-0.178981,0.0799403,0.739144,0.694609,0.287715,0.609158,-0.25232,0,0,0,0,0,0,0,0.00209385,0.0017945,-0.00273791,-0.00234103,2.43298,9.91807,2.31194,6.03138,-4.5583,-1.44896,-1.78155,0.724854,0,0,-12,0,0,0,0,0,6.20089,0,0,0,
0.492644,0.120926,0.843121,0.654519,0.466217,-0.509812,-0.307146,0,0,0,0,0,0,0.424742,0.396174,0.67933,0.0490539,0.976499,-0.208645,0.0226027,-0.178981,0.0799403,0.739144,0.694609,0.287715,0.609158,-0.25232,0,0,0,0,0,0,0,5.66433e-06,0.00276244,-0.00470774,-0.00289739,2.70814,9.92022,2.40479,6.00879,-4.60215,-1.46907,-1.72391,0.706415,0,0,-12,0,0,0,0,0,6.20089,0,0,0,
0.492644,0.120926,0.843121,0.654519,0.466217,-0.509812,-0.307146,1.58171e-06,1.24367e-06,1.36733e-06,-5.20236e-06,7.52968e-07,5.33313e-06,0.424742,0.396174,0.67933,0.0490536,0.976499,-0.208645,0.0226027,-0.178981,0.0799403,0.739144,0.694609,0.287715,0.609158,-0.25232,0,0,0,0,0,0,0,0.00331256,0.000936631,-0.000752448,-0.00284434,2.69153,9.91742,2.38629,6.0098,-4.59811,-1.46764,-1.72775,0.70729,0,0,-12,0,0,0,0,0,6.20089,0,0,0,
0.492644,0.120926,0.843121,0.654519,0.466217,-0.509812,-0.307146,-1.78703e-06,5.46863e-07,1.59294e-06,-4.95166e-06,-3.58574e-06,-4.32399e-06,0.424742,0.396174,0.67933,0.0490539,0.976499,-0.208645,0.0226028,-0.178981,0.0799403,0.739144,0.694609,0.287715,0.609158,-0.25232,0,0,0,0,0,0,0,0.00241072,0.00170591,-0.00280489,-0.00131843,2.78089,9.91907,2.41809,6.00324,-4.61264,-1.47393,-1.70878,0.701391,0,0,-12,0,0,0,0,0,6.20089,0,0,0,
0.492644,0.120926,0.843121,0.654519,0.466217,-0.509812,-0.307146,-1.68692e-06,-3.48929e-07,1.12973e-07,1.2554e-07,-2.17264e-06,-4.83586e-06,0.424742,0.396174,0.67933,0.0490539,0.976499,-0.208645,0.0226028,-0.178981,0.0799403,0.739144,0.694609,0.287715,0.609158,-0.25232,0,0,0,0,0,0,0,0.0011443,0.00179655,-0.00274284,-0.00234278,2.82115,9.91912,2.43458,5.99905,-4.61929,-1.47708,-1.7004,0.698658,0,0,-12,0,0,0,0,0,6.20089,0,0,0,
0.492644,0.120926,0.843121,0.654519,0.466217,-0.509812,-0.307146,1.68819e-06,3.49194e-07,-1.13059e-07,-1.25635e-07,2.17428e-06,4.83953e-06,0.424742,0.396174,0.67933,0.0490536,0.976499,-0.208645,0.0226027,-0.178981,0.0799403,0.739144,0.694609,0.287715,0.609158,-0.25232,0,0,0,0,0,0,0,-0.0022435,0.00189064,-0.00268005,-0.00341069,2.9839,9.91941,2.49569,5.98339,-4.64575,-1.48924,-1.66631,0.68763,0,0,-12,0,0,0,0,0,6.20089,0,0,0,
0.492644,0.120926,0.843121,0.654519,0.466217,-0.509812,-0.307146,0,0,0,0,0,0,0.424742,0.396174,0.67933,0.0490539,0.976499,-0.208645,0.0226028,-0.178981,0.0799403,0.739144,0.694609,0.287715,0.609158,-0.25232,0,0,0,0,0,0,0,0.00133738,0.00170852,-0.00280636,-0.00133235,3.01415,9.91967,2.49343,5.98346,-4.64945,-1.49086,-1.65999,0.685641,0,0,-12,0,0,0,0,0,6.20089,0,0,0,
0.492644,0.120926,0.843121,0.654519,0.466217,-0.509812,-0.307146,0,0,0,0,0,0,0.424742,0.396174,0.67933,0.0490539,0.976499,-0.208645,0.0226028,-0.178981,0.0799403,0.739144,0.694609,0.287715,0.609158,-0.25232,0,0,0,0,0,0,0,0.00315343,0.00179806,-0.00274786,-0.00234248,3.29584,9.92057,2.57427,5.96167,-4.69286,-1.51122,-1.60136,0.666674,0,0,-12,0,0,0,0,0,6.20089,0,0,0,
0.492644,0.120926,0.843121,0.654519,0.466217,-0.509812,-0.307146,1.68692e-06,3.4893e-07,-1.12973e-07,-1.2554e-07,2.17264e-06,4.83586e-06,0.424742,0.396174,0.67933,0.0490536,0.976499,-0.208645,0.0226027,-0.178981,0.0799403,0.739144,0.694609,0.287715,0.609158,-0.25232,0,0,0,0,0,0,0,0.00123666,0.00189026,-0.0026841,-0.00339273,2.98719,9.9196,2.4854,5.98552,-4.64516,-1.48922,-1.66583,0.687464,0,0,-12,0,0,0,0,0,6.20089,0,0,0,
0.492644,0.120926,0.843121,0.654519,0.466217,-0.509812,-0.307146,0,0,0,0,0,0,0.424742,0.396174,0.67933,0.0490539,0.976499,-0.208645,0.0226027,-0.178981,0.0799403,0.739144,0.694609,0.287715,0.609158,-0.25232,0,0,0,0,0,0,0,0.00464616,0.00266375,-0.00475138,-0.00187155,3.24746,9.92196,2.55585,5.96797,-4.68505,-1.50754,-1.61141,0.670109,0,0,-12,0,0,0,0,0,6.20089,0,0,0,
0.492644,0.120926,0.843121,0.654519,0.466217,-0.509812,-0.307146,1.68692e-06,3.4893e-07,-1.12973e-07,-1.2554e-07,2.17264e-06,4.83586e-06,0.424742,0.396174,0.67933,0.0490537,0.976499,-0.208645,0.0226026,-0.178981,0.0799403,0.739144,0.694609,0.287715,0.609158,-0.25232,0,0,0,0,0,0,0,-0.00335837,0.00190298,-0.00272251,-0.00338767,2.80679,9.91888,2.44478,5.99711,-4.61842,-1.47652,-1.70324,0.699562,0,0,-12,0,0,0,0,0,6.20089,0,0,0,
0.492644,0.120926,0.843121,0.654519,0.466217,-0.509812,-0.307146,1.02816e-07,-8.9662e-07,-1.48238e-06,5.08469e-06,1.41853e-06,-5.05333e-07,0.424742,0.396174,0.67933,0.0490537,0.976499,-0.208645,0.0226026,-0.178981,0.0799403,0.739144,0.694609,0.287715,0.609158,-0.25232,0,0,0,0,0,0,0,-0.00220047,0.00181471,-0.002788,-0.00237425,3.55181,9.92104,2.67051,5.93713,-4.73457,-1.53012,-1.54756,0.649329,0,0,-12,0,0,0,0,0,6.20089,0,0,0,
0.492644,0.120926,0.843121,0.654519,0.466217,-0.509812,-0.307146,1.02661e-07,-8.95265e-07,-1.48014e-06,5.07701e-06,1.41639e-06,-5.04569e-07,0.424742,0.396174,0.67933,0.0490539,0.976499,-0.208645,0.0226027,-0.178981,0.0799403,0.739144,0.694609,0.287715,0.609158,-0.25232,0,0,0,0,0,0,0,-0.000187849,0.00172309,-0.00285062,-0.00132276,3.69446,9.92154,2.70794,5.9269,-4.75629,-1.54012,-1.51777,0.639736,0,0,-12,0,0,0,0,0,6.20089,0,0,0,
0.492644,0.120926,0.843121,0.654519,0.466217,-0.509812,-0.307146,1.78576e-06,-5.47125e-07,-1.59285e-06,4.95176e-06,3.5841e-06,4.32034e-06,0.424742,0.396174,0.67933,0.0490537,0.976499,-0.208645,0.0226026,-0.178981,0.0799403,0.739144,0.694609,0.287715,0.609158,-0.25232,0,0,0,0,0,0,0,-0.000384715,0.00190701,-0.00272761,-0.00341507,3.36341,9.92061,2.60657,5.95371,-4.7045,-1.51652,-1.58714,0.662068,0,0,-12,0,0,0,0,0,6.20089,0,0,0,
0.492644,0.120926,0.843121,0.654519,0.466217,-0.509812,-0.307146,-1.58171e-06,-1.24367e-06,-1.36733e-06,5.20236e-06,-7.52966e-07,-5.33313e-06,0.424742,0.396174,0.67933,0.0490539,0.976499,-0.208645,0.0226027,-0.178981,0.0799403,0.739144,0.694609,0.287715,0.609158,-0.25232,0,0,0,0,0,0,0,0.000533965,0.00172291,-0.00285057,-0.00131306,3.50492,9.92104,2.64722,5.94287,-4.72643,-1.52637,-1.55741,0.652532,0,0,-12,0,0,0,0,0,6.20089,0,0,0,
0.492644,0.120926,0.843121,0.654519,0.466217,-0.509812,-0.307146,1.78576e-06,-5.47135e-07,-1.59287e-06,4.95181e-06,3.58411e-06,4.32034e-06,0.424742,0.396174,0.67933,0.0490539,0.976499,-0.208645,0.0226027,-0.178981,0.0799403,0.739144,0.694609,0.287715,0.609158,-0.25232,0,0,0,0,0,0,0,0.00272949,0.00181546,-0.00279267,-0.0023576,3.76338,9.92189,2.71967,5.92324,-4.76609,-1.54504,-1.50366,0.635138,0,0,-12,0,0,0,0,0,6.20089,0,0,0,
0.492644,0.120926,0.843121,0.654519,0.466217,-0.509812,-0.307146,1.02583e-07,-8.94589e-07,-1.47902e-06,5.07318e-06,1.41532e-06,-5.04188e-07,0.424742,0.396174,0.67933,0.0490537,0.976499,-0.208645,0.0226026,-0.178981,0.0799403,0.739144,0.694609,0.287715,0.609158,-0.25232,0,0,0,0,0,0,0,-9.98052e-06,0.00190671,-0.00273344,-0.0033957,3.62312,9.92136,2.68535,5.93277,-4.74498,-1.53525,-1.5329,0.644558,0,0,-12,0,0,0,0,0,6.20089,0,0,0,
0.492644,0.120926,0.843121,0.654519,0.466217,-0.509812,-0.307146,-1.58178e-06,-1.24299e-06,-1.36622e-06,5.19853e-06,-7.54035e-07,-5.33275e-06,0.424742,0.396174,0.67933,0.0490539,0.976499,-0.208645,0.0226027,-0.178981,0.0799403,0.739144,0.694609,0.287715,0.609158,-0.25232,0,0,0,0,0,0,0,-0.000606535,0.00172539,-0.00285233,-0.00132554,3.71354,9.92157,2.71518,5.92506,-4.7594,-1.54153,-1.51376,0.638443,0,0,-12,0,0,0,0,0,6.20089,0,0,0,
0.492644,0.120926,0.843121,0.654519,0.466217,-0.509812,-0.307146,0,0,0,0,0,0,0.424742,0.396174,0.67933,0.0490539,0.976499,-0.208645,0.0226027,-0.178981,0.0799403,0.739144,0.694609,0.287715,0.609158,-0.25232,0,0,0,0,0,0,0,-0.000368823,0.001817,-0.00279417,-0.0023615,3.7122,9.92159,2.71397,5.92529,-4.75907,-1.54157,-1.51416,0.63854,0,0,-12,0,0,0,0,0,6.20089,0,0,0,
0.492644,0.120926,0.843121,0.654519,0.466217,-0.509812,-0.307146,0,0,0,0,0,0,0.424742,0.396174,0.67933,0.0490537,0.976499,-0.208645,0.0226026,-0.178981,0.0799403,0.739144,0.694609,0.287715,0.609158,-0.25232,0,0,0,0,0,0,0,0.00106954,0.00190861,-0.002737,-0.00340217,3.76464,9.92182,2.72543,5.92196,-4.76676,-1.5454,-1.5034,0.63503,0,0,-12,0,0,0,0,0,6.20089,0,0,0,
0.492644,0.120926,0.843121,0.654519,0.466217,-0.509812,-0.307146,0,0,0,0,0,0,0.424742,0.396174,0.67933,0.0490539,0.976499,-0.208645,0.0226027,-0.178981,0.0799403,0.739144,0.694609,0.287715,0.609158,-0.25232,0,0,0,0,0,0,0,0.00210748,0.00173126,-0.00285238,-0.00137585,3.95706,9.9224,2.78137,5.90704,-4.79661,-1.55893,-1.46306,0.622061,0,0,-12,0,0,0,0,0,6.20089,0,0,0,
0.492644,0.120926,0.843121,0.654519,0.466217,-0.509812,-0.307146,0,0,0,0,0,0,0.424742,0.396174,0.67933,0.0490537,0.976499,-0.208645,0.0226026,-0.178981,0.0799403,0.739144,0.694609,0.287715,0.609158,-0.25232,0,0,0,0,0,0,0,-0.00299815,0.00190365,-0.00274424,-0.00333424,3.9701,9.92219,2.80193,5.9024,-4.80017,-1.56053,-1.46023,0.621108,0,0,-12,0,0,0,0,0,6.20089,0,0,0,
0.492644,0.120926,0.843121,0.654519,0.466217,-0.509812,-0.307146,1.58282e-06,1.24529e-06,1.36949e-06,-5.21014e-06,7.52465e-07,5.33754e-06,0.424742,0.396174,0.67933,0.0490536,0.976499,-0.208645,0.0226027,-0.178981,0.0799403,0.739144,0.694609,0.287715,0.609158,-0.25232,0,0,0,0,0,0,0,0.00377363,0.000934586,-0.00099249,-0.00188501,4.00047,9.92126,2.7881,5.90341,-4.80267,-1.56203,-1.45423,0.619023,0,0,-12,0,0,0,0,0,6.20089,0,0,0,
0.492644,0.120926,0.843121,0.654519,0.466217,-0.509812,-0.307146,-1.02816e-07,8.9662e-07,1.48238e-06,-5.08469e-06,-1.41853e-06,5.05333e-07,0.424742,0.396174,0.67933,0.0490539,0.976499,-0.208645,0.0226028,-0.178981,0.0799403,0.739144,0.694609,0.287715,0.609158,-0.25232,0,0,0,0,0,0,0,0.00255702,0.00171717,-0.00281784,-0.00134321,3.89892,9.92224,2.76199,5.91208,-4.78738,-1.55469,-1.47523,0.625985,0,0,-12,0,0,0,0,0,6.20089,0,0,0,
0.492644,0.120926,0.843121,0.654519,0.466217,-0.509812,-0.307146,-1.78846e-06,5.47955e-07,1.59526e-06,-4.95925e-06,-3.58952e-06,-4.32687e-06,0.424742,0.396174,0.67933,0.0490539,0.976499,-0.208645,0.0226028,-0.178981,0.0799403,0.739144,0.694609,0.287715,0.609158,-0.25232,0,0,0,0,0,0,0,0.00112874,0.00180685,-0.00276351,-0.00235649,4.00644,9.92248,2.79972,5.90229,-4.8046,-1.56271,-1.45279,0.618715,0,0,-12,0,0,0,0,0,6.20089,0,0,0,
0.492644,0.120926,0.843121,0.654519,0.466217,-0.509812,-0.307146,-1.02739e-07,8.95942e-07,1.48125e-06,-5.08085e-06,-1.41746e-06,5.04951e-07,0.424742,0.396174,0.67933,0.0490539,0.976499,-0.208645,0.0226028,-0.178981,0.0799403,0.739144,0.694609,0.287715,0.609158,-0.25232,0,0,0,0,0,0,0,0.000259327,0.00180736,-0.00276527,-0.00235629,4.16348,9.92288,2.85092,5.88887,-4.82942,-1.57412,-1.41993,0.608108,0,0,-12,0,0,0,0,0,6.20089,0,0,0,
0.492644,0.120926,0.843121,0.654519,0.466217,-0.509812,-0.307146,-1.02816e-07,8.9662e-07,1.48238e-06,-5.08469e-06,-1.41853e-06,5.05333e-07,0.424742,0.396174,0.67933,0.0490539,0.976499,-0.208645,0.0226028,-0.178981,0.0799403,0.739144,0.694609,0.287715,0.609158,-0.25232,0,0,0,0,0,0,0,0.00106502,0.00180786,-0.00276528,-0.00235812,4.07286,9.92266,2.82039,5.89682,-4.815,-1.56752,-1.43891,0.614234,0,0,-12,0,0,0,0,0,6.20089,0,0,0,
0.492644,0.120926,0.843121,0.654519,0.466217,-0.509812,-0.307146,-1.68437e-06,-3.48402e-07,1.12802e-07,1.2535e-07,-2.16935e-06,-4.82856e-06,0.424742,0.396174,0.67933,0.0490539,0.976499,-0.208645,0.0226027,-0.178981,0.0799403,0.739144,0.694609,0.287715,0.609158,-0.25232,0,0,0,0,0,0,0,0.000587644,0.0027854,-0.00475931,-0.0029036,4.37687,9.92499,2.91691,5.87299,-4.86286,-1.58958,-1.37533,0.593877,0,0,-12,0,0,0,0,0,6.20089,0,0,0,
0.492644,0.120926,0.843121,0.654519,0.466217,-0.509812,-0.307146,0,0,0,0,0,0,0.424742,0.396174,0.67933,0.0490539,0.976499,-0.208645,0.0226027,-0.178981,0.0799403,0.739144,0.694609,0.287715,0.609158,-0.25232,0,0,0,0,0,0,0,0.00779331,0.00182222,-0.00280618,-0.00236661,4.46869,9.92415,2.92048,5.86914,-4.87476,-1.59562,-1.35662,0.587649,0,0,-12,0,0,0,0,0,6.20089,0,0,0,
0.492644,0.120926,0.843121,0.654519,0.466217,-0.509812,-0.307146,1.68437e-06,3.48403e-07,-1.12803e-07,-1.2535e-07,2.16935e-06,4.82856e-06,0.424742,0.396174,0.67933,0.0490537,0.976499,-0.208645,0.0226026,-0.178981,0.0799403,0.739144,0.694609,0.287715,0.609158,-0.25232,0,0,0,0,0,0,0,0.00280787,0.00191453,-0.00275027,-0.00341681,4.36134,9.9236,2.90358,5.87445,-4.8595,-1.58838,-1.37885,0.594814,0,0,-12,0,0,0,0,0,6.20089,0,0,0,
0.492644,0.120926,0.843121,0.654519,0.466217,-0.509812,-0.307146,-1.58171e-06,-1.24367e-06,-1.36733e-06,5.20236e-06,-7.52966e-07,-5.33313e-06,0.424742,0.396174,0.67933,0.0490539,0.976499,-0.208645,0.0226027,-0.178981,0.0799403,0.739144,0.694609,0.287715,0.609158,-0.25232,0,0,0,0,0,0,0,0.00229241,0.00173132,-0.0028609,-0.00132709,4.15713,9.92298,2.8424,5.89085,-4.82784,-1.57336,-1.42127,0.60857,0,0,-12,0,0,0,0,0,6.20089,0,0,0,
0.492644,0.120926,0.843121,0.654519,0.466217,-0.509812,-0.307146,1.02662e-07,-8.95274e-07,-1.48015e-06,5.07706e-06,1.4164e-06,-5.04574e-07,0.424742,0.396174,0.67933,0.0490539,0.976499,-0.208645,0.0226027,-0.178981,0.0799403,0.739144,0.694609,0.287715,0.609158,-0.25232,0,0,0,0,0,0,0,-0.00279197,0.00182374,-0.0028077,-0.00237046,4.39535,9.9234,2.93226,5.86787,-4.86664,-1.5911,-1.3713,0.592426,0,0,-12,0,0,0,0,0,6.20089,0,0,0,
0.492644,0.120926,0.843121,0.654519,0.466217,-0.509812,-0.307146,1.02661e-07,-8.95265e-07,-1.48014e-06,5.07701e-06,1.41639e-06,-5.04569e-07,0.424742,0.396174,0.67933,0.0490539,0.976499,-0.208645,0.0226027,-0.178981,0.0799403,0.739144,0.694609,0.287715,0.609158,-0.25232,0,0,0,0,0,0,0,-0.000249951,0.00182425,-0.00281015,-0.00236945,4.64336,9.92423,3.0004,5.84937,-4.90461,-1.60883,-1.31964,0.575739,0,0,-12,0,0,0,0,0,6.20089,0,0,0,
0.492644,0.120926,0.843121,0.654519,0.466217,-0.509812,-0.307146,1.02661e-07,-8.95265e-07,-1.48014e-06,5.07701e-06,1.41639e-06,-5.04569e-07,0.424742,0.396174,0.67933,0.0490539,0.976499,-0.208645,0.0226027,-0.178981,0.0799403,0.739144,0.694609,0.287715,0.609158,-0.25232,0,0,0,0,0,0,0,-0.000803618,0.00182477,-0.00280921,-0.00237246,4.41413,9.92356,2.93159,5.8677,-4.86895,-1.59231,-1.3675,0.591191,0,0,-12,0,0,0,0,0,6.20089,0,0,0,
0.492644,0.120926,0.843121,0.654519,0.466217,-0.509812,-0.307146,1.02661e-07,-8.95265e-07,-1.48014e-06,5.07701e-06,1.41639e-06,-5.04569e-07,0.424742,0.396174,0.67933,0.0490539,0.976499,-0.208645,0.0226027,-0.178981,0.0799403,0.739144,0.694609,0.287715,0.609158,-0.25232,0,0,0,0,0,0,0,-0.000403258,0.00182527,-0.00281104,-0.00237216,4.57493,9.92403,2.97982,5.85485,-4.89396,-1.6039,-1.33393,0.580352,0,0,-12,0,0,0,0,0,6.20089,0,0,0,
0.492644,0.120926,0.843121,0.654519,0.466217,-0.509812,-0.307146,1.68693e-06,3.48934e-07,-1.12974e-07,-1.25541e-07,2.17266e-06,4.83591e-06,0.424742,0.396174,0.67933,0.0490537,0.976499,-0.208645,0.0226026,-0.178981,0.0799403,0.739144,0.694609,0.287715,0.609158,-0.25232,0,0,0,0,0,0,0,0.00350668,0.00191849,-0.00275776,-0.00343078,4.70611,9.92461,3.0075,5.84678,-4.91318,-1.61324,-1.30687,0.571573,0,0,-12,0,0,0,0,0,6.20089,0,0,0,
0.492644,0.120926,0.843121,0.654519,0.466217,-0.509812,-0.307146,1.58412e-06,1.24555e-06,1.3694e-06,-5.21023e-06,7.5413e-07,5.34124e-06,0.424742,0.396174,0.67933,0.0490536,0.976499,-0.208645,0.0226027,-0.178981,0.0799403,0.739144,0.694609,0.287715,0.609158,-0.25232,0,0,0,0,0,0,0,0.00286311,0.000873755,-0.000866967,-0.00186334,4.65303,9.92296,2.99196,5.84943,-4.90496,-1.60924,-1.31785,0.574986,0,0,-12,0,0,0,0,0,6.20089,0,0,0,
0.492644,0.120926,0.843121,0.654519,0.466217,-0.509812,-0.307146,-1.78973e-06,5.47691e-07,1.59535e-06,-4.95915e-06,-3.59117e-06,-4.33053e-06,0.424742,0.396174,0.67933,0.0490539,0.976499,-0.208645,0.0226028,-0.178981,0.0799403,0.739144,0.694609,0.287715,0.609158,-0.25232,0,0,0,0,0,0,0,0.00143581,0.0017231,-0.00282997,-0.00133831,4.6568,9.92433,2.99907,5.84945,-4.90622,-1.60953,-1.31684,0.574851,0,0,-12,0,0,0,0,0,6.20089,0,0,0,
0.492644,0.120926,0.843121,0.654519,0.466217,-0.509812,-0.307146,0,0,0,0,0,0,0.424742,0.396174,0.67933,0.0490539,0.976499,-0.208645,0.0226027,-0.178981,0.0799403,0.739144,0.694609,0.287715,0.609158,-0.25232,0,0,0,0,0,0,0,-0.00306241,0.00275208,-0.00468977,-0.00288829,4.44872,9.92496,2.95085,5.86458,-4.87524,-1.59504,-1.36011,0.588967,0,0,-12,0,0,0,0,0,6.20089,0,0,0,
0.492644,0.120926,0.843121,0.654519,0.466217,-0.509812,-0.307146,1.68564e-06,3.48666e-07,-1.12888e-07,-1.25445e-07,2.17099e-06,4.83221e-06,0.424742,0.396174,0.67933,0.0490537,0.976499,-0.208645,0.0226026,-0.178981,0.0799403,0.739144,0.694609,0.287715,0.609158,-0.25232,0,0,0,0,0,0,0,0.00245864,0.00192092,-0.00276312,-0.00343719,4.96339,9.92528,3.09016,5.82506,-4.95373,-1.63191,-1.25306,0.554203,0,0,-12,0,0,0,0,0,6.20089,0,0,0,
0.492644,0.120926,0.843121,0.654519,0.466217,-0.509812,-0.307146,1.68692e-06,3.4893e-07,-1.12973e-07,-1.2554e-07,2.17264e-06,4.83586e-06,0.424742,0.396174,0.67933,0.0490537,0.976499,-0.208645,0.0226026,-0.178981,0.0799403,0.739144,0.694609,0.287715,0.609158,-0.25232,0,0,0,0,0,0,0,-0.000130711,0.00182961,-0.00281623,-0.00239606,4.8168,9.92473,3.05343,5.8353,-4.93168,-1.62136,-1.28342,0.564044,0,0,-12,0,0,0,0,0,6.20089,0,0,0,
0.492644,0.120926,0.843121,0.654519,0.466217,-0.509812,-0.307146,0,0,0,0,0,0,0.424742,0.396174,0.67933,0.0490539,0.976499,-0.208645,0.0226027,-0.178981,0.0799403,0.739144,0.694609,0.287715,0.609158,-0.25232,0,0,0,0,0,0,0,0.00321007,0.00173735,-0.00287123,-0.00133703,4.91411,9.92517,3.07258,5.82969,-4.94589,-1.62799,-1.26319,0.557529,0,0,-12,0,0,0,0,0,6.20089,0,0,0,
0.492644,0.120926,0.843121,0.654519,0.466217,-0.509812,-0.307146,1.68692e-06,3.4893e-07,-1.12973e-07,-1.2554e-07,2.17264e-06,4.83586e-06,0.424742,0.396174,0.67933,0.0490537,0.976499,-0.208645,0.0226026,-0.178981,0.0799403,0.739144,0.694609,0.287715,0.609158,-0.25232,0,0,0,0,0,0,0,-0.00106789,0.00192033,-0.00276726,-0.00341612,4.98039,9.92515,3.10685,5.82126,-4.95751,-1.63339,-1.2493,0.553,0,0,-12,0,0,0,0,0,6.20089,0,0,0,
0.492644,0.120926,0.843121,0.654519,0.466217,-0.509812,-0.307146,0,0,0,0,0,0,0.424742,0.396174,0.67933,0.0490537,0.976499,-0.208645,0.0226026,-0.178981,0.0799403,0.739144,0.694609,0.287715,0.609158,-0.25232,0,0,0,0,0,0,0,-0.00213899,0.00183115,-0.00281922,-0.00239826,4.93088,9.92495,3.0951,5.82461,-4.95015,-1.62975,-1.25947,0.556317,0,0,-12,0,0,0,0,0,6.20089,0,0,0,
0.492644,0.120926,0.843121,0.654519,0.466217,-0.509812,-0.307146,0,0,0,0,0,0,0.424742,0.396174,0.67933,0.0490537,0.976499,-0.208645,0.0226026,-0.178981,0.0799403,0.739144,0.694609,0.287715,0.609158,-0.25232,0,0,0,0,0,0,0,0.000706003,0.00183165,-0.0028203,-0.00239885,4.98225,9.92525,3.10168,5.82237,-4.95728,-1.63325,-1.24891,0.552898,0,0,-12,0,0,0,0,0,6.20089,0,0,0,
0.492644,0.120926,0.843121,0.654519,0.466217,-0.509812,-0.307146,1.78703e-06,-5.46862e-07,-1.59294e-06,4.95166e-06,3.58574e-06,4.32399e-06,0.424742,0.396174,0.67933,0.0490537,0.976499,-0.208645,0.0226026,-0.178981,0.0799403,0.739144,0.694609,0.287715,0.609158,-0.25232,0,0,0,0,0,0,0,0.000616036,0.00183217,-0.00282244,-0.00239828,5.17665,9.92579,3.16185,5.80643,-4.9877,-1.6473,-1.20829,0.539786,0,0,-12,0,0,0,0,0,6.20089,0,0,0,
0.492644,0.120926,0.843121,0.654519,0.466217,-0.509812,-0.307146,0,0,0,0,0,0,0.424742,0.396174,0.67933,0.0490539,0.976499,-0.208645,0.0226027,-0.178981,0.0799403,0.739144,0.694609,0.287715,0.609158,-0.25232,0,0,0,0,0,0,0,0.00148271,0.00175151,-0.00286729,-0.00147348,4.89594,9.92504,3.07259,5.82998,-4.94359,-1.62682,-1.26689,0.558727,0,0,-12,0,0,0,0,0,6.20089,0,0,0,
0.492644,0.120926,0.843121,0.654519,0.466217,-0.509812,-0.307146,-1.68437e-06,-3.48402e-07,1.12802e-07,1.2535e-07,-2.16935e-06,-4.82856e-06,0.424742,0.396174,0.67933,0.0490539,0.976499,-0.208645,0.0226027,-0.178981,0.0799403,0.739144,0.694609,0.287715,0.609158,-0.25232,0,0,0,0,0,0,0,0.000332803,0.00183203,-0.0028236,-0.00238242,5.00264,9.92528,3.10917,5.82045,-4.96059,-1.63475,-1.24463,0.551517,0,0,-12,0,0,0,0,0,6.20089,0,0,0,
0.492644,0.120926,0.843121,0.654519,0.466217,-0.509812,-0.307146,-1.68437e-06,-3.48402e-07,1.12802e-07,1.2535e-07,-2.16935e-06,-4.82856e-06,0.424742,0.396174,0.67933,0.0490539,0.976499,-0.208645,0.0226027,-0.178981,0.0799403,0.739144,0.694609,0.287715,0.609158,-0.25232,0,0,0,0,0,0,0,0.00176147,0.00183255,-0.00282471,-0.00238307,5.04921,9.92549,3.11888,5.81763,-4.96742,-1.63801,-1.23498,0.548398,0,0,-12,0,0,0,0,0,6.20089,0,0,0,
0.492644,0.120926,0.843121,0.654519,0.466217,-0.509812,-0.307146,0,0,0,0,0,0,0.424742,0.396174,0.67933,0.0490539,0.976499,-0.208645,0.0226027,-0.178981,0.0799403,0.739144,0.694609,0.287715,0.609158,-0.25232,0,0,0,0,0,0,0,0.00273417,0.00183306,-0.00282734,-0.00238186,5.31416,9.92629,3.19733,5.79667,-5.00854,-1.65707,-1.17969,0.530544,0,0,-12,0,0,0,0,0,6.20089,0,0,0,
0.492644,0.120926,0.843121,0.654519,0.466217,-0.509812,-0.307146,-1.68309e-06,-3.48139e-07,1.12717e-07,1.25255e-07,-2.16771e-06,-4.82491e-06,0.424742,0.396174,0.67933,0.0490539,0.976499,-0.208645,0.0226027,-0.178981,0.0799403,0.739144,0.694609,0.287715,0.609158,-0.25232,0,0,0,0,0,0,0,0.00203165,0.00183357,-0.00282793,-0.00238307,5.29193,9.92619,3.19276,5.798,-5.00528,-1.65552,-1.18429,0.532033,0,0,-12,0,0,0,0,0,6.20089,0,0,0,
0.492644,0.120926,0.843121,0.654519,0.466217,-0.509812,-0.307146,-1.68692e-06,-3.48929e-07,1.12973e-07,1.2554e-07,-2.17264e-06,-4.83586e-06,0.424742,0.396174,0.67933,0.0490539,0.976499,-0.208645,0.0226027,-0.178981,0.0799403,0.739144,0.694609,0.287715,0.609158,-0.25232,0,0,0,0,0,0,0,-0.0014214,0.00183408,-0.00282877,-0.00238395,5.30621,9.92605,3.20838,5.79447,-5.00861,-1.65681,-1.1811,0.531014,0,0,-12,0,0,0,0,0,6.20089,0,0,0,
0.492644,0.120926,0.843121,0.654519,0.466217,-0.509812,-0.307146,-1.68693e-06,-3.48933e-07,1.12974e-07,1.25541e-07,-2.17266e-06,-4.83591e-06,0.424742,0.396174,0.67933,0.0490539,0.976499,-0.208645,0.0226027,-0.178981,0.0799403,0.739144,0.694609,0.287715,0.609158,-0.25232,0,0,0,0,0,0,0,-7.32539e-05,0.00183461,-0.00282634,-0.00238879,4.85241,9.92484,3.06422,5.83244,-4.93724,-1.62392,-1.27598,0.561643,0,0,-12,0,0,0,0,0,6.20089,0,0,0,
0.492644,0.120926,0.843121,0.654519,0.466217,-0.509812,-0.307146,-1.6869e-06,-3.48926e-07,1.12972e-07,1.25538e-07,-2.17261e-06,-4.83582e-06,0.424742,0.396174,0.67933,0.0490539,0.976499,-0.208645,0.0226027,-0.178981,0.0799403,0.739144,0.694609,0.287715,0.609158,-0.25232,0,0,0,0,0,0,0,0.00119082,0.00183512,-0.00283041,-0.00238586,5.31689,9.92622,3.20318,5.79539,-5.00945,-1.65739,-1.17903,0.530335,0,0,-12,0,0,0,0,0,6.20089,0,0,0,
0.492644,0.120926,0.843121,0.654519,0.466217,-0.509812,-0.307146,0,0,0,0,0,0,0.424742,0.396174,0.67933,0.0490539,0.976499,-0.208645,0.0226027,-0.178981,0.0799403,0.739144,0.694609,0.287715,0.609158,-0.25232,0,0,0,0,0,0,0,-0.00141508,0.00183563,-0.00283132,-0.00238668,5.33778,9.92614,3.21808,5.79189,-5.01354,-1.65909,-1.17451,0.528885,0,0,-12,0,0,0,0,0,6.20089,0,0,0,
0.492644,0.120926,0.843121,0.654519,0.466217,-0.509812,-0.307146,1.68692e-06,3.4893e-07,-1.12973e-07,-1.2554e-07,2.17264e-06,4.83586e-06,0.424742,0.396174,0.67933,0.0490537,0.976499,-0.208645,0.0226026,-0.178981,0.0799403,0.739144,0.694609,0.287715,0.609158,-0.25232,0,0,0,0,0,0,0,0.00188201,0.00192874,-0.00278144,-0.00344513,5.3591,9.92638,3.21392,5.79237,-5.01578,-1.66054,-1.17036,0.527506,0,0,-12,0,0,0,0,0,6.20089,0,0,0,
0.492644,0.120926,0.843121,0.654519,0.466217,-0.509812,-0.307146,0,0,0,0,0,0,0.424742,0.396174,0.67933,0.0490539,0.976499,-0.208645,0.0226027,-0.178981,0.0799403,0.739144,0.694609,0.287715,0.609158,-0.25232,0,0,0,0,0,0,0,0.000410875,0.00174595,-0.00288093,-0.00135959,5.13923,9.92568,3.15102,5.8094,-4.98197,-1.64446,-1.21599,0.5423,0,0,-12,0,0,0,0,0,6.20089,0,0,0,
0.492644,0.120926,0.843121,0.654519,0.466217,-0.509812,-0.307146,0,0,0,0,0,0,0.424742,0.396174,0.67933,0.0490539,0.976499,-0.208645,0.0226027,-0.178981,0.0799403,0.739144,0.694609,0.287715,0.609158,-0.25232,0,0,0,0,0,0,0,-0.00184091,0.00183716,-0.00283364,-0.00238963,5.33766,9.92612,3.21943,5.79161,-5.01366,-1.65911,-1.17451,0.528887,0,0,-12,0,0,0,0,0,6.20089,0,0,0,
0.492644,0.120926,0.843121,0.654519,0.466217,-0.509812,-0.307146,1.68309e-06,3.4814e-07,-1.12717e-07,-1.25255e-07,2.16771e-06,4.82491e-06,0.424742,0.396174,0.67933,0.0490537,0.976499,-0.208645,0.0226026,-0.178981,0.0799403,0.739144,0.694609,0.287715,0.609158,-0.25232,0,0,0,0,0,0,0,0.00583441,0.00192853,-0.00278577,-0.00342754,5.4379,9.92681,3.22536,5.78866,-5.02685,-1.66594,-1.15413,0.522255,0,0,-12,0,0,0,0,0,6.20089,0,0,0,
0.492644,0.120926,0.843121,0.654519,0.466217,-0.509812,-0.307146,1.68437e-06,3.48403e-07,-1.12803e-07,-1.2535e-07,2.16935e-06,4.82856e-06,0.424742,0.396174,0.67933,0.0490537,0.976499,-0.208645,0.0226026,-0.178981,0.0799403,0.739144,0.694609,0.287715,0.609158,-0.25232,0,0,0,0,0,0,0,0.000875925,0.00183944,-0.00283659,-0.00240858,5.64355,9.92713,3.30482,5.76851,-5.06062,-1.68101,-1.11077,0.5083,0,0,-12,0,0,0,0,0,6.20089,0,0,0,
0.492644,0.120926,0.843121,0.654519,0.466217,-0.509812,-0.307146,1.68311e-06,3.48143e-07,-1.12718e-07,-1.25256e-07,2.16774e-06,4.82496e-06,0.424742,0.396174,0.67933,0.0490537,0.976499,-0.208645,0.0226026,-0.178981,0.0799403,0.739144,0.694609,0.287715,0.609158,-0.25232,0,0,0,0,0,0,0,3.4487e-05,0.00183996,-0.00283863,-0.00240812,5.82068,9.92759,3.36211,5.75347,-5.08857,-1.69387,-1.07371,0.496339,0,0,-12,0,0,0,0,0,6.20089,0,0,0,
0.492644,0.120926,0.843121,0.654519,0.466217,-0.509812,-0.307146,0,0,0,0,0,0,0.424742,0.396174,0.67933,0.0490539,0.976499,-0.208645,0.0226027,-0.178981,0.0799403,0.739144,0.694609,0.287715,0.609158,-0.25232,0,0,0,0,0,0,0,0.00195424,0.00175262,-0.00288397,-0.00140853,5.44147,9.92661,3.2391,5.78578,-5.02873,-1.66619,-1.15295,0.521941,0,0,-12,0,0,0,0,0,6.20089,0,0,0,
0.492644,0.120926,0.843121,0.654519,0.466217,-0.509812,-0.307146,1.68437e-06,3.48403e-07,-1.12803e-07,-1.2535e-07,2.16935e-06,4.82856e-06,0.424742,0.396174,0.67933,0.0490537,0.976499,-0.208645,0.0226026,-0.178981,0.0799403,0.739144,0.694609,0.287715,0.609158,-0.25232,0,0,0,0,0,0,0,-0.00219813,0.00192344,-0.00279325,-0.00335,5.40679,9.92631,3.24186,5.78569,-5.02453,-1.66427,-1.16014,0.524224,0,0,-12,0,0,0,0,0,6.20089,0,0,0,
0.492644,0.120926,0.843121,0.654519,0.466217,-0.509812,-0.307146,0,0,0,0,0,0,0.424742,0.396174,0.67933,0.0490537,0.976499,-0.208645,0.0226026,-0.178981,0.0799403,0.739144,0.694609,0.287715,0.609158,-0.25232,0,0,0,0,0,0,0,-0.00425121,0.00184159,-0.002839,-0.00241372,5.52353,9.92653,3.28451,5.77479,-5.04347,-1.67272,-1.13553,0.516313,0,0,-12,0,0,0,0,0,6.20089,0,0,0,
0.492644,0.120926,0.843121,0.654519,0.466217,-0.509812,-0.307146,1.68438e-06,3.48406e-07,-1.12804e-07,-1.25351e-07,2.16937e-06,4.82861e-06,0.424742,0.396174,0.67933,0.0490537,0.976499,-0.208645,0.0226026,-0.178981,0.0799403,0.739144,0.694609,0.287715,0.609158,-0.25232,0,0,0,0,0,0,0,0.000180782,0.00184211,-0.00284085,-0.00241347,5.67036,9.92717,3.31534,5.76584,-5.06503,-1.683,-1.10513,0.50648,0,0,-12,0,0,0,0,0,6.20089,0,0,0,
0.492644,0.120926,0.843121,0.654519,0.466217,-0.509812,-0.307146,0,0,0,0,0,0,0.424742,0.396174,0.67933,0.0490539,0.976499,-0.208645,0.0226027,-0.178981,0.0799403,0.739144,0.694609,0.287715,0.609158,-0.25232,0,0,0,0,0,0,0,0.00161804,0.00175443,-0.00288859,-0.00140664,5.68069,9.92727,3.31388,5.76603,-5.06624,-1.6835,-1.10295,0.5058,0,0,-12,0,0,0,0,0,6.20089,0,0,0,
0.492644,0.120926,0.843121,0.654519,0.466217,-0.509812,-0.307146,-1.68692e-06,-3.48929e-07,1.12973e-07,1.2554e-07,-2.17264e-06,-4.83586e-06,0.424742,0.396174,0.67933,0.0490539,0.976499,-0.208645,0.0226027,-0.178981,0.0799403,0.739144,0.694609,0.287715,0.609158,-0.25232,0,0,0,0,0,0,0,0.00274189,0.00184192,-0.00284444,-0.00239461,5.83246,9.92776,3.35695,5.75437,-5.08956,-1.69452,-1.07142,0.495588,0,0,-12,0,0,0,0,0,6.20089,0,0,0,
0.492644,0.120926,0.843121,0.654519,0.466217,-0.509812,-0.307146,-1.68564e-06,-3.48665e-07,1.12887e-07,1.25445e-07,-2.17099e-06,-4.83221e-06,0.424742,0.396174,0.67933,0.0490539,0.976499,-0.208645,0.0226027,-0.178981,0.0799403,0.739144,0.694609,0.287715,0.609158,-0.25232,0,0,0,0,0,0,0,0.00406483,0.00184243,-0.00284361,-0.00239747,5.60559,9.92719,3.28278,5.7738,-5.05368,-1.67803,-1.11889,0.510911,0,0,-12,0,0,0,0,0,6.20089,0,0,0,
0.492644,0.120926,0.843121,0.654519,0.466217,-0.509812,-0.307146,-1.68562e-06,-3.48662e-07,1.12886e-07,1.25443e-07,-2.17097e-06,-4.83216e-06,0.424742,0.396174,0.67933,0.0490539,0.976499,-0.208645,0.0226027,-0.178981,0.0799403,0.739144,0.694609,0.287715,0.609158,-0.25232,0,0,0,0,0,0,0,0.00142775,0.00184295,-0.00284501,-0.00239774,5.68792,9.92729,3.3167,5.76527,-5.06738,-1.68417,-1.10153,0.505316,0,0,-12,0,0,0,0,0,6.20089,0,0,0,
0.492644,0.120926,0.843121,0.654519,0.466217,-0.509812,-0.307146,1.68692e-06,3.4893e-07,-1.12973e-07,-1.2554e-07,2.17264e-06,4.83586e-06,0.424742,0.396174,0.67933,0.0490537,0.976499,-0.208645,0.0226026,-0.178981,0.0799403,0.739144,0.694609,0.287715,0.609158,-0.25232,0,0,0,0,0,0,0,-0.00154598,0.00193601,-0.00279829,-0.00345457,5.83492,9.92756,3.37162,5.75119,-5.09125,-1.69517,-1.07075,0.49536,0,0,-12,0,0,0,0,0,6.20089,0,0,0,
0.492644,0.120926,0.843121,0.654519,0.466217,-0.509812,-0.307146,-1.68692e-06,-3.48929e-07,1.12973e-07,1.2554e-07,-2.17264e-06,-4.83586e-06,0.424742,0.396174,0.67933,0.0490539,0.976499,-0.208645,0.0226027,-0.178981,0.0799403,0.739144,0.694609,0.287715,0.609158,-0.25232,0,0,0,0,0,0,0,0.00100976,0.00175227,-0.00289456,-0.00135734,5.70034,9.9273,3.32191,5.76401,-5.0695,-1.68495,-1.0988,0.504465,0,0,-12,0,0,0,0,0,6.20089,0,0,0,
0.492644,0.120926,0.843121,0.654519,0.466217,-0.509812,-0.307146,-1.6869e-06,-3.48926e-07,1.12972e-07,1.25538e-07,-2.17261e-06,-4.83582e-06,0.424742,0.396174,0.67933,0.0490539,0.976499,-0.208645,0.0226027,-0.178981,0.0799403,0.739144,0.694609,0.287715,0.609158,-0.25232,0,0,0,0,0,0,0,0.000437916,0.00184448,-0.00284809,-0.00239979,5.78358,9.92751,3.34938,5.75678,-5.08265,-1.69116,-1.08149,0.498848,0,0,-12,0,0,0,0,0,6.20089,0,0,0,
0.492644,0.120926,0.843121,0.654519,0.466217,-0.509812,-0.307146,0,0,0,0,0,0,0.424742,0.396174,0.67933,0.0490537,0.976499,-0.208645,0.0226026,-0.178981,0.0799403,0.739144,0.694609,0.287715,0.609158,-0.25232,0,0,0,0,0,0,0,0.000246662,0.00193718,-0.0028026,-0.00345181,6.01926,9.92817,3.42257,5.73737,-5.1195,-1.70835,-1.03235,0.482956,0,0,-12,0,0,0,0,0,6.20089,0,0,0,
0.492644,0.120926,0.843121,0.654519,0.466217,-0.509812,-0.307146,0,0,0,0,0,0,0.424742,0.396174,0.67933,0.0490539,0.976499,-0.208645,0.0226027,-0.178981,0.0799403,0.739144,0.694609,0.287715,0.609158,-0.25232,0,0,0,0,0,0,0,0.00124864,0.00175448,-0.00289749,-0.00136636,5.87977,9.92782,3.3764,5.74953,-5.09748,-1.6979,-1.06134,0.492367,0,0,-12,0,0,0,0,0,6.20089,0,0,0,
0.492644,0.120926,0.843121,0.654519,0.466217,-0.509812,-0.307146,0,0,0,0,0,0,0.424742,0.396174,0.67933,0.0490539,0.976499,-0.208645,0.0226027,-0.178981,0.0799403,0.739144,0.694609,0.287715,0.609158,-0.25232,0,0,0,0,0,0,0,-0.00305561,0.00184603,-0.00285085,-0.00240231,5.82731,9.92746,3.3742,5.75082,-5.09059,-1.69458,-1.07214,0.495843,0,0,-12,0,0,0,0,0,6.20089,0,0,0,
0.492644,0.120926,0.843121,0.654519,0.466217,-0.509812,-0.307146,1.68309e-06,3.4814e-07,-1.12717e-07,-1.25255e-07,2.16771e-06,4.82491e-06,0.424742,0.396174,0.67933,0.0490537,0.976499,-0.208645,0.0226026,-0.178981,0.0799403,0.739144,0.694609,0.287715,0.609158,-0.25232,0,0,0,0,0,0,0,5.6406e-05,0.00193894,-0.0028047,-0.00345781,5.93068,9.92791,3.39591,5.74447,-5.10572,-1.70197,-1.05084,0.488928,0,0,-12,0,0,0,0,0,6.20089,0,0,0,
0.492644,0.120926,0.843121,0.654519,0.466217,-0.509812,-0.307146,0,0,0,0,0,0,0.424742,0.396174,0.67933,0.0490539,0.976499,-0.208645,0.0226027,-0.178981,0.0799403,0.739144,0.694609,0.287715,0.609158,-0.25232,0,0,0,0,0,0,0,0.00491172,0.00175583,-0.00290019,-0.0013663,5.95072,9.92821,3.38636,5.74625,-5.10742,-1.70276,-1.04673,0.487641,0,0,-12,0,0,0,0,0,6.20089,0,0,0,
0.492644,0.120926,0.843121,0.654519,0.466217,-0.509812,-0.307146,0,0,0,0,0,0,0.424742,0.396174,0.67933,0.0490539,0.976499,-0.208645,0.0226027,-0.178981,0.0799403,0.739144,0.694609,0.287715,0.609158,-0.25232,0,0,0,0,0,0,0,-0.0016443,0.00184754,-0.00285409,-0.0024041,5.9452,9.92786,3.40593,5.74216,-5.10858,-1.70299,-1.0476,0.487914,0,0,-12,0,0,0,0,0,6.20089,0,0,0,
0.492644,0.120926,0.843121,0.654519,0.466217,-0.509812,-0.307146,0,0,0,0,0,0,0.424742,0.396174,0.67933,0.0490537,0.976499,-0.208645,0.0226026,-0.178981,0.0799403,0.739144,0.694609,0.287715,0.609158,-0.25232,0,0,0,0,0,0,0,-0.00657026,0.00193985,-0.00280865,-0.00345275,6.05252,9.92792,3.45496,5.72998,-5.12686,-1.71126,-1.02499,0.480604,0,0,-12,0,0,0,0,0,6.20089,0,0,0,
0.492644,0.120926,0.843121,0.654519,0.466217,-0.509812,-0.307146,1.68438e-06,3.48406e-07,-1.12804e-07,-1.25351e-07,2.16937e-06,4.82861e-06,0.424742,0.396174,0.67933,0.0490537,0.976499,-0.208645,0.0226026,-0.178981,0.0799403,0.739144,0.694609,0.287715,0.609158,-0.25232,0,0,0,0,0,0,0,0.000564914,0.00184983,-0.00285545,-0.00242496,6.01393,9.92817,3.41993,5.73807,-5.11862,-1.7078,-1.03338,0.483315,0,0,-12,0,0,0,0,0,6.20089,0,0,0,
0.492644,0.120926,0.843121,0.654519,0.466217,-0.509812,-0.307146,0,0,0,0,0,0,0.424742,0.396174,0.67933,0.0490537,0.976499,-0.208645,0.0226026,-0.178981,0.0799403,0.739144,0.694609,0.287715,0.609158,-0.25232,0,0,0,0,0,0,0,-0.00191447,0.00185036,-0.00285589,-0.0024264,5.95691,9.92789,3.41041,5.74102,-5.11049,-1.70386,-1.04514,0.487121,0,0,-12,0,0,0,0,0,6.20089,0,0,0,
0.492644,0.120926,0.843121,0.654519,0.466217,-0.509812,-0.307146,0,0,0,0,0,0,0.424742,0.396174,0.67933,0.0490537,0.976499,-0.208645,0.0226026,-0.178981,0.0799403,0.739144,0.694609,0.287715,0.609158,-0.25232,0,0,0,0,0,0,0,0.000645969,0.00185086,-0.00285905,-0.00242453,6.28744,9.92895,3.50391,5.7158,-5.16135,-1.72755,-0.976242,0.464869,0,0,-12,0,0,0,0,0,6.20089,0,0,0,
0.492644,0.120926,0.843121,0.654519,0.466217,-0.509812,-0.307146,1.68692e-06,3.4893e-07,-1.12973e-07,-1.2554e-07,2.17264e-06,4.83586e-06,0.424742,0.396174,0.67933,0.0490537,0.976499,-0.208645,0.0226026,-0.178981,0.0799403,0.739144,0.694609,0.287715,0.609158,-0.25232,0,0,0,0,0,0,0,0.00355616,0.00185137,-0.00285837,-0.00242724,6.07781,9.92851,3.42989,5.73491,-5.12766,-1.71219,-1.02021,0.479054,0,0,-12,0,0,0,0,0,6.20089,0,0,0,
0.492644,0.120926,0.843121,0.654519,0.466217,-0.509812,-0.307146,-1.68692e-06,-3.48929e-07,1.12973e-07,1.2554e-07,-2.17264e-06,-4.83586e-06,0.424742,0.396174,0.67933,0.0490539,0.976499,-0.208645,0.0226027,-0.178981,0.0799403,0.739144,0.694609,0.287715,0.609158,-0.25232,0,0,0,0,0,0,0,-0.000223279,0.00176089,-0.00290521,-0.00138876,6.07568,9.9283,3.44153,5.73253,-5.12857,-1.71216,-1.02032,0.47913,0,0,-12,0,0,0,0,0,6.20089,0,0,0,
0.492644,0.120926,0.843121,0.654519,0.466217,-0.509812,-0.307146,-1.68692e-06,-3.48929e-07,1.12973e-07,1.2554e-07,-2.17264e-06,-4.83586e-06,0.424742,0.396174,0.67933,0.0490539,0.976499,-0.208645,0.0226027,-0.178981,0.0799403,0.739144,0.694609,0.287715,0.609158,-0.25232,0,0,0,0,0,0,0,0.000591741,0.00185114,-0.00286166,-0.00240854,6.19861,9.9287,3.47672,5.72302,-5.14749,-1.72113,-0.994796,0.470859,0,0,-12,0,0,0,0,0,6.20089,0,0,0,
0.492644,0.120926,0.843121,0.654519,0.466217,-0.509812,-0.307146,1.68564e-06,3.48666e-07,-1.12888e-07,-1.25445e-07,2.17099e-06,4.83221e-06,0.424742,0.396174,0.67933,0.0490537,0.976499,-0.208645,0.0226026,-0.178981,0.0799403,0.739144,0.694609,0.287715,0.609158,-0.25232,0,0,0,0,0,0,0,-0.00128689,0.0019444,-0.00281532,-0.00346952,6.13196,9.92842,3.46227,5.72713,-5.13761,-1.71661,-1.00871,0.475331,0,0,-12,0,0,0,0,0,6.20089,0,0,0,
0.492644,0.120926,0.843121,0.654519,0.466217,-0.509812,-0.307146,0,0,0,0,0,0,0.424742,0.396174,0.67933,0.0490539,0.976499,-0.208645,0.0226027,-0.178981,0.0799403,0.739144,0.694609,0.287715,0.609158,-0.25232,0,0,0,0,0,0,0,-0.000303567,0.00176497,-0.00290722,-0.00141898,6.22722,9.92873,3.48846,5.72011,-5.15229,-1.72312,-0.988663,0.468909,0,0,-12,0,0,0,0,0,6.20089,0,0,0,
0.492644,0.120926,0.843121,0.654519,0.466217,-0.509812,-0.307146,-1.68692e-06,-3.48929e-07,1.12973e-07,1.2554e-07,-2.17264e-06,-4.83586e-06,0.424742,0.396174,0.67933,0.0490539,0.976499,-0.208645,0.0226027,-0.178981,0.0799403,0.739144,0.694609,0.287715,0.609158,-0.25232,0,0,0,0,0,0,0,-0.000330934,0.00185271,-0.00286369,-0.00241201,6.12415,9.92844,3.45679,5.72846,-5.13614,-1.71582,-1.01029,0.475866,0,0,-12,0,0,0,0,0,6.20089,0,0,0,
0.492644,0.120926,0.843121,0.654519,0.466217,-0.509812,-0.307146,0,0,0,0,0,0,0.424742,0.396174,0.67933,0.0490537,0.976499,-0.208645,0.0226026,-0.178981,0.0799403,0.739144,0.694609,0.287715,0.609158,-0.25232,0,0,0,0,0,0,0,0.000584076,0.00194,-0.00282445,-0.00340041,6.57989,9.92978,3.59417,5.69185,-5.20705,-1.74882,-0.915245,0.44515,0,0,-12,0,0,0,0,0,6.20089,0,0,0,
0.492644,0.120926,0.843121,0.654519,0.466217,-0.509812,-0.307146,-1.68437e-06,-3.48402e-07,1.12802e-07,1.2535e-07,-2.16935e-06,-4.82856e-06,0.424742,0.396174,0.67933,0.0490539,0.976499,-0.208645,0.0226027,-0.178981,0.0799403,0.739144,0.694609,0.287715,0.609158,-0.25232,0,0,0,0,0,0,0,0.00299659,0.0017658,-0.00291154,-0.00141108,6.46436,9.92957,3.55079,5.70301,-5.18832,-1.74001,-0.939319,0.452967,0,0,-12,0,0,0,0,0,6.20089,0,0,0,
0.492644,0.120926,0.843121,0.654519,0.466217,-0.509812,-0.307146,-1.68437e-06,-3.48402e-07,1.12802e-07,1.2535e-07,-2.16935e-06,-4.82856e-06,0.424742,0.396174,0.67933,0.0490539,0.976499,-0.208645,0.0226027,-0.178981,0.0799403,0.739144,0.694609,0.287715,0.609158,-0.25232,0,0,0,0,0,0,0,-0.00122643,0.00185433,-0.00286795,-0.002413,6.35762,9.92906,3.53161,5.70879,-5.17292,-1.73276,-0.961467,0.460105,0,0,-12,0,0,0,0,0,6.20089,0,0,0,
0.492644,0.120926,0.843121,0.654519,0.466217,-0.509812,-0.307146,0,0,0,0,0,0,0.424742,0.396174,0.67933,0.0490539,0.976499,-0.208645,0.0226027,-0.178981,0.0799403,0.739144,0.694609,0.287715,0.609158,-0.25232,0,0,0,0,0,0,0,-0.00124991,0.00185485,-0.00286961,-0.00241294,6.47394,9.92939,3.56751,5.69928,-5.19111,-1.74116,-0.937166,0.45226,0,0,-12,0,0,0,0,0,6.20089,0,0,0,
0.492644,0.120926,0.843121,0.654519,0.466217,-0.509812,-0.307146,1.68438e-06,3.48406e-07,-1.12804e-07,-1.25351e-07,2.16937e-06,4.82861e-06,0.424742,0.396174,0.67933,0.0490537,0.976499,-0.208645,0.0226026,-0.178981,0.0799403,0.739144,0.694609,0.287715,0.609158,-0.25232,0,0,0,0,0,0,0,0.000652361,0.00194536,-0.00282707,-0.00344067,6.62996,9.92993,3.60937,5.68781,-5.21485,-1.75244,-0.904792,0.441774,0,0,-12,0,0,0,0,0,6.20089,0,0,0,
0.492644,0.120926,0.843121,0.654519,0.466217,-0.509812,-0.307146,-1.68309e-06,-3.48139e-07,1.12717e-07,1.25255e-07,-2.16771e-06,-4.82491e-06,0.424742,0.396174,0.67933,0.0490539,0.976499,-0.208645,0.0226027,-0.178981,0.0799403,0.739144,0.694609,0.287715,0.609158,-0.25232,0,0,0,0,0,0,0,0.0027611,0.00176661,-0.00291425,-0.00140113,6.33938,9.92921,3.51306,5.71306,-5.16886,-1.731,-0.965415,0.461394,0,0,-12,0,0,0,0,0,6.20089,0,0,0,
0.492644,0.120926,0.843121,0.654519,0.466217,-0.509812,-0.307146,0,0,0,0,0,0,0.424742,0.396174,0.67933,0.0490539,0.976499,-0.208645,0.0226027,-0.178981,0.0799403,0.739144,0.694609,0.287715,0.609158,-0.25232,0,0,0,0,0,0,0,-0.00340888,0.0018564,-0.00287215,-0.00241573,6.47555,9.92928,3.57502,5.69767,-5.19205,-1.74144,-0.936699,0.452116,0,0,-12,0,0,0,0,0,6.20089,0,0,0,
0.492644,0.120926,0.843121,0.654519,0.466217,-0.509812,-0.307146,1.68309e-06,3.4814e-07,-1.12717e-07,-1.25255e-07,2.16771e-06,4.82491e-06,0.424742,0.396174,0.67933,0.0490537,0.976499,-0.208645,0.0226026,-0.178981,0.0799403,0.739144,0.694609,0.287715,0.609158,-0.25232,0,0,0,0,0,0,0,0.000935938,0.00194747,-0.00283065,-0.00344871,6.77349,9.93035,3.65266,5.67629,-5.2372,-1.76279,-0.874826,0.432099,0,0,-12,0,0,0,0,0,6.20089,0,0,0,
0.492644,0.120926,0.843121,0.654519,0.466217,-0.509812,-0.307146,0,0,0,0,0,0,0.424742,0.396174,0.67933,0.0490537,0.976499,-0.208645,0.0226026,-0.178981,0.0799403,0.739144,0.694609,0.287715,0.609158,-0.25232,0,0,0,0,0,0,0,0.000917002,0.00185871,-0.00287499,-0.00243493,6.74229,9.93026,3.64313,5.67886,-5.23238,-1.76039,-0.881238,0.434196,0,0,-12,0,0,0,0,0,6.20089,0,0,0,
0.492644,0.120926,0.843121,0.654519,0.466217,-0.509812,-0.307146,0,0,0,0,0,0,0.424742,0.396174,0.67933,0.0490539,0.976499,-0.208645,0.0226027,-0.178981,0.0799403,0.739144,0.694609,0.287715,0.609158,-0.25232,0,0,0,0,0,0,0,0.00137686,0.00176572,-0.00292126,-0.00136824,6.71616,9.9302,3.63361,5.68135,-5.2282,-1.75831,-0.886615,0.435959,0,0,-12,0,0,0,0,0,6.20089,0,0,0,
0.492644,0.120926,0.843121,0.654519,0.466217,-0.509812,-0.307146,1.68564e-06,3.48666e-07,-1.12888e-07,-1.25445e-07,2.17099e-06,4.83221e-06,0.424742,0.396174,0.67933,0.0490537,0.976499,-0.208645,0.0226026,-0.178981,0.0799403,0.739144,0.694609,0.287715,0.609158,-0.25232,0,0,0,0,0,0,0,-0.000287181,0.00194884,-0.00283259,-0.00345073,6.63878,9.92991,3.61514,5.68645,-5.21653,-1.75315,-0.902894,0.441165,0,0,-12,0,0,0,0,0,6.20089,0,0,0,
0.492644,0.120926,0.843121,0.654519,0.466217,-0.509812,-0.307146,1.68564e-06,3.48666e-07,-1.12888e-07,-1.25445e-07,2.17099e-06,4.83221e-06,0.424742,0.396174,0.67933,0.0490537,0.976499,-0.208645,0.0226026,-0.178981,0.0799403,0.739144,0.694609,0.287715,0.609158,-0.25232,0,0,0,0,0,0,0,0.000207403,0.00186023,-0.00287704,-0.00243817,6.68362,9.93006,3.62737,5.68317,-5.22343,-1.75621,-0.893452,0.438142,0,0,-12,0,0,0,0,0,6.20089,0,0,0,
0.492644,0.120926,0.843121,0.654519,0.466217,-0.509812,-0.307146,-1.68564e-06,-3.48665e-07,1.12887e-07,1.25445e-07,-2.17099e-06,-4.83221e-06,0.424742,0.396174,0.67933,0.0490539,0.976499,-0.208645,0.0226027,-0.178981,0.0799403,0.739144,0.694609,0.287715,0.609158,-0.25232,0,0,0,0,0,0,0,0.000575742,0.00176955,-0.00292163,-0.00139789,6.61438,9.92988,3.60487,5.68911,-5.21254,-1.75103,-0.907831,0.44281,0,0,-12,0,0,0,0,0,6.20089,0,0,0,
0.492644,0.120926,0.843121,0.654519,0.466217,-0.509812,-0.307146,-1.68564e-06,-3.48665e-07,1.12887e-07,1.25445e-07,-2.17099e-06,-4.83221e-06,0.424742,0.396174,0.67933,0.0490539,0.976499,-0.208645,0.0226027,-0.178981,0.0799403,0.739144,0.694609,0.287715,0.609158,-0.25232,0,0,0,0,0,0,0,0.000302311,0.00185998,-0.00287749,-0.00242278,6.40378,9.92927,3.54087,5.70608,-5.17965,-1.73598,-0.951918,0.457017,0,0,-12,0,0,0,0,0,6.20089,0,0,0,
0.492644,0.120926,0.843121,0.654519,0.466217,-0.509812,-0.307146,0,0,0,0,0,0,0.424742,0.396174,0.67933,0.0490539,0.976499,-0.208645,0.0226027,-0.178981,0.0799403,0.739144,0.694609,0.287715,0.609158,-0.25232,0,0,0,0,0,0,0,0.000958874,0.00186051,-0.0028798,-0.00242202,6.60309,9.92987,3.60013,5.69026,-5.21061,-1.75033,-0.910318,0.443585,0,0,-12,0,0,0,0,0,6.20089,0,0,0,
0.492644,0.120926,0.843121,0.654519,0.466217,-0.509812,-0.307146,0,0,0,0,0,0,0.424742,0.396174,0.67933,0.0490539,0.976499,-0.208645,0.0226027,-0.178981,0.0799403,0.739144,0.694609,0.287715,0.609158,-0.25232,0,0,0,0,0,0,0,-0.00119705,0.00186106,-0.00288123,-0.00242235,6.67771,9.92997,3.63011,5.68269,-5.22295,-1.75588,-0.8946,0.438517,0,0,-12,0,0,0,0,0,6.20089,0,0,0,
0.492644,0.120926,0.843121,0.654519,0.466217,-0.509812,-0.307146,-1.68437e-06,-3.48402e-07,1.12802e-07,1.2535e-07,-2.16935e-06,-4.82856e-06,0.424742,0.396174,0.67933,0.0490539,0.976499,-0.208645,0.0226027,-0.178981,0.0799403,0.739144,0.694609,0.287715,0.609158,-0.25232,0,0,0,0,0,0,0,-0.000958405,0.00186163,-0.0028844,-0.00242069,6.99437,9.93088,3.72687,5.657,-5.27238,-1.77874,-0.828462,0.417164,0,0,-12,0,0,0,0,0,6.20089,0,0,0,
0.492644,0.120926,0.843121,0.654519,0.466217,-0.509812,-0.307146,0,0,0,0,0,0,0.424742,0.396174,0.67933,0.0490539,0.976499,-0.208645,0.0226027,-0.178981,0.0799403,0.739144,0.694609,0.287715,0.609158,-0.25232,0,0,0,0,0,0,0,0.00139012,0.00186216,-0.0028836,-0.00242365,6.75645,9.93033,3.64596,5.67804,-5.23445,-1.76138,-0.878307,0.433249,0,0,-12,0,0,0,0,0,6.20089,0,0,0,
0.492644,0.120926,0.843121,0.654519,0.466217,-0.509812,-0.307146,-1.68438e-06,-3.48405e-07,1.12803e-07,1.25351e-07,-2.16937e-06,-4.82861e-06,0.424742,0.396174,0.67933,0.0490539,0.976499,-0.208645,0.0226027,-0.178981,0.0799403,0.739144,0.694609,0.287715,0.609158,-0.25232,0,0,0,0,0,0,0,0.00279339,0.00186268,-0.00288584,-0.0024229,6.95281,9.93096,3.70189,5.66297,-5.2647,-1.77546,-0.837371,0.420028,0,0,-12,0,0,0,0,0,6.20089,0,0,0,
0.492644,0.120926,0.843121,0.654519,0.466217,-0.509812,-0.307146,-1.68438e-06,-3.48405e-07,1.12803e-07,1.25351e-07,-2.16937e-06,-4.82861e-06,0.424742,0.396174,0.67933,0.0490539,0.976499,-0.208645,0.0226027,-0.178981,0.0799403,0.739144,0.694609,0.287715,0.609158,-0.25232,0,0,0,0,0,0,0,0.000232372,0.00186318,-0.00288719,-0.00242317,7.02798,9.93104,3.73336,5.65508,-5.27726,-1.78108,-0.821513,0.414917,0,0,-12,0,0,0,0,0,6.20089,0,0,0,
0.492644,0.120926,0.843121,0.654519,0.466217,-0.509812,-0.307146,0,0,0,0,0,0,0.424742,0.396174,0.67933,0.0490539,0.976499,-0.208645,0.0226027,-0.178981,0.0799403,0.739144,0.694609,0.287715,0.609158,-0.25232,0,0,0,0,0,0,0,-0.000845719,0.0018637,-0.00288567,-0.00242691,6.69147,9.93003,3.63321,5.68181,-5.22499,-1.75685,-0.891747,0.437596,0,0,-12,0,0,0,0,0,6.20089,0,0,0,
0.492644,0.120926,0.843121,0.654519,0.466217,-0.509812,-0.307146,0,0,0,0,0,0,0.424742,0.396174,0.67933,0.0490539,0.976499,-0.208645,0.0226027,-0.178981,0.0799403,0.739144,0.694609,0.287715,0.609158,-0.25232,0,0,0,0,0,0,0,-0.000116712,0.00186421,-0.00288701,-0.00242724,6.75792,9.93026,3.65131,5.67689,-5.23515,-1.76159,-0.87791,0.433126,0,0,-12,0,0,0,0,0,6.20089,0,0,0,
0.492644,0.120926,0.843121,0.654519,0.466217,-0.509812,-0.307146,1.68437e-06,3.48403e-07,-1.12803e-07,-1.2535e-07,2.16935e-06,4.82856e-06,0.424742,0.396174,0.67933,0.0490537,0.976499,-0.208645,0.0226026,-0.178981,0.0799403,0.739144,0.694609,0.287715,0.609158,-0.25232,0,0,0,0,0,0,0,-0.000472093,0.00195758,-0.00284522,-0.00348725,6.96676,9.93084,3.71677,5.65955,-5.26786,-1.77686,-0.834368,0.419042,0,0,-12,0,0,0,0,0,6.20089,0,0,0,
0.492644,0.120926,0.843121,0.654519,0.466217,-0.509812,-0.307146,1.68438e-06,3.48406e-07,-1.12804e-07,-1.25351e-07,2.16937e-06,4.82861e-06,0.424742,0.396174,0.67933,0.0490537,0.976499,-0.208645,0.0226026,-0.178981,0.0799403,0.739144,0.694609,0.287715,0.609158,-0.25232,0,0,0,0,0,0,0,0.00376311,0.00186657,-0.00288826,-0.00244851,6.78208,9.93053,3.64616,5.67757,-5.2377,-1.76306,-0.873098,0.431559,0,0,-12,0,0,0,0,0,6.20089,0,0,0,
0.492644,0.120926,0.843121,0.654519,0.466217,-0.509812,-0.307146,0,0,0,0,0,0,0.424742,0.396174,0.67933,0.0490539,0.976499,-0.208645,0.0226027,-0.178981,0.0799403,0.739144,0.694609,0.287715,0.609158,-0.25232,0,0,0,0,0,0,0,0.000236891,0.00177645,-0.00293327,-0.0014124,6.9579,9.93084,3.71178,5.66084,-5.26635,-1.77587,-0.836049,0.419636,0,0,-12,0,0,0,0,0,6.20089,0,0,0,
0.492644,0.120926,0.843121,0.654519,0.466217,-0.509812,-0.307146,0,0,0,0,0,0,0.424742,0.396174,0.67933,0.0490539,0.976499,-0.208645,0.0226027,-0.178981,0.0799403,0.739144,0.694609,0.287715,0.609158,-0.25232,0,0,0,0,0,0,0,0.000837362,0.00186632,-0.0028916,-0.00242967,6.90707,9.93073,3.69415,5.66537,-5.25817,-1.7723,-0.846809,0.423082,0,0,-12,0,0,0,0,0,6.20089,0,0,0,
0.492644,0.120926,0.843121,0.654519,0.466217,-0.509812,-0.307146,0,0,0,0,0,0,0.424742,0.396174,0.67933,0.0490539,0.976499,-0.208645,0.0226027,-0.178981,0.0799403,0.739144,0.694609,0.287715,0.609158,-0.25232,0,0,0,0,0,0,0,0.00143642,0.00186684,-0.0028932,-0.00242968,7.01215,9.93106,3.72458,5.6572,-5.27441,-1.77985,-0.824892,0.416004,0,0,-12,0,0,0,0,0,6.20089,0,0,0,
0.492644,0.120926,0.843121,0.654519,0.466217,-0.509812,-0.307146,1.68692e-06,3.4893e-07,-1.12973e-07,-1.2554e-07,2.17264e-06,4.83586e-06,0.424742,0.396174,0.67933,0.0490537,0.976499,-0.208645,0.0226026,-0.178981,0.0799403,0.739144,0.694609,0.287715,0.609158,-0.25232,0,0,0,0,0,0,0,0.00303052,0.00195947,-0.00285213,-0.0034814,7.21109,9.93171,3.78065,5.64201,-5.30495,-1.79426,-0.783536,0.402619,0,0,-12,0,0,0,0,0,6.20089,0,0,0,
0.492644,0.120926,0.843121,0.654519,0.466217,-0.509812,-0.307146,1.68692e-06,3.4893e-07,-1.12973e-07,-1.2554e-07,2.17264e-06,4.83586e-06,0.424742,0.396174,0.67933,0.0490537,0.976499,-0.208645,0.0226026,-0.178981,0.0799403,0.739144,0.694609,0.287715,0.609158,-0.25232,0,0,0,0,0,0,0,0.00244399,0.00186912,-0.00289551,-0.00244945,7.20107,9.93165,3.77949,5.64247,-5.30362,-1.79343,-0.785488,0.403279,0,0,-12,0,0,0,0,0,6.20089,0,0,0,
0.492644,0.120926,0.843121,0.654519,0.466217,-0.509812,-0.307146,1.68692e-06,3.4893e-07,-1.12973e-07,-1.2554e-07,2.17264e-06,4.83586e-06,0.424742,0.396174,0.67933,0.0490537,0.976499,-0.208645,0.0226026,-0.178981,0.0799403,0.739144,0.694609,0.287715,0.609158,-0.25232,0,0,0,0,0,0,0,0.00348842,0.00186963,-0.00289552,-0.00245133,7.08487,9.93137,3.74031,5.65267,-5.28512,-1.78495,-0.809827,0.411133,0,0,-12,0,0,0,0,0,6.20089,0,0,0,
0.492644,0.120926,0.843121,0.654519,0.466217,-0.509812,-0.307146,0,0,0,0,0,0,0.424742,0.396174,0.67933,0.0490539,0.976499,-0.208645,0.0226027,-0.178981,0.0799403,0.739144,0.694609,0.287715,0.609158,-0.25232,0,0,0,0,0,0,0,0.00146259,0.0017798,-0.00293874,-0.00141987,7.10062,9.93131,3.75176,5.65004,-5.28828,-1.78609,-0.806309,0.410031,0,0,-12,0,0,0,0,0,6.20089,0,0,0,
0.492644,0.120926,0.843121,0.654519,0.466217,-0.509812,-0.307146,-1.68311e-06,-3.48142e-07,1.12718e-07,1.25256e-07,-2.16774e-06,-4.82496e-06,0.424742,0.396174,0.67933,0.0490539,0.976499,-0.208645,0.0226027,-0.178981,0.0799403,0.739144,0.694609,0.287715,0.609158,-0.25232,0,0,0,0,0,0,0,-0.00012386,0.00186938,-0.00289626,-0.00243558,6.84324,9.93051,3.67762,5.66992,-5.2485,-1.76776,-0.860084,0.427371,0,0,-12,0,0,0,0,0,6.20089,0,0,0,
0.492644,0.120926,0.843121,0.654519,0.466217,-0.509812,-0.307146,-1.68311e-06,-3.48142e-07,1.12718e-07,1.25256e-07,-2.16774e-06,-4.82496e-06,0.424742,0.396174,0.67933,0.0490539,0.976499,-0.208645,0.0226027,-0.178981,0.0799403,0.739144,0.694609,0.287715,0.609158,-0.25232,0,0,0,0,0,0,0,-0.0029182,0.0018699,-0.00289927,-0.00243392,7.14454,9.93121,3.7795,5.64341,-5.29648,-1.78973,-0.796974,0.407005,0,0,-12,0,0,0,0,0,6.20089,0,0,0,
0.492644,0.120926,0.843121,0.654519,0.466217,-0.509812,-0.307146,0,0,0,0,0,0,0.424742,0.396174,0.67933,0.0490539,0.976499,-0.208645,0.0226027,-0.178981,0.0799403,0.739144,0.694609,0.287715,0.609158,-0.25232,0,0,0,0,0,0,0,0.00015577,0.00187041,-0.00290037,-0.00243452,7.17855,9.93147,3.77999,5.64274,-5.30083,-1.79196,-0.790053,0.404761,0,0,-12,0,0,0,0,0,6.20089,0,0,0,
0.492644,0.120926,0.843121,0.654519,0.466217,-0.509812,-0.307146,0,0,0,0,0,0,0.424742,0.396174,0.67933,0.0490539,0.976499,-0.208645,0.0226027,-0.178981,0.0799403,0.739144,0.694609,0.287715,0.609158,-0.25232,0,0,0,0,0,0,0,0.00142556,0.00187092,-0.00290122,-0.00243543,7.17586,9.93153,3.77504,5.64383,-5.30001,-1.79168,-0.790693,0.404963,0,0,-12,0,0,0,0,0,6.20089,0,0,0,
0.492644,0.120926,0.843121,0.654519,0.466217,-0.509812,-0.307146,-1.68309e-06,-3.48139e-07,1.12717e-07,1.25255e-07,-2.16771e-06,-4.82491e-06,0.424742,0.396174,0.67933,0.0490539,0.976499,-0.208645,0.0226027,-0.178981,0.0799403,0.739144,0.694609,0.287715,0.609158,-0.25232,0,0,0,0,0,0,0,0.00466705,0.00187143,-0.00290259,-0.00243569,7.24966,9.9319,3.78725,5.64003,-5.31052,-1.79677,-0.775469,0.400037,0,0,-12,0,0,0,0,0,6.20089,0,0,0,
0.492644,0.120926,0.843121,0.654519,0.466217,-0.509812,-0.307146,-1.68309e-06,-3.48139e-07,1.12717e-07,1.25255e-07,-2.16771e-06,-4.82491e-06,0.424742,0.396174,0.67933,0.0490539,0.976499,-0.208645,0.0226027,-0.178981,0.0799403,0.739144,0.694609,0.287715,0.609158,-0.25232,0,0,0,0,0,0,0,0.000342871,0.00187194,-0.00290168,-0.00243869,6.9977,9.93097,3.72368,5.65764,-5.27249,-1.77889,-0.827846,0.416962,0,0,-12,0,0,0,0,0,6.20089,0,0,0,
0.492644,0.120926,0.843121,0.654519,0.466217,-0.509812,-0.307146,-1.68437e-06,-3.48402e-07,1.12802e-07,1.2535e-07,-2.16935e-06,-4.82856e-06,0.424742,0.396174,0.67933,0.0490539,0.976499,-0.208645,0.0226027,-0.178981,0.0799403,0.739144,0.694609,0.287715,0.609158,-0.25232,0,0,0,0,0,0,0,0.0045463,0.00187245,-0.0029058,-0.00243568,7.45892,9.93249,3.85209,5.62287,-5.34327,-1.8119,-0.731746,0.385921,0,0,-12,0,0,0,0,0,6.20089,0,0,0,
0.492644,0.120926,0.843121,0.654519,0.466217,-0.509812,-0.307146,-1.68437e-06,-3.48402e-07,1.12802e-07,1.2535e-07,-2.16935e-06,-4.82856e-06,0.424742,0.396174,0.67933,0.0490539,0.976499,-0.208645,0.0226027,-0.178981,0.0799403,0.739144,0.694609,0.287715,0.609158,-0.25232,0,0,0,0,0,0,0,0.000230161,0.00187297,-0.00290699,-0.00243619,7.50572,9.9324,3.88052,5.61609,-5.35195,-1.8156,-0.72171,0.382696,0,0,-12,0,0,0,0,0,6.20089,0,0,0,
0.492644,0.120926,0.843121,0.654519,0.466217,-0.509812,-0.307146,0,0,0,0,0,0,0.424742,0.396174,0.67933,0.0490539,0.976499,-0.208645,0.0226027,-0.178981,0.0799403,0.739144,0.694609,0.287715,0.609158,-0.25232,0,0,0,0,0,0,0,-0.00310744,0.00187348,-0.00290697,-0.00243812,7.38282,9.93188,3.85351,5.62383,-5.33379,-1.80696,-0.747183,0.390931,0,0,-12,0,0,0,0,0,6.20089,0,0,0,
0.492644,0.120926,0.843121,0.654519,0.466217,-0.509812,-0.307146,0,0,0,0,0,0,0.424742,0.396174,0.67933,0.0490539,0.976499,-0.208645,0.0226027,-0.178981,0.0799403,0.739144,0.694609,0.287715,0.609158,-0.25232,0,0,0,0,0,0,0,-0.0011734,0.00187398,-0.00290808,-0.00243869,7.41938,9.93208,3.85849,5.62218,-5.3389,-1.80946,-0.739663,0.388497,0,0,-12,0,0,0,0,0,6.20089,0,0,0,
0.492644,0.120926,0.843121,0.654519,0.466217,-0.509812,-0.307146,1.68692e-06,3.4893e-07,-1.12973e-07,-1.2554e-07,2.17264e-06,4.83586e-06,0.424742,0.396174,0.67933,0.0490537,0.976499,-0.208645,0.0226026,-0.178981,0.0799403,0.739144,0.694609,0.287715,0.609158,-0.25232,0,0,0,0,0,0,0,-0.00370266,0.00196745,-0.00286614,-0.0035019,7.38971,9.93188,3.85754,5.62282,-5.33501,-1.80766,-0.745818,0.390466,0,0,-12,0,0,0,0,0,6.20089,0,0,0,
0.492644,0.120926,0.843121,0.654519,0.466217,-0.509812,-0.307146,1.6869e-06,3.48927e-07,-1.12972e-07,-1.25538e-07,2.17261e-06,4.83582e-06,0.424742,0.396174,0.67933,0.0490537,0.976499,-0.208645,0.0226026,-0.178981,0.0799403,0.739144,0.694609,0.287715,0.609158,-0.25232,0,0,0,0,0,0,0,0.00150739,0.00187626,-0.00290945,-0.00245956,7.47316,9.93238,3.86635,5.61962,-5.34646,-1.81315,-0.72859,0.384913,0,0,-12,0,0,0,0,0,6.20089,0,0,0,
0.492644,0.120926,0.843121,0.654519,0.466217,-0.509812,-0.307146,1.6869e-06,3.48927e-07,-1.12972e-07,-1.25538e-07,2.17261e-06,4.83582e-06,0.424742,0.396174,0.67933,0.0490537,0.976499,-0.208645,0.0226026,-0.178981,0.0799403,0.739144,0.694609,0.287715,0.609158,-0.25232,0,0,0,0,0,0,0,0.00230582,0.00187678,-0.0029113,-0.00245931,7.61085,9.93281,3.90617,5.60893,-5.36773,-1.82304,-0.699875,0.37564,0,0,-12,0,0,0,0,0,6.20089,0,0,0,
0.492644,0.120926,0.843121,0.654519,0.466217,-0.509812,-0.307146,1.68692e-06,3.4893e-07,-1.12973e-07,-1.2554e-07,2.17264e-06,4.83586e-06,0.424742,0.396174,0.67933,0.0490537,0.976499,-0.208645,0.0226026,-0.178981,0.0799403,0.739144,0.694609,0.287715,0.609158,-0.25232,0,0,0,0,0,0,0,-0.00187445,0.0018773,-0.00291159,-0.00246089,7.53083,9.93237,3.8951,5.6126,-5.35654,-1.81757,-0.716338,0.380969,0,0,-12,0,0,0,0,0,6.20089,0,0,0,
0.492644,0.120926,0.843121,0.654519,0.466217,-0.509812,-0.307146,0,0,0,0,0,0,0.424742,0.396174,0.67933,0.0490539,0.976499,-0.208645,0.0226027,-0.178981,0.0799403,0.739144,0.694609,0.287715,0.609158,-0.25232,0,0,0,0,0,0,0,-0.00171196,0.00178561,-0.00295423,-0.00140862,7.51418,9.93232,3.88946,5.61411,-5.35394,-1.8162,-0.719718,0.382087,0,0,-12,0,0,0,0,0,6.20089,0,0,0,
0.492644,0.120926,0.843121,0.654519,0.466217,-0.509812,-0.307146,0,0,0,0,0,0,0.424742,0.396174,0.67933,0.0490539,0.976499,-0.208645,0.0226027,-0.178981,0.0799403,0.739144,0.694609,0.287715,0.609158,-0.25232,0,0,0,0,0,0,0,0.00155219,0.00187708,-0.00291587,-0.00244099,7.78774,9.93327,3.9631,5.59398,-5.39563,-1.83587,-0.662874,0.363696,0,0,-12,0,0,0,0,0,6.20089,0,0,0,
0.492644,0.120926,0.843121,0.654519,0.466217,-0.509812,-0.307146,-1.68309e-06,-3.48139e-07,1.12717e-07,1.25255e-07,-2.16771e-06,-4.82491e-06,0.424742,0.396174,0.67933,0.0490539,0.976499,-0.208645,0.0226027,-0.178981,0.0799403,0.739144,0.694609,0.287715,0.609158,-0.25232,0,0,0,0,0,0,0,0.0061256,0.00187758,-0.00291614,-0.00244256,7.70664,9.93328,3.92327,5.60374,-5.3815,-1.82968,-0.680092,0.36924,0,0,-12,0,0,0,0,0,6.20089,0,0,0,
0.492644,0.120926,0.843121,0.654519,0.466217,-0.509812,-0.307146,1.68437e-06,3.48403e-07,-1.12803e-07,-1.2535e-07,2.16935e-06,4.82856e-06,0.424742,0.396174,0.67933,0.0490537,0.976499,-0.208645,0.0226026,-0.178981,0.0799403,0.739144,0.694609,0.287715,0.609158,-0.25232,0,0,0,0,0,0,0,0.00344921,0.00196945,-0.00287729,-0.00348548,7.92446,9.93376,3.99903,5.58408,-5.41635,-1.84576,-0.634532,0.354513,0,0,-12,0,0,0,0,0,6.20089,0,0,0,
0.492644,0.120926,0.843121,0.654519,0.466217,-0.509812,-0.307146,1.68437e-06,3.48403e-07,-1.12803e-07,-1.2535e-07,2.16935e-06,4.82856e-06,0.424742,0.396174,0.67933,0.0490537,0.976499,-0.208645,0.0226026,-0.178981,0.0799403,0.739144,0.694609,0.287715,0.609158,-0.25232,0,0,0,0,0,0,0,0.00373953,0.00187987,-0.00291857,-0.00246222,7.90994,9.93373,3.99364,5.5855,-5.41403,-1.84454,-0.637479,0.35549,0,0,-12,0,0,0,0,0,6.20089,0,0,0,
0.492644,0.120926,0.843121,0.654519,0.466217,-0.509812,-0.307146,0,0,0,0,0,0,0.424742,0.396174,0.67933,0.0490537,0.976499,-0.208645,0.0226026,-0.178981,0.0799403,0.739144,0.694609,0.287715,0.609158,-0.25232,0,0,0,0,0,0,0,-0.000833219,0.00188037,-0.00292049,-0.00246184,8.06195,9.93392,4.05531,5.56996,-5.43925,-1.85586,-0.605446,0.345164,0,0,-12,0,0,0,0,0,6.20089,0,0,0,
0.492644,0.120926,0.843121,0.654519,0.466217,-0.509812,-0.307146,0,0,0,0,0,0,0.424742,0.396174,0.67933,0.0490537,0.976499,-0.208645,0.0226026,-0.178981,0.0799403,0.739144,0.694609,0.287715,0.609158,-0.25232,0,0,0,0,0,0,0,0.0042483,0.00188089,-0.00292239,-0.00246151,8.21105,9.93461,4.08473,5.56127,-5.46095,-1.86626,-0.574605,0.33519,0,0,-12,0,0,0,0,0,6.20089,0,0,0,
0.492644,0.120926,0.843121,0.654519,0.466217,-0.509812,-0.307146,0,0,0,0,0,0,0.424742,0.396174,0.67933,0.0490537,0.976499,-0.208645,0.0226026,-0.178981,0.0799403,0.739144,0.694609,0.287715,0.609158,-0.25232,0,0,0,0,0,0,0,0.00223056,0.0018814,-0.00292247,-0.00246333,8.1053,9.9342,4.05871,5.56852,-5.44505,-1.85877,-0.596576,0.34229,0,0,-12,0,0,0,0,0,6.20089,0,0,0,
0.492644,0.120926,0.843121,0.654519,0.466217,-0.509812,-0.307146,0,0,0,0,0,0,0.424742,0.396174,0.67933,0.0490539,0.976499,-0.208645,0.0226027,-0.178981,0.0799403,0.739144,0.694609,0.287715,0.609158,-0.25232,0,0,0,0,0,0,0,0.00387707,0.00178777,-0.00296582,-0.0013882,8.18622,9.93451,4.07831,5.56309,-5.45724,-1.86434,-0.579659,0.33685,0,0,-12,0,0,0,0,0,6.20089,0,0,0,
0.492644,0.120926,0.843121,0.654519,0.466217,-0.509812,-0.307146,-1.68311e-06,-3.48142e-07,1.12718e-07,1.25256e-07,-2.16774e-06,-4.82496e-06,0.424742,0.396174,0.67933,0.0490539,0.976499,-0.208645,0.0226027,-0.178981,0.0799403,0.739144,0.694609,0.287715,0.609158,-0.25232,0,0,0,0,0,0,0,-0.00281235,0.00188114,-0.00292619,-0.0024439,8.30439,9.93451,4.13641,5.54881,-5.47778,-1.87352,-0.554679,0.32878,0,0,-12,0,0,0,0,0,6.20089,0,0,0,
0.492644,0.120926,0.843121,0.654519,0.466217,-0.509812,-0.307146,0,0,0,0,0,0,0.424742,0.396174,0.67933,0.0490539,0.976499,-0.208645,0.0226027,-0.178981,0.0799403,0.739144,0.694609,0.287715,0.609158,-0.25232,0,0,0,0,0,0,0,0.00157606,0.00188165,-0.00292707,-0.00244473,8.31296,9.93476,4.1248,5.55112,-5.47773,-1.87382,-0.553153,0.328273,0,0,-12,0,0,0,0,0,6.20089,0,0,0,
0.492644,0.120926,0.843121,0.654519,0.466217,-0.509812,-0.307146,-1.68564e-06,-3.48665e-07,1.12887e-07,1.25445e-07,-2.17099e-06,-4.83221e-06,0.424742,0.396174,0.67933,0.0490539,0.976499,-0.208645,0.0226027,-0.178981,0.0799403,0.739144,0.694609,0.287715,0.609158,-0.25232,0,0,0,0,0,0,0,0.00377671,0.00188217,-0.00292793,-0.00244565,8.31436,9.93488,4.11808,5.55252,-5.47725,-1.87376,-0.552993,0.328214,0,0,-12,0,0,0,0,0,6.20089,0,0,0,
0.492644,0.120926,0.843121,0.654519,0.466217,-0.509812,-0.307146,0,0,0,0,0,0,0.424742,0.396174,0.67933,0.0490537,0.976499,-0.208645,0.0226026,-0.178981,0.0799403,0.739144,0.694609,0.287715,0.609158,-0.25232,0,0,0,0,0,0,0,-0.00089351,0.00197533,-0.00288924,-0.00350367,8.50509,9.93518,4.19198,5.5337,-5.5085,-1.88803,-0.512974,0.315283,0,0,-12,0,0,0,0,0,6.20089,0,0,0,
0.492644,0.120926,0.843121,0.654519,0.466217,-0.509812,-0.307146,-1.68564e-06,-3.48665e-07,1.12887e-07,1.25445e-07,-2.17099e-06,-4.83221e-06,0.424742,0.396174,0.67933,0.0490539,0.976499,-0.208645,0.0226027,-0.178981,0.0799403,0.739144,0.694609,0.287715,0.609158,-0.25232,0,0,0,0,0,0,0,0.00362471,0.00179254,-0.00297258,-0.00141302,8.772,9.93616,4.25956,5.5151,-5.5489,-1.90668,-0.457272,0.297337,0,0,-12,0,0,0,0,0,6.20089,0,0,0,
0.492644,0.120926,0.843121,0.654519,0.466217,-0.509812,-0.307146,0,0,0,0,0,0,0.424742,0.396174,0.67933,0.0490539,0.976499,-0.208645,0.0226027,-0.178981,0.0799403,0.739144,0.694609,0.287715,0.609158,-0.25232,0,0,0,0,0,0,0,0.00316258,0.00188369,-0.00293292,-0.00244542,8.67311,9.93586,4.23058,5.52281,-5.53353,-1.89972,-0.47801,0.304008,0,0,-12,0,0,0,0,0,6.20089,0,0,0,
0.492644,0.120926,0.843121,0.654519,0.466217,-0.509812,-0.307146,-1.68692e-06,-3.48929e-07,1.12973e-07,1.2554e-07,-2.17264e-06,-4.83586e-06,0.424742,0.396174,0.67933,0.0490539,0.976499,-0.208645,0.0226027,-0.178981,0.0799403,0.739144,0.694609,0.287715,0.609158,-0.25232,0,0,0,0,0,0,0,-0.000741616,0.00188422,-0.00293315,-0.00244711,8.58504,9.93541,4.21613,5.52733,-5.521,-1.89364,-0.496172,0.309885,0,0,-12,0,0,0,0,0,6.20089,0,0,0,
0.492644,0.120926,0.843121,0.654519,0.466217,-0.509812,-0.307146,0,0,0,0,0,0,0.424742,0.396174,0.67933,0.0490539,0.976499,-0.208645,0.0226027,-0.178981,0.0799403,0.739144,0.694609,0.287715,0.609158,-0.25232,0,0,0,0,0,0,0,-0.000593641,0.00188472,-0.00293779,-0.00244343,9.1302,9.93696,4.38357,5.48292,-5.60618,-1.93302,-0.382293,0.273118,0,0,-12,0,0,0,0,0,6.20089,0,0,0,
0.492644,0.120926,0.843121,0.654519,0.466217,-0.509812,-0.307146,1.68437e-06,3.48403e-07,-1.12803e-07,-1.2535e-07,2.16935e-06,4.82856e-06,0.424742,0.396174,0.67933,0.0490537,0.976499,-0.208645,0.0226026,-0.178981,0.0799403,0.739144,0.694609,0.287715,0.609158,-0.25232,0,0,0,0,0,0,0,0.00332693,0.00196126,-0.00289989,-0.00331996,8.29383,9.9348,4.11321,5.55386,-5.47414,-1.87243,-0.557343,0.329599,0,0,-12,0,0,0,0,0,6.20089,0,0,0,
0.492644,0.120926,0.843121,0.654519,0.466217,-0.509812,-0.307146,-1.68311e-06,-3.48142e-07,1.12718e-07,1.25256e-07,-2.16774e-06,-4.82496e-06,0.424742,0.396174,0.67933,0.0490539,0.976499,-0.208645,0.0226027,-0.178981,0.0799403,0.739144,0.694609,0.287715,0.609158,-0.25232,0,0,0,0,0,0,0,0.00165493,0.00179361,-0.00297633,-0.00140051,8.68231,9.9358,4.23833,5.52107,-5.5355,-1.90034,-0.47589,0.303355,0,0,-12,0,0,0,0,0,6.20089,0,0,0,
0.492644,0.120926,0.843121,0.654519,0.466217,-0.509812,-0.307146,0,0,0,0,0,0,0.424742,0.396174,0.67933,0.0490539,0.976499,-0.208645,0.0226027,-0.178981,0.0799403,0.739144,0.694609,0.287715,0.609158,-0.25232,0,0,0,0,0,0,0,-0.00020628,0.00188635,-0.00293954,-0.00244746,9.00054,9.93661,4.34237,5.49378,-5.58579,-1.92362,-0.409405,0.28187,0,0,-12,0,0,0,0,0,6.20089,0,0,0,
0.492644,0.120926,0.843121,0.654519,0.466217,-0.509812,-0.307146,1.68311e-06,3.48143e-07,-1.12718e-07,-1.25256e-07,2.16774e-06,4.82496e-06,0.424742,0.396174,0.67933,0.0490537,0.976499,-0.208645,0.0226026,-0.178981,0.0799403,0.739144,0.694609,0.287715,0.609158,-0.25232,0,0,0,0,0,0,0,0.0030504,0.00198012,-0.0029003,-0.00351388,9.01491,9.93683,4.3362,5.4948,-5.58695,-1.92458,-0.406707,0.280962,0,0,-12,0,0,0,0,0,6.20089,0,0,0,
0.492644,0.120926,0.843121,0.654519,0.466217,-0.509812,-0.307146,0,0,0,0,0,0,0.424742,0.396174,0.67933,0.0490539,0.976499,-0.208645,0.0226027,-0.178981,0.0799403,0.739144,0.694609,0.287715,0.609158,-0.25232,0,0,0,0,0,0,0,0.00460474,0.00179792,-0.0029784,-0.00143353,8.84724,9.93642,4.27955,5.50963,-5.56035,-1.91205,-0.441616,0.292279,0,0,-12,0,0,0,0,0,6.20089,0,0,0,
0.492644,0.120926,0.843121,0.654519,0.466217,-0.509812,-0.307146,0,0,0,0,0,0,0.424742,0.396174,0.67933,0.0490539,0.976499,-0.208645,0.0226027,-0.178981,0.0799403,0.739144,0.694609,0.287715,0.609158,-0.25232,0,0,0,0,0,0,0,0.00112867,0.00188788,-0.00294122,-0.00245119,8.88922,9.93637,4.30375,5.50378,-5.56796,-1.91548,-0.43274,0.289399,0,0,-12,0,0,0,0,0,6.20089,0,0,0,
0.492644,0.120926,0.843121,0.654519,0.466217,-0.509812,-0.307146,1.68437e-06,3.48403e-07,-1.12803e-07,-1.2535e-07,2.16935e-06,4.82856e-06,0.424742,0.396174,0.67933,0.0490537,0.976499,-0.208645,0.0226026,-0.178981,0.0799403,0.739144,0.694609,0.287715,0.609158,-0.25232,0,0,0,0,0,0,0,0.00364479,0.00198156,-0.00290287,-0.00351599,8.97422,9.93675,4.32174,5.49853,-5.5804,-1.92159,-0.415244,0.283716,0,0,-12,0,0,0,0,0,6.20089,0,0,0,
0.492644,0.120926,0.843121,0.654519,0.466217,-0.509812,-0.307146,0,0,0,0,0,0,0.424742,0.396174,0.67933,0.0490539,0.976499,-0.208645,0.0226027,-0.178981,0.0799403,0.739144,0.694609,0.287715,0.609158,-0.25232,0,0,0,0,0,0,0,0.00650035,0.00179843,-0.00298077,-0.00142493,8.81391,9.93643,4.26313,5.51365,-5.55454,-1.9095,-0.448691,0.294557,0,0,-12,0,0,0,0,0,6.20089,0,0,0,
0.492644,0.120926,0.843121,0.654519,0.466217,-0.509812,-0.307146,-1.68692e-06,-3.48929e-07,1.12973e-07,1.2554e-07,-2.17264e-06,-4.83586e-06,0.424742,0.396174,0.67933,0.0490539,0.976499,-0.208645,0.0226027,-0.178981,0.0799403,0.739144,0.694609,0.287715,0.609158,-0.25232,0,0,0,0,0,0,0,0.00392541,0.0018894,-0.00294418,-0.00245335,8.95689,9.93671,4.31551,5.50018,-5.57766,-1.92017,-0.418773,0.284881,0,0,-12,0,0,0,0,0,6.20089,0,0,0,
0.492644,0.120926,0.843121,0.654519,0.466217,-0.509812,-0.307146,0,0,0,0,0,0,0.424742,0.396174,0.67933,0.0490539,0.976499,-0.208645,0.0226027,-0.178981,0.0799403,0.739144,0.694609,0.287715,0.609158,-0.25232,0,0,0,0,0,0,0,-0.00203978,0.00188991,-0.00294719,-0.00245163,9.2683,9.93728,4.4308,5.47066,-5.62823,-1.9431,-0.353358,0.263782,0,0,-12,0,0,0,0,0,6.20089,0,0,0,
0.492644,0.120926,0.843121,0.654519,0.466217,-0.509812,-0.307146,0,0,0,0,0,0,0.424742,0.396174,0.67933,0.0490539,0.976499,-0.208645,0.0226027,-0.178981,0.0799403,0.739144,0.694609,0.287715,0.609158,-0.25232,0,0,0,0,0,0,0,0.000907832,0.00189042,-0.00294764,-0.00245301,9.21542,9.93728,4.40494,5.477,-5.61903,-1.93907,-0.364581,0.267395,0,0,-12,0,0,0,0,0,6.20089,0,0,0,
0.492644,0.120926,0.843121,0.654519,0.466217,-0.509812,-0.307146,-1.68819e-06,-3.49193e-07,1.13058e-07,1.25635e-07,-2.17428e-06,-4.83953e-06,0.424742,0.396174,0.67933,0.0490539,0.976499,-0.208645,0.0226027,-0.178981,0.0799403,0.739144,0.694609,0.287715,0.609158,-0.25232,0,0,0,0,0,0,0,-0.00195178,0.00189093,-0.00294936,-0.00245287,9.3422,9.93749,4.45328,5.46469,-5.63975,-1.94843,-0.337924,0.258799,0,0,-12,0,0,0,0,0,6.20089,0,0,0,
0.492644,0.120926,0.843121,0.654519,0.466217,-0.509812,-0.307146,0,0,0,0,0,0,0.424742,0.396174,0.67933,0.0490539,0.976499,-0.208645,0.0226027,-0.178981,0.0799403,0.739144,0.694609,0.287715,0.609158,-0.25232,0,0,0,0,0,0,0,-0.00110457,0.00189145,-0.00294936,-0.0024548,9.22431,9.9372,4.41422,5.4749,-5.62106,-1.93986,-0.362603,0.266763,0,0,-12,0,0,0,0,0,6.20089,0,0,0,
0.492644,0.120926,0.843121,0.654519,0.466217,-0.509812,-0.307146,1.68692e-06,3.4893e-07,-1.12973e-07,-1.2554e-07,2.17264e-06,4.83586e-06,0.424742,0.396174,0.67933,0.0490537,0.976499,-0.208645,0.0226026,-0.178981,0.0799403,0.739144,0.694609,0.287715,0.609158,-0.25232,0,0,0,0,0,0,0,-0.00179903,0.001982,-0.00291083,-0.00348666,8.98194,9.93649,4.3418,5.49417,-5.58333,-1.92255,-0.4133,0.283108,0,0,-12,0,0,0,0,0,6.20089,0,0,0,
0.492644,0.120926,0.843121,0.654519,0.466217,-0.509812,-0.307146,-1.6869e-06,-3.48926e-07,1.12972e-07,1.25538e-07,-2.17261e-06,-4.83582e-06,0.424742,0.396174,0.67933,0.0490539,0.976499,-0.208645,0.0226027,-0.178981,0.0799403,0.739144,0.694609,0.287715,0.609158,-0.25232,0,0,0,0,0,0,0,-0.000210689,0.00180074,-0.0029895,-0.00141327,9.26116,9.93735,4.42269,5.47255,-5.62658,-1.9423,-0.354852,0.264284,0,0,-12,0,0,0,0,0,6.20089,0,0,0,
0.492644,0.120926,0.843121,0.654519,0.466217,-0.509812,-0.307146,1.6869e-06,3.48927e-07,-1.12972e-07,-1.25538e-07,2.17261e-06,4.83582e-06,0.424742,0.396174,0.67933,0.0490537,0.976499,-0.208645,0.0226026,-0.178981,0.0799403,0.739144,0.694609,0.287715,0.609158,-0.25232,0,0,0,0,0,0,0,-0.00183889,0.00198593,-0.00291421,-0.00351846,9.36955,9.93758,4.46132,5.4625,-5.64394,-1.95056,-0.332326,0.256965,0,0,-12,0,0,0,0,0,6.20089,0,0,0,
0.492644,0.120926,0.843121,0.654519,0.466217,-0.509812,-0.307146,1.68562e-06,3.48663e-07,-1.12887e-07,-1.25443e-07,2.17097e-06,4.83216e-06,0.424742,0.396174,0.67933,0.0490537,0.976499,-0.208645,0.0226026,-0.178981,0.0799403,0.739144,0.694609,0.287715,0.609158,-0.25232,0,0,0,0,0,0,0,0.00310588,0.00189476,-0.00295267,-0.00247735,9.30598,9.93766,4.4257,5.47112,-5.63249,-1.94545,-0.345797,0.261324,0,0,-12,0,0,0,0,0,6.20089,0,0,0,
0.492644,0.120926,0.843121,0.654519,0.466217,-0.509812,-0.307146,0,0,0,0,0,0,0.424742,0.396174,0.67933,0.0490539,0.976499,-0.208645,0.0226027,-0.178981,0.0799403,0.739144,0.694609,0.287715,0.609158,-0.25232,0,0,0,0,0,0,0,-0.00118281,0.00180577,-0.00299161,-0.00145401,9.45315,9.93784,4.48498,5.45621,-5.6569,-1.95625,-0.314689,0.25132,0,0,-12,0,0,0,0,0,6.20089,0,0,0,
0.492644,0.120926,0.843121,0.654519,0.466217,-0.509812,-0.307146,1.68437e-06,3.48403e-07,-1.12803e-07,-1.2535e-07,2.16935e-06,4.82856e-06,0.424742,0.396174,0.67933,0.0490537,0.976499,-0.208645,0.0226026,-0.178981,0.0799403,0.739144,0.694609,0.287715,0.609158,-0.25232,0,0,0,0,0,0,0,0.00146393,0.00198472,-0.00292155,-0.00348578,9.83986,9.93908,4.59545,5.42637,-5.71643,-1.98429,-0.234271,0.225298,0,0,-12,0,0,0,0,0,6.20089,0,0,0,
0.492644,0.120926,0.843121,0.654519,0.466217,-0.509812,-0.307146,0,0,0,0,0,0,0.424742,0.396174,0.67933,0.0490539,0.976499,-0.208645,0.0226027,-0.178981,0.0799403,0.739144,0.694609,0.287715,0.609158,-0.25232,0,0,0,0,0,0,0,0.00278462,0.00180949,-0.00299332,-0.00148458,9.64565,9.93859,4.53139,5.44321,-5.68574,-1.96987,-0.274717,0.238401,0,0,-12,0,0,0,0,0,6.20089,0,0,0,
0.492644,0.120926,0.843121,0.654519,0.466217,-0.509812,-0.307146,0,0,0,0,0,0,0.424742,0.396174,0.67933,0.0490539,0.976499,-0.208645,0.0226027,-0.178981,0.0799403,0.739144,0.694609,0.287715,0.609158,-0.25232,0,0,0,0,0,0,0,0.00154928,0.00189561,-0.00295851,-0.00245948,9.56385,9.9383,4.51019,5.44901,-5.6733,-1.96419,-0.291831,0.243906,0,0,-12,0,0,0,0,0,6.20089,0,0,0,
0.492644,0.120926,0.843121,0.654519,0.466217,-0.509812,-0.307146,-1.68311e-06,-3.48142e-07,1.12718e-07,1.25256e-07,-2.16774e-06,-4.82496e-06,0.424742,0.396174,0.67933,0.0490539,0.976499,-0.208645,0.0226027,-0.178981,0.0799403,0.739144,0.694609,0.287715,0.609158,-0.25232,0,0,0,0,0,0,0,0.00122304,0.00189616,-0.0029614,-0.00245806,9.84845,9.93909,4.59891,5.42555,-5.7179,-1.98478,-0.232356,0.224705,0,0,-12,0,0,0,0,0,6.20089,0,0,0,
0.492644,0.120926,0.843121,0.654519,0.466217,-0.509812,-0.307146,0,0,0,0,0,0,0.424742,0.396174,0.67933,0.0490539,0.976499,-0.208645,0.0226027,-0.178981,0.0799403,0.739144,0.694609,0.287715,0.609158,-0.25232,0,0,0,0,0,0,0,0.00209295,0.00189669,-0.00296168,-0.00245971,9.76822,9.93891,4.57137,5.4327,-5.70508,-1.97892,-0.249169,0.23013,0,0,-12,0,0,0,0,0,6.20089,0,0,0,
0.492644,0.120926,0.843121,0.654519,0.466217,-0.509812,-0.307146,-1.68437e-06,-3.48402e-07,1.12802e-07,1.2535e-07,-2.16935e-06,-4.82856e-06,0.424742,0.396174,0.67933,0.0490539,0.976499,-0.208645,0.0226027,-0.178981,0.0799403,0.739144,0.694609,0.287715,0.609158,-0.25232,0,0,0,0,0,0,0,0.00427139,0.00189719,-0.00296238,-0.00246075,9.75274,9.93898,4.55953,5.43546,-5.70197,-1.97764,-0.252534,0.23121,0,0,-12,0,0,0,0,0,6.20089,0,0,0,
0.492644,0.120926,0.843121,0.654519,0.466217,-0.509812,-0.307146,-1.68692e-06,-3.48929e-07,1.12973e-07,1.2554e-07,-2.17264e-06,-4.83586e-06,0.424742,0.396174,0.67933,0.0490539,0.976499,-0.208645,0.0226027,-0.178981,0.0799403,0.739144,0.694609,0.287715,0.609158,-0.25232,0,0,0,0,0,0,0,0.00148711,0.00189771,-0.00296551,-0.00245892,10.0801,9.93976,4.6694,5.40682,-5.75403,-2.00149,-0.183979,0.209086,0,0,-12,0,0,0,0,0,6.20089,0,0,0,
0.492644,0.120926,0.843121,0.654519,0.466217,-0.509812,-0.307146,1.68692e-06,3.4893e-07,-1.12973e-07,-1.2554e-07,2.17264e-06,4.83586e-06,0.424742,0.396174,0.67933,0.0490537,0.976499,-0.208645,0.0226026,-0.178981,0.0799403,0.739144,0.694609,0.287715,0.609158,-0.25232,0,0,0,0,0,0,0,0.0033041,0.00198777,-0.00293015,-0.00348342,10.0595,9.9398,4.65712,5.40971,-5.75018,-2.00002,-0.188505,0.210516,0,0,-12,0,0,0,0,0,6.20089,0,0,0,
0.492644,0.120926,0.843121,0.654519,0.466217,-0.509812,-0.307146,-1.68692e-06,-3.48929e-07,1.12973e-07,1.2554e-07,-2.17264e-06,-4.83586e-06,0.424742,0.396174,0.67933,0.0490539,0.976499,-0.208645,0.0226027,-0.178981,0.0799403,0.739144,0.694609,0.287715,0.609158,-0.25232,0,0,0,0,0,0,0,0.00483255,0.00181053,-0.00300256,-0.00145758,10.0858,9.93995,4.6603,5.40869,-5.7539,-2.00151,-0.182892,0.208749,0,0,-12,0,0,0,0,0,6.20089,0,0,0,
0.492644,0.120926,0.843121,0.654519,0.466217,-0.509812,-0.307146,0,0,0,0,0,0,0.424742,0.396174,0.67933,0.0490539,0.976499,-0.208645,0.0226027,-0.178981,0.0799403,0.739144,0.694609,0.287715,0.609158,-0.25232,0,0,0,0,0,0,0,-0.00126125,0.00189928,-0.00296828,-0.00246151,10.117,9.93973,4.6897,5.40193,-5.76067,-2.00436,-0.176101,0.206552,0,0,-12,0,0,0,0,0,6.20089,0,0,0,
0.492644,0.120926,0.843121,0.654519,0.466217,-0.509812,-0.307146,1.68692e-06,3.4893e-07,-1.12973e-07,-1.2554e-07,2.17264e-06,4.83586e-06,0.424742,0.396174,0.67933,0.0490537,0.976499,-0.208645,0.0226026,-0.178981,0.0799403,0.739144,0.694609,0.287715,0.609158,-0.25232,0,0,0,0,0,0,0,-0.00202146,0.00198793,-0.00293497,-0.00346851,10.2501,9.94007,4.73315,5.3905,-5.78167,-2.01418,-0.148346,0.197569,0,0,-12,0,0,0,0,0,6.20089,0,0,0,
0.492644,0.120926,0.843121,0.654519,0.466217,-0.509812,-0.307146,0,0,0,0,0,0,0.424742,0.396174,0.67933,0.0490539,0.976499,-0.208645,0.0226027,-0.178981,0.0799403,0.739144,0.694609,0.287715,0.609158,-0.25232,0,0,0,0,0,0,0,-0.000230998,0.00182012,-0.00300131,-0.00155146,10.0381,9.93955,4.66207,5.40911,-5.74805,-1.99845,-0.192552,0.211882,0,0,-12,0,0,0,0,0,6.20089,0,0,0,
0.492644,0.120926,0.843121,0.654519,0.466217,-0.509812,-0.307146,0,0,0,0,0,0,0.424742,0.396174,0.67933,0.0490539,0.976499,-0.208645,0.0226027,-0.178981,0.0799403,0.739144,0.694609,0.287715,0.609158,-0.25232,0,0,0,0,0,0,0,-0.00438163,0.0019009,-0.00297224,-0.00246284,10.3106,9.94011,4.75944,5.38399,-5.79191,-2.01857,-0.135481,0.193448,0,0,-12,0,0,0,0,0,6.20089,0,0,0,
0.492644,0.120926,0.843121,0.654519,0.466217,-0.509812,-0.307146,1.68437e-06,3.48403e-07,-1.12803e-07,-1.2535e-07,2.16935e-06,4.82856e-06,0.424742,0.396174,0.67933,0.0490537,0.976499,-0.208645,0.0226026,-0.178981,0.0799403,0.739144,0.694609,0.287715,0.609158,-0.25232,0,0,0,0,0,0,0,-0.00199927,0.00199471,-0.00293712,-0.00352899,10.4306,9.94058,4.78866,5.37578,-5.80987,-2.02723,-0.110657,0.1854,0,0,-12,0,0,0,0,0,6.20089,0,0,0,
0.492644,0.120926,0.843121,0.654519,0.466217,-0.509812,-0.307146,0,0,0,0,0,0,0.424742,0.396174,0.67933,0.0490539,0.976499,-0.208645,0.0226027,-0.178981,0.0799403,0.739144,0.694609,0.287715,0.609158,-0.25232,0,0,0,0,0,0,0,0.00233339,0.00181142,-0.00301054,-0.00143415,10.4809,9.94094,4.79012,5.37473,-5.81646,-2.03024,-0.1002,0.18206,0,0,-12,0,0,0,0,0,6.20089,0,0,0,
0.492644,0.120926,0.843121,0.654519,0.466217,-0.509812,-0.307146,-1.68437e-06,-3.48402e-07,1.12802e-07,1.2535e-07,-2.16935e-06,-4.82856e-06,0.424742,0.396174,0.67933,0.0490539,0.976499,-0.208645,0.0226027,-0.178981,0.0799403,0.739144,0.694609,0.287715,0.609158,-0.25232,0,0,0,0,0,0,0,-0.000190146,0.00190242,-0.00297713,-0.00246269,10.6621,9.94132,4.8541,5.35817,-5.84554,-2.04366,-0.0622999,0.169807,0,0,-12,0,0,0,0,0,6.20089,0,0,0,
0.492644,0.120926,0.843121,0.654519,0.466217,-0.509812,-0.307146,1.68438e-06,3.48406e-07,-1.12804e-07,-1.25351e-07,2.16937e-06,4.82861e-06,0.424742,0.396174,0.67933,0.0490537,0.976499,-0.208645,0.0226026,-0.178981,0.0799403,0.739144,0.694609,0.287715,0.609158,-0.25232,0,0,0,0,0,0,0,-0.00166176,0.00199425,-0.00294161,-0.00350816,10.5562,9.94095,4.82624,5.36576,-5.8294,-2.03627,-0.0844438,0.176937,0,0,-12,0,0,0,0,0,6.20089,0,0,0,
0.492644,0.120926,0.843121,0.654519,0.466217,-0.509812,-0.307146,0,0,0,0,0,0,0.424742,0.396174,0.67933,0.0490539,0.976499,-0.208645,0.0226027,-0.178981,0.0799403,0.739144,0.694609,0.287715,0.609158,-0.25232,0,0,0,0,0,0,0,0.0018661,0.00181628,-0.00301199,-0.0014738,10.5781,9.94119,4.82159,5.36647,-5.83182,-2.0373,-0.079856,0.175493,0,0,-12,0,0,0,0,0,6.20089,0,0,0,
0.492644,0.120926,0.843121,0.654519,0.466217,-0.509812,-0.307146,-1.68311e-06,-3.48142e-07,1.12718e-07,1.25256e-07,-2.16774e-06,-4.82496e-06,0.424742,0.396174,0.67933,0.0490539,0.976499,-0.208645,0.0226027,-0.178981,0.0799403,0.739144,0.694609,0.287715,0.609158,-0.25232,0,0,0,0,0,0,0,0.00289656,0.00190399,-0.00297994,-0.00246521,10.7081,9.94161,4.85825,5.35653,-5.85176,-2.04676,-0.0528785,0.166755,0,0,-12,0,0,0,0,0,6.20089,0,0,0,
0.492644,0.120926,0.843121,0.654519,0.466217,-0.509812,-0.307146,0,0,0,0,0,0,0.424742,0.396174,0.67933,0.0490539,0.976499,-0.208645,0.0226027,-0.178981,0.0799403,0.739144,0.694609,0.287715,0.609158,-0.25232,0,0,0,0,0,0,0,-7.39292e-05,0.00190451,-0.00297962,-0.00246754,10.5445,9.941,4.81751,5.36785,-5.82712,-2.03516,-0.0868701,0.17774,0,0,-12,0,0,0,0,0,6.20089,0,0,0,
0.492644,0.120926,0.843121,0.654519,0.466217,-0.509812,-0.307146,0,0,0,0,0,0,0.424742,0.396174,0.67933,0.0490539,0.976499,-0.208645,0.0226027,-0.178981,0.0799403,0.739144,0.694609,0.287715,0.609158,-0.25232,0,0,0,0,0,0,0,0.00298364,0.00190503,-0.00298175,-0.00246692,10.7296,9.94168,4.8646,5.35484,-5.8551,-2.04831,-0.048383,0.165304,0,0,-12,0,0,0,0,0,6.20089,0,0,0,
0.492644,0.120926,0.843121,0.654519,0.466217,-0.509812,-0.307146,0,0,0,0,0,0,0.424742,0.396174,0.67933,0.0490537,0.976499,-0.208645,0.0226026,-0.178981,0.0799403,0.739144,0.694609,0.287715,0.609158,-0.25232,0,0,0,0,0,0,0,0.00434597,0.00199752,-0.00294838,-0.0035179,10.8733,9.94216,4.9044,5.344,-5.87707,-2.05874,-0.0185634,0.155647,0,0,-12,0,0,0,0,0,6.20089,0,0,0,
0.492644,0.120926,0.843121,0.654519,0.466217,-0.509812,-0.307146,0,0,0,0,0,0,0.424742,0.396174,0.67933,0.0490539,0.976499,-0.208645,0.0226027,-0.178981,0.0799403,0.739144,0.694609,0.287715,0.609158,-0.25232,0,0,0,0,0,0,0,0.00507506,0.00181667,-0.00301747,-0.00145224,10.7401,9.94182,4.86105,5.35546,-5.85612,-2.04876,-0.0462222,0.164624,0,0,-12,0,0,0,0,0,6.20089,0,0,0,
0.492644,0.120926,0.843121,0.654519,0.466217,-0.509812,-0.307146,0,0,0,0,0,0,0.424742,0.396174,0.67933,0.0490539,0.976499,-0.208645,0.0226027,-0.178981,0.0799403,0.739144,0.694609,0.287715,0.609158,-0.25232,0,0,0,0,0,0,0,0.000943599,0.00190656,-0.00298488,-0.00246892,10.8273,9.94185,4.90133,5.34546,-5.87102,-2.05552,-0.0278405,0.158679,0,0,-12,0,0,0,0,0,6.20089,0,0,0,
0.492644,0.120926,0.843121,0.654519,0.466217,-0.509812,-0.307146,0,0,0,0,0,0,0.424742,0.396174,0.67933,0.0490537,0.976499,-0.208645,0.0226026,-0.178981,0.0799403,0.739144,0.694609,0.287715,0.609158,-0.25232,0,0,0,0,0,0,0,-0.0019149,0.00199924,-0.00295131,-0.00352257,10.8962,9.94191,4.9318,5.33784,-5.88264,-2.06085,-0.0133956,0.154,0,0,-12,0,0,0,0,0,6.20089,0,0,0,
0.492644,0.120926,0.843121,0.654519,0.466217,-0.509812,-0.307146,0,0,0,0,0,0,0.424742,0.396174,0.67933,0.0490539,0.976499,-0.208645,0.0226027,-0.178981,0.0799403,0.739144,0.694609,0.287715,0.609158,-0.25232,0,0,0,0,0,0,0,0.00363732,0.00181844,-0.00301937,-0.00145776,10.7228,9.94169,4.86039,5.35588,-5.85387,-2.04762,-0.0497465,0.165767,0,0,-12,0,0,0,0,0,6.20089,0,0,0,
0.492644,0.120926,0.843121,0.654519,0.466217,-0.509812,-0.307146,0,0,0,0,0,0,0.424742,0.396174,0.67933,0.0490539,0.976499,-0.208645,0.0226027,-0.178981,0.0799403,0.739144,0.694609,0.287715,0.609158,-0.25232,0,0,0,0,0,0,0,0.00245854,0.0019081,-0.00298698,-0.00247217,10.773,9.94178,4.87967,5.35094,-5.86205,-2.05148,-0.0392888,0.16237,0,0,-12,0,0,0,0,0,6.20089,0,0,0,
0.492644,0.120926,0.843121,0.654519,0.466217,-0.509812,-0.307146,1.68692e-06,3.4893e-07,-1.12973e-07,-1.2554e-07,2.17264e-06,4.83586e-06,0.424742,0.396174,0.67933,0.0490537,0.976499,-0.208645,0.0226026,-0.178981,0.0799403,0.739144,0.694609,0.287715,0.609158,-0.25232,0,0,0,0,0,0,0,-0.00121138,0.00200123,-0.00295699,-0.00352696,11.3249,9.94315,5.06157,5.30332,-5.94944,-2.09178,0.0761258,0.125095,0,0,-12,0,0,0,0,0,6.20089,0,0,0,
0.492644,0.120926,0.843121,0.654519,0.466217,-0.509812,-0.307146,1.68692e-06,3.4893e-07,-1.12973e-07,-1.2554e-07,2.17264e-06,4.83586e-06,0.424742,0.396174,0.67933,0.0490537,0.976499,-0.208645,0.0226026,-0.178981,0.0799403,0.739144,0.694609,0.287715,0.609158,-0.25232,0,0,0,0,0,0,0,0.00539235,0.00191039,-0.00299129,-0.00248981,11.2265,9.94321,5.00983,5.31593,-5.93201,-2.08403,0.0552723,0.131831,0,0,-12,0,0,0,0,0,6.20089,0,0,0,
0.492644,0.120926,0.843121,0.654519,0.466217,-0.509812,-0.307146,0,0,0,0,0,0,0.424742,0.396174,0.67933,0.0490539,0.976499,-0.208645,0.0226027,-0.178981,0.0799403,0.739144,0.694609,0.287715,0.609158,-0.25232,0,0,0,0,0,0,0,0.00233696,0.00181905,-0.00302583,-0.00144146,11.1715,9.9429,5.00283,5.31836,-5.92443,-2.08013,0.0440737,0.135481,0,0,-12,0,0,0,0,0,6.20089,0,0,0,
0.492644,0.120926,0.843121,0.654519,0.466217,-0.509812,-0.307146,1.68309e-06,3.4814e-07,-1.12717e-07,-1.25255e-07,2.16771e-06,4.82491e-06,0.424742,0.396174,0.67933,0.0490537,0.976499,-0.208645,0.0226026,-0.178981,0.0799403,0.739144,0.694609,0.287715,0.609158,-0.25232,0,0,0,0,0,0,0,-0.00304379,0.00200043,-0.00295914,-0.00350508,11.1027,9.94243,4.99907,5.32021,-5.91528,-2.07586,0.0298165,0.140054,0,0,-12,0,0,0,0,0,6.20089,0,0,0,
0.492644,0.120926,0.843121,0.654519,0.466217,-0.509812,-0.307146,1.68182e-06,3.47877e-07,-1.12632e-07,-1.25161e-07,2.16608e-06,4.82127e-06,0.424742,0.396174,0.67933,0.0490537,0.976499,-0.208645,0.0226026,-0.178981,0.0799403,0.739144,0.694609,0.287715,0.609158,-0.25232,0,0,0,0,0,0,0,-0.00258278,0.00191196,-0.00299272,-0.00249394,11.0771,9.94238,4.98972,5.32265,-5.91118,-2.07383,0.0245481,0.141778,0,0,-12,0,0,0,0,0,6.20089,0,0,0,
0.492644,0.120926,0.843121,0.654519,0.466217,-0.509812,-0.307146,0,0,0,0,0,0,0.424742,0.396174,0.67933,0.0490539,0.976499,-0.208645,0.0226027,-0.178981,0.0799403,0.739144,0.694609,0.287715,0.609158,-0.25232,0,0,0,0,0,0,0,-0.00134262,0.00182382,-0.0030249,-0.00148298,10.892,9.94192,4.9287,5.33865,-5.8819,-2.06022,-0.0140885,0.154271,0,0,-12,0,0,0,0,0,6.20089,0,0,0,
0.492644,0.120926,0.843121,0.654519,0.466217,-0.509812,-0.307146,-1.68183e-06,-3.47876e-07,1.12632e-07,1.25161e-07,-2.16608e-06,-4.82127e-06,0.424742,0.396174,0.67933,0.0490539,0.976499,-0.208645,0.0226027,-0.178981,0.0799403,0.739144,0.694609,0.287715,0.609158,-0.25232,0,0,0,0,0,0,0,-0.00185796,0.00191173,-0.00299497,-0.00247623,11.0778,9.94242,4.98758,5.3231,-5.91107,-2.07382,0.0246542,0.14174,0,0,-12,0,0,0,0,0,6.20089,0,0,0,
0.492644,0.120926,0.843121,0.654519,0.466217,-0.509812,-0.307146,1.68184e-06,3.47881e-07,-1.12633e-07,-1.25162e-07,2.1661e-06,4.82132e-06,0.424742,0.396174,0.67933,0.0490537,0.976499,-0.208645,0.0226026,-0.178981,0.0799403,0.739144,0.694609,0.287715,0.609158,-0.25232,0,0,0,0,0,0,0,0.00191607,0.00200033,-0.00296584,-0.00348126,11.3881,9.9435,5.07089,5.30031,-5.95834,-2.09611,0.0891482,0.120882,0,0,-12,0,0,0,0,0,6.20089,0,0,0,
0.492644,0.120926,0.843121,0.654519,0.466217,-0.509812,-0.307146,1.68182e-06,3.47877e-07,-1.12632e-07,-1.25161e-07,2.16608e-06,4.82127e-06,0.424742,0.396174,0.67933,0.0490537,0.976499,-0.208645,0.0226026,-0.178981,0.0799403,0.739144,0.694609,0.287715,0.609158,-0.25232,0,0,0,0,0,0,0,0.000717389,0.00191406,-0.00299776,-0.0024958,11.3054,9.9432,5.04933,5.30628,-5.94583,-2.09008,0.0720488,0.126431,0,0,-12,0,0,0,0,0,6.20089,0,0,0,
0.492644,0.120926,0.843121,0.654519,0.466217,-0.509812,-0.307146,0,0,0,0,0,0,0.424742,0.396174,0.67933,0.0490537,0.976499,-0.208645,0.0226026,-0.178981,0.0799403,0.739144,0.694609,0.287715,0.609158,-0.25232,0,0,0,0,0,0,0,-0.00254452,0.00191462,-0.00299935,-0.00249601,11.4019,9.9433,5.08963,5.29617,-5.96194,-2.09729,0.0923933,0.119874,0,0,-12,0,0,0,0,0,6.20089,0,0,0,
0.492644,0.120926,0.843121,0.654519,0.466217,-0.509812,-0.307146,0,0,0,0,0,0,0.424742,0.396174,0.67933,0.0490539,0.976499,-0.208645,0.0226027,-0.178981,0.0799403,0.739144,0.694609,0.287715,0.609158,-0.25232,0,0,0,0,0,0,0,0.00218161,0.00182537,-0.00303325,-0.00147008,11.4929,9.9438,5.10234,5.29202,-5.97473,-2.10337,0.111232,0.113799,0,0,-12,0,0,0,0,0,6.20089,0,0,0,
0.492644,0.120926,0.843121,0.654519,0.466217,-0.509812,-0.307146,0,0,0,0,0,0,0.424742,0.396174,0.67933,0.0490537,0.976499,-0.208645,0.0226026,-0.178981,0.0799403,0.739144,0.694609,0.287715,0.609158,-0.25232,0,0,0,0,0,0,0,0.0027371,0.00199502,-0.00297171,-0.00340104,11.2726,9.94322,5.03263,5.31032,-5.94001,-2.08769,0.0649643,0.12869,0,0,-12,0,0,0,0,0,6.20089,0,0,0,
0.492644,0.120926,0.843121,0.654519,0.466217,-0.509812,-0.307146,-1.68564e-06,-3.48665e-07,1.12887e-07,1.25445e-07,-2.17099e-06,-4.83221e-06,0.424742,0.396174,0.67933,0.0490539,0.976499,-0.208645,0.0226027,-0.178981,0.0799403,0.739144,0.694609,0.287715,0.609158,-0.25232,0,0,0,0,0,0,0,-0.000177984,0.00182996,-0.00303252,-0.00151284,11.3358,9.94324,5.06162,5.30323,-5.95092,-2.0922,0.0785529,0.124357,0,0,-12,0,0,0,0,0,6.20089,0,0,0,
0.492644,0.120926,0.843121,0.654519,0.466217,-0.509812,-0.307146,1.68564e-06,3.48666e-07,-1.12888e-07,-1.25445e-07,2.17099e-06,4.83221e-06,0.424742,0.396174,0.67933,0.0490537,0.976499,-0.208645,0.0226026,-0.178981,0.0799403,0.739144,0.694609,0.287715,0.609158,-0.25232,0,0,0,0,0,0,0,0.00191946,0.0020056,-0.00297071,-0.00351057,11.336,9.94336,5.05481,5.30458,-5.95018,-2.09234,0.0782476,0.124401,0,0,-12,0,0,0,0,0,6.20089,0,0,0,
0.492644,0.120926,0.843121,0.654519,0.466217,-0.509812,-0.307146,1.68564e-06,3.48666e-07,-1.12888e-07,-1.25445e-07,2.17099e-06,4.83221e-06,0.424742,0.396174,0.67933,0.0490537,0.976499,-0.208645,0.0226026,-0.178981,0.0799403,0.739144,0.694609,0.287715,0.609158,-0.25232,0,0,0,0,0,0,0,0.00174295,0.0019173,-0.00300414,-0.00250033,11.4615,9.9437,5.09408,5.29424,-5.96991,-2.10128,0.104595,0.11592,0,0,-12,0,0,0,0,0,6.20089,0,0,0,
0.492644,0.120926,0.843121,0.654519,0.466217,-0.509812,-0.307146,-1.68309e-06,-3.48139e-07,1.12717e-07,1.25255e-07,-2.16771e-06,-4.82491e-06,0.424742,0.396174,0.67933,0.0490539,0.976499,-0.208645,0.0226027,-0.178981,0.0799403,0.739144,0.694609,0.287715,0.609158,-0.25232,0,0,0,0,0,0,0,0.00218007,0.00182501,-0.00303851,-0.00144005,11.5452,9.94395,5.11845,5.28776,-5.9829,-2.10714,0.122151,0.110275,0,0,-12,0,0,0,0,0,6.20089,0,0,0,
0.492644,0.120926,0.843121,0.654519,0.466217,-0.509812,-0.307146,-1.68311e-06,-3.48142e-07,1.12718e-07,1.25256e-07,-2.16774e-06,-4.82496e-06,0.424742,0.396174,0.67933,0.0490539,0.976499,-0.208645,0.0226027,-0.178981,0.0799403,0.739144,0.694609,0.287715,0.609158,-0.25232,0,0,0,0,0,0,0,0.00360213,0.00191704,-0.00300779,-0.00248077,11.6755,9.9444,5.15394,5.27806,-6.00278,-2.1166,0.149175,0.10152,0,0,-12,0,0,0,0,0,6.20089,0,0,0,
0.492644,0.120926,0.843121,0.654519,0.466217,-0.509812,-0.307146,-1.68309e-06,-3.48139e-07,1.12717e-07,1.25255e-07,-2.16771e-06,-4.82491e-06,0.424742,0.396174,0.67933,0.0490539,0.976499,-0.208645,0.0226027,-0.178981,0.0799403,0.739144,0.694609,0.287715,0.609158,-0.25232,0,0,0,0,0,0,0,0.0020088,0.00191755,-0.0030087,-0.00248162,11.6853,9.94434,5.16215,5.27616,-6.00482,-2.11743,0.151332,0.10083,0,0,-12,0,0,0,0,0,6.20089,0,0,0,
0.492644,0.120926,0.843121,0.654519,0.466217,-0.509812,-0.307146,0,0,0,0,0,0,0.424742,0.396174,0.67933,0.0490539,0.976499,-0.208645,0.0226027,-0.178981,0.0799403,0.739144,0.694609,0.287715,0.609158,-0.25232,0,0,0,0,0,0,0,0.00215919,0.00191806,-0.00300863,-0.00248362,11.5568,9.94399,5.12207,5.28676,-5.98468,-2.10813,0.124472,0.109501,0,0,-12,0,0,0,0,0,6.20089,0,0,0,
0.492644,0.120926,0.843121,0.654519,0.466217,-0.509812,-0.307146,0,0,0,0,0,0,0.424742,0.396174,0.67933,0.0490539,0.976499,-0.208645,0.0226027,-0.178981,0.0799403,0.739144,0.694609,0.287715,0.609158,-0.25232,0,0,0,0,0,0,0,8.24564e-06,0.00191859,-0.00300799,-0.00248637,11.3416,9.94327,5.06278,5.30285,-5.95172,-2.09274,0.0796489,0.12398,0,0,-12,0,0,0,0,0,6.20089,0,0,0,
0.492644,0.120926,0.843121,0.654519,0.466217,-0.509812,-0.307146,0,0,0,0,0,0,0.424742,0.396174,0.67933,0.0490539,0.976499,-0.208645,0.0226027,-0.178981,0.0799403,0.739144,0.694609,0.287715,0.609158,-0.25232,0,0,0,0,0,0,0,0.00108011,0.00191909,-0.00301067,-0.00248504,11.6025,9.94406,5.13966,5.28229,-5.99217,-2.11151,0.134087,0.1064,0,0,-12,0,0,0,0,0,6.20089,0,0,0,
0.492644,0.120926,0.843121,0.654519,0.466217,-0.509812,-0.307146,1.68437e-06,3.48403e-07,-1.12803e-07,-1.2535e-07,2.16935e-06,4.82856e-06,0.424742,0.396174,0.67933,0.0490537,0.976499,-0.208645,0.0226026,-0.178981,0.0799403,0.739144,0.694609,0.287715,0.609158,-0.25232,0,0,0,0,0,0,0,0.00122466,0.00201186,-0.0029805,-0.003539,11.7644,9.94454,5.18902,5.26913,-6.01737,-2.12335,0.167785,0.0954964,0,0,-12,0,0,0,0,0,6.20089,0,0,0,
0.492644,0.120926,0.843121,0.654519,0.466217,-0.509812,-0.307146,-1.68309e-06,-3.48139e-07,1.12717e-07,1.25255e-07,-2.16771e-06,-4.82491e-06,0.424742,0.396174,0.67933,0.0490539,0.976499,-0.208645,0.0226027,-0.178981,0.0799403,0.739144,0.694609,0.287715,0.609158,-0.25232,0,0,0,0,0,0,0,0.00097565,0.00182915,-0.00304477,-0.00145116,11.7296,9.94442,5.17916,5.27188,-6.01211,-2.12055,0.160744,0.0978192,0,0,-12,0,0,0,0,0,6.20089,0,0,0,
0.492644,0.120926,0.843121,0.654519,0.466217,-0.509812,-0.307146,0,0,0,0,0,0,0.424742,0.396174,0.67933,0.0490539,0.976499,-0.208645,0.0226027,-0.178981,0.0799403,0.739144,0.694609,0.287715,0.609158,-0.25232,0,0,0,0,0,0,0,-0.00295098,0.00192065,-0.00301329,-0.00248775,11.61,9.94388,5.15506,5.27891,-5.99462,-2.11235,0.135899,0.105829,0,0,-12,0,0,0,0,0,6.20089,0,0,0,
0.492644,0.120926,0.843121,0.654519,0.466217,-0.509812,-0.307146,0,0,0,0,0,0,0.424742,0.396174,0.67933,0.0490539,0.976499,-0.208645,0.0226027,-0.178981,0.0799403,0.739144,0.694609,0.287715,0.609158,-0.25232,0,0,0,0,0,0,0,-0.000338146,0.00192119,-0.00301687,-0.00248547,11.9926,9.9451,5.26442,5.24947,-6.0536,-2.1398,0.215669,0.0800663,0,0,-12,0,0,0,0,0,6.20089,0,0,0,
0.492644,0.120926,0.843121,0.654519,0.466217,-0.509812,-0.307146,1.68564e-06,3.48666e-07,-1.12888e-07,-1.25445e-07,2.17099e-06,4.83221e-06,0.424742,0.396174,0.67933,0.0490537,0.976499,-0.208645,0.0226026,-0.178981,0.0799403,0.739144,0.694609,0.287715,0.609158,-0.25232,0,0,0,0,0,0,0,0.00238972,0.00200973,-0.00298731,-0.0034927,11.9681,9.94517,5.248,5.2533,-6.04886,-2.13797,0.210281,0.0817739,0,0,-12,0,0,0,0,0,6.20089,0,0,0,
0.492644,0.120926,0.843121,0.654519,0.466217,-0.509812,-0.307146,0,0,0,0,0,0,0.424742,0.396174,0.67933,0.0490539,0.976499,-0.208645,0.0226027,-0.178981,0.0799403,0.739144,0.694609,0.287715,0.609158,-0.25232,0,0,0,0,0,0,0,0.00204006,0.0018349,-0.00304805,-0.00149426,11.9313,9.94504,5.23784,5.25614,-6.04332,-2.13505,0.202823,0.0842293,0,0,-12,0,0,0,0,0,6.20089,0,0,0,
0.492644,0.120926,0.843121,0.654519,0.466217,-0.509812,-0.307146,0,0,0,0,0,0,0.424742,0.396174,0.67933,0.0490539,0.976499,-0.208645,0.0226027,-0.178981,0.0799403,0.739144,0.694609,0.287715,0.609158,-0.25232,0,0,0,0,0,0,0,0.00193014,0.00192277,-0.00302027,-0.00248729,12.1119,9.94555,5.29379,5.24129,-6.07153,-2.14825,0.240443,0.0720604,0,0,-12,0,0,0,0,0,6.20089,0,0,0,
0.492644,0.120927,0.843121,0.654518,0.466217,-0.509812,-0.307146,2.60778e-06,2.77419e-06,-4.65511e-07,2.19355e-07,2.80364e-06,1.00777e-05,0.424742,0.396174,0.67933,0.0490534,0.976499,-0.208645,0.0226027,-0.178981,0.0799403,0.739144,0.694609,0.287715,0.609158,-0.25232,0,0,0,0,0,0,0,-0.00436786,0.00225282,-0.00313377,-0.00380867,12.2564,9.94599,5.359,5.22542,-6.09609,-2.15934,0.270876,0.0621932,0,0,-12,0,0,0,0,0,6.2009,0,0,0,
0.492644,0.120927,0.843121,0.654518,0.466217,-0.509812,-0.307146,9.21556e-07,2.4271e-06,-3.52804e-07,3.45156e-07,6.31486e-07,5.24584e-06,0.424742,0.396174,0.67933,0.0490534,0.976499,-0.208645,0.0226027,-0.178981,0.0799403,0.739144,0.694609,0.287715,0.609158,-0.25232,0,0,0,0,0,0,0,0.00436234,0.00192824,-0.00302585,-0.0025111,12.3602,9.94638,5.36237,5.22269,-6.10957,-2.16601,0.292168,0.0553544,0,0,-12,0,0,0,0,0,6.2009,0,0,0,
0.492644,0.120927,0.843121,0.654519,0.466217,-0.509812,-0.307146,-7.62801e-07,2.07872e-06,-2.40006e-07,4.7051e-07,-1.53786e-06,4.17337e-07,0.424742,0.396174,0.67933,0.0490537,0.976499,-0.208645,0.0226027,-0.178981,0.0799403,0.739144,0.694609,0.287715,0.609158,-0.25232,0,0,0,0,0,0,0,0.0038562,0.00183955,-0.00305827,-0.00149032,12.5732,9.94695,5.42966,5.20499,-6.1431,-2.18129,0.336815,0.0409649,0,0,-12,0,0,0,0,0,6.2009,0,0,0,
0.492644,0.120927,0.843121,0.654519,0.466217,-0.509812,-0.307146,9.22951e-07,2.43077e-06,-3.53338e-07,3.45678e-07,6.32441e-07,5.25378e-06,0.424742,0.396174,0.67933,0.0490537,0.976499,-0.208645,0.0226027,-0.178981,0.0799403,0.739144,0.694609,0.287715,0.609158,-0.25232,0,0,0,0,0,0,0,0.00788104,0.00192802,-0.00302999,-0.00249104,12.6472,9.94737,5.43937,5.20167,-6.15335,-2.18649,0.351932,0.0360473,0,0,-12,0,0,0,0,0,6.2009,0,0,0,
0.492644,0.120926,0.843121,0.654519,0.466217,-0.509812,-0.307146,0,0,0,0,0,0,0.424742,0.396174,0.67933,0.0490539,0.976499,-0.208645,0.0226027,-0.178981,0.0799403,0.739144,0.694609,0.287715,0.609158,-0.25232,0,0,0,0,0,0,0,0.0111436,0.00169515,-0.00288912,-0.00224693,12.7723,9.94755,5.46702,5.19342,-6.17183,-2.19525,0.37788,0.0276974,0,0,-12,0,0,0,0,0,6.20089,0,0,0,
0.492644,0.120926,0.843121,0.654519,0.466217,-0.509812,-0.307146,-1.68437e-06,-3.48402e-07,1.12802e-07,1.2535e-07,-2.16935e-06,-4.82856e-06,0.424742,0.396174,0.67933,0.0490539,0.976499,-0.208645,0.0226027,-0.178981,0.0799403,0.739144,0.694609,0.287715,0.609158,-0.25232,0,0,0,0,0,0,0,0.00886457,0.00192588,-0.00303046,-0.00248669,12.8618,9.94803,5.50226,5.18483,-6.18658,-2.20192,0.396696,0.0215905,0,0,-12,0,0,0,0,0,6.20089,0,0,0,
0.492644,0.120926,0.843121,0.654519,0.466217,-0.509812,-0.307146,0,0,0,0,0,0,0.424742,0.396174,0.67933,0.0490539,0.976499,-0.208645,0.0226027,-0.178981,0.0799403,0.739144,0.694609,0.287715,0.609158,-0.25232,0,0,0,0,0,0,0,0.00730121,0.00192638,-0.00303331,-0.00248512,13.1581,9.94879,5.5986,5.15957,-6.2334,-2.22344,0.458689,0.00158138,0,0,-12,0,0,0,0,0,6.20089,0,0,0,
0.492644,0.120926,0.843121,0.654519,0.466217,-0.509812,-0.307146,0,0,0,0,0,0,0.424742,0.396174,0.67933,0.0490539,0.976499,-0.208645,0.0226027,-0.178981,0.0799403,0.739144,0.694609,0.287715,0.609158,-0.25232,0,0,0,0,0,0,0,0.00568784,0.00192691,-0.00303549,-0.00248449,13.3541,9.94926,5.6642,5.14247,-6.26454,-2.23771,0.499723,-0.0116611,0,0,-12,0,0,0,0,0,6.20089,0,0,0,
0.492644,0.120926,0.843121,0.654519,0.466217,-0.509812,-0.307146,-2.60605e-06,-2.77891e-06,4.66055e-07,-2.20423e-07,-2.80016e-06,-1.00787e-05,0.424742,0.396174,0.67933,0.0490539,0.976499,-0.208645,0.0226027,-0.178981,0.0799403,0.739144,0.694609,0.287715,0.609158,-0.25232,0,0,0,0,0,0,0,0.00960702,0.00192743,-0.00303724,-0.00248432,13.4923,9.94985,5.69405,5.13387,-6.28492,-2.24741,0.528366,-0.0209218,0,0,-12,0,0,0,0,0,6.20089,0,0,0,
0.492644,0.120926,0.843121,0.654519,0.466217,-0.509812,-0.307146,-9.22254e-07,-2.42893e-06,3.53071e-07,-3.45417e-07,-6.31963e-07,-5.24981e-06,0.424742,0.396174,0.67933,0.0490537,0.976499,-0.208645,0.0226026,-0.178981,0.0799403,0.739144,0.694609,0.287715,0.609158,-0.25232,0,0,0,0,0,0,0,0.00910209,0.00201968,-0.003009,-0.00353302,13.6009,9.95014,5.72912,5.12462,-6.30201,-2.25545,0.55098,-0.0282445,0,0,-12,0,0,0,0,0,6.20089,0,0,0,
0.492644,0.120926,0.843121,0.654519,0.466217,-0.509812,-0.307146,-9.20862e-07,-2.42526e-06,3.52538e-07,-3.44895e-07,-6.31009e-07,-5.24188e-06,0.424742,0.396174,0.67933,0.0490539,0.976499,-0.208645,0.0226027,-0.178981,0.0799403,0.739144,0.694609,0.287715,0.609158,-0.25232,0,0,0,0,0,0,0,0.00673797,0.0018384,-0.00307223,-0.00145669,14.1204,9.95147,5.89684,5.08067,-6.38406,-2.29285,0.659854,-0.0633398,0,0,-12,0,0,0,0,0,6.20089,0,0,0,
0.492644,0.120926,0.843121,0.654519,0.466217,-0.509812,-0.307146,7.65358e-07,-2.07816e-06,2.39831e-07,-4.70695e-07,1.54115e-06,-4.09978e-07,0.424742,0.396174,0.67933,0.0490537,0.976499,-0.208645,0.0226026,-0.178981,0.0799403,0.739144,0.694609,0.287715,0.609158,-0.25232,0,0,0,0,0,0,0,0.00448021,0.00201849,-0.00301539,-0.00350524,14.1351,9.95141,5.90868,5.07784,-6.38699,-2.29438,0.662865,-0.0643505,0,0,-12,0,0,0,0,0,6.20089,0,0,0,
0.492644,0.120926,0.843121,0.654519,0.466217,-0.509812,-0.307146,-9.21567e-07,-2.42712e-06,3.52808e-07,-3.45159e-07,-6.31492e-07,-5.24589e-06,0.424742,0.396173,0.67933,0.0490541,0.976499,-0.208645,0.0226027,-0.178981,0.0799403,0.739144,0.694609,0.287715,0.609158,-0.25232,0,0,0,0,0,0,0,0.00566366,0.00163163,-0.00295145,-0.00121244,14.5673,9.95237,6.03775,5.04321,-6.45425,-2.32519,0.753312,-0.0934745,0,0,-12,0,0,0,0,0,6.20089,0,0,0,
0.492644,0.120926,0.843121,0.654519,0.466217,-0.509812,-0.307146,-9.21558e-07,-2.42709e-06,3.52804e-07,-3.45156e-07,-6.31486e-07,-5.24584e-06,0.424742,0.396173,0.67933,0.0490541,0.976499,-0.208645,0.0226027,-0.178981,0.0799403,0.739144,0.694609,0.287715,0.609158,-0.25232,0,0,0,0,0,0,0,0.00389192,0.00192721,-0.00304593,-0.00247672,14.5408,9.95251,6.03554,5.04437,-6.45064,-2.32358,0.747741,-0.0917293,0,0,-12,0,0,0,0,0,6.20089,0,0,0,
0.492644,0.120926,0.843121,0.654519,0.466217,-0.509812,-0.307146,1.68692e-06,3.4893e-07,-1.12973e-07,-1.2554e-07,2.17264e-06,4.83586e-06,0.424742,0.396174,0.67933,0.0490537,0.976499,-0.208645,0.0226026,-0.178981,0.0799403,0.739144,0.694609,0.287715,0.609158,-0.25232,0,0,0,0,0,0,0,3.32506e-05,0.00222198,-0.00314355,-0.00374106,14.8137,9.95339,6.13235,5.01964,-6.4945,-2.34376,0.804863,-0.110215,0,0,-12,0,0,0,0,0,6.20089,0,0,0,
0.492644,0.120926,0.843121,0.654519,0.466217,-0.509812,-0.307146,1.68692e-06,3.4893e-07,-1.12973e-07,-1.2554e-07,2.17264e-06,4.83586e-06,0.424742,0.396174,0.67933,0.0490537,0.976499,-0.208645,0.0226026,-0.178981,0.0799403,0.739144,0.694609,0.287715,0.609158,-0.25232,0,0,0,0,0,0,0,-0.00118278,0.00193231,-0.00305715,-0.00249308,15.6397,9.95536,6.39052,4.95117,-6.62404,-2.40335,0.97763,-0.16593,0,0,-12,0,0,0,0,0,6.20089,0,0,0,
0.492644,0.120926,0.843121,0.654519,0.466217,-0.509812,-0.307146,0,0,0,0,0,0,0.424742,0.396174,0.67933,0.0490539,0.976499,-0.208645,0.0226027,-0.178981,0.0799403,0.739144,0.694609,0.287715,0.609158,-0.25232,0,0,0,0,0,0,0,-0.000901958,0.00185334,-0.00308213,-0.00158424,15.6315,9.95534,6.38709,4.95207,-6.62272,-2.4026,0.975986,-0.165381,0,0,-12,0,0,0,0,0,6.20089,0,0,0,
0.492644,0.120926,0.843121,0.654519,0.466217,-0.509812,-0.307146,0,0,0,0,0,0,0.424742,0.396174,0.67933,0.0490537,0.976499,-0.208645,0.0226026,-0.178981,0.0799403,0.739144,0.694609,0.287715,0.609158,-0.25232,0,0,0,0,0,0,0,-0.000537016,0.00201438,-0.00303389,-0.00341623,15.6104,9.95531,6.37936,4.95398,-6.61921,-2.40131,0.971361,-0.16393,0,0,-12,0,0,0,0,0,6.20089,0,0,0,
0.492644,0.120926,0.843121,0.654519,0.466217,-0.509812,-0.307146,1.68309e-06,3.4814e-07,-1.12717e-07,-1.25255e-07,2.16771e-06,4.82491e-06,0.424742,0.396174,0.67933,0.0490537,0.976499,-0.208645,0.0226026,-0.178981,0.0799403,0.739144,0.694609,0.287715,0.609158,-0.25232,0,0,0,0,0,0,0,0.00202423,0.00193398,-0.00306278,-0.00249258,16.1318,9.95691,6.53166,4.91321,-6.69996,-2.43866,1.08023,-0.199067,0,0,-12,0,0,0,0,0,6.20089,0,0,0,
0.492644,0.120926,0.843121,0.654519,0.466217,-0.509812,-0.307146,-1.68437e-06,-3.48402e-07,1.12802e-07,1.2535e-07,-2.16935e-06,-4.82856e-06,0.424742,0.396174,0.67933,0.0490539,0.976499,-0.208645,0.0226027,-0.178981,0.0799403,0.739144,0.694609,0.287715,0.609158,-0.25232,0,0,0,0,0,0,0,0.00270438,0.00184324,-0.00309294,-0.00144722,16.5064,9.958,6.64485,4.88313,-6.75836,-2.46552,1.15855,-0.224332,0,0,-12,0,0,0,0,0,6.20089,0,0,0,
0.492644,0.120926,0.843121,0.654519,0.466217,-0.509812,-0.307146,2.60662e-06,2.77733e-06,-4.65874e-07,2.20067e-07,2.80132e-06,1.00784e-05,0.424742,0.396174,0.67933,0.0490537,0.976499,-0.208645,0.0226026,-0.178981,0.0799403,0.739144,0.694609,0.287715,0.609158,-0.25232,0,0,0,0,0,0,0,-0.00443976,0.00202187,-0.00304525,-0.00347488,17.0764,9.95925,6.84357,4.83163,-6.84963,-2.50752,1.27785,-0.262868,0,0,-12,0,0,0,0,0,6.20089,0,0,0,
0.492644,0.120926,0.843121,0.654519,0.466217,-0.509812,-0.307146,2.60605e-06,2.77891e-06,-4.66056e-07,2.20423e-07,2.80016e-06,1.00787e-05,0.424742,0.396174,0.67933,0.0490537,0.976499,-0.208645,0.0226026,-0.178981,0.0799403,0.739144,0.694609,0.287715,0.609158,-0.25232,0,0,0,0,0,0,0,0.000365942,0.0019356,-0.0030706,-0.0024892,16.9673,9.95919,6.7944,4.84386,-6.8311,-2.49915,1.25488,-0.255446,0,0,-12,0,0,0,0,0,6.20089,0,0,0,
0.492644,0.120926,0.843121,0.654519,0.466217,-0.509812,-0.307146,-3.36873e-06,-6.96803e-07,2.25604e-07,2.507e-07,-4.3387e-06,-9.65712e-06,0.424742,0.396174,0.67933,0.0490541,0.976499,-0.208645,0.0226027,-0.178981,0.0799403,0.739144,0.694609,0.287715,0.609158,-0.25232,0,0,0,0,0,0,0,-0.00362867,0.00179937,-0.00311351,-0.000921779,17.489,9.96045,6.96806,4.7986,-6.914,-2.5369,1.36425,-0.290711,0,0,-12,0,0,0,0,0,6.20089,0,0,0,
0.492644,0.120926,0.843121,0.654519,0.466217,-0.509812,-0.307146,0,0,0,0,0,0,0.424742,0.396174,0.67933,0.0490537,0.976499,-0.208645,0.0226026,-0.178981,0.0799403,0.739144,0.694609,0.287715,0.609158,-0.25232,0,0,0,0,0,0,0,-0.00479015,0.0020793,-0.00303622,-0.00410902,17.5952,9.9607,7.0045,4.78901,-6.93082,-2.54512,1.38619,-0.29786,0,0,-12,0,0,0,0,0,6.20089,0,0,0,
0.492644,0.120926,0.843121,0.654519,0.466217,-0.509812,-0.307146,-1.68437e-06,-3.48402e-07,1.12802e-07,1.2535e-07,-2.16935e-06,-4.82856e-06,0.424742,0.396174,0.67933,0.0490539,0.976499,-0.208645,0.0226027,-0.178981,0.0799403,0.739144,0.694609,0.287715,0.609158,-0.25232,0,0,0,0,0,0,0,0.000768572,0.00184648,-0.00310478,-0.00144681,18.0377,9.96223,7.12281,4.7568,-6.99838,-2.5763,1.47858,-0.327649,0,0,-12,0,0,0,0,0,6.20089,0,0,0,
0.492644,0.120926,0.843121,0.654519,0.466217,-0.509812,-0.307146,-1.68692e-06,-3.48929e-07,1.12973e-07,1.2554e-07,-2.17264e-06,-4.83586e-06,0.424742,0.396174,0.67933,0.0490539,0.976499,-0.208645,0.0226027,-0.178981,0.0799403,0.739144,0.694609,0.287715,0.609158,-0.25232,0,0,0,0,0,0,0,0.0040626,0.00193644,-0.00308278,-0.00246287,18.3489,9.96328,7.20793,4.73362,-7.04594,-2.59868,1.54328,-0.348571,0,0,-12,0,0,0,0,0,6.20089,0,0,0,
0.492644,0.120926,0.843121,0.654519,0.466217,-0.509812,-0.307146,-1.68692e-06,-3.48929e-07,1.12973e-07,1.2554e-07,-2.17264e-06,-4.83586e-06,0.424742,0.396174,0.67933,0.0490539,0.976499,-0.208645,0.0226027,-0.178981,0.0799403,0.739144,0.694609,0.287715,0.609158,-0.25232,0,0,0,0,0,0,0,0.000252001,0.00193695,-0.00308922,-0.00245694,19.1964,9.96547,7.48134,4.66182,-7.17963,-2.66019,1.72056,-0.405793,0,0,-12,0,0,0,0,0,6.20089,0,0,0,
0.492644,0.120926,0.843121,0.654519,0.466217,-0.509812,-0.307146,0,0,0,0,0,0,0.424742,0.396174,0.67933,0.0490539,0.976499,-0.208645,0.0226027,-0.178981,0.0799403,0.739144,0.694609,0.287715,0.609158,-0.25232,0,0,0,0,0,0,0,0.00267009,0.0019375,-0.0030866,-0.00246218,18.7415,9.96432,7.33337,4.70062,-7.10775,-2.62715,1.62538,-0.375071,0,0,-12,0,0,0,0,0,6.20089,0,0,0,
0.492644,0.120926,0.843121,0.654519,0.466217,-0.509812,-0.307146,-1.68564e-06,-3.48665e-07,1.12887e-07,1.25445e-07,-2.17099e-06,-4.83221e-06,0.424742,0.396174,0.67933,0.0490539,0.976499,-0.208645,0.0226027,-0.178981,0.0799403,0.739144,0.694609,0.287715,0.609158,-0.25232,0,0,0,0,0,0,0,0.000304658,0.00193804,-0.00309437,-0.00245471,19.7778,9.96712,7.66025,4.6144,-7.27051,-2.70219,1.84202,-0.445006,0,0,-12,0,0,0,0,0,6.20089,0,0,0,
0.492644,0.120926,0.843121,0.654519,0.466217,-0.509812,-0.307146,-9.20862e-07,-2.42526e-06,3.52538e-07,-3.44895e-07,-6.31009e-07,-5.24188e-06,0.424742,0.396173,0.67933,0.0490539,0.976499,-0.208645,0.0226026,-0.178981,0.0799403,0.739144,0.694609,0.287715,0.609158,-0.25232,0,0,0,0,0,0,0,0.000667237,0.00184381,-0.00296541,-0.00318853,19.5421,9.96622,7.58626,4.63364,-7.23348,-2.68525,1.79268,-0.42907,0,0,-12,0,0,0,0,0,6.20089,0,0,0,
0.492644,0.120926,0.843121,0.654519,0.466217,-0.509812,-0.307146,7.66053e-07,-2.07633e-06,2.39565e-07,-4.70434e-07,1.54163e-06,-4.06018e-07,0.424742,0.396173,0.67933,0.0490541,0.976499,-0.208645,0.0226027,-0.178981,0.0799403,0.739144,0.694609,0.287715,0.609158,-0.25232,0,0,0,0,0,0,0,-0.00651289,0.00184739,-0.00311862,-0.001437,20.2906,9.96821,7.84035,4.5679,-7.35289,-2.73959,1.94966,-0.479715,0,0,-12,0,0,0,0,0,6.20089,0,0,0,
0.492644,0.120926,0.843121,0.654519,0.466217,-0.509812,-0.307146,0,0,0,0,0,0,0.424742,0.396174,0.67933,0.0490537,0.976499,-0.208645,0.0226026,-0.178981,0.0799403,0.739144,0.694609,0.287715,0.609158,-0.25232,0,0,0,0,0,0,0,-0.0105651,0.00222781,-0.00320097,-0.00369923,20.5582,9.96906,7.93613,4.54343,-7.39593,-2.75955,2.00558,-0.49783,0,0,-12,0,0,0,0,0,6.20089,0,0,0,
0.492644,0.120926,0.843121,0.654519,0.466217,-0.509812,-0.307146,1.68311e-06,3.48143e-07,-1.12718e-07,-1.25256e-07,2.16774e-06,4.82496e-06,0.424742,0.396174,0.67933,0.0490537,0.976499,-0.208645,0.0226026,-0.178981,0.0799403,0.739144,0.694609,0.287715,0.609158,-0.25232,0,0,0,0,0,0,0,-0.00985423,0.00194143,-0.00310394,-0.00247062,20.8542,9.96964,8.02478,4.51956,-7.442,-2.7807,2.0675,-0.517768,0,0,-12,0,0,0,0,0,6.20089,0,0,0,
0.492644,0.120927,0.843121,0.654519,0.466217,-0.509812,-0.307146,9.22253e-07,2.42893e-06,-3.53071e-07,3.45417e-07,6.31963e-07,5.24981e-06,0.424742,0.396174,0.67933,0.0490537,0.976499,-0.208645,0.0226027,-0.178981,0.0799403,0.739144,0.694609,0.287715,0.609158,-0.25232,0,0,0,0,0,0,0,-0.0105254,0.00207971,-0.00326955,-0.00165962,21.1235,9.9707,8.11018,4.49743,-7.48439,-2.80008,2.12387,-0.535983,0,0,-12,0,0,0,0,0,6.2009,0,0,0,
0.492644,0.120927,0.843121,0.654518,0.466217,-0.509812,-0.307146,2.60535e-06,2.77707e-06,-4.65789e-07,2.20161e-07,2.79968e-06,1.00747e-05,0.424742,0.396174,0.67933,0.0490534,0.976499,-0.208645,0.0226027,-0.178981,0.0799403,0.739144,0.694609,0.287715,0.609158,-0.25232,0,0,0,0,0,0,0,-0.00348423,0.00203639,-0.00309131,-0.00350538,21.4557,9.97167,8.18936,4.47478,-7.53397,-2.82384,2.19267,-0.558223,0,0,-12,0,0,0,0,0,6.2009,0,0,0,
0.492644,0.120926,0.843121,0.654519,0.466217,-0.509812,-0.307146,1.68309e-06,3.4814e-07,-1.12717e-07,-1.25255e-07,2.16771e-06,4.82491e-06,0.424742,0.396174,0.67933,0.0490537,0.976499,-0.208645,0.0226026,-0.178981,0.0799403,0.739144,0.694609,0.287715,0.609158,-0.25232,0,0,0,0,0,0,0,0.000649321,0.0017283,-0.00297646,-0.00224801,21.4026,9.9714,8.15933,4.48174,-7.52438,-2.81952,2.18145,-0.554556,0,0,-12,0,0,0,0,0,6.20089,0,0,0,
0.492644,0.120926,0.84312,0.654518,0.466217,-0.509812,-0.307146,2.09739e-06,-5.01996e-07,-2.45371e-06,3.58681e-06,5.87981e-06,4.1338e-06,0.424742,0.396174,0.67933,0.0490536,0.976499,-0.208645,0.0226025,-0.178981,0.0799403,0.739144,0.694609,0.287715,0.609158,-0.25232,0,0,0,0,0,0,0,0.00420979,0.0034078,-0.0045483,-0.0037868,22.3617,9.97685,8.44519,4.40797,-7.67345,-2.88874,2.38147,-0.6193,0,0,-12,0,0,0,0,0,6.20092,0,0,0,
0.492644,0.120926,0.84312,0.654519,0.466217,-0.509812,-0.307146,-1.2688e-06,-1.19827e-06,-2.22828e-06,3.83732e-06,1.54439e-06,-5.51603e-06,0.424742,0.396174,0.67933,0.0490539,0.976499,-0.208645,0.0226025,-0.178981,0.0799403,0.739144,0.694609,0.287715,0.609158,-0.25232,0,0,0,0,0,0,0,0.00339436,0.0018749,-0.00316241,-0.00145933,22.1829,9.97411,8.39105,4.42024,-7.64559,-2.87557,2.34439,-0.607179,0,0,-12,0,0,0,0,0,6.20092,0,0,0,
0.492644,0.120926,0.84312,0.654519,0.466217,-0.509812,-0.307146,1.33623e-06,1.57941e-06,-2.69229e-06,4.05468e-06,4.34125e-06,4.55916e-06,0.424742,0.396174,0.67933,0.0490539,0.976499,-0.208645,0.0226025,-0.178981,0.0799403,0.739144,0.694609,0.287715,0.609158,-0.25232,0,0,0,0,0,0,0,0.00138929,0.00196438,-0.00314925,-0.00246696,22.8929,9.97601,8.61623,4.36086,-7.75718,-2.92716,2.49273,-0.655085,0,0,-12,0,0,0,0,0,6.20092,0,0,0,
0.492644,0.120926,0.84312,0.654519,0.466217,-0.509812,-0.307146,1.79527e-06,2.7884e-06,-2.86803e-06,4.22661e-06,4.65581e-06,7.17223e-06,0.424742,0.396174,0.67933,0.0490537,0.976499,-0.208644,0.0226025,-0.178981,0.0799403,0.739144,0.694609,0.287715,0.609158,-0.25232,0,0,0,0,0,0,0,-0.00424877,0.00219222,-0.00329214,-0.00270356,22.9871,9.97633,8.6638,4.34958,-7.77371,-2.93441,2.51271,-0.661555,0,0,-12,0,0,0,0,0,6.20092,0,0,0,
0.492644,0.120927,0.843121,0.654519,0.466217,-0.509812,-0.307146,-8.6555e-07,2.97463e-06,1.24125e-06,-4.61034e-06,-2.95533e-06,9.22237e-07,0.424742,0.396174,0.67933,0.0490537,0.976499,-0.208645,0.0226028,-0.178981,0.0799403,0.739144,0.694609,0.287715,0.609158,-0.25232,0,0,0,0,0,0,0,-0.00383753,-0.000568488,0.000385956,-0.000590292,23.8019,9.97442,8.90996,4.2798,-7.90051,-2.99299,2.683,-0.716545,0,0,-12,0,0,0,0,0,6.2009,0,0,0,
0.492644,0.120927,0.843121,0.654519,0.466217,-0.509812,-0.307146,-8.68098e-07,2.97411e-06,1.24142e-06,-4.61015e-06,-2.95861e-06,9.1493e-07,0.424742,0.396174,0.67933,0.0490537,0.976499,-0.208645,0.0226028,-0.178981,0.0799403,0.739144,0.694609,0.287715,0.609158,-0.25232,0,0,0,0,0,0,0,0.00331525,0.00193468,-0.00309369,-0.0024354,23.7996,9.97861,8.88921,4.28813,-7.89831,-2.99252,2.68202,-0.71622,0,0,-12,0,0,0,0,0,6.2009,0,0,0,
0.492644,0.120926,0.843121,0.654519,0.466217,-0.509812,-0.307146,-2.71113e-06,-1.88076e-06,1.94591e-06,-5.29663e-06,-4.22051e-06,-9.57714e-06,0.424742,0.396174,0.67933,0.0490539,0.976499,-0.208645,0.0226028,-0.178981,0.0799403,0.739144,0.694609,0.287715,0.609158,-0.25232,0,0,0,0,0,0,0,0.0118951,0.00170461,-0.00295354,-0.00219316,24.3414,9.98024,9.02796,4.24951,-7.98028,-3.031,2.79471,-0.752595,0,0,-12,0,0,0,0,0,6.20089,0,0,0,
0.492644,0.120926,0.843121,0.654519,0.466217,-0.509812,-0.307146,-4.29539e-06,-3.12495e-06,5.78749e-07,-9.40768e-08,-4.97676e-06,-1.49176e-05,0.424742,0.396174,0.67933,0.0490541,0.976499,-0.208645,0.0226027,-0.178981,0.0799403,0.739144,0.694609,0.287715,0.609158,-0.25232,0,0,0,0,0,0,0,0.0118883,0.00282799,-0.00506263,-0.00226113,24.6968,9.98305,9.13901,4.22209,-8.03607,-3.05667,2.86903,-0.776449,0,0,-12,0,0,0,0,0,6.20089,0,0,0,
0.492644,0.120926,0.843121,0.654519,0.466217,-0.509812,-0.307146,-2.10153e-06,5.0185e-07,2.45573e-06,-3.58933e-06,-5.88754e-06,-4.14423e-06,0.424742,0.396174,0.67933,0.0490539,0.976499,-0.208645,0.0226027,-0.178981,0.0799403,0.739144,0.694609,0.287715,0.609158,-0.25232,0,0,0,0,0,0,0,0.010761,0.00200101,-0.00312397,-0.00306027,24.3496,9.98057,9.03443,4.24834,-7.98192,-3.0318,2.7964,-0.753182,0,0,-12,0,0,0,0,0,6.20089,0,0,0,
0.492644,0.120926,0.843121,0.654519,0.466217,-0.509812,-0.307146,-4.15238e-07,8.52067e-07,2.34631e-06,-3.7205e-06,-3.72053e-06,6.92685e-07,0.424742,0.396174,0.67933,0.0490539,0.976499,-0.208645,0.0226027,-0.178981,0.0799403,0.739144,0.694609,0.287715,0.609158,-0.25232,0,0,0,0,0,0,0,0.00579138,0.00194688,-0.0031433,-0.00242748,25.7877,9.98437,9.49353,4.12756,-8.20834,-3.13597,3.0972,-0.850264,0,0,-12,0,0,0,0,0,6.20089,0,0,0,
0.492644,0.120926,0.843121,0.654519,0.466217,-0.509812,-0.307146,1.27199e-06,1.20035e-06,2.23156e-06,-3.84322e-06,-1.54508e-06,5.52803e-06,0.424742,0.396174,0.67933,0.0490537,0.976499,-0.208645,0.0226026,-0.178981,0.0799403,0.739144,0.694609,0.287715,0.609158,-0.25232,0,0,0,0,0,0,0,-0.00178083,0.0020407,-0.00313082,-0.0034951,25.9051,9.98432,9.55428,4.11274,-8.22904,-3.14516,3.12208,-0.858293,0,0,-12,0,0,0,0,0,6.20089,0,0,0,
0.492644,0.120926,0.843121,0.654519,0.466217,-0.509812,-0.307146,-1.79937e-06,-2.79476e-06,2.87455e-06,-4.23621e-06,-4.66639e-06,-7.18859e-06,0.424742,0.396173,0.67933,0.0490541,0.976499,-0.208645,0.0226027,-0.178981,0.0799403,0.739144,0.694609,0.287715,0.609158,-0.25232,0,0,0,0,0,0,0,-0.00747574,0.00165706,-0.00303242,-0.00119318,26.0041,9.98399,9.60306,4.10059,-8.24639,-3.1524,3.14333,-0.865063,0,0,-12,0,0,0,0,0,6.20089,0,0,0,
0.492644,0.120926,0.843121,0.654519,0.466217,-0.509812,-0.307146,-1.23373e-06,-2.47539e-06,1.21168e-06,1.02721e-06,-2.92553e-06,-5.06397e-06,0.424742,0.396174,0.67933,0.0490539,0.976499,-0.208645,0.0226027,-0.178981,0.0799403,0.739144,0.694609,0.287715,0.609158,-0.25232,0,0,0,0,0,0,0,-0.00606598,0.00214502,-0.00327099,-0.0026299,26.3316,9.98559,9.69979,4.07527,-8.29715,-3.17616,3.21152,-0.887166,0,0,-12,0,0,0,0,0,6.20089,0,0,0,
0.492644,0.120926,0.843121,0.654519,0.466217,-0.509812,-0.307146,8.63648e-07,-2.97743e-06,-1.24202e-06,4.61402e-06,2.95427e-06,-9.30281e-07,0.424742,0.396174,0.67933,0.0490537,0.976499,-0.208645,0.0226026,-0.178981,0.0799403,0.739144,0.694609,0.287715,0.609158,-0.25232,0,0,0,0,0,0,0,-0.00132975,0.00203948,-0.00313812,-0.00346326,26.4916,9.986,9.73346,4.06517,-8.32059,-3.1875,3.24458,-0.897842,0,0,-12,0,0,0,0,0,6.20089,0,0,0,
0.492644,0.120926,0.843121,0.654519,0.466217,-0.509812,-0.307146,-8.19438e-07,-3.32555e-06,-1.1293e-06,4.73928e-06,7.86566e-07,-5.75514e-06,0.424742,0.396174,0.67933,0.0490539,0.976499,-0.208645,0.0226027,-0.178981,0.0799403,0.739144,0.694609,0.287715,0.609158,-0.25232,0,0,0,0,0,0,0,-0.00221407,0.00185839,-0.00316519,-0.00138764,27.1004,9.98766,9.92388,4.01494,-8.41615,-3.23124,3.37203,-0.938947,0,0,-12,0,0,0,0,0,6.20089,0,0,0,
0.492644,0.120926,0.843121,0.654519,0.466217,-0.509812,-0.307146,3.36873e-06,6.96806e-07,-2.25605e-07,-2.507e-07,4.3387e-06,9.65712e-06,0.424742,0.396174,0.67933,0.0490537,0.976499,-0.208645,0.0226026,-0.178981,0.0799403,0.739144,0.694609,0.287715,0.609158,-0.25232,0,0,0,0,0,0,0,-0.0052589,0.00204159,-0.00314692,-0.00347012,27.5071,9.98866,10.059,3.97958,-8.48059,-3.26115,3.45696,-0.966395,0,0,-12,0,0,0,0,0,6.20089,0,0,0,
0.492644,0.120926,0.843121,0.654519,0.466217,-0.509812,-0.307146,1.68309e-06,3.4814e-07,-1.12717e-07,-1.25255e-07,2.16771e-06,4.82491e-06,0.424742,0.396174,0.67933,0.0490537,0.976499,-0.208645,0.0226026,-0.178981,0.0799403,0.739144,0.694609,0.287715,0.609158,-0.25232,0,0,0,0,0,0,0,-0.00186055,0.00195171,-0.00316094,-0.00243905,27.9674,9.99013,10.1898,3.94437,-8.55152,-3.294,3.55302,-0.9974,0,0,-12,0,0,0,0,0,6.20089,0,0,0,
0.492644,0.120926,0.84312,0.654519,0.466217,-0.509812,-0.307146,-1.27038e-06,-1.1979e-06,-2.22645e-06,3.83465e-06,1.53998e-06,-5.51916e-06,0.424742,0.396174,0.67933,0.0490539,0.976499,-0.208645,0.0226025,-0.178981,0.0799403,0.739144,0.694609,0.287715,0.609158,-0.25232,0,0,0,0,0,0,0,-0.00419552,0.00335297,-0.00464566,-0.00274028,28.6538,9.99422,10.4105,3.88865,-8.65985,-3.34377,3.69654,-1.04383,0,0,-12,0,0,0,0,0,6.20092,0,0,0,
0.492644,0.120926,0.84312,0.654518,0.466217,-0.509812,-0.307146,2.09708e-06,-5.01362e-07,-2.45197e-06,3.58405e-06,5.87705e-06,4.13431e-06,0.424742,0.396174,0.67933,0.0490536,0.976499,-0.208645,0.0226025,-0.178981,0.0799403,0.739144,0.694609,0.287715,0.609158,-0.25232,0,0,0,0,0,0,0,0.00209848,0.00205718,-0.00318167,-0.00341596,27.8409,9.99002,10.1379,3.9574,-8.53046,-3.28472,3.52626,-0.988784,0,0,-12,0,0,0,0,0,6.20092,0,0,0,
0.492644,0.120926,0.84312,0.654518,0.466217,-0.509812,-0.307146,3.01863e-06,1.92574e-06,-2.80475e-06,3.92917e-06,6.5085e-06,9.38016e-06,0.424742,0.396174,0.67933,0.0490536,0.976499,-0.208645,0.0226025,-0.178981,0.0799403,0.739144,0.694609,0.287715,0.609158,-0.25232,0,0,0,0,0,0,0,-0.00183935,0.00197443,-0.00320021,-0.00245679,29.3164,9.99398,10.6052,3.83428,-8.76242,-3.39146,3.83484,-1.08838,0,0,-12,0,0,0,0,0,6.20092,0,0,0,
0.492644,0.120926,0.84312,0.654519,0.466217,-0.509812,-0.307146,1.33578e-06,1.57385e-06,-2.69705e-06,4.06254e-06,4.34869e-06,4.54973e-06,0.424742,0.396174,0.67933,0.0490539,0.976499,-0.208645,0.0226025,-0.178981,0.0799403,0.739144,0.694609,0.287715,0.609158,-0.25232,0,0,0,0,0,0,0,-0.00241351,0.00188432,-0.00320679,-0.00142182,29.3041,9.99391,10.6033,3.83493,-8.76074,-3.39047,3.83241,-1.08758,0,0,-12,0,0,0,0,0,6.20092,0,0,0,
0.492644,0.120926,0.84312,0.654519,0.466217,-0.509812,-0.307146,-1.27103e-06,-1.19944e-06,-2.22987e-06,3.84032e-06,1.54392e-06,-5.52385e-06,0.424742,0.396174,0.67933,0.0490539,0.976499,-0.208645,0.0226025,-0.178981,0.0799403,0.739144,0.694609,0.287715,0.609158,-0.25232,0,0,0,0,0,0,0,-0.00159748,0.0019742,-0.0032045,-0.00243496,29.9463,9.99577,10.7984,3.78303,-8.86082,-3.43695,3.96641,-1.13086,0,0,-12,0,0,0,0,0,6.20092,0,0,0,
0.492644,0.120926,0.84312,0.654518,0.466217,-0.509812,-0.307146,4.14613e-07,-8.50787e-07,-2.34279e-06,3.71491e-06,3.71495e-06,-6.91645e-07,0.424742,0.396174,0.67933,0.0490536,0.976499,-0.208645,0.0226025,-0.178981,0.0799403,0.739144,0.694609,0.287715,0.609158,-0.25232,0,0,0,0,0,0,0,0.00247411,0.0020662,-0.00319945,-0.00348334,29.913,9.99589,10.7749,3.7885,-8.85427,-3.43439,3.9591,-1.12853,0,0,-12,0,0,0,0,0,6.20092,0,0,0,
0.492644,0.120926,0.84312,0.654519,0.466217,-0.509812,-0.307146,-1.27229e-06,-1.19971e-06,-2.22981e-06,3.84045e-06,1.54233e-06,-5.52746e-06,0.424742,0.396174,0.67933,0.0490539,0.976499,-0.208645,0.0226025,-0.178981,0.0799403,0.739144,0.694609,0.287715,0.609158,-0.25232,0,0,0,0,0,0,0,0.00186688,0.00188724,-0.00320381,-0.001444,29.078,9.9935,10.5198,3.85633,-8.72403,-3.37382,3.78491,-1.07225,0,0,-12,0,0,0,0,0,6.20092,0,0,0,
0.492644,0.120926,0.84312,0.654519,0.466217,-0.509812,-0.307146,-1.27231e-06,-1.19971e-06,-2.22979e-06,3.84041e-06,1.54227e-06,-5.5275e-06,0.424742,0.396174,0.67933,0.0490539,0.976499,-0.208645,0.0226025,-0.178981,0.0799403,0.739144,0.694609,0.287715,0.609158,-0.25232,0,0,0,0,0,0,0,-0.00168075,0.00197578,-0.00321221,-0.00243117,30.9373,9.99856,11.1039,3.70208,-9.01578,-3.50855,4.17344,-1.1977,0,0,-12,0,0,0,0,0,6.20092,0,0,0,
0.492644,0.120926,0.84312,0.654519,0.466217,-0.509812,-0.307147,-9.21567e-07,-2.42712e-06,3.52807e-07,-3.45161e-07,-6.3149e-07,-5.24589e-06,0.424742,0.396173,0.67933,0.0490541,0.976499,-0.208645,0.0226025,-0.178981,0.0799403,0.739144,0.694609,0.287715,0.609158,-0.25232,0,0,0,0,0,0,0,0.000931206,0.00177567,-0.00308483,-0.00222567,31.0076,9.9986,11.1169,3.69789,-9.02592,-3.51341,4.188,-1.20238,0,0,-12,0,0,0,0,0,6.20091,0,0,0,
0.492644,0.120926,0.84312,0.654519,0.466217,-0.509812,-0.307147,-2.60732e-06,-2.77917e-06,4.6614e-07,-2.20332e-07,-2.80179e-06,-1.00823e-05,0.424742,0.396173,0.67933,0.0490541,0.976499,-0.208645,0.0226025,-0.178981,0.0799403,0.739144,0.694609,0.287715,0.609158,-0.25232,0,0,0,0,0,0,0,0.00392805,0.00197403,-0.00321266,-0.00242749,31.303,9.99989,11.1984,3.67607,-9.07118,-3.53455,4.2495,-1.22228,0,0,-12,0,0,0,0,0,6.20091,0,0,0,
0.492644,0.120926,0.84312,0.654519,0.466217,-0.509812,-0.307146,-1.68437e-06,-3.48402e-07,1.12803e-07,1.25348e-07,-2.16935e-06,-4.82856e-06,0.424742,0.396174,0.67933,0.0490539,0.976499,-0.208645,0.0226025,-0.178981,0.0799403,0.739144,0.694609,0.287715,0.609158,-0.25232,0,0,0,0,0,0,0,0.0087473,0.00217094,-0.00334428,-0.00262401,32.1262,10.0028,11.4365,3.61241,-9.19838,-3.5937,4.42117,-1.27775,0,0,-12,0,0,0,0,0,6.20092,0,0,0,
0.492644,0.120926,0.84312,0.654518,0.466217,-0.509812,-0.307146,2.60674e-06,2.78075e-06,-4.66323e-07,2.20687e-07,2.80063e-06,1.00827e-05,0.424742,0.396174,0.67933,0.0490534,0.976499,-0.208644,0.0226025,-0.178981,0.0799403,0.739144,0.694609,0.287715,0.609158,-0.25232,0,0,0,0,0,0,0,0.00539556,0.00226666,-0.00334865,-0.00358907,31.4884,10.0008,11.2509,3.66216,-9.09968,-3.548,4.28803,-1.23477,0,0,-12,0,0,0,0,0,6.20092,0,0,0,
0.492644,0.120926,0.84312,0.654519,0.466217,-0.509812,-0.307146,0,0,0,0,0,0,0.424742,0.396174,0.67933,0.0490539,0.976499,-0.208645,0.0226025,-0.178981,0.0799403,0.739144,0.694609,0.287715,0.609158,-0.25232,0,0,0,0,0,0,0,0.000269258,0.00166837,-0.00307989,-0.00119601,31.9699,10.0012,11.4154,3.61889,-9.17661,-3.58283,4.38917,-1.2673,0,0,-12,0,0,0,0,0,6.20092,0,0,0,
0.492644,0.120926,0.84312,0.654518,0.466217,-0.509812,-0.307146,0,0,0,0,0,0,0.424742,0.396174,0.67933,0.0490536,0.976499,-0.208645,0.0226025,-0.178981,0.0799403,0.739144,0.694609,0.287715,0.609158,-0.25232,0,0,0,0,0,0,0,-0.00921283,0.00207105,-0.00322601,-0.00348012,32.5973,10.0029,11.6397,3.56136,-9.27763,-3.62918,4.52059,-1.30977,0,0,-12,0,0,0,0,0,6.20092,0,0,0,
0.492644,0.120926,0.84312,0.654518,0.466217,-0.509812,-0.307146,1.68437e-06,3.48403e-07,-1.12803e-07,-1.25348e-07,2.16935e-06,4.82856e-06,0.424742,0.396174,0.67933,0.0490536,0.976499,-0.208645,0.0226025,-0.178981,0.0799403,0.739144,0.694609,0.287715,0.609158,-0.25232,0,0,0,0,0,0,0,-0.0054366,0.00198075,-0.00322793,-0.00244571,32.8576,10.0038,11.7076,3.54274,-9.31718,-3.64756,4.57485,-1.32728,0,0,-12,0,0,0,0,0,6.20092,0,0,0,
0.492644,0.120926,0.84312,0.654519,0.466217,-0.509812,-0.307147,-9.22953e-07,-2.43077e-06,3.53338e-07,-3.4568e-07,-6.32439e-07,-5.25378e-06,0.424742,0.396173,0.67933,0.0490541,0.976499,-0.208645,0.0226025,-0.178981,0.0799403,0.739144,0.694609,0.287715,0.609158,-0.25232,0,0,0,0,0,0,0,0.00126309,0.00168619,-0.00309819,-0.00117758,33.2544,10.005,11.8079,3.51474,-9.37713,-3.67556,4.65746,-1.35393,0,0,-12,0,0,0,0,0,6.20091,0,0,0,
0.492644,0.120926,0.84312,0.654519,0.466217,-0.509812,-0.307146,9.21557e-07,2.42709e-06,-3.52804e-07,3.45158e-07,6.31484e-07,5.24584e-06,0.424742,0.396174,0.67933,0.0490539,0.976499,-0.208645,0.0226025,-0.178981,0.0799403,0.739144,0.694609,0.287715,0.609158,-0.25232,0,0,0,0,0,0,0,-0.00106564,0.00217637,-0.00335553,-0.00262633,33.2131,10.0053,11.8031,3.51696,-9.3714,-3.67294,4.64881,-1.35121,0,0,-12,0,0,0,0,0,6.20092,0,0,0,
0.492644,0.120926,0.84312,0.654518,0.466217,-0.509812,-0.307146,2.60465e-06,2.77523e-06,-4.65522e-07,2.19904e-07,2.7992e-06,1.00708e-05,0.424742,0.396174,0.67933,0.0490536,0.976499,-0.208645,0.0226025,-0.178981,0.0799403,0.739144,0.694609,0.287715,0.609158,-0.25232,0,0,0,0,0,0,0,0.00571785,0.00207358,-0.00323963,-0.00347981,34.0036,10.0076,12.0243,3.4568,-9.49276,-3.72968,4.81347,-1.40437,0,0,-12,0,0,0,0,0,6.20092,0,0,0,
0.492644,0.120926,0.84312,0.654518,0.466217,-0.509812,-0.307146,1.68693e-06,3.48934e-07,-1.12975e-07,-1.25539e-07,2.17266e-06,4.83591e-06,0.424742,0.396174,0.67933,0.0490536,0.976499,-0.208645,0.0226025,-0.178981,0.0799403,0.739144,0.694609,0.287715,0.609158,-0.25232,0,0,0,0,0,0,0,0.00281104,0.00198283,-0.00323612,-0.00244317,33.9057,10.0072,12.0036,3.46284,-9.47842,-3.72267,4.79329,-1.39783,0,0,-12,0,0,0,0,0,6.20092,0,0,0,
0.492644,0.120926,0.84312,0.654518,0.466217,-0.509812,-0.307147,-6.75972e-07,-2.77609e-06,-3.70015e-07,4.90292e-07,6.57636e-06,-8.45826e-06,0.424742,0.396174,0.67933,0.0490536,0.976499,-0.208645,0.0226025,-0.178981,0.0799403,0.739144,0.694609,0.287715,0.609158,-0.25232,0,0,0,0,0,0,0,-0.000413325,0.00246559,-0.00375178,-0.00526783,34.736,10.0097,12.2702,3.39307,-9.60918,-3.78331,4.9667,-1.4538,0,0,-12,0,0,0,0,0,6.20092,0,0,0,
0.492644,0.120926,0.84312,0.654519,0.466217,-0.509812,-0.307147,-6.75984e-07,-2.77611e-06,-3.70005e-07,4.90285e-07,6.57628e-06,-8.45828e-06,0.424742,0.396174,0.67933,0.0490539,0.976499,-0.208645,0.0226025,-0.178981,0.0799403,0.739144,0.694609,0.287715,0.609158,-0.25232,0,0,0,0,0,0,0,0.00121011,0.00190158,-0.00324448,-0.00147819,34.282,10.0082,12.1248,3.43106,-9.53781,-3.74983,4.8721,-1.42325,0,0,-12,0,0,0,0,0,6.20092,0,0,0,
0.492644,0.120926,0.84312,0.654518,0.466217,-0.509812,-0.307147,1.9318e-06,-1.89574e-09,-8.35527e-07,7.09652e-07,9.38e-06,1.61949e-06,0.424742,0.396174,0.67933,0.0490536,0.976499,-0.208645,0.0226025,-0.178981,0.0799403,0.739144,0.694609,0.287715,0.609158,-0.25232,0,0,0,0,0,0,0,0.00394142,0.00208146,-0.00325781,-0.00352552,34.4594,10.0088,12.1705,3.41838,-9.56458,-3.76275,4.90879,-1.43514,0,0,-12,0,0,0,0,0,6.20092,0,0,0,
0.492644,0.120926,0.84312,0.654518,0.466217,-0.509812,-0.307147,2.45257e-07,-3.51353e-07,-7.23638e-07,8.36444e-07,7.21819e-06,-3.22121e-06,0.424742,0.396174,0.67933,0.0490536,0.976499,-0.208645,0.0226025,-0.178981,0.0799403,0.739144,0.694609,0.287715,0.609158,-0.25232,0,0,0,0,0,0,0,0.0015737,0.00199143,-0.00325988,-0.00248664,35.5482,10.0118,12.5136,3.32791,-9.7356,-3.84143,5.1365,-1.50863,0,0,-12,0,0,0,0,0,6.20092,0,0,0,
0.492644,0.120926,0.84312,0.654519,0.466217,-0.509812,-0.307147,2.45443e-07,-3.51619e-07,-7.24186e-07,8.37082e-07,7.22366e-06,-3.22365e-06,0.424742,0.396174,0.67933,0.0490539,0.976499,-0.208645,0.0226025,-0.178981,0.0799403,0.739144,0.694609,0.287715,0.609158,-0.25232,0,0,0,0,0,0,0,-0.000248062,0.0019001,-0.00325156,-0.00143771,35.5204,10.0116,12.511,3.32897,-9.73189,-3.83941,5.13091,-1.50681,0,0,-12,0,0,0,0,0,6.20092,0,0,0,
0.492644,0.120926,0.84312,0.654519,0.466217,-0.509812,-0.307147,2.45443e-07,-3.51619e-07,-7.24186e-07,8.37082e-07,7.22366e-06,-3.22365e-06,0.424742,0.396174,0.67933,0.0490539,0.976499,-0.208645,0.0226025,-0.178981,0.0799403,0.739144,0.694609,0.287715,0.609158,-0.25232,0,0,0,0,0,0,0,-0.00339859,0.00199124,-0.00326203,-0.00246726,35.9204,10.0126,12.6444,3.29412,-9.79536,-3.86868,5.21455,-1.53381,0,0,-12,0,0,0,0,0,6.20092,0,0,0,
0.492644,0.120927,0.84312,0.654518,0.466217,-0.509812,-0.307146,8.19514e-07,3.32487e-06,1.12818e-06,-4.73543e-06,-7.85498e-07,5.75476e-06,0.424742,0.396174,0.67933,0.0490534,0.976499,-0.208645,0.0226026,-0.178981,0.0799403,0.739144,0.694609,0.287715,0.609158,-0.25232,0,0,0,0,0,0,0,-1.58699e-05,0.000906562,-0.000980126,-0.000617799,36.722,10.0135,12.8789,3.22973,-9.91948,-3.92608,5.38188,-1.58807,0,0,-12,0,0,0,0,0,6.20093,0,0,0,
0.492644,0.120927,0.84312,0.654519,0.466217,-0.509812,-0.307146,-1.78583e-06,5.47802e-07,1.59397e-06,-4.95559e-06,-3.58517e-06,-4.31996e-06,0.424742,0.396174,0.67933,0.0490537,0.976499,-0.208645,0.0226026,-0.178981,0.0799403,0.739144,0.694609,0.287715,0.609158,-0.25232,0,0,0,0,0,0,0,0.00135173,0.00189215,-0.00321101,-0.00146222,36.4374,10.0142,12.7882,3.25518,-9.87473,-3.90554,5.32237,-1.56864,0,0,-12,0,0,0,0,0,6.20093,0,0,0,
0.492644,0.120926,0.84312,0.654519,0.466217,-0.509812,-0.307146,-1.92798e-06,2.68367e-09,8.35263e-07,-7.09932e-07,-9.37501e-06,-1.60857e-06,0.424742,0.396174,0.67933,0.0490539,0.976499,-0.208645,0.0226025,-0.178981,0.0799403,0.739144,0.694609,0.287715,0.609158,-0.25232,0,0,0,0,0,0,0,-0.00251612,0.00267373,-0.00497453,-0.00258453,36.2945,10.0147,12.7577,3.26515,-9.85372,-3.89566,5.29273,-1.55887,0,0,-12,0,0,0,0,0,6.20092,0,0,0,
0.492644,0.120926,0.84312,0.654518,0.466217,-0.509812,-0.307146,1.43802e-06,6.99227e-07,6.10374e-07,-9.61066e-07,-5.04503e-06,8.04369e-06,0.424742,0.396174,0.67933,0.0490536,0.976499,-0.208645,0.0226025,-0.178981,0.0799403,0.739144,0.694609,0.287715,0.609158,-0.25232,0,0,0,0,0,0,0,-0.0019259,0.00207563,-0.00327432,-0.00342453,37.5093,10.0171,13.129,3.16538,-10.0433,-3.98351,5.54631,-1.64095,0,0,-12,0,0,0,0,0,6.20092,0,0,0,
0.492644,0.120926,0.84312,0.654519,0.466217,-0.509812,-0.307146,-1.92798e-06,2.68367e-09,8.35263e-07,-7.09932e-07,-9.37501e-06,-1.60857e-06,0.424742,0.396174,0.67933,0.0490539,0.976499,-0.208645,0.0226025,-0.178981,0.0799403,0.739144,0.694609,0.287715,0.609158,-0.25232,0,0,0,0,0,0,0,0.00405354,0.00190287,-0.00325192,-0.00144718,37.5878,10.0176,13.1337,3.16315,-10.0537,-3.98845,5.56254,-1.64618,0,0,-12,0,0,0,0,0,6.20092,0,0,0,
0.492644,0.120926,0.84312,0.654519,0.466217,-0.509812,-0.307147,-1.68309e-06,-3.48139e-07,1.12717e-07,1.25253e-07,-2.16771e-06,-4.82491e-06,0.424742,0.396174,0.67933,0.0490539,0.976499,-0.208645,0.0226025,-0.178981,0.0799403,0.739144,0.694609,0.287715,0.609158,-0.25232,0,0,0,0,0,0,0,0.00293298,0.0024287,-0.00374577,-0.00500209,36.9104,10.016,12.929,3.21786,-9.94806,-3.9401,5.42075,-1.6004,0,0,-12,0,0,0,0,0,6.20092,0,0,0,
0.492644,0.120926,0.84312,0.654519,0.466217,-0.509812,-0.307147,9.21557e-07,2.42709e-06,-3.52804e-07,3.45158e-07,6.31484e-07,5.24584e-06,0.424742,0.396174,0.67933,0.0490539,0.976499,-0.208645,0.0226025,-0.178981,0.0799403,0.739144,0.694609,0.287715,0.609158,-0.25232,0,0,0,0,0,0,0,0.000604523,0.00199505,-0.00328023,-0.00245863,38.2851,10.0194,13.3597,3.10383,-10.1638,-4.03922,5.70831,-1.69324,0,0,-12,0,0,0,0,0,6.20092,0,0,0,
0.492644,0.120926,0.84312,0.654518,0.466217,-0.509812,-0.307147,1.68437e-06,3.48403e-07,-1.12803e-07,-1.25348e-07,2.16935e-06,4.82856e-06,0.424742,0.396174,0.67933,0.0490536,0.976499,-0.208645,0.0226025,-0.178981,0.0799403,0.739144,0.694609,0.287715,0.609158,-0.25232,0,0,0,0,0,0,0,-0.00972817,0.00208105,-0.00328951,-0.00344501,37.5382,10.0168,13.1632,3.15767,-10.0502,-3.98617,5.55282,-1.64301,0,0,-12,0,0,0,0,0,6.20092,0,0,0,
0.492644,0.120926,0.84312,0.654518,0.466217,-0.509812,-0.307147,-5.7401e-07,-3.67318e-06,-1.84988e-06,5.56703e-06,7.9922e-06,-8.96676e-06,0.424742,0.396174,0.67933,0.0490536,0.976499,-0.208645,0.0226025,-0.178981,0.0799403,0.739144,0.694609,0.287715,0.609158,-0.25232,0,0,0,0,0,0,0,-0.0107057,0.00199741,-0.00328759,-0.00247443,39.1091,10.0212,13.6502,3.0288,-10.2962,-4.09959,5.88113,-1.74899,0,0,-12,0,0,0,0,0,6.20092,0,0,0,
0.492644,0.120926,0.84312,0.654519,0.466217,-0.509812,-0.307147,-5.74011e-07,-3.67318e-06,-1.84988e-06,5.56704e-06,7.9922e-06,-8.96676e-06,0.424742,0.396174,0.67933,0.0490539,0.976499,-0.208645,0.0226025,-0.178981,0.0799403,0.739144,0.694609,0.287715,0.609158,-0.25232,0,0,0,0,0,0,0,-0.00505422,0.00190946,-0.00326645,-0.00146962,38.4034,10.0195,13.4145,3.09033,-10.1841,-4.04804,5.73347,-1.70133,0,0,-12,0,0,0,0,0,6.20092,0,0,0,
0.492644,0.120926,0.84312,0.654519,0.466217,-0.509812,-0.307147,2.45257e-07,-3.51353e-07,-7.23638e-07,8.36449e-07,7.21819e-06,-3.22121e-06,0.424742,0.396174,0.67933,0.0490539,0.976499,-0.208645,0.0226025,-0.178981,0.0799403,0.739144,0.694609,0.287715,0.609158,-0.25232,0,0,0,0,0,0,0,-0.00268805,0.00199721,-0.0032785,-0.00246889,37.9033,10.0182,13.2528,3.13274,-10.1051,-4.01188,5.62875,-1.66754,0,0,-12,0,0,0,0,0,6.20092,0,0,0,
0.492644,0.120926,0.84312,0.654518,0.466217,-0.509812,-0.307147,2.45257e-07,-3.51353e-07,-7.23638e-07,8.36444e-07,7.21819e-06,-3.22121e-06,0.424742,0.396174,0.67933,0.0490536,0.976499,-0.208645,0.0226025,-0.178981,0.0799403,0.739144,0.694609,0.287715,0.609158,-0.25232,0,0,0,0,0,0,0,-0.0004133,0.00208921,-0.00331009,-0.0035009,39.7521,10.0235,13.8149,2.98333,-10.3934,-4.14544,6.01476,-1.79218,0,0,-12,0,0,0,0,0,6.20092,0,0,0,
0.492644,0.120926,0.84312,0.654518,0.466217,-0.509812,-0.307147,3.61908e-06,3.46512e-07,-9.49579e-07,5.85357e-07,1.15634e-05,6.45055e-06,0.424742,0.396174,0.67933,0.0490535,0.976499,-0.208645,0.0226024,-0.178981,0.0799403,0.739144,0.694609,0.287715,0.609158,-0.25232,0,0,0,0,0,0,0,0.00148514,0.00205383,-0.00330858,-0.00309169,40.3385,10.0253,13.9893,2.93678,-10.4845,-4.1876,6.13717,-1.8317,0,0,-12,0,0,0,0,0,6.20092,0,0,0,
0.492644,0.120926,0.84312,0.654519,0.466217,-0.509812,-0.307147,0,0,0,0,0,0,0.424742,0.396174,0.67933,0.0490539,0.976499,-0.208645,0.0226025,-0.178981,0.0799403,0.739144,0.694609,0.287715,0.609158,-0.25232,0,0,0,0,0,0,0,0.00264202,0.00186473,-0.00326556,-0.000929222,39.9282,10.0242,13.8592,2.97115,-10.4201,-4.15756,6.0516,-1.80406,0,0,-12,0,0,0,0,0,6.20092,0,0,0,
0.492644,0.120926,0.84312,0.654518,0.466217,-0.509812,-0.307147,1.68692e-06,3.4893e-07,-1.12974e-07,-1.25538e-07,2.17263e-06,4.83587e-06,0.424742,0.396174,0.67933,0.0490536,0.976499,-0.208645,0.0226025,-0.178981,0.0799403,0.739144,0.694609,0.287715,0.609158,-0.25232,0,0,0,0,0,0,0,-0.00400212,0.00208578,-0.00330968,-0.00345128,39.4327,10.0224,13.7281,3.00695,-10.3446,-4.12262,5.94824,-1.7707,0,0,-12,0,0,0,0,0,6.20092,0,0,0,
0.492644,0.120926,0.84312,0.654518,0.466217,-0.509812,-0.307147,9.22951e-07,2.43077e-06,-3.53338e-07,3.4568e-07,6.32439e-07,5.25378e-06,0.424742,0.396174,0.67933,0.0490534,0.976499,-0.208644,0.0226025,-0.178981,0.0799403,0.739144,0.694609,0.287715,0.609158,-0.25232,0,0,0,0,0,0,0,0.00149098,0.00221697,-0.00344128,-0.00269427,40.3844,10.0257,14.0037,2.93333,-10.4917,-4.19085,6.14679,-1.83484,0,0,-12,0,0,0,0,0,6.20092,0,0,0,
0.492644,0.120926,0.84312,0.654519,0.466217,-0.509812,-0.307147,-1.68437e-06,-3.48402e-07,1.12803e-07,1.25348e-07,-2.16935e-06,-4.82856e-06,0.424742,0.396174,0.67933,0.0490539,0.976499,-0.208645,0.0226025,-0.178981,0.0799403,0.739144,0.694609,0.287715,0.609158,-0.25232,0,0,0,0,0,0,0,-0.00272,0.00169249,-0.0031308,-0.00123513,40.226,10.0244,13.9681,2.94287,-10.4683,-4.17952,6.11411,-1.82419,0,0,-12,0,0,0,0,0,6.20092,0,0,0,
0.492644,0.120926,0.84312,0.654519,0.466217,-0.509812,-0.307146,-2.4489e-07,3.50826e-07,7.22553e-07,-8.35194e-07,-7.20737e-06,3.21638e-06,0.424742,0.396174,0.67933,0.0490539,0.976499,-0.208645,0.0226025,-0.178981,0.0799403,0.739144,0.694609,0.287715,0.609158,-0.25232,0,0,0,0,0,0,0,-0.00185185,0.00153574,-0.00276634,0.000272529,41.2872,10.0274,14.2921,2.85685,-10.634,-4.2559,6.33588,-1.89586,0,0,-12,0,0,0,0,0,6.20092,0,0,0,
0.492644,0.120926,0.84312,0.654518,0.466217,-0.509812,-0.307147,1.68437e-06,3.48403e-07,-1.12803e-07,-1.25348e-07,2.16935e-06,4.82856e-06,0.424742,0.396174,0.67933,0.0490536,0.976499,-0.208645,0.0226025,-0.178981,0.0799403,0.739144,0.694609,0.287715,0.609158,-0.25232,0,0,0,0,0,0,0,0.00490787,0.00252245,-0.00382041,-0.00597844,40.4168,10.026,14.0026,2.93294,-10.4956,-4.19343,6.15306,-1.83684,0,0,-12,0,0,0,0,0,6.20092,0,0,0,
0.492644,0.120926,0.84312,0.654518,0.466217,-0.509812,-0.307147,0,0,0,0,0,0,0.424742,0.396174,0.67933,0.0490536,0.976499,-0.208645,0.0226025,-0.178981,0.0799403,0.739144,0.694609,0.287715,0.609158,-0.25232,0,0,0,0,0,0,0,0.00310904,0.0020034,-0.00330729,-0.00247216,41.5053,10.0287,14.3434,2.84267,-10.6664,-4.27169,6.3809,-1.91039,0,0,-12,0,0,0,0,0,6.20092,0,0,0,
0.492644,0.120926,0.84312,0.654518,0.466217,-0.509812,-0.307147,-1.68437e-06,-3.48403e-07,1.12803e-07,1.25348e-07,-2.16935e-06,-4.82856e-06,0.424742,0.396174,0.67933,0.0490536,0.976499,-0.208645,0.0226025,-0.178981,0.0799403,0.739144,0.694609,0.287715,0.609158,-0.25232,0,0,0,0,0,0,0,0.00368496,0.00200395,-0.00330248,-0.00248027,40.7857,10.0267,14.1199,2.90181,-10.5537,-4.21966,6.23053,-1.86185,0,0,-12,0,0,0,0,0,6.20092,0,0,0,
0.492644,0.120926,0.84312,0.654519,0.466217,-0.509812,-0.307147,0,0,0,0,0,0,0.424742,0.396174,0.67933,0.0490539,0.976499,-0.208645,0.0226025,-0.178981,0.0799403,0.739144,0.694609,0.287715,0.609158,-0.25232,0,0,0,0,0,0,0,0.00368462,0.0019163,-0.00328395,-0.00146507,41.6348,10.0291,14.3815,2.83253,-10.6865,-4.28085,6.40801,-1.91914,0,0,-12,0,0,0,0,0,6.20092,0,0,0,
0.492644,0.120926,0.84312,0.654519,0.466217,-0.509812,-0.307147,-1.68438e-06,-3.48405e-07,1.12804e-07,1.25349e-07,-2.16937e-06,-4.82861e-06,0.424742,0.396174,0.67933,0.0490539,0.976499,-0.208645,0.0226025,-0.178981,0.0799403,0.739144,0.694609,0.287715,0.609158,-0.25232,0,0,0,0,0,0,0,0.00325838,0.00200377,-0.00330673,-0.00245803,41.4612,10.0285,14.3294,2.84638,-10.6595,-4.26849,6.37168,-1.90742,0,0,-12,0,0,0,0,0,6.20092,0,0,0,
0.492644,0.120926,0.84312,0.654519,0.466217,-0.509812,-0.307147,-2.60592e-06,-2.7755e-06,4.65606e-07,-2.1981e-07,-2.80083e-06,-1.00744e-05,0.424742,0.396174,0.67933,0.0490539,0.976499,-0.208645,0.0226025,-0.178981,0.0799403,0.739144,0.694609,0.287715,0.609158,-0.25232,0,0,0,0,0,0,0,0.000433816,0.00200433,-0.00330392,-0.00246373,41.0068,10.0271,14.1986,2.88154,-10.5893,-4.23587,6.27691,-1.87681,0,0,-12,0,0,0,0,0,6.20092,0,0,0,
0.492644,0.120926,0.84312,0.654518,0.466217,-0.509812,-0.307147,1.68692e-06,3.4893e-07,-1.12974e-07,-1.25538e-07,2.17263e-06,4.83587e-06,0.424742,0.396174,0.67933,0.0490536,0.976499,-0.208645,0.0226025,-0.178981,0.0799403,0.739144,0.694609,0.287715,0.609158,-0.25232,0,0,0,0,0,0,0,0.000835414,0.002092,-0.00333796,-0.00345342,42.0345,10.03,14.5138,2.79788,-10.7498,-4.31023,6.49149,-1.9461,0,0,-12,0,0,0,0,0,6.20092,0,0,0,
0.492644,0.120926,0.84312,0.654519,0.466217,-0.509812,-0.307147,-1.68692e-06,-3.48929e-07,1.12973e-07,1.25538e-07,-2.17263e-06,-4.83587e-06,0.424742,0.396174,0.67933,0.0490539,0.976499,-0.208645,0.0226025,-0.178981,0.0799403,0.739144,0.694609,0.287715,0.609158,-0.25232,0,0,0,0,0,0,0,0.00402932,0.00191742,-0.00325781,-0.00149071,38.1002,10.0191,13.2917,3.12132,-10.1338,-4.02547,5.66957,-1.68074,0,0,-12,0,0,0,0,0,6.20092,0,0,0,
0.492644,0.120926,0.84312,0.654519,0.466216,-0.509812,-0.307147,-7.07102e-06,-3.29698e-06,1.47184e-06,-7.4224e-07,-1.54539e-05,-1.89502e-05,0.424742,0.396173,0.67933,0.0490548,0.976499,-0.208645,0.0226026,-0.178981,0.0799403,0.739144,0.694609,0.287715,0.609158,-0.25232,0,0,0,0,0,0,0,-0.00304672,0.00119573,-0.00256305,0.00236533,35.0178,10.0094,12.3648,3.3677,-9.65431,-3.80275,5.02643,-1.47306,0,0,-12,0,0,0,0,0,6.20091,0,0,0,
0.492644,0.120927,0.84312,0.654518,0.466217,-0.509812,-0.307146,8.18199e-07,3.32053e-06,1.1276e-06,-4.73211e-06,-7.85381e-07,5.74645e-06,0.424742,0.396174,0.67933,0.0490534,0.976499,-0.208645,0.0226026,-0.178981,0.0799403,0.739144,0.694609,0.287715,0.609158,-0.25232,0,0,0,0,0,0,0,-0.0151367,0.00177386,-0.00174266,-0.00558797,33.7015,10.0049,11.9982,3.46636,-9.45191,-3.7097,4.75132,-1.38447,0,0,-12,0,0,0,0,0,6.20093,0,0,0,
0.492645,0.120927,0.84312,0.654517,0.466218,-0.509813,-0.307146,9.92826e-06,7.84142e-06,9.33243e-07,-5.84812e-06,3.48628e-06,3.83909e-05,0.424742,0.396174,0.67933,0.0490519,0.976499,-0.208645,0.0226023,-0.178981,0.0799403,0.739144,0.694609,0.287715,0.609158,-0.25232,0,0,0,0,0,0,0,-0.00487642,0.00261819,-0.00348738,-0.0073005,33.6929,10.0065,11.9633,3.47504,-9.44736,-3.70857,4.74883,-1.38353,0,0,-12,0,0,0,0,0,6.20093,0,0,0,
0.492644,0.120926,0.84312,0.654519,0.466217,-0.509812,-0.307147,-2.85322e-06,-2.42257e-06,1.1897e-06,-1.05646e-06,-1.00274e-05,-6.85407e-06,0.424742,0.396173,0.67933,0.0490543,0.976499,-0.208645,0.0226025,-0.178981,0.0799403,0.739144,0.694609,0.287715,0.609158,-0.25232,0,0,0,0,0,0,0,0.0110013,0.0017538,-0.00460714,0.00398811,33.6418,10.0074,11.8964,3.49074,-9.43497,-3.70208,4.7384,-1.37982,0,0,-12,0,0,0,0,0,6.20091,0,0,0,
0.492644,0.120925,0.84312,0.654519,0.466216,-0.509812,-0.307148,-5.24488e-06,-8.13317e-06,-1.33711e-06,5.58245e-06,5.11593e-06,-2.75783e-05,0.424742,0.396173,0.67933,0.0490551,0.976499,-0.208644,0.0226025,-0.178981,0.0799403,0.739144,0.694609,0.287715,0.609158,-0.25232,0,0,0,0,0,0,0,-0.0043802,0.00350317,-0.00606979,-0.00846435,33.3728,10.0069,11.8643,3.50263,-9.39738,-3.68558,4.68196,-1.3616,0,0,-12,0,0,0,0,0,6.2009,0,0,0,
0.492644,0.120926,0.84312,0.654518,0.466217,-0.509812,-0.307147,2.9625e-06,-3.4794e-06,-3.69275e-06,8.19374e-06,8.83301e-06,3.20779e-06,0.424742,0.396173,0.67933,0.0490537,0.976499,-0.208644,0.0226022,-0.178981,0.0799403,0.739144,0.694609,0.287715,0.609158,-0.25232,0,0,0,0,0,0,0,-0.00941282,0.00333794,-0.00419916,-0.00307167,33.328,10.0071,11.8671,3.50339,-9.39222,-3.68189,4.67329,-1.35924,0,0,-12,0,0,0,0,0,6.20094,0,0,0,
0.492645,0.120926,0.84312,0.654518,0.466217,-0.509812,-0.307147,1.43975e-06,6.8465e-07,-4.17496e-06,9.13967e-06,5.7603e-06,4.05785e-06,0.424742,0.396174,0.67933,0.0490534,0.976499,-0.208644,0.0226022,-0.178981,0.0799403,0.739144,0.694609,0.287715,0.609158,-0.25232,0,0,0,0,0,0,0,0.00416085,0.00239747,-0.00357612,-0.00241354,33.448,10.0067,11.8588,3.5017,-9.40653,-3.68949,4.69761,-1.36699,0,0,-12,0,0,0,0,0,6.20095,0,0,0,
0.492645,0.120926,0.84312,0.654518,0.466217,-0.509812,-0.307147,3.12284e-06,1.0328e-06,-4.28766e-06,9.01439e-06,7.92798e-06,8.88277e-06,0.424742,0.396174,0.67933,0.0490534,0.976499,-0.208644,0.0226022,-0.178981,0.0799403,0.739144,0.694609,0.287715,0.609158,-0.25232,0,0,0,0,0,0,0,0.00153827,0.00204704,-0.00332553,-0.00259503,33.5267,10.0061,11.8911,3.49296,-9.41957,-3.6954,4.71419,-1.37227,0,0,-12,0,0,0,0,0,6.20095,0,0,0,
0.492645,0.120926,0.84312,0.654518,0.466217,-0.509812,-0.307147,8.03675e-06,2.76799e-06,-5.46811e-06,9.70859e-06,2.08653e-05,2.0358e-05,0.424742,0.396174,0.67933,0.0490534,0.976499,-0.208644,0.0226022,-0.178981,0.0799403,0.739144,0.694609,0.287715,0.609158,-0.25232,0,0,0,0,0,0,0,-0.00708883,0.00204761,-0.00332541,-0.00259742,33.3586,10.0052,11.8673,3.50077,-9.39601,-3.68389,4.67959,-1.36107,0,0,-12,0,0,0,0,0,6.20095,0,0,0,
0.492645,0.120926,0.84312,0.654518,0.466217,-0.509813,-0.307147,2.44459e-06,-1.74853e-06,-4.65632e-06,9.50325e-06,1.44974e-05,4.15069e-07,0.424742,0.396174,0.67933,0.0490532,0.976499,-0.208644,0.0226023,-0.178981,0.0799403,0.739144,0.694609,0.287715,0.609158,-0.25232,0,0,0,0,0,0,0,-0.0033757,0.00129476,-0.00166634,-0.00288291,33.3477,10.0041,11.8508,3.50307,-9.39296,-3.68289,4.677,-1.36039,0,0,-12,0,0,0,0,0,6.20095,0,0,0,
0.492644,0.120926,0.84312,0.654518,0.466217,-0.509812,-0.307147,-9.91122e-06,-7.84071e-06,-9.32947e-07,5.84752e-06,-3.48322e-06,-3.83348e-05,0.424742,0.396174,0.67933,0.0490536,0.976499,-0.208645,0.0226025,-0.178981,0.0799403,0.739144,0.694609,0.287715,0.609158,-0.25232,0,0,0,0,0,0,0,-0.00308687,0.000228757,-0.00157355,-0.000430348,33.5505,10.0033,11.9114,3.48565,-9.42452,-3.69719,4.71963,-1.37387,0,0,-12,0,0,0,0,0,6.20092,0,0,0,
0.492644,0.120926,0.84312,0.654519,0.466216,-0.509812,-0.307147,1.16626e-06,2.07654e-06,-1.0748e-06,1.17972e-06,7.83334e-06,2.03193e-06,0.424742,0.396174,0.67933,0.0490541,0.976499,-0.208644,0.0226026,-0.178981,0.0799403,0.739144,0.694609,0.287715,0.609158,-0.25232,0,0,0,0,0,0,0,-0.0015992,0.00186927,-0.00322095,-0.000915322,33.5038,10.0058,11.8942,3.49271,-9.41708,-3.69374,4.70976,-1.37083,0,0,-12,0,0,0,0,0,6.20092,0,0,0,
0.492644,0.120926,0.84312,0.654518,0.466217,-0.509812,-0.307147,6.93139e-06,8.47711e-06,1.22357e-06,-5.70485e-06,-2.9416e-06,3.24075e-05,0.424742,0.396174,0.67933,0.0490536,0.976499,-0.208645,0.0226025,-0.178981,0.0799403,0.739144,0.694609,0.287715,0.609158,-0.25232,0,0,0,0,0,0,0,0.00258677,0.0021506,-0.00330706,-0.00412253,33.3977,10.0058,11.8479,3.50412,-9.39901,-3.68623,4.68702,-1.36353,0,0,-12,0,0,0,0,0,6.20092,0,0,0,
0.492644,0.120926,0.84312,0.654518,0.466217,-0.509812,-0.307147,-8.22086e-07,5.03772e-06,3.40732e-06,-8.14758e-06,-6.35845e-06,4.22925e-06,0.424742,0.396174,0.67933,0.0490534,0.976499,-0.208644,0.0226025,-0.178981,0.0799403,0.739144,0.694609,0.287715,0.609158,-0.25232,0,0,0,0,0,0,0,0.00804116,0.00222979,-0.00341089,-0.00278351,33.4407,10.0065,11.8437,3.50467,-9.4041,-3.68874,4.69581,-1.36641,0,0,-12,0,0,0,0,0,6.20092,0,0,0,
0.492644,0.120926,0.84312,0.654519,0.466217,-0.509812,-0.307146,-3.42253e-06,-2.31364e-07,5.75248e-06,-1.23835e-05,-1.5863e-05,-5.41205e-06,0.424742,0.396174,0.67933,0.0490539,0.976499,-0.208645,0.0226026,-0.178981,0.0799403,0.739144,0.694609,0.287715,0.609158,-0.25232,0,0,0,0,0,0,0,0.0104591,0.000380804,-0.000713563,0.00155027,33.6177,10.0047,11.8884,3.48995,-9.4309,-3.70074,4.73296,-1.37852,0,0,-12,0,0,0,0,0,6.20092,0,0,0,
0.492644,0.120926,0.84312,0.654519,0.466217,-0.509812,-0.307147,-3.12629e-06,-1.02937e-06,4.29111e-06,-9.0133e-06,-7.93997e-06,-8.88483e-06,0.424742,0.396174,0.67933,0.0490539,0.976499,-0.208645,0.0226025,-0.178981,0.0799403,0.739144,0.694609,0.287715,0.609158,-0.25232,0,0,0,0,0,0,0,0.00232999,0.00335824,-0.00565761,-0.0054678,33.6496,10.0082,11.9279,3.48489,-9.43866,-3.70464,4.73964,-1.38034,0,0,-12,0,0,0,0,0,6.20092,0,0,0,
0.492644,0.120926,0.84312,0.654518,0.466217,-0.509812,-0.307147,-3.02371e-06,-1.92396e-06,2.81209e-06,-3.94012e-06,-6.52465e-06,-9.38902e-06,0.424742,0.396174,0.67933,0.049054,0.976499,-0.208644,0.0226025,-0.178981,0.0799403,0.739144,0.694609,0.287715,0.609158,-0.25232,0,0,0,0,0,0,0,0.00351551,0.00281641,-0.00493775,-0.00286343,33.6369,10.0077,11.9197,3.48639,-9.43635,-3.70325,4.73715,-1.37956,0,0,-12,0,0,0,0,0,6.20092,0,0,0,
0.492644,0.120926,0.84312,0.654518,0.466217,-0.509812,-0.307147,-3.02243e-06,-1.92369e-06,2.812e-06,-3.94021e-06,-6.52301e-06,-9.38537e-06,0.424742,0.396174,0.67933,0.0490536,0.976499,-0.208645,0.0226025,-0.178981,0.0799403,0.739144,0.694609,0.287715,0.609158,-0.25232,0,0,0,0,0,0,0,-0.00531161,0.00129933,-0.0016333,-0.00324946,33.5798,10.0046,11.9285,3.48276,-9.42984,-3.69985,4.72555,-1.37608,0,0,-12,0,0,0,0,0,6.20092,0,0,0,
0.492644,0.120926,0.84312,0.654519,0.466216,-0.509812,-0.307147,-9.23652e-07,-2.43261e-06,3.53605e-07,-3.45942e-07,-6.32918e-07,-5.25776e-06,0.424742,0.396173,0.67933,0.0490541,0.976499,-0.208645,0.0226025,-0.178981,0.0799403,0.739144,0.694609,0.287715,0.609158,-0.25232,0,0,0,0,0,0,0,0.00380612,0.00175069,-0.00312531,-0.00142675,33.6222,10.0062,11.9129,3.48651,-9.43381,-3.70197,4.73411,-1.37869,0,0,-12,0,0,0,0,0,6.20091,0,0,0,
0.492644,0.120926,0.84312,0.654518,0.466217,-0.509812,-0.307147,2.20242e-06,-1.40028e-06,-3.94149e-06,8.67985e-06,7.30841e-06,3.63054e-06,0.424742,0.396174,0.67933,0.049054,0.976499,-0.208644,0.0226023,-0.178981,0.0799403,0.739144,0.694609,0.287715,0.609158,-0.25232,0,0,0,0,0,0,0,0.00295735,0.00429139,-0.00632343,-0.00418424,33.6033,10.0099,11.9129,3.4906,-9.43149,-3.70102,4.73004,-1.3774,0,0,-12,0,0,0,0,0,6.20095,0,0,0,
0.492644,0.120926,0.84312,0.654518,0.466217,-0.509812,-0.307147,-1.26817e-06,-1.19956e-06,-2.23182e-06,3.84294e-06,1.55001e-06,-5.51708e-06,0.424742,0.396174,0.67933,0.0490539,0.976499,-0.208644,0.0226024,-0.178981,0.0799403,0.739144,0.694609,0.287715,0.609158,-0.25232,0,0,0,0,0,0,0,-0.00244264,0.00122041,-0.00161195,-0.00225377,33.5983,10.0049,11.9249,3.48326,-9.43187,-3.70083,4.72934,-1.3773,0,0,-12,0,0,0,0,0,6.20095,0,0,0,
0.492644,0.120926,0.84312,0.654518,0.466217,-0.509812,-0.307147,-9.23642e-07,-2.43258e-06,3.53602e-07,-3.45938e-07,-6.32912e-07,-5.25771e-06,0.424742,0.396174,0.67933,0.0490536,0.976499,-0.208645,0.0226025,-0.178981,0.0799403,0.739144,0.694609,0.287715,0.609158,-0.25232,0,0,0,0,0,0,0,-0.00543592,0.000630397,-0.00180644,-0.0023202,33.6499,10.0038,11.9499,3.47619,-9.44076,-3.70482,4.74035,-1.3806,0,0,-12,0,0,0,0,0,6.20092,0,0,0,
0.492644,0.120926,0.84312,0.654518,0.466217,-0.509812,-0.307147,2.03188e-06,-8.98774e-07,-2.31718e-06,5.7939e-06,1.07897e-05,1.10931e-06,0.424742,0.396174,0.67933,0.0490536,0.976499,-0.208645,0.0226025,-0.178981,0.0799403,0.739144,0.694609,0.287715,0.609158,-0.25232,0,0,0,0,0,0,0,-0.0089924,0.0020194,-0.00327807,-0.00257096,33.7061,10.0061,11.9805,3.47107,-9.45094,-3.70914,4.75229,-1.38455,0,0,-12,0,0,0,0,0,6.20092,0,0,0,
0.492644,0.120926,0.84312,0.654518,0.466217,-0.509812,-0.307147,3.11712e-07,4.44532e-08,-8.61974e-07,-1.36111e-06,2.29679e-06,-1.86925e-07,0.424742,0.396174,0.67933,0.0490539,0.976499,-0.208644,0.0226024,-0.178981,0.0799403,0.739144,0.694609,0.287715,0.609158,-0.25232,0,0,0,0,0,0,0,-0.00256726,0.00344375,-0.00479429,-0.00282959,33.7315,10.0088,11.9693,3.47535,-9.45317,-3.7105,4.75721,-1.38626,0,0,-12,0,0,0,0,0,6.20095,0,0,0,
0.492644,0.120926,0.84312,0.654518,0.466217,-0.509812,-0.307147,1.99449e-06,3.93235e-07,-9.72925e-07,-1.48917e-06,4.46169e-06,4.63851e-06,0.424742,0.396174,0.67933,0.0490536,0.976499,-0.208644,0.0226023,-0.178981,0.0799403,0.739144,0.694609,0.287715,0.609158,-0.25232,0,0,0,0,0,0,0,-0.00846791,0.00213134,-0.00333629,-0.00361945,33.7162,10.0061,11.982,3.47058,-9.45232,-3.70998,4.75429,-1.3852,0,0,-12,0,0,0,0,0,6.20095,0,0,0,
0.492645,0.120926,0.84312,0.654518,0.466217,-0.509812,-0.307147,1.33693e-06,1.58128e-06,-2.69256e-06,4.05495e-06,4.34174e-06,4.56319e-06,0.424742,0.396174,0.67933,0.0490534,0.976499,-0.208644,0.0226023,-0.178981,0.0799403,0.739144,0.694609,0.287715,0.609158,-0.25232,0,0,0,0,0,0,0,0.000183752,0.00227338,-0.00346491,-0.00283138,33.7374,10.007,11.9607,3.47511,-9.45297,-3.71075,4.75826,-1.38653,0,0,-12,0,0,0,0,0,6.20095,0,0,0,
0.492645,0.120926,0.84312,0.654518,0.466217,-0.509812,-0.307147,3.48532e-06,3.14559e-06,-2.98221e-06,4.10225e-06,6.83059e-06,1.20259e-05,0.424742,0.396174,0.67933,0.0490534,0.976499,-0.208644,0.0226023,-0.178981,0.0799403,0.739144,0.694609,0.287715,0.609158,-0.25232,0,0,0,0,0,0,0,0.00465429,0.00204578,-0.00331413,-0.00260264,33.7472,10.0069,11.9489,3.47709,-9.45307,-3.71111,4.76008,-1.3871,0,0,-12,0,0,0,0,0,6.20095,0,0,0,
0.492644,0.120926,0.84312,0.654518,0.466217,-0.509812,-0.307147,2.09964e-06,-5.00822e-07,-2.45212e-06,3.58382e-06,5.88031e-06,4.14167e-06,0.424742,0.396174,0.67933,0.0490537,0.976499,-0.208644,0.0226022,-0.178981,0.0799403,0.739144,0.694609,0.287715,0.609158,-0.25232,0,0,0,0,0,0,0,0.0101681,0.00265888,-0.00491215,-0.00270397,33.7641,10.0082,11.9371,3.48037,-9.4541,-3.71193,4.76334,-1.38799,0,0,-12,0,0,0,0,0,6.20095,0,0,0,
0.492644,0.120926,0.84312,0.654518,0.466217,-0.509812,-0.307147,1.68564e-06,3.48666e-07,-1.12889e-07,-1.2544e-07,2.17099e-06,4.83221e-06,0.424742,0.396174,0.67933,0.0490537,0.976499,-0.208644,0.0226022,-0.178981,0.0799403,0.739144,0.694609,0.287715,0.609158,-0.25232,0,0,0,0,0,0,0,0.00234313,0.00205533,-0.003346,-0.00260609,33.7554,10.0068,11.959,3.47486,-9.45508,-3.71187,4.76192,-1.38768,0,0,-12,0,0,0,0,0,6.20095,0,0,0,
0.492644,0.120926,0.84312,0.654518,0.466217,-0.509812,-0.307147,2.20322e-06,-1.39803e-06,-3.93758e-06,8.6693e-06,7.30511e-06,3.63547e-06,0.424742,0.396174,0.67933,0.0490537,0.976499,-0.208644,0.0226022,-0.178981,0.0799403,0.739144,0.694609,0.287715,0.609158,-0.25232,0,0,0,0,0,0,0,0.00359471,0.00205587,-0.00334707,-0.00260687,33.7623,10.0069,11.957,3.47515,-9.45576,-3.71227,4.76329,-1.38813,0,0,-12,0,0,0,0,0,6.20095,0,0,0,
0.492644,0.120926,0.84312,0.654518,0.466217,-0.509812,-0.307147,5.1758e-07,-1.74668e-06,-3.82467e-06,8.79469e-06,5.1341e-06,-1.19673e-06,0.424742,0.396174,0.67933,0.0490537,0.976499,-0.208644,0.0226022,-0.178981,0.0799403,0.739144,0.694609,0.287715,0.609158,-0.25232,0,0,0,0,0,0,0,0.00329605,0.0020564,-0.00334807,-0.00260766,33.7645,10.0069,11.9587,3.47477,-9.4562,-3.71245,4.76376,-1.38828,0,0,-12,0,0,0,0,0,6.20095,0,0,0,
0.492644,0.120926,0.84312,0.654518,0.466217,-0.509812,-0.307147,2.2045e-06,-1.39775e-06,-3.93765e-06,8.66916e-06,7.30673e-06,3.63913e-06,0.424742,0.396174,0.67933,0.0490537,0.976499,-0.208644,0.0226022,-0.178981,0.0799403,0.739144,0.694609,0.287715,0.609158,-0.25232,0,0,0,0,0,0,0,0.00940391,0.00205693,-0.00334911,-0.00260845,33.7691,10.0072,11.9402,3.47859,-9.45498,-3.71234,4.76435,-1.38849,0,0,-12,0,0,0,0,0,6.20095,0,0,0,
0.492644,0.120926,0.84312,0.654518,0.466217,-0.509812,-0.307147,-1.02815e-07,8.96618e-07,1.48238e-06,-5.08469e-06,-1.41853e-06,5.05335e-07,0.424742,0.396174,0.67933,0.0490536,0.976499,-0.208644,0.0226023,-0.178981,0.0799403,0.739144,0.694609,0.287715,0.609158,-0.25232,0,0,0,0,0,0,0,0.00922323,0.00123102,-0.0016318,-0.00228283,33.7703,10.006,11.9401,3.47723,-9.45508,-3.7124,4.76458,-1.38871,0,0,-12,0,0,0,0,0,6.20095,0,0,0,
0.492644,0.120926,0.84312,0.654518,0.466217,-0.509812,-0.307147,-1.33648e-06,-1.57568e-06,2.69732e-06,-4.0628e-06,-4.34917e-06,-4.55369e-06,0.424742,0.396174,0.67933,0.0490536,0.976499,-0.208645,0.0226025,-0.178981,0.0799403,0.739144,0.694609,0.287715,0.609158,-0.25232,0,0,0,0,0,0,0,0.0086041,0.00055528,-0.00179994,-0.00132208,33.7684,10.0049,11.9408,3.4762,-9.45491,-3.7122,4.76436,-1.38839,0,0,-12,0,0,0,0,0,6.20092,0,0,0,
0.492644,0.120926,0.84312,0.654518,0.466217,-0.509812,-0.307147,-1.33647e-06,-1.57565e-06,2.69734e-06,-4.06284e-06,-4.3492e-06,-4.55363e-06,0.424742,0.396174,0.67933,0.0490536,0.976499,-0.208645,0.0226025,-0.178981,0.0799403,0.739144,0.694609,0.287715,0.609158,-0.25232,0,0,0,0,0,0,0,0.0113387,0.00202581,-0.00329057,-0.0025803,33.7724,10.0073,11.9349,3.47961,-9.45489,-3.71243,4.76492,-1.3887,0,0,-12,0,0,0,0,0,6.20092,0,0,0,
0.492644,0.120926,0.84312,0.654518,0.466217,-0.509812,-0.307147,-1.44037e-06,-6.83347e-07,4.17847e-06,-9.14524e-06,-5.76587e-06,-4.05676e-06,0.424742,0.396174,0.67933,0.0490536,0.976499,-0.208645,0.0226025,-0.178981,0.0799403,0.739144,0.694609,0.287715,0.609158,-0.25232,0,0,0,0,0,0,0,0.00842979,0.00202635,-0.00329165,-0.00258104,33.783,10.0072,11.9476,3.47675,-9.45746,-3.71341,4.76731,-1.38946,0,0,-12,0,0,0,0,0,6.20092,0,0,0,
0.492644,0.120926,0.84312,0.654519,0.466217,-0.509812,-0.307147,-2.19989e-06,1.39797e-06,3.93432e-06,-8.6687e-06,-7.29554e-06,-3.62899e-06,0.424742,0.396174,0.67933,0.0490539,0.976499,-0.208645,0.0226025,-0.178981,0.0799403,0.739144,0.694609,0.287715,0.609158,-0.25232,0,0,0,0,0,0,0,0.00622976,0.00193599,-0.00326504,-0.00154172,33.7933,10.0071,11.958,3.47444,-9.45983,-3.71417,4.7697,-1.39021,0,0,-12,0,0,0,0,0,6.20092,0,0,0,
0.492644,0.120926,0.84312,0.654519,0.466217,-0.509812,-0.307147,-2.20021e-06,1.39861e-06,3.93609e-06,-8.67151e-06,-7.29834e-06,-3.62846e-06,0.424742,0.396174,0.67933,0.0490539,0.976499,-0.208645,0.0226025,-0.178981,0.0799403,0.739144,0.694609,0.287715,0.609158,-0.25232,0,0,0,0,0,0,0,0.0048512,0.00202614,-0.00329308,-0.00256313,33.7774,10.007,11.9576,3.47475,-9.45774,-3.71327,4.76637,-1.38914,0,0,-12,0,0,0,0,0,6.20092,0,0,0,
0.492644,0.120926,0.84312,0.654518,0.466217,-0.509812,-0.307147,-5.1672e-07,1.74543e-06,3.82048e-06,-8.79011e-06,-5.12676e-06,1.19555e-06,0.424742,0.396174,0.67933,0.0490536,0.976499,-0.208645,0.0226025,-0.178981,0.0799403,0.739144,0.694609,0.287715,0.609158,-0.25232,0,0,0,0,0,0,0,0.0026813,0.00211909,-0.00332221,-0.00362156,33.7835,10.0069,11.9665,3.47273,-9.45931,-3.71402,4.76766,-1.38956,0,0,-12,0,0,0,0,0,6.20092,0,0,0,
0.492644,0.120926,0.84312,0.654518,0.466217,-0.509812,-0.307147,-5.1672e-07,1.74543e-06,3.82048e-06,-8.79011e-06,-5.12676e-06,1.19555e-06,0.424742,0.396174,0.67933,0.0490536,0.976499,-0.208645,0.0226025,-0.178981,0.0799403,0.739144,0.694609,0.287715,0.609158,-0.25232,0,0,0,0,0,0,0,-0.000452799,0.00202846,-0.00329566,-0.00258423,33.7908,10.0067,11.9789,3.47002,-9.4615,-3.71463,4.76949,-1.39013,0,0,-12,0,0,0,0,0,6.20092,0,0,0,
0.492644,0.120926,0.84312,0.654518,0.466217,-0.509812,-0.307147,-5.1719e-07,1.74536e-06,3.82177e-06,-8.788e-06,-5.13021e-06,1.19582e-06,0.424742,0.396174,0.67933,0.0490536,0.976499,-0.208645,0.0226025,-0.178981,0.0799403,0.739144,0.694609,0.287715,0.609158,-0.25232,0,0,0,0,0,0,0,-0.00312605,0.00202899,-0.00329665,-0.00258504,33.7918,10.0066,11.9879,3.46811,-9.46249,-3.7149,4.76985,-1.39024,0,0,-12,0,0,0,0,0,6.20092,0,0,0,
0.492644,0.120926,0.84312,0.654518,0.466217,-0.509812,-0.307147,0,0,0,0,0,0,0.424742,0.396174,0.67933,0.0490536,0.976499,-0.208645,0.0226025,-0.178981,0.0799403,0.739144,0.694609,0.287715,0.609158,-0.25232,0,0,0,0,0,0,0,-0.00584179,0.00202951,-0.00329772,-0.00258572,33.8052,10.0065,12.0008,3.46515,-9.46545,-3.71607,4.77281,-1.39119,0,0,-12,0,0,0,0,0,6.20092,0,0,0,
0.492644,0.120926,0.84312,0.654518,0.466217,-0.509812,-0.307147,0,0,0,0,0,0,0.424742,0.396174,0.67933,0.0490536,0.976499,-0.208645,0.0226025,-0.178981,0.0799403,0.739144,0.694609,0.287715,0.609158,-0.25232,0,0,0,0,0,0,0,-0.00488111,0.00203006,-0.00329878,-0.00258656,33.8075,10.0066,11.9984,3.46562,-9.4655,-3.71616,4.77323,-1.39132,0,0,-12,0,0,0,0,0,6.20092,0,0,0,
0.492644,0.120926,0.84312,0.654518,0.466217,-0.509812,-0.307147,0,0,0,0,0,0,0.424742,0.396174,0.67933,0.0490536,0.976499,-0.208645,0.0226025,-0.178981,0.0799403,0.739144,0.694609,0.287715,0.609158,-0.25232,0,0,0,0,0,0,0,-0.00431136,0.00203059,-0.00329986,-0.00258728,33.8197,10.0066,12.0004,3.46501,-9.46724,-3.71701,4.77576,-1.39214,0,0,-12,0,0,0,0,0,6.20092,0,0,0,
0.492644,0.120926,0.84312,0.654518,0.466217,-0.509812,-0.307147,2.10054e-06,-5.02758e-07,-2.45742e-06,3.59224e-06,5.88869e-06,4.14e-06,0.424742,0.396174,0.67933,0.0490536,0.976499,-0.208644,0.0226023,-0.178981,0.0799403,0.739144,0.694609,0.287715,0.609158,-0.25232,0,0,0,0,0,0,0,0.00360458,0.00351043,-0.00480742,-0.00385992,33.8231,10.0093,11.9775,3.47203,-9.46549,-3.71682,4.77588,-1.39231,0,0,-12,0,0,0,0,0,6.20095,0,0,0,
0.492644,0.120926,0.84312,0.654518,0.466217,-0.509812,-0.307147,2.10056e-06,-5.02755e-07,-2.45743e-06,3.59224e-06,5.88871e-06,4.14005e-06,0.424742,0.396174,0.67933,0.0490536,0.976499,-0.208644,0.0226023,-0.178981,0.0799403,0.739144,0.694609,0.287715,0.609158,-0.25232,0,0,0,0,0,0,0,-1.39411e-05,0.00205278,-0.00333105,-0.00261318,33.8473,10.007,11.9949,3.46573,-9.47019,-3.71868,4.78126,-1.39392,0,0,-12,0,0,0,0,0,6.20095,0,0,0,
0.492644,0.120926,0.84312,0.654518,0.466217,-0.509812,-0.307147,4.14926e-07,-8.51429e-07,-2.34456e-06,3.71772e-06,3.71776e-06,-6.92168e-07,0.424742,0.396174,0.67933,0.0490536,0.976499,-0.208644,0.0226023,-0.178981,0.0799403,0.739144,0.694609,0.287715,0.609158,-0.25232,0,0,0,0,0,0,0,0.00204699,0.00205332,-0.00333203,-0.00261407,33.8422,10.0071,11.9867,3.46756,-9.46875,-3.71816,4.78007,-1.39355,0,0,-12,0,0,0,0,0,6.20095,0,0,0,
0.492644,0.120926,0.84312,0.654518,0.466217,-0.509812,-0.307147,5.17658e-07,-1.74736e-06,-3.82579e-06,8.79853e-06,5.13518e-06,-1.19711e-06,0.424742,0.396174,0.67933,0.0490537,0.976499,-0.208644,0.0226022,-0.178981,0.0799403,0.739144,0.694609,0.287715,0.609158,-0.25232,0,0,0,0,0,0,0,0.00106361,0.00250803,-0.00428133,-0.00279532,33.8742,10.0078,12.0003,3.4649,-9.47414,-3.72056,4.78683,-1.39564,0,0,-12,0,0,0,0,0,6.20095,0,0,0,
0.492644,0.120926,0.84312,0.654518,0.466217,-0.509812,-0.307147,5.17658e-07,-1.74736e-06,-3.82579e-06,8.79853e-06,5.13518e-06,-1.19711e-06,0.424742,0.396174,0.67933,0.0490537,0.976499,-0.208644,0.0226022,-0.178981,0.0799403,0.739144,0.694609,0.287715,0.609158,-0.25232,0,0,0,0,0,0,0,-0.000664766,0.00206652,-0.00336784,-0.00262236,33.8764,10.007,12.006,3.46293,-9.47494,-3.72083,4.78738,-1.39589,0,0,-12,0,0,0,0,0,6.20095,0,0,0,
0.492644,0.120926,0.84312,0.654518,0.466217,-0.509812,-0.307147,5.17813e-07,-1.74872e-06,-3.82804e-06,8.80623e-06,5.13732e-06,-1.19788e-06,0.424742,0.396174,0.67933,0.0490537,0.976499,-0.208644,0.0226022,-0.178981,0.0799403,0.739144,0.694609,0.287715,0.609158,-0.25232,0,0,0,0,0,0,0,0.00380502,0.00206708,-0.00336897,-0.00262313,33.8868,10.0073,11.9947,3.46515,-9.47516,-3.72126,4.78929,-1.39652,0,0,-12,0,0,0,0,0,6.20095,0,0,0,
0.492644,0.120926,0.84312,0.654518,0.466217,-0.509812,-0.307147,5.17736e-07,-1.74804e-06,-3.82691e-06,8.80238e-06,5.13625e-06,-1.1975e-06,0.424742,0.396174,0.67933,0.0490537,0.976499,-0.208644,0.0226022,-0.178981,0.0799403,0.739144,0.694609,0.287715,0.609158,-0.25232,0,0,0,0,0,0,0,0.00293687,0.00206761,-0.00337007,-0.00262383,33.9003,10.0073,12.0017,3.46345,-9.47755,-3.7223,4.79217,-1.39745,0,0,-12,0,0,0,0,0,6.20095,0,0,0,
0.492644,0.120926,0.84312,0.654518,0.466217,-0.509812,-0.307147,0,0,0,0,0,0,0.424742,0.396174,0.67933,0.0490536,0.976499,-0.208644,0.0226023,-0.178981,0.0799403,0.739144,0.694609,0.287715,0.609158,-0.25232,0,0,0,0,0,0,0,0.00555679,0.00121847,-0.00160473,-0.00228898,33.902,10.0061,11.9925,3.46395,-9.47681,-3.72218,4.7923,-1.39765,0,0,-12,0,0,0,0,0,6.20095,0,0,0,
0.492644,0.120926,0.84312,0.654518,0.466217,-0.509812,-0.307147,0,0,0,0,0,0,0.424742,0.396174,0.67933,0.0490536,0.976499,-0.208644,0.0226023,-0.178981,0.0799403,0.739144,0.694609,0.287715,0.609158,-0.25232,0,0,0,0,0,0,0,0.00269629,0.00205703,-0.00333945,-0.00261924,33.9074,10.0073,12.0046,3.46269,-9.47872,-3.72282,4.79364,-1.39793,0,0,-12,0,0,0,0,0,6.20095,0,0,0,
0.492644,0.120926,0.84312,0.654518,0.466217,-0.509812,-0.307147,0,0,0,0,0,0,0.424742,0.396174,0.67933,0.0490536,0.976499,-0.208644,0.0226023,-0.178981,0.0799403,0.739144,0.694609,0.287715,0.609158,-0.25232,0,0,0,0,0,0,0,0.0064271,0.00205757,-0.00334052,-0.00262002,33.9151,10.0075,11.9949,3.46462,-9.47876,-3.72311,4.79504,-1.39839,0,0,-12,0,0,0,0,0,6.20095,0,0,0,
0.492644,0.120926,0.84312,0.654518,0.466217,-0.509812,-0.307147,-1.02582e-07,8.94588e-07,1.47902e-06,-5.07318e-06,-1.41532e-06,5.04191e-07,0.424742,0.396174,0.67933,0.0490536,0.976499,-0.208644,0.0226023,-0.178981,0.0799403,0.739144,0.694609,0.287715,0.609158,-0.25232,0,0,0,0,0,0,0,0.00516509,0.00205811,-0.00334158,-0.00262079,33.9227,10.0075,12.0013,3.46313,-9.48035,-3.72375,4.7967,-1.39893,0,0,-12,0,0,0,0,0,6.20095,0,0,0,
0.492644,0.120926,0.84312,0.654518,0.466217,-0.509812,-0.307147,-1.7895e-06,5.45658e-07,1.59199e-06,-4.94764e-06,-3.58795e-06,-4.33168e-06,0.424742,0.396174,0.67933,0.0490539,0.976499,-0.208644,0.0226024,-0.178981,0.0799403,0.739144,0.694609,0.287715,0.609158,-0.25232,0,0,0,0,0,0,0,0.000294681,0.0019674,-0.00331493,-0.00157744,33.9356,10.0072,12.0211,3.45878,-9.48395,-3.72489,4.79979,-1.3999,0,0,-12,0,0,0,0,0,6.20095,0,0,0,
0.492644,0.120926,0.84312,0.654518,0.466217,-0.509812,-0.307147,-1.7883e-06,5.46598e-07,1.59302e-06,-4.95157e-06,-3.58737e-06,-4.32764e-06,0.424742,0.396174,0.67933,0.0490539,0.976499,-0.208644,0.0226024,-0.178981,0.0799403,0.739144,0.694609,0.287715,0.609158,-0.25232,0,0,0,0,0,0,0,0.00118974,0.00205789,-0.00334312,-0.00260272,33.9358,10.0073,12.0183,3.45934,-9.48365,-3.72498,4.79967,-1.39987,0,0,-12,0,0,0,0,0,6.20095,0,0,0,
0.492644,0.120926,0.84312,0.654518,0.466217,-0.509812,-0.307147,-1.78957e-06,5.46334e-07,1.59311e-06,-4.95147e-06,-3.58902e-06,-4.33129e-06,0.424742,0.396174,0.67933,0.0490539,0.976499,-0.208644,0.0226024,-0.178981,0.0799403,0.739144,0.694609,0.287715,0.609158,-0.25232,0,0,0,0,0,0,0,0.000147423,0.00205842,-0.00334413,-0.00260348,33.9406,10.0072,12.0231,3.45824,-9.48473,-3.72541,4.80074,-1.40021,0,0,-12,0,0,0,0,0,6.20095,0,0,0,
0.492644,0.120926,0.84312,0.654518,0.466217,-0.509812,-0.307147,-1.7895e-06,5.45658e-07,1.59199e-06,-4.94764e-06,-3.58795e-06,-4.33168e-06,0.424742,0.396174,0.67933,0.0490539,0.976499,-0.208644,0.0226024,-0.178981,0.0799403,0.739144,0.694609,0.287715,0.609158,-0.25232,0,0,0,0,0,0,0,-0.00103056,0.00205894,-0.00334514,-0.00260422,33.9471,10.0072,12.0289,3.4569,-9.48612,-3.72596,4.80216,-1.40067,0,0,-12,0,0,0,0,0,6.20095,0,0,0,
0.492644,0.120926,0.84312,0.654518,0.466217,-0.509812,-0.307147,-1.7895e-06,5.45658e-07,1.59199e-06,-4.94764e-06,-3.58795e-06,-4.33168e-06,0.424742,0.396174,0.67933,0.0490539,0.976499,-0.208644,0.0226024,-0.178981,0.0799403,0.739144,0.694609,0.287715,0.609158,-0.25232,0,0,0,0,0,0,0,0.000933744,0.00205947,-0.0033462,-0.00260499,33.9544,10.0073,12.0248,3.45765,-9.48664,-3.72635,4.80357,-1.40113,0,0,-12,0,0,0,0,0,6.20095,0,0,0,
0.492644,0.120926,0.84312,0.654518,0.466217,-0.509812,-0.307147,-1.68564e-06,-3.48665e-07,1.12888e-07,1.25441e-07,-2.17099e-06,-4.83221e-06,0.424742,0.396174,0.67933,0.0490539,0.976499,-0.208644,0.0226024,-0.178981,0.0799403,0.739144,0.694609,0.287715,0.609158,-0.25232,0,0,0,0,0,0,0,-0.00123918,0.00205999,-0.00334721,-0.00260574,33.9602,10.0072,12.0337,3.45569,-9.48823,-3.72693,4.80491,-1.40156,0,0,-12,0,0,0,0,0,6.20095,0,0,0,
0.492644,0.120926,0.84312,0.654518,0.466217,-0.509812,-0.307147,0,0,0,0,0,0,0.424742,0.396174,0.67933,0.0490536,0.976499,-0.208644,0.0226023,-0.178981,0.0799403,0.739144,0.694609,0.287715,0.609158,-0.25232,0,0,0,0,0,0,0,-0.00386633,0.00214822,-0.00337488,-0.00361008,33.9586,10.0071,12.0417,3.45398,-9.48876,-3.72715,4.80464,-1.40147,0,0,-12,0,0,0,0,0,6.20095,0,0,0,
0.492644,0.120926,0.84312,0.654518,0.466217,-0.509812,-0.307147,0,0,0,0,0,0,0.424742,0.396174,0.67933,0.0490536,0.976499,-0.208644,0.0226023,-0.178981,0.0799403,0.739144,0.694609,0.287715,0.609158,-0.25232,0,0,0,0,0,0,0,0.000147398,0.00206237,-0.00334988,-0.00262694,33.9722,10.0073,12.0329,3.45566,-9.48967,-3.7277,4.80734,-1.40234,0,0,-12,0,0,0,0,0,6.20095,0,0,0,
0.492644,0.120926,0.84312,0.654518,0.466217,-0.509812,-0.307147,0,0,0,0,0,0,0.424742,0.396174,0.67933,0.0490536,0.976499,-0.208644,0.0226023,-0.178981,0.0799403,0.739144,0.694609,0.287715,0.609158,-0.25232,0,0,0,0,0,0,0,0.000684574,0.0020629,-0.00335091,-0.00262773,33.9773,10.0074,12.0327,3.45561,-9.4903,-3.72803,4.80838,-1.40268,0,0,-12,0,0,0,0,0,6.20095,0,0,0,
0.492644,0.120926,0.84312,0.654518,0.466217,-0.509812,-0.307147,1.68311e-06,3.48143e-07,-1.12719e-07,-1.25253e-07,2.16773e-06,4.82496e-06,0.424742,0.396174,0.67933,0.0490536,0.976499,-0.208644,0.0226023,-0.178981,0.0799403,0.739144,0.694609,0.287715,0.609158,-0.25232,0,0,0,0,0,0,0,-0.0025894,0.00206344,-0.00335195,-0.00262852,33.9824,10.0072,12.0449,3.45295,-9.49213,-3.72864,4.80964,-1.40308,0,0,-12,0,0,0,0,0,6.20095,0,0,0,
0.492644,0.120926,0.84312,0.654518,0.466217,-0.509812,-0.307147,1.68437e-06,3.48403e-07,-1.12803e-07,-1.25346e-07,2.16935e-06,4.82856e-06,0.424742,0.396174,0.67933,0.0490536,0.976499,-0.208644,0.0226023,-0.178981,0.0799403,0.739144,0.694609,0.287715,0.609158,-0.25232,0,0,0,0,0,0,0,0.000245524,0.002064,-0.00335304,-0.00262932,33.99,10.0074,12.038,3.45427,-9.49242,-3.72898,4.81106,-1.40354,0,0,-12,0,0,0,0,0,6.20095,0,0,0,
0.492644,0.120926,0.84312,0.654518,0.466217,-0.509812,-0.307147,1.68309e-06,3.4814e-07,-1.12718e-07,-1.25252e-07,2.16771e-06,4.82491e-06,0.424742,0.396174,0.67933,0.0490536,0.976499,-0.208644,0.0226023,-0.178981,0.0799403,0.739144,0.694609,0.287715,0.609158,-0.25232,0,0,0,0,0,0,0,0.0041211,0.00206453,-0.00335407,-0.00263012,33.9944,10.0076,12.0268,3.45657,-9.49189,-3.72901,4.81175,-1.40378,0,0,-12,0,0,0,0,0,6.20095,0,0,0,
0.492644,0.120926,0.84312,0.654518,0.466217,-0.509812,-0.307147,1.78599e-06,-5.49148e-07,-1.5962e-06,4.96324e-06,3.5873e-06,4.3192e-06,0.424742,0.396174,0.67933,0.0490537,0.976499,-0.208644,0.0226022,-0.178981,0.0799403,0.739144,0.694609,0.287715,0.609158,-0.25232,0,0,0,0,0,0,0,0.00511793,0.00291153,-0.00511484,-0.00296529,34.0003,10.009,12.0266,3.45794,-9.49265,-3.7294,4.81296,-1.40402,0,0,-12,0,0,0,0,0,6.20095,0,0,0,
0.492644,0.120926,0.84312,0.654518,0.466217,-0.509812,-0.307147,1.78591e-06,-5.48478e-07,-1.5951e-06,4.95944e-06,3.58624e-06,4.31958e-06,0.424742,0.396174,0.67933,0.0490537,0.976499,-0.208644,0.0226022,-0.178981,0.0799403,0.739144,0.694609,0.287715,0.609158,-0.25232,0,0,0,0,0,0,0,0.00178735,0.00207726,-0.00338885,-0.00263788,34.0062,10.0075,12.038,3.45403,-9.49446,-3.73003,4.81434,-1.4046,0,0,-12,0,0,0,0,0,6.20095,0,0,0,
0.492644,0.120926,0.84312,0.654518,0.466217,-0.509812,-0.307147,1.02659e-07,-8.95263e-07,-1.48014e-06,5.07701e-06,1.41639e-06,-5.04572e-07,0.424742,0.396174,0.67933,0.0490537,0.976499,-0.208644,0.0226022,-0.178981,0.0799403,0.739144,0.694609,0.287715,0.609158,-0.25232,0,0,0,0,0,0,0,0.00212882,0.0020778,-0.0033899,-0.00263865,34.0133,10.0076,12.0391,3.45369,-9.49546,-3.73052,4.8158,-1.40508,0,0,-12,0,0,0,0,0,6.20095,0,0,0,
0.492644,0.120926,0.84312,0.654518,0.466217,-0.509812,-0.307147,1.02659e-07,-8.95263e-07,-1.48014e-06,5.07701e-06,1.41639e-06,-5.04572e-07,0.424742,0.396174,0.67933,0.0490537,0.976499,-0.208644,0.0226022,-0.178981,0.0799403,0.739144,0.694609,0.287715,0.609158,-0.25232,0,0,0,0,0,0,0,0.000305328,0.00207834,-0.00339097,-0.00263942,34.0211,10.0075,12.0474,3.4518,-9.49727,-3.73122,4.81755,-1.40563,0,0,-12,0,0,0,0,0,6.20095,0,0,0,
0.492644,0.120926,0.84312,0.654518,0.466217,-0.509812,-0.307147,1.02659e-07,-8.95263e-07,-1.48014e-06,5.07701e-06,1.41639e-06,-5.04572e-07,0.424742,0.396174,0.67933,0.0490537,0.976499,-0.208644,0.0226022,-0.178981,0.0799403,0.739144,0.694609,0.287715,0.609158,-0.25232,0,0,0,0,0,0,0,0.0030159,0.0020789,-0.00339205,-0.00264025,34.0254,10.0077,12.04,3.4533,-9.49709,-3.73133,4.8183,-1.40588,0,0,-12,0,0,0,0,0,6.20095,0,0,0,
0.492644,0.120926,0.84312,0.654518,0.466217,-0.509812,-0.307147,-1.58426e-06,-1.24419e-06,-1.36716e-06,5.20255e-06,-7.56244e-07,-5.34044e-06,0.424742,0.396174,0.67933,0.049054,0.976499,-0.208644,0.0226023,-0.178981,0.0799403,0.739144,0.694609,0.287715,0.609158,-0.25232,0,0,0,0,0,0,0,0.00152715,0.00198938,-0.00336578,-0.00161033,34.0381,10.0076,12.0487,3.45128,-9.4996,-3.73221,4.82114,-1.40679,0,0,-12,0,0,0,0,0,6.20095,0,0,0,
0.492644,0.120926,0.84312,0.654518,0.466217,-0.509812,-0.307147,-1.58433e-06,-1.24352e-06,-1.36605e-06,5.19871e-06,-7.57313e-07,-5.34006e-06,0.424742,0.396174,0.67933,0.049054,0.976499,-0.208644,0.0226023,-0.178981,0.0799403,0.739144,0.694609,0.287715,0.609158,-0.25232,0,0,0,0,0,0,0,0.00315826,0.0020787,-0.00339364,-0.0026222,34.038,10.0077,12.0434,3.45237,-9.49902,-3.73223,4.82092,-1.40673,0,0,-12,0,0,0,0,0,6.20095,0,0,0,
0.492644,0.120926,0.84312,0.654518,0.466217,-0.509812,-0.307147,-1.58433e-06,-1.24352e-06,-1.36605e-06,5.19871e-06,-7.57313e-07,-5.34006e-06,0.424742,0.396174,0.67933,0.049054,0.976499,-0.208644,0.0226023,-0.178981,0.0799403,0.739144,0.694609,0.287715,0.609158,-0.25232,0,0,0,0,0,0,0,0.00259333,0.00207925,-0.00339469,-0.002623,34.0427,10.0077,12.0467,3.45161,-9.49993,-3.73261,4.82193,-1.40706,0,0,-12,0,0,0,0,0,6.20095,0,0,0,
0.492644,0.120926,0.84312,0.654518,0.466217,-0.509812,-0.307147,-1.68692e-06,-3.48929e-07,1.12974e-07,1.25535e-07,-2.17263e-06,-4.83587e-06,0.424742,0.396174,0.67933,0.049054,0.976499,-0.208644,0.0226023,-0.178981,0.0799403,0.739144,0.694609,0.287715,0.609158,-0.25232,0,0,0,0,0,0,0,0.00109166,0.00207981,-0.00339579,-0.00262381,34.0485,10.0076,12.0533,3.45011,-9.50131,-3.73314,4.82322,-1.40747,0,0,-12,0,0,0,0,0,6.20095,0,0,0,
0.492644,0.120926,0.84312,0.654518,0.466217,-0.509812,-0.307147,-1.68692e-06,-3.48929e-07,1.12974e-07,1.25535e-07,-2.17263e-06,-4.83587e-06,0.424742,0.396174,0.67933,0.049054,0.976499,-0.208644,0.0226023,-0.178981,0.0799403,0.739144,0.694609,0.287715,0.609158,-0.25232,0,0,0,0,0,0,0,-0.00142748,0.00208035,-0.00339686,-0.00262456,34.0572,10.0075,12.0642,3.44766,-9.50347,-3.73395,4.82521,-1.4081,0,0,-12,0,0,0,0,0,6.20095,0,0,0,
0.492644,0.120926,0.84312,0.654518,0.466217,-0.509812,-0.307147,-1.68309e-06,-3.48139e-07,1.12718e-07,1.25251e-07,-2.16771e-06,-4.82491e-06,0.424742,0.396174,0.67933,0.049054,0.976499,-0.208644,0.0226023,-0.178981,0.0799403,0.739144,0.694609,0.287715,0.609158,-0.25232,0,0,0,0,0,0,0,0.000533331,0.00208091,-0.00339794,-0.00262539,34.0606,10.0076,12.0589,3.44874,-9.50338,-3.73405,4.82579,-1.4083,0,0,-12,0,0,0,0,0,6.20095,0,0,0,
0.492644,0.120926,0.84312,0.654518,0.466217,-0.509812,-0.307147,-1.68309e-06,-3.48139e-07,1.12718e-07,1.25251e-07,-2.16771e-06,-4.82491e-06,0.424742,0.396174,0.67933,0.049054,0.976499,-0.208644,0.0226023,-0.178981,0.0799403,0.739144,0.694609,0.287715,0.609158,-0.25232,0,0,0,0,0,0,0,-0.00226211,0.00208148,-0.00339907,-0.00262619,34.0692,10.0075,12.0706,3.44612,-9.50561,-3.73488,4.82776,-1.40892,0,0,-12,0,0,0,0,0,6.20095,0,0,0,
0.492644,0.120926,0.84312,0.654518,0.466217,-0.509812,-0.307147,0,0,0,0,0,0,0.424742,0.396174,0.67933,0.0490537,0.976499,-0.208644,0.0226022,-0.178981,0.0799403,0.739144,0.694609,0.287715,0.609158,-0.25232,0,0,0,0,0,0,0,-0.00346876,0.00216975,-0.00342678,-0.00363101,34.0694,10.0075,12.0746,3.44524,-9.50596,-3.73513,4.82777,-1.40893,0,0,-12,0,0,0,0,0,6.20095,0,0,0,
0.492644,0.120926,0.84312,0.654518,0.466217,-0.509812,-0.307147,1.68311e-06,3.48143e-07,-1.12719e-07,-1.25252e-07,2.16773e-06,4.82496e-06,0.424742,0.396174,0.67933,0.0490537,0.976499,-0.208644,0.0226022,-0.178981,0.0799403,0.739144,0.694609,0.287715,0.609158,-0.25232,0,0,0,0,0,0,0,-7.44921e-05,0.00208384,-0.00340172,-0.00264738,34.0797,10.0077,12.0667,3.44676,-9.50655,-3.73548,4.82982,-1.40959,0,0,-12,0,0,0,0,0,6.20095,0,0,0,
0.492644,0.120926,0.84312,0.654518,0.466217,-0.509812,-0.307147,1.68311e-06,3.48143e-07,-1.12719e-07,-1.25252e-07,2.16773e-06,4.82496e-06,0.424742,0.396174,0.67933,0.0490537,0.976499,-0.208644,0.0226022,-0.178981,0.0799403,0.739144,0.694609,0.287715,0.609158,-0.25232,0,0,0,0,0,0,0,-0.00349928,0.00208438,-0.00340278,-0.00264816,34.0862,10.0075,12.0798,3.44388,-9.50864,-3.7362,4.83137,-1.41008,0,0,-12,0,0,0,0,0,6.20095,0,0,0,
0.492644,0.120926,0.84312,0.654518,0.466217,-0.509812,-0.307147,1.68311e-06,3.48143e-07,-1.12719e-07,-1.25252e-07,2.16773e-06,4.82496e-06,0.424742,0.396174,0.67933,0.0490537,0.976499,-0.208644,0.0226022,-0.178981,0.0799403,0.739144,0.694609,0.287715,0.609158,-0.25232,0,0,0,0,0,0,0,-0.00149655,0.00208493,-0.00340385,-0.00264895,34.0922,10.0076,12.0752,3.44476,-9.50895,-3.73649,4.83252,-1.41046,0,0,-12,0,0,0,0,0,6.20095,0,0,0,
0.492644,0.120926,0.84312,0.654518,0.466217,-0.509812,-0.307147,1.68309e-06,3.4814e-07,-1.12718e-07,-1.25251e-07,2.16771e-06,4.82491e-06,0.424742,0.396174,0.67933,0.0490537,0.976499,-0.208644,0.0226022,-0.178981,0.0799403,0.739144,0.694609,0.287715,0.609158,-0.25232,0,0,0,0,0,0,0,0.00258741,0.00208546,-0.00340489,-0.00264972,34.0981,10.0079,12.0637,3.44709,-9.50858,-3.73661,4.83349,-1.41079,0,0,-12,0,0,0,0,0,6.20095,0,0,0,
0.492644,0.120926,0.84312,0.654518,0.466217,-0.509812,-0.307147,1.68311e-06,3.48143e-07,-1.12719e-07,-1.25252e-07,2.16773e-06,4.82496e-06,0.424742,0.396174,0.67933,0.0490537,0.976499,-0.208644,0.0226022,-0.178981,0.0799403,0.739144,0.694609,0.287715,0.609158,-0.25232,0,0,0,0,0,0,0,0.000522536,0.00208599,-0.00340592,-0.00265051,34.1024,10.0078,12.0718,3.44532,-9.50991,-3.73708,4.83453,-1.41111,0,0,-12,0,0,0,0,0,6.20095,0,0,0,
0.492644,0.120926,0.84312,0.654518,0.466217,-0.509812,-0.307147,1.68692e-06,3.4893e-07,-1.12974e-07,-1.25535e-07,2.17263e-06,4.83587e-06,0.424742,0.396174,0.67933,0.0490537,0.976499,-0.208644,0.0226022,-0.178981,0.0799403,0.739144,0.694609,0.287715,0.609158,-0.25232,0,0,0,0,0,0,0,0.0064203,0.00208653,-0.00340697,-0.00265131,34.1071,10.0081,12.0541,3.44898,-9.50878,-3.73698,4.83515,-1.41134,0,0,-12,0,0,0,0,0,6.20095,0,0,0,
0.492644,0.120926,0.84312,0.654518,0.466217,-0.509812,-0.307147,1.68692e-06,3.4893e-07,-1.12974e-07,-1.25535e-07,2.17263e-06,4.83587e-06,0.424742,0.396174,0.67933,0.0490537,0.976499,-0.208644,0.0226022,-0.178981,0.0799403,0.739144,0.694609,0.287715,0.609158,-0.25232,0,0,0,0,0,0,0,0.00720063,0.00208707,-0.00340801,-0.0026521,34.1118,10.0081,12.053,3.44914,-9.50926,-3.73726,4.83608,-1.41164,0,0,-12,0,0,0,0,0,6.20095,0,0,0,
0.492644,0.120926,0.84312,0.654518,0.466217,-0.509812,-0.307147,0,0,0,0,0,0,0.424742,0.396174,0.67933,0.0490537,0.976499,-0.208644,0.0226022,-0.178981,0.0799403,0.739144,0.694609,0.287715,0.609158,-0.25232,0,0,0,0,0,0,0,0.00255749,0.0020876,-0.00340902,-0.0026529,34.1142,10.0079,12.0688,3.44575,-9.51111,-3.73778,4.83686,-1.41187,0,0,-12,0,0,0,0,0,6.20095,0,0,0,
0.492644,0.120926,0.84312,0.654518,0.466217,-0.509812,-0.307147,0,0,0,0,0,0,0.424742,0.396174,0.67933,0.0490537,0.976499,-0.208644,0.0226022,-0.178981,0.0799403,0.739144,0.694609,0.287715,0.609158,-0.25232,0,0,0,0,0,0,0,0.00275929,0.00208812,-0.00341004,-0.00265368,34.1189,10.0079,12.0696,3.44551,-9.51178,-3.7381,4.83783,-1.41219,0,0,-12,0,0,0,0,0,6.20095,0,0,0,
0.492644,0.120926,0.84312,0.654518,0.466217,-0.509812,-0.307147,0,0,0,0,0,0,0.424742,0.396174,0.67933,0.0490537,0.976499,-0.208644,0.0226022,-0.178981,0.0799403,0.739144,0.694609,0.287715,0.609158,-0.25232,0,0,0,0,0,0,0,0.00605895,0.00208867,-0.00341107,-0.00265451,34.1199,10.0081,12.0592,3.44769,-9.51089,-3.73793,4.83784,-1.4122,0,0,-12,0,0,0,0,0,6.20095,0,0,0,
0.492644,0.120926,0.84312,0.654518,0.466217,-0.509812,-0.307147,0,0,0,0,0,0,0.424742,0.396174,0.67933,0.0490537,0.976499,-0.208644,0.0226022,-0.178981,0.0799403,0.739144,0.694609,0.287715,0.609158,-0.25232,0,0,0,0,0,0,0,0.00628906,0.00208928,-0.00341225,-0.00265542,34.124,10.0081,12.0597,3.44751,-9.51147,-3.73822,4.83869,-1.41248,0,0,-12,0,0,0,0,0,6.20095,0,0,0,
0.492644,0.120926,0.84312,0.654518,0.466217,-0.509812,-0.307147,0,0,0,0,0,0,0.424742,0.396174,0.67933,0.0490537,0.976499,-0.208644,0.0226022,-0.178981,0.0799403,0.739144,0.694609,0.287715,0.609158,-0.25232,0,0,0,0,0,0,0,0.00844052,0.00208983,-0.00341336,-0.00265619,34.1343,10.0083,12.0559,3.44815,-9.5124,-3.7388,4.84071,-1.41314,0,0,-12,0,0,0,0,0,6.20095,0,0,0,
0.492644,0.120926,0.84312,0.654518,0.466217,-0.509812,-0.307147,0,0,0,0,0,0,0.424742,0.396174,0.67933,0.0490537,0.976499,-0.208644,0.0226022,-0.178981,0.0799403,0.739144,0.694609,0.287715,0.609158,-0.25232,0,0,0,0,0,0,0,0.00542309,0.00209042,-0.00341455,-0.00265698,34.1468,10.0081,12.0695,3.44506,-9.5153,-3.73992,4.8435,-1.41403,0,0,-12,0,0,0,0,0,6.20095,0,0,0,
0.492644,0.120926,0.84312,0.654518,0.466217,-0.509812,-0.307147,-1.68309e-06,-3.48139e-07,1.12718e-07,1.25251e-07,-2.16771e-06,-4.82491e-06,0.424742,0.396174,0.67933,0.049054,0.976499,-0.208644,0.0226023,-0.178981,0.0799403,0.739144,0.694609,0.287715,0.609158,-0.25232,0,0,0,0,0,0,0,0.00456508,0.00200811,-0.00339054,-0.00170867,34.1596,10.0081,12.0763,3.44347,-9.51762,-3.74077,4.84631,-1.41492,0,0,-12,0,0,0,0,0,6.20095,0,0,0,
0.492644,0.120926,0.84312,0.654518,0.466217,-0.509812,-0.307147,-1.68309e-06,-3.48139e-07,1.12718e-07,1.25251e-07,-2.16771e-06,-4.82491e-06,0.424742,0.396174,0.67933,0.049054,0.976499,-0.208644,0.0226023,-0.178981,0.0799403,0.739144,0.694609,0.287715,0.609158,-0.25232,0,0,0,0,0,0,0,0.00263237,0.0020903,-0.0034163,-0.00263903,34.1619,10.008,12.0833,3.44192,-9.51856,-3.74122,4.84683,-1.41509,0,0,-12,0,0,0,0,0,6.20095,0,0,0,
0.492644,0.120926,0.84312,0.654518,0.466217,-0.509812,-0.307147,-1.68309e-06,-3.48139e-07,1.12718e-07,1.25251e-07,-2.16771e-06,-4.82491e-06,0.424742,0.396174,0.67933,0.049054,0.976499,-0.208644,0.0226023,-0.178981,0.0799403,0.739144,0.694609,0.287715,0.609158,-0.25232,0,0,0,0,0,0,0,-0.00239182,0.00209084,-0.00341737,-0.00263979,34.1702,10.0078,12.1021,3.4378,-9.52143,-3.74219,4.84885,-1.41573,0,0,-12,0,0,0,0,0,6.20095,0,0,0,
0.492644,0.120926,0.84312,0.654518,0.466217,-0.509812,-0.307147,-1.68309e-06,-3.48139e-07,1.12718e-07,1.25251e-07,-2.16771e-06,-4.82491e-06,0.424742,0.396174,0.67933,0.049054,0.976499,-0.208644,0.0226023,-0.178981,0.0799403,0.739144,0.694609,0.287715,0.609158,-0.25232,0,0,0,0,0,0,0,-0.00119973,0.00209137,-0.00341842,-0.00264057,34.1753,10.0079,12.0998,3.4382,-9.52186,-3.74247,4.84986,-1.41606,0,0,-12,0,0,0,0,0,6.20095,0,0,0,
0.492644,0.120926,0.84312,0.654518,0.466217,-0.509812,-0.307147,-1.68309e-06,-3.48139e-07,1.12718e-07,1.25251e-07,-2.16771e-06,-4.82491e-06,0.424742,0.396174,0.67933,0.049054,0.976499,-0.208644,0.0226023,-0.178981,0.0799403,0.739144,0.694609,0.287715,0.609158,-0.25232,0,0,0,0,0,0,0,0.00152418,0.00209191,-0.0034195,-0.00264131,34.1844,10.0081,12.0938,3.43932,-9.52242,-3.74293,4.8516,-1.41663,0,0,-12,0,0,0,0,0,6.20095,0,0,0,
0.492644,0.120926,0.84312,0.654518,0.466217,-0.509812,-0.307147,-1.68309e-06,-3.48139e-07,1.12718e-07,1.25251e-07,-2.16771e-06,-4.82491e-06,0.424742,0.396174,0.67933,0.049054,0.976499,-0.208644,0.0226023,-0.178981,0.0799403,0.739144,0.694609,0.287715,0.609158,-0.25232,0,0,0,0,0,0,0,-0.00022355,0.00209245,-0.00342055,-0.0026421,34.1897,10.008,12.1011,3.4377,-9.52379,-3.74343,4.8528,-1.41701,0,0,-12,0,0,0,0,0,6.20095,0,0,0,
0.492644,0.120926,0.84312,0.654518,0.466217,-0.509812,-0.307147,-1.68309e-06,-3.48139e-07,1.12718e-07,1.25251e-07,-2.16771e-06,-4.82491e-06,0.424742,0.396174,0.67933,0.049054,0.976499,-0.208644,0.0226023,-0.178981,0.0799403,0.739144,0.694609,0.287715,0.609158,-0.25232,0,0,0,0,0,0,0,-0.00159323,0.002093,-0.00342163,-0.00264287,34.1975,10.0079,12.108,3.43612,-9.52545,-3.7441,4.85451,-1.41756,0,0,-12,0,0,0,0,0,6.20095,0,0,0,
0.492644,0.120926,0.84312,0.654518,0.466217,-0.509812,-0.307147,-1.68564e-06,-3.48665e-07,1.12888e-07,1.2544e-07,-2.17099e-06,-4.83221e-06,0.424742,0.396174,0.67933,0.049054,0.976499,-0.208644,0.0226023,-0.178981,0.0799403,0.739144,0.694609,0.287715,0.609158,-0.25232,0,0,0,0,0,0,0,-0.00288534,0.00209355,-0.0034227,-0.00264366,34.2033,10.0079,12.1139,3.43476,-9.52677,-3.74462,4.8558,-1.41797,0,0,-12,0,0,0,0,0,6.20095,0,0,0,
0.492644,0.120926,0.84312,0.654518,0.466217,-0.509812,-0.307147,0,0,0,0,0,0,0.424742,0.396174,0.67933,0.049054,0.976499,-0.208644,0.0226023,-0.178981,0.0799403,0.739144,0.694609,0.287715,0.609158,-0.25232,0,0,0,0,0,0,0,5.55181e-05,0.00209409,-0.00342377,-0.00264443,34.2105,10.0081,12.1066,3.43619,-9.52696,-3.74492,4.85713,-1.41841,0,0,-12,0,0,0,0,0,6.20095,0,0,0,
0.492644,0.120926,0.84312,0.654518,0.466217,-0.509812,-0.307147,1.68564e-06,3.48666e-07,-1.12889e-07,-1.2544e-07,2.17099e-06,4.83221e-06,0.424742,0.396174,0.67933,0.0490537,0.976499,-0.208644,0.0226022,-0.178981,0.0799403,0.739144,0.694609,0.287715,0.609158,-0.25232,0,0,0,0,0,0,0,-0.00143895,0.00218467,-0.00345212,-0.00367573,34.2063,10.008,12.1102,3.43547,-9.52673,-3.74488,4.85625,-1.41813,0,0,-12,0,0,0,0,0,6.20095,0,0,0,
0.492644,0.120926,0.84312,0.654518,0.466217,-0.509812,-0.307147,1.68564e-06,3.48666e-07,-1.12889e-07,-1.2544e-07,2.17099e-06,4.83221e-06,0.424742,0.396174,0.67933,0.0490537,0.976499,-0.208644,0.0226022,-0.178981,0.0799403,0.739144,0.694609,0.287715,0.609158,-0.25232,0,0,0,0,0,0,0,-0.00413356,0.00209646,-0.00342641,-0.00266564,34.2192,10.0079,12.1229,3.43261,-9.52963,-3.74586,4.8592,-1.41906,0,0,-12,0,0,0,0,0,6.20095,0,0,0,
0.492644,0.120926,0.84312,0.654518,0.466217,-0.509812,-0.307147,1.68692e-06,3.4893e-07,-1.12974e-07,-1.25535e-07,2.17263e-06,4.83587e-06,0.424742,0.396174,0.67933,0.0490537,0.976499,-0.208644,0.0226022,-0.178981,0.0799403,0.739144,0.694609,0.287715,0.609158,-0.25232,0,0,0,0,0,0,0,-0.00150022,0.00209698,-0.00342744,-0.0026664,34.2251,10.008,12.1162,3.43392,-9.52974,-3.7461,4.86029,-1.41942,0,0,-12,0,0,0,0,0,6.20095,0,0,0,
0.492644,0.120926,0.84312,0.654518,0.466217,-0.509812,-0.307147,1.68693e-06,3.48934e-07,-1.12975e-07,-1.25537e-07,2.17265e-06,4.83592e-06,0.424742,0.396174,0.67933,0.0490537,0.976499,-0.208644,0.0226022,-0.178981,0.0799403,0.739144,0.694609,0.287715,0.609158,-0.25232,0,0,0,0,0,0,0,0.000499241,0.00209753,-0.00342859,-0.00266711,34.2414,10.0082,12.1147,3.43397,-9.53164,-3.74712,4.86356,-1.42048,0,0,-12,0,0,0,0,0,6.20095,0,0,0,
0.492644,0.120926,0.84312,0.654518,0.466217,-0.509812,-0.307147,1.68438e-06,3.48406e-07,-1.12805e-07,-1.25347e-07,2.16937e-06,4.82861e-06,0.424742,0.396174,0.67933,0.0490537,0.976499,-0.208644,0.0226022,-0.178981,0.0799403,0.739144,0.694609,0.287715,0.609158,-0.25232,0,0,0,0,0,0,0,-0.000495405,0.0020981,-0.00342928,-0.00266847,34.1889,10.008,12.1017,3.43757,-9.52375,-3.7434,4.85265,-1.41696,0,0,-12,0,0,0,0,0,6.20095,0,0,0,
0.492644,0.120926,0.84312,0.654518,0.466217,-0.509812,-0.307147,1.68311e-06,3.48143e-07,-1.12719e-07,-1.25252e-07,2.16773e-06,4.82496e-06,0.424742,0.396174,0.67933,0.0490537,0.976499,-0.208644,0.0226022,-0.178981,0.0799403,0.739144,0.694609,0.287715,0.609158,-0.25232,0,0,0,0,0,0,0,0.00387573,0.00209864,-0.0034306,-0.00266893,34.2304,10.0083,12.1003,3.43718,-9.52886,-3.74608,4.86106,-1.41969,0,0,-12,0,0,0,0,0,6.20095,0,0,0,
0.492644,0.120926,0.84312,0.654518,0.466217,-0.509812,-0.307147,1.68435e-06,3.48399e-07,-1.12802e-07,-1.25344e-07,2.16933e-06,4.82851e-06,0.424742,0.396174,0.67933,0.0490537,0.976499,-0.208644,0.0226022,-0.178981,0.0799403,0.739144,0.694609,0.287715,0.609158,-0.25232,0,0,0,0,0,0,0,0.00101332,0.00209916,-0.00343077,-0.00267077,34.1174,10.0078,12.0748,3.44445,-9.51209,-3.73813,4.83762,-1.41211,0,0,-12,0,0,0,0,0,6.20095,0,0,0,
0.492644,0.120926,0.84312,0.654518,0.466217,-0.509812,-0.307147,1.68437e-06,3.48403e-07,-1.12804e-07,-1.25346e-07,2.16935e-06,4.82856e-06,0.424742,0.396174,0.67933,0.0490537,0.976499,-0.208644,0.0226022,-0.178981,0.0799403,0.739144,0.694609,0.287715,0.609158,-0.25232,0,0,0,0,0,0,0,0.00296655,0.00209971,-0.00343077,-0.00267291,33.9739,10.0075,12.0243,3.4575,-9.48904,-3.72762,4.80753,-1.4024,0,0,-12,0,0,0,0,0,6.20095,0,0,0,
0.492644,0.120926,0.84312,0.654518,0.466217,-0.509812,-0.307147,1.68437e-06,3.48403e-07,-1.12804e-07,-1.25346e-07,2.16935e-06,4.82856e-06,0.424742,0.396174,0.67933,0.0490537,0.976499,-0.208644,0.0226022,-0.178981,0.0799403,0.739144,0.694609,0.287715,0.609158,-0.25232,0,0,0,0,0,0,0,0.00332499,0.00210025,-0.00343022,-0.00267572,33.7531,10.0069,11.9551,3.47577,-9.45442,-3.71164,4.76139,-1.38751,0,0,-12,0,0,0,0,0,6.20095,0,0,0,
0.492644,0.120926,0.84312,0.654518,0.466217,-0.509812,-0.307147,-1.68437e-06,-3.48402e-07,1.12803e-07,1.25346e-07,-2.16935e-06,-4.82856e-06,0.424742,0.396174,0.67933,0.049054,0.976499,-0.208644,0.0226023,-0.178981,0.0799403,0.739144,0.694609,0.287715,0.609158,-0.25232,0,0,0,0,0,0,0,0.00700763,0.00201067,-0.00340486,-0.00164411,33.8757,10.0075,11.9809,3.46833,-9.47248,-3.72008,4.78688,-1.39574,0,0,-12,0,0,0,0,0,6.20095,0,0,0,
0.492644,0.120926,0.84312,0.654518,0.466217,-0.509812,-0.307147,0,0,0,0,0,0,0.424742,0.396174,0.67933,0.0490537,0.976499,-0.208644,0.0226022,-0.178981,0.0799403,0.739144,0.694609,0.287715,0.609158,-0.25232,0,0,0,0,0,0,0,0.00302214,0.00218637,-0.00346059,-0.00364219,34.1167,10.008,12.0681,3.44585,-9.51131,-3.73807,4.83726,-1.41201,0,0,-12,0,0,0,0,0,6.20095,0,0,0,
0.492644,0.120926,0.84312,0.654518,0.466217,-0.509812,-0.307147,-1.02815e-07,8.96618e-07,1.48238e-06,-5.08469e-06,-1.41853e-06,5.05335e-07,0.424742,0.396174,0.67933,0.0490536,0.976499,-0.208644,0.0226023,-0.178981,0.0799403,0.739144,0.694609,0.287715,0.609158,-0.25232,0,0,0,0,0,0,0,0.00412229,0.0013338,-0.00183632,-0.0023738,33.821,10.006,11.9724,3.46972,-9.46464,-3.71646,4.77548,-1.3922,0,0,-12,0,0,0,0,0,6.20095,0,0,0,
0.492644,0.120926,0.84312,0.654518,0.466217,-0.509812,-0.307147,-1.7872e-06,5.48213e-07,1.59518e-06,-4.95935e-06,-3.5879e-06,-4.32327e-06,0.424742,0.396174,0.67933,0.0490539,0.976499,-0.208644,0.0226024,-0.178981,0.0799403,0.739144,0.694609,0.287715,0.609158,-0.25232,0,0,0,0,0,0,0,0.00707494,0.00200657,-0.0033777,-0.0017064,33.931,10.0076,11.9977,3.46384,-9.48109,-3.72407,4.7984,-1.39947,0,0,-12,0,0,0,0,0,6.20095,0,0,0,
0.492644,0.120926,0.84312,0.654518,0.466217,-0.509812,-0.307147,-1.02815e-07,8.96618e-07,1.48238e-06,-5.08469e-06,-1.41853e-06,5.05335e-07,0.424742,0.396174,0.67933,0.0490536,0.976499,-0.208644,0.0226023,-0.178981,0.0799403,0.739144,0.694609,0.287715,0.609158,-0.25232,0,0,0,0,0,0,0,0.00378275,0.00217504,-0.00342773,-0.0036264,33.6982,10.0068,11.9367,3.48052,-9.44564,-3.70778,4.74978,-1.38378,0,0,-12,0,0,0,0,0,6.20095,0,0,0,
0.492644,0.120926,0.84312,0.654518,0.466217,-0.509812,-0.307147,-1.78957e-06,5.46334e-07,1.59311e-06,-4.95147e-06,-3.58902e-06,-4.33129e-06,0.424742,0.396174,0.67933,0.0490539,0.976499,-0.208644,0.0226024,-0.178981,0.0799403,0.739144,0.694609,0.287715,0.609158,-0.25232,0,0,0,0,0,0,0,-0.0027624,0.00200682,-0.00337845,-0.00169961,33.7554,10.0066,11.9756,3.47143,-9.45675,-3.71212,4.76233,-1.38779,0,0,-12,0,0,0,0,0,6.20095,0,0,0,
0.492644,0.120926,0.84312,0.654518,0.466217,-0.509812,-0.307147,-1.79085e-06,5.4607e-07,1.5932e-06,-4.95138e-06,-3.59066e-06,-4.33496e-06,0.424742,0.396174,0.67933,0.0490539,0.976499,-0.208644,0.0226024,-0.178981,0.0799403,0.739144,0.694609,0.287715,0.609158,-0.25232,0,0,0,0,0,0,0,-0.0026361,0.00209131,-0.00340634,-0.00265378,33.978,10.0073,12.0437,3.45331,-9.49147,-3.72832,4.80872,-1.40278,0,0,-12,0,0,0,0,0,6.20095,0,0,0,
0.492644,0.120926,0.84312,0.654518,0.466217,-0.509812,-0.307147,-1.79084e-06,5.46074e-07,1.59319e-06,-4.95138e-06,-3.59064e-06,-4.33491e-06,0.424742,0.396174,0.67933,0.0490539,0.976499,-0.208644,0.0226024,-0.178981,0.0799403,0.739144,0.694609,0.287715,0.609158,-0.25232,0,0,0,0,0,0,0,0.00182053,0.00209183,-0.00340634,-0.00265582,33.838,10.0071,11.9861,3.4678,-9.46816,-3.71788,4.7792,-1.39326,0,0,-12,0,0,0,0,0,6.20095,0,0,0,
0.492644,0.120926,0.84312,0.654518,0.466217,-0.509812,-0.307147,-1.02583e-07,8.94596e-07,1.47903e-06,-5.07323e-06,-1.41533e-06,5.04196e-07,0.424742,0.396174,0.67933,0.0490539,0.976499,-0.208644,0.0226024,-0.178981,0.0799403,0.739144,0.694609,0.287715,0.609158,-0.25232,0,0,0,0,0,0,0,-0.00280125,0.00209235,-0.00340749,-0.00265639,33.8602,10.0069,12.008,3.46282,-9.4731,-3.71982,4.78411,-1.39483,0,0,-12,0,0,0,0,0,6.20095,0,0,0,
0.492644,0.120926,0.84312,0.654518,0.466217,-0.509812,-0.307147,-1.78956e-06,5.46338e-07,1.59311e-06,-4.95148e-06,-3.589e-06,-4.33125e-06,0.424742,0.396174,0.67933,0.0490539,0.976499,-0.208644,0.0226024,-0.178981,0.0799403,0.739144,0.694609,0.287715,0.609158,-0.25232,0,0,0,0,0,0,0,-0.00742581,0.00209289,-0.00340622,-0.00266012,33.5338,10.0058,11.9225,3.48629,-9.42353,-3.69658,4.71621,-1.37289,0,0,-12,0,0,0,0,0,6.20095,0,0,0,
0.492644,0.120926,0.84312,0.654518,0.466217,-0.509812,-0.307147,-1.68692e-06,-3.48929e-07,1.12974e-07,1.25536e-07,-2.17263e-06,-4.83587e-06,0.424742,0.396174,0.67933,0.0490539,0.976499,-0.208644,0.0226024,-0.178981,0.0799403,0.739144,0.694609,0.287715,0.609158,-0.25232,0,0,0,0,0,0,0,-0.000571613,0.00209342,-0.00340676,-0.00266151,33.4628,10.0059,11.8784,3.49678,-9.41028,-3.69096,4.70098,-1.368,0,0,-12,0,0,0,0,0,6.20095,0,0,0,
0.492644,0.120926,0.84312,0.654518,0.466217,-0.509812,-0.307147,0,0,0,0,0,0,0.424742,0.396174,0.67933,0.0490539,0.976499,-0.208644,0.0226024,-0.178981,0.0799403,0.739144,0.694609,0.287715,0.609158,-0.25232,0,0,0,0,0,0,0,-0.00203727,0.00209395,-0.00340804,-0.00266195,33.4973,10.0059,11.8937,3.49297,-9.41612,-3.69355,4.70826,-1.37034,0,0,-12,0,0,0,0,0,6.20095,0,0,0,
0.492644,0.120926,0.84312,0.654518,0.466217,-0.509812,-0.307147,-1.68309e-06,-3.48139e-07,1.12718e-07,1.25252e-07,-2.16771e-06,-4.82491e-06,0.424742,0.396174,0.67933,0.0490539,0.976499,-0.208644,0.0226024,-0.178981,0.0799403,0.739144,0.694609,0.287715,0.609158,-0.25232,0,0,0,0,0,0,0,-0.00416514,0.00209448,-0.00340866,-0.00266327,33.436,10.0057,11.8818,3.49651,-9.40721,-3.68928,4.69558,-1.36624,0,0,-12,0,0,0,0,0,6.20095,0,0,0,
0.492644,0.120926,0.84312,0.654518,0.466217,-0.509812,-0.307147,0,0,0,0,0,0,0.424742,0.396174,0.67933,0.0490539,0.976499,-0.208644,0.0226024,-0.178981,0.0799403,0.739144,0.694609,0.287715,0.609158,-0.25232,0,0,0,0,0,0,0,-0.00543264,0.00209502,-0.00340832,-0.00266579,33.239,10.005,11.8252,3.51172,-9.37682,-3.67514,4.65451,-1.35298,0,0,-12,0,0,0,0,0,6.20095,0,0,0,
0.492645,0.120926,0.84312,0.654518,0.466217,-0.509812,-0.307147,2.60466e-06,2.77526e-06,-4.65525e-07,2.1991e-07,2.7992e-06,1.00708e-05,0.424742,0.396174,0.67933,0.0490534,0.976499,-0.208644,0.0226023,-0.178981,0.0799403,0.739144,0.694609,0.287715,0.609158,-0.25232,0,0,0,0,0,0,0,0.00223951,0.00240518,-0.00358482,-0.00390044,33.4294,10.0063,11.8592,3.50167,-9.40414,-3.68851,4.6937,-1.3657,0,0,-12,0,0,0,0,0,6.20095,0,0,0,
0.492645,0.120926,0.84312,0.654518,0.466217,-0.509812,-0.307147,2.70747e-06,1.87862e-06,-1.9479e-06,5.3046e-06,4.21772e-06,9.56542e-06,0.424742,0.396174,0.67933,0.0490534,0.976499,-0.208644,0.0226022,-0.178981,0.0799403,0.739144,0.694609,0.287715,0.609158,-0.25232,0,0,0,0,0,0,0,0.00619003,0.00291494,-0.00510649,-0.00301469,33.1895,10.0068,11.7733,3.52486,-9.36554,-3.67075,4.6435,-1.34932,0,0,-12,0,0,0,0,0,6.20095,0,0,0,
0.492644,0.120926,0.84312,0.654518,0.466217,-0.509812,-0.307147,1.02815e-07,-8.96618e-07,-1.48238e-06,5.08469e-06,1.41853e-06,-5.05335e-07,0.424742,0.396174,0.67933,0.049054,0.976499,-0.208644,0.0226023,-0.178981,0.0799403,0.739144,0.694609,0.287715,0.609158,-0.25232,0,0,0,0,0,0,0,0.00516016,0.00179678,-0.00326985,-0.00143768,33.2096,10.0052,11.7815,3.52118,-9.36888,-3.67206,4.64784,-1.35081,0,0,-12,0,0,0,0,0,6.20095,0,0,0,
0.492644,0.120926,0.84312,0.654518,0.466217,-0.509812,-0.307147,1.78591e-06,-5.48478e-07,-1.5951e-06,4.95944e-06,3.58624e-06,4.31958e-06,0.424742,0.396174,0.67933,0.0490537,0.976499,-0.208644,0.0226022,-0.178981,0.0799403,0.739144,0.694609,0.287715,0.609158,-0.25232,0,0,0,0,0,0,0,-0.00411865,0.00220119,-0.00347192,-0.00373243,33.1613,10.0049,11.797,3.51895,-9.36421,-3.66959,4.6381,-1.34769,0,0,-12,0,0,0,0,0,6.20095,0,0,0,
0.492644,0.120926,0.84312,0.654518,0.466217,-0.509812,-0.307147,1.78718e-06,-5.48215e-07,-1.59518e-06,4.95935e-06,3.58788e-06,4.32323e-06,0.424742,0.396174,0.67933,0.0490537,0.976499,-0.208644,0.0226022,-0.178981,0.0799403,0.739144,0.694609,0.287715,0.609158,-0.25232,0,0,0,0,0,0,0,-0.00304247,0.00211069,-0.00344704,-0.00269532,33.2643,10.0052,11.8252,3.51132,-9.38,-3.67679,4.65964,-1.35464,0,0,-12,0,0,0,0,0,6.20095,0,0,0,
0.492644,0.120926,0.84312,0.654518,0.466217,-0.509812,-0.307147,1.7895e-06,-5.45657e-07,-1.59199e-06,4.94764e-06,3.58795e-06,4.33168e-06,0.424742,0.396174,0.67933,0.0490537,0.976499,-0.208644,0.0226022,-0.178981,0.0799403,0.739144,0.694609,0.287715,0.609158,-0.25232,0,0,0,0,0,0,0,0.004423,0.00211125,-0.00344576,-0.00269917,32.9287,10.0047,11.6976,3.54384,-9.32518,-3.652,4.58908,-1.33188,0,0,-12,0,0,0,0,0,6.20095,0,0,0,
0.492644,0.120926,0.84312,0.654518,0.466217,-0.509812,-0.307147,1.7895e-06,-5.45657e-07,-1.59199e-06,4.94764e-06,3.58795e-06,4.33168e-06,0.424742,0.396174,0.67933,0.0490537,0.976499,-0.208644,0.0226022,-0.178981,0.0799403,0.739144,0.694609,0.287715,0.609158,-0.25232,0,0,0,0,0,0,0,0.0019845,0.00211182,-0.00344886,-0.00269746,33.2014,10.0053,11.7896,3.51991,-9.36859,-3.67188,4.6462,-1.35031,0,0,-12,0,0,0,0,0,6.20095,0,0,0,
0.492644,0.120926,0.84312,0.654518,0.466217,-0.509812,-0.307147,1.7895e-06,-5.45657e-07,-1.59199e-06,4.94764e-06,3.58795e-06,4.33168e-06,0.424742,0.396174,0.67933,0.0490537,0.976499,-0.208644,0.0226022,-0.178981,0.0799403,0.739144,0.694609,0.287715,0.609158,-0.25232,0,0,0,0,0,0,0,0.00526069,0.00211236,-0.00344904,-0.00269938,33.0756,10.0051,11.7402,3.53242,-9.34788,-3.66255,4.61972,-1.34178,0,0,-12,0,0,0,0,0,6.20095,0,0,0,
0.492644,0.120926,0.84312,0.654518,0.466217,-0.509812,-0.307147,-8.18976e-07,-3.32168e-06,-1.12622e-06,4.72802e-06,7.83834e-07,-5.75003e-06,0.424742,0.396174,0.67933,0.0490537,0.976499,-0.208644,0.0226022,-0.178981,0.0799403,0.739144,0.694609,0.287715,0.609158,-0.25232,0,0,0,0,0,0,0,0.00461469,0.00211289,-0.00344993,-0.00270033,33.0524,10.005,11.7351,3.53387,-9.34447,-3.66093,4.61493,-1.34023,0,0,-12,0,0,0,0,0,6.20095,0,0,0,
0.492644,0.120926,0.84312,0.654518,0.466217,-0.509812,-0.307147,-2.60846e-06,-2.77602e-06,4.65776e-07,-2.19625e-07,-2.80409e-06,-1.00817e-05,0.424742,0.396174,0.67933,0.049054,0.976499,-0.208644,0.0226023,-0.178981,0.0799403,0.739144,0.694609,0.287715,0.609158,-0.25232,0,0,0,0,0,0,0,0.00275396,0.00202196,-0.00342648,-0.00165188,33.3321,10.0057,11.8273,3.5098,-9.38884,-3.68112,4.67357,-1.35914,0,0,-12,0,0,0,0,0,6.20095,0,0,0,
0.492644,0.120926,0.84312,0.654518,0.466217,-0.509812,-0.307147,-1.68693e-06,-3.48933e-07,1.12975e-07,1.25537e-07,-2.17265e-06,-4.83592e-06,0.424742,0.396174,0.67933,0.049054,0.976499,-0.208644,0.0226023,-0.178981,0.0799403,0.739144,0.694609,0.287715,0.609158,-0.25232,0,0,0,0,0,0,0,0.00659315,0.00211269,-0.00345171,-0.00268212,33.0658,10.0052,11.7328,3.53414,-9.34594,-3.66175,4.6176,-1.3411,0,0,-12,0,0,0,0,0,6.20095,0,0,0,
0.492644,0.120926,0.84312,0.654518,0.466217,-0.509812,-0.307147,-1.68562e-06,-3.48662e-07,1.12887e-07,1.25439e-07,-2.17097e-06,-4.83216e-06,0.424742,0.396174,0.67933,0.049054,0.976499,-0.208644,0.0226023,-0.178981,0.0799403,0.739144,0.694609,0.287715,0.609158,-0.25232,0,0,0,0,0,0,0,0.00305222,0.00211323,-0.00345201,-0.00268386,32.9571,10.0047,11.7108,3.54058,-9.33007,-3.65415,4.59511,-1.33382,0,0,-12,0,0,0,0,0,6.20095,0,0,0,
0.492644,0.120926,0.84312,0.654518,0.466217,-0.509812,-0.307147,-1.68309e-06,-3.48139e-07,1.12718e-07,1.25251e-07,-2.16771e-06,-4.82491e-06,0.424742,0.396174,0.67933,0.049054,0.976499,-0.208644,0.0226023,-0.178981,0.0799403,0.739144,0.694609,0.287715,0.609158,-0.25232,0,0,0,0,0,0,0,-0.000534402,0.00211377,-0.00345302,-0.00268473,32.9437,10.0045,11.7184,3.53922,-9.3291,-3.65345,4.59252,-1.33298,0,0,-12,0,0,0,0,0,6.20095,0,0,0,
0.492644,0.120926,0.84312,0.654518,0.466217,-0.509812,-0.307147,-1.68437e-06,-3.48402e-07,1.12803e-07,1.25346e-07,-2.16935e-06,-4.82856e-06,0.424742,0.396174,0.67933,0.049054,0.976499,-0.208644,0.0226023,-0.178981,0.0799403,0.739144,0.694609,0.287715,0.609158,-0.25232,0,0,0,0,0,0,0,-0.00601063,0.00211431,-0.00345238,-0.00268767,32.7013,10.0035,11.6615,3.55525,-9.29294,-3.63634,4.54221,-1.31671,0,0,-12,0,0,0,0,0,6.20095,0,0,0,
0.492644,0.120926,0.84312,0.654518,0.466217,-0.509812,-0.307147,-1.68437e-06,-3.48402e-07,1.12803e-07,1.25346e-07,-2.16935e-06,-4.82856e-06,0.424742,0.396174,0.67933,0.049054,0.976499,-0.208644,0.0226023,-0.178981,0.0799403,0.739144,0.694609,0.287715,0.609158,-0.25232,0,0,0,0,0,0,0,-0.00380847,0.00211489,-0.00345373,-0.00268822,32.7264,10.0037,11.6621,3.55472,-9.29616,-3.63799,4.54732,-1.31837,0,0,-12,0,0,0,0,0,6.20095,0,0,0,
0.492644,0.120926,0.84312,0.654518,0.466217,-0.509812,-0.307147,-1.7872e-06,5.48213e-07,1.59518e-06,-4.95935e-06,-3.5879e-06,-4.32327e-06,0.424742,0.396174,0.67933,0.0490539,0.976499,-0.208644,0.0226024,-0.178981,0.0799403,0.739144,0.694609,0.287715,0.609158,-0.25232,0,0,0,0,0,0,0,4.54687e-05,0.00133657,-0.00183707,-0.00237654,32.9413,10.0033,11.7147,3.53874,-9.3284,-3.6532,4.59195,-1.33293,0,0,-12,0,0,0,0,0,6.20095,0,0,0,
0.492644,0.120926,0.84312,0.654518,0.466217,-0.509812,-0.307147,-1.78718e-06,5.48207e-07,1.59516e-06,-4.9593e-06,-3.58786e-06,-4.32323e-06,0.424742,0.396174,0.67933,0.0490539,0.976499,-0.208644,0.0226024,-0.178981,0.0799403,0.739144,0.694609,0.287715,0.609158,-0.25232,0,0,0,0,0,0,0,0.0018182,0.00210434,-0.00342309,-0.00268361,32.6958,10.0039,11.6343,3.56105,-9.2896,-3.63537,4.54059,-1.31622,0,0,-12,0,0,0,0,0,6.20095,0,0,0,
0.492644,0.120926,0.84312,0.654518,0.466217,-0.509812,-0.307147,-1.02814e-07,8.96609e-07,1.48236e-06,-5.08464e-06,-1.41852e-06,5.0533e-07,0.424742,0.396174,0.67933,0.0490539,0.976499,-0.208644,0.0226024,-0.178981,0.0799403,0.739144,0.694609,0.287715,0.609158,-0.25232,0,0,0,0,0,0,0,0.00104942,0.00210487,-0.00342511,-0.00268316,32.828,10.0042,11.6776,3.54974,-9.31051,-3.64497,4.56825,-1.32515,0,0,-12,0,0,0,0,0,6.20095,0,0,0,
0.492645,0.120926,0.84312,0.654518,0.466217,-0.509812,-0.307147,2.50253e-06,3.67369e-06,1.01659e-06,-4.86452e-06,1.38114e-06,1.05801e-05,0.424742,0.396174,0.67933,0.0490534,0.976499,-0.208644,0.0226023,-0.178981,0.0799403,0.739144,0.694609,0.287715,0.609158,-0.25232,0,0,0,0,0,0,0,-0.00144893,0.00242696,-0.00360491,-0.00396761,32.7709,10.0043,11.6683,3.55292,-9.30235,-3.64121,4.55635,-1.32134,0,0,-12,0,0,0,0,0,6.20095,0,0,0,
0.492644,0.120926,0.84312,0.654518,0.466217,-0.509812,-0.307147,1.58155e-06,1.24501e-06,1.36956e-06,-5.20999e-06,7.50834e-07,5.33389e-06,0.424742,0.396174,0.67933,0.0490536,0.976499,-0.208644,0.0226023,-0.178981,0.0799403,0.739144,0.694609,0.287715,0.609158,-0.25232,0,0,0,0,0,0,0,0.00435949,0.00187975,-0.00327422,-0.00247823,32.483,10.0031,11.5603,3.57989,-9.25549,-3.61978,4.496,-1.3018,0,0,-12,0,0,0,0,0,6.20095,0,0,0,
0.492644,0.120926,0.84312,0.654518,0.466217,-0.509812,-0.307147,1.68692e-06,3.4893e-07,-1.12974e-07,-1.25535e-07,2.17263e-06,4.83587e-06,0.424742,0.396174,0.67933,0.0490537,0.976499,-0.208644,0.0226022,-0.178981,0.0799403,0.739144,0.694609,0.287715,0.609158,-0.25232,0,0,0,0,0,0,0,0.00448012,0.00291557,-0.00510607,-0.00302972,32.5894,10.005,11.5941,3.57268,-9.27227,-3.62752,4.51824,-1.30887,0,0,-12,0,0,0,0,0,6.20095,0,0,0,
0.492644,0.120926,0.84312,0.654518,0.466217,-0.509812,-0.307147,1.68692e-06,3.4893e-07,-1.12974e-07,-1.25535e-07,2.17263e-06,4.83587e-06,0.424742,0.396174,0.67933,0.0490537,0.976499,-0.208644,0.0226022,-0.178981,0.0799403,0.739144,0.694609,0.287715,0.609158,-0.25232,0,0,0,0,0,0,0,-0.000168161,0.00211995,-0.00346107,-0.00271387,32.6298,10.0036,11.6205,3.5651,-9.27991,-3.63075,4.52693,-1.3118,0,0,-12,0,0,0,0,0,6.20095,0,0,0,
0.492644,0.120926,0.84312,0.654518,0.466217,-0.509812,-0.307147,1.68692e-06,3.4893e-07,-1.12974e-07,-1.25535e-07,2.17263e-06,4.83587e-06,0.424742,0.396174,0.67933,0.0490537,0.976499,-0.208644,0.0226022,-0.178981,0.0799403,0.739144,0.694609,0.287715,0.609158,-0.25232,0,0,0,0,0,0,0,-0.00454891,0.00212049,-0.0034609,-0.00271622,32.4537,10.0029,11.5805,3.57647,-9.25376,-3.61835,4.4904,-1.29999,0,0,-12,0,0,0,0,0,6.20095,0,0,0,
0.492644,0.120926,0.84312,0.654518,0.466217,-0.509812,-0.307147,1.02659e-07,-8.95263e-07,-1.48014e-06,5.07701e-06,1.41639e-06,-5.04572e-07,0.424742,0.396174,0.67933,0.049054,0.976499,-0.208644,0.0226023,-0.178981,0.0799403,0.739144,0.694609,0.287715,0.609158,-0.25232,0,0,0,0,0,0,0,-0.00236038,0.00202956,-0.00343677,-0.00166998,32.4791,10.0031,11.5812,3.57594,-9.25709,-3.61987,4.49567,-1.30169,0,0,-12,0,0,0,0,0,6.20095,0,0,0,
0.492644,0.120926,0.84312,0.654518,0.466217,-0.509812,-0.307147,1.78822e-06,-5.45921e-07,-1.59191e-06,4.94774e-06,3.5863e-06,4.32802e-06,0.424742,0.396174,0.67933,0.0490537,0.976499,-0.208644,0.0226022,-0.178981,0.0799403,0.739144,0.694609,0.287715,0.609158,-0.25232,0,0,0,0,0,0,0,0.000443638,0.00221185,-0.003487,-0.00374709,32.3099,10.0028,11.52,3.5916,-9.22965,-3.60774,4.45995,-1.29019,0,0,-12,0,0,0,0,0,6.20095,0,0,0,
0.492644,0.120926,0.84312,0.654518,0.466217,-0.509812,-0.307147,1.78822e-06,-5.45921e-07,-1.59191e-06,4.94774e-06,3.5863e-06,4.32802e-06,0.424742,0.396174,0.67933,0.0490537,0.976499,-0.208644,0.0226022,-0.178981,0.0799403,0.739144,0.694609,0.287715,0.609158,-0.25232,0,0,0,0,0,0,0,0.00801241,0.00212209,-0.00346045,-0.00272306,31.9359,10.0021,11.3802,3.62736,-9.16884,-3.58002,4.38147,-1.26486,0,0,-12,0,0,0,0,0,6.20095,0,0,0,
0.492644,0.120926,0.84312,0.654518,0.466217,-0.509812,-0.307147,1.7883e-06,-5.46597e-07,-1.59303e-06,4.95157e-06,3.58737e-06,4.32764e-06,0.424742,0.396174,0.67933,0.0490537,0.976499,-0.208644,0.0226022,-0.178981,0.0799403,0.739144,0.694609,0.287715,0.609158,-0.25232,0,0,0,0,0,0,0,-0.000420459,0.00212263,-0.00346344,-0.00272138,32.196,10.0024,11.4877,3.60034,-9.21218,-3.59943,4.43632,-1.28254,0,0,-12,0,0,0,0,0,6.20095,0,0,0,
0.492644,0.120926,0.84312,0.654518,0.466217,-0.509812,-0.307147,-8.18202e-07,-3.32053e-06,-1.1276e-06,4.73211e-06,7.85381e-07,-5.74645e-06,0.424742,0.396174,0.67933,0.0490537,0.976499,-0.208644,0.0226022,-0.178981,0.0799403,0.739144,0.694609,0.287715,0.609158,-0.25232,0,0,0,0,0,0,0,-0.00137715,0.00212317,-0.00346389,-0.00272296,32.1022,10.0021,11.4619,3.60735,-9.1978,-3.59272,4.41677,-1.27623,0,0,-12,0,0,0,0,0,6.20095,0,0,0,
0.492644,0.120926,0.84312,0.654518,0.466217,-0.509812,-0.307147,-2.60535e-06,-2.77707e-06,4.65788e-07,-2.2017e-07,-2.79967e-06,-1.00747e-05,0.424742,0.396173,0.67933,0.0490542,0.976499,-0.208644,0.0226023,-0.178981,0.0799403,0.739144,0.694609,0.287715,0.609158,-0.25232,0,0,0,0,0,0,0,-0.000954396,0.00182796,-0.00330362,-0.00145822,31.969,10.0014,11.4193,3.6183,-9.17689,-3.58289,4.38906,-1.26724,0,0,-12,0,0,0,0,0,6.20094,0,0,0,
0.492644,0.120926,0.84312,0.654518,0.466217,-0.509812,-0.307147,-2.60535e-06,-2.77707e-06,4.65788e-07,-2.2017e-07,-2.79967e-06,-1.00747e-05,0.424742,0.396173,0.67933,0.0490542,0.976499,-0.208644,0.0226023,-0.178981,0.0799403,0.739144,0.694609,0.287715,0.609158,-0.25232,0,0,0,0,0,0,0,-0.00129137,0.00212018,-0.00345984,-0.00270525,31.6247,10.0007,11.3146,3.64639,-9.12314,-3.55822,4.31702,-1.24403,0,0,-12,0,0,0,0,0,6.20094,0,0,0,
0.492644,0.120926,0.84312,0.654518,0.466217,-0.509812,-0.307147,-2.60732e-06,-2.77917e-06,4.6614e-07,-2.20337e-07,-2.80178e-06,-1.00823e-05,0.424742,0.396173,0.67933,0.0490542,0.976499,-0.208644,0.0226023,-0.178981,0.0799403,0.739144,0.694609,0.287715,0.609158,-0.25232,0,0,0,0,0,0,0,-0.000295608,0.00212071,-0.00346162,-0.00270507,31.7162,10.001,11.3395,3.6396,-9.13713,-3.56475,4.33606,-1.25018,0,0,-12,0,0,0,0,0,6.20094,0,0,0,
0.492644,0.120926,0.84312,0.654518,0.466217,-0.509812,-0.307147,-1.02815e-07,8.96618e-07,1.48238e-06,-5.08469e-06,-1.41853e-06,5.05335e-07,0.424742,0.396174,0.67933,0.0490539,0.976499,-0.208644,0.0226024,-0.178981,0.0799403,0.739144,0.694609,0.287715,0.609158,-0.25232,0,0,0,0,0,0,0,-0.00578849,0.00146709,-0.00181327,-0.00257018,31.4942,9.99911,11.288,3.65303,-9.10402,-3.5491,4.28995,-1.23546,0,0,-12,0,0,0,0,0,6.20095,0,0,0,
0.492644,0.120926,0.84312,0.654518,0.466217,-0.509812,-0.307147,-8.6424e-07,2.97896e-06,1.24185e-06,-4.61367e-06,-2.95545e-06,9.30505e-07,0.424742,0.396174,0.67933,0.0490537,0.976499,-0.208644,0.0226024,-0.178981,0.0799403,0.739144,0.694609,0.287715,0.609158,-0.25232,0,0,0,0,0,0,0,-0.00592043,0.0023408,-0.00358428,-0.00293593,31.565,10.0006,11.3115,3.64834,-9.1153,-3.55428,4.3048,-1.24011,0,0,-12,0,0,0,0,0,6.20095,0,0,0,
0.492644,0.120926,0.84312,0.654518,0.466217,-0.509812,-0.307147,-8.65006e-07,2.97782e-06,1.24323e-06,-4.61777e-06,-2.957e-06,9.26967e-07,0.424742,0.396174,0.67933,0.0490537,0.976499,-0.208644,0.0226024,-0.178981,0.0799403,0.739144,0.694609,0.287715,0.609158,-0.25232,0,0,0,0,0,0,0,-0.00691613,0.00211658,-0.00343525,-0.00271165,31.3853,9.99975,11.2591,3.66205,-9.08749,-3.54134,4.26735,-1.22797,0,0,-12,0,0,0,0,0,6.20095,0,0,0,
0.492644,0.120926,0.84312,0.654518,0.466217,-0.509812,-0.307147,-8.65118e-07,2.97444e-06,1.24368e-06,-4.61839e-06,-2.95631e-06,9.22738e-07,0.424742,0.396174,0.67933,0.0490537,0.976499,-0.208644,0.0226024,-0.178981,0.0799403,0.739144,0.694609,0.287715,0.609158,-0.25232,0,0,0,0,0,0,0,-0.00344235,0.00211711,-0.00343617,-0.00271258,31.3547,9.99984,11.2384,3.66694,-9.08159,-3.53887,4.26073,-1.22585,0,0,-12,0,0,0,0,0,6.20095,0,0,0,
0.492644,0.120926,0.84312,0.654518,0.466217,-0.509812,-0.307147,-8.70147e-07,2.97269e-06,1.2429e-06,-4.61416e-06,-2.9618e-06,9.0769e-07,0.424742,0.396174,0.67933,0.0490537,0.976499,-0.208644,0.0226024,-0.178981,0.0799403,0.739144,0.694609,0.287715,0.609158,-0.25232,0,0,0,0,0,0,0,0.00248354,0.00211764,-0.0034359,-0.00271497,31.1599,9.9996,11.1591,3.6869,-9.04927,-3.52436,4.21969,-1.21262,0,0,-12,0,0,0,0,0,6.20095,0,0,0,
0.492644,0.120926,0.84312,0.654518,0.466217,-0.509812,-0.307147,-8.68698e-07,2.9716e-06,1.24057e-06,-4.60658e-06,-2.95799e-06,9.10636e-07,0.424742,0.396174,0.67933,0.0490537,0.976499,-0.208644,0.0226024,-0.178981,0.0799403,0.739144,0.694609,0.287715,0.609158,-0.25232,0,0,0,0,0,0,0,0.00444068,0.00211817,-0.00343861,-0.00271362,31.3822,10.0003,11.2213,3.6701,-9.08341,-3.54028,4.26601,-1.22758,0,0,-12,0,0,0,0,0,6.20095,0,0,0,
0.492644,0.120926,0.84312,0.654518,0.466217,-0.509812,-0.307147,1.27863e-06,4.53316e-06,9.51331e-07,-4.55966e-06,-4.6988e-07,8.3674e-06,0.424742,0.396174,0.67933,0.0490537,0.976499,-0.208644,0.0226024,-0.178981,0.0799403,0.739144,0.694609,0.287715,0.609158,-0.25232,0,0,0,0,0,0,0,0.00579491,0.0021187,-0.00343831,-0.00271605,31.185,9.99985,11.1561,3.68712,-9.05216,-3.52593,4.22474,-1.21426,0,0,-12,0,0,0,0,0,6.20095,0,0,0,
0.492645,0.120926,0.84312,0.654518,0.466217,-0.509812,-0.307147,2.96659e-06,4.88484e-06,8.37957e-07,-4.68481e-06,1.70347e-06,1.32092e-05,0.424742,0.396174,0.67933,0.0490534,0.976499,-0.208644,0.0226023,-0.178981,0.0799403,0.739144,0.694609,0.287715,0.609158,-0.25232,0,0,0,0,0,0,0,0.0126586,0.00220832,-0.00346399,-0.00373415,31.4113,10.0008,11.2035,3.67333,-9.08531,-3.54192,4.27149,-1.22939,0,0,-12,0,0,0,0,0,6.20095,0,0,0,
0.492644,0.120926,0.84312,0.654518,0.466217,-0.509812,-0.307147,0,0,0,0,0,0,0.424742,0.396174,0.67933,0.0490539,0.976499,-0.208644,0.0226024,-0.178981,0.0799403,0.739144,0.694609,0.287715,0.609158,-0.25232,0,0,0,0,0,0,0,0.0092664,0.00180021,-0.0032641,-0.00145763,31.0395,9.99927,11.0998,3.70115,-9.02833,-3.51499,4.19425,-1.20438,0,0,-12,0,0,0,0,0,6.20095,0,0,0,
0.492644,0.120926,0.84312,0.654518,0.466217,-0.509812,-0.307147,0,0,0,0,0,0,0.424742,0.396174,0.67933,0.0490539,0.976499,-0.208644,0.0226024,-0.178981,0.0799403,0.739144,0.694609,0.287715,0.609158,-0.25232,0,0,0,0,0,0,0,0.00307574,0.00211712,-0.00343764,-0.00271524,31.0105,9.99921,11.1112,3.69951,-9.02574,-3.51353,4.18845,-1.20254,0,0,-12,0,0,0,0,0,6.20095,0,0,0,
0.492644,0.120926,0.84312,0.654518,0.466217,-0.509812,-0.307147,-9.20862e-07,-2.42526e-06,3.52537e-07,-3.44899e-07,-6.31005e-07,-5.24188e-06,0.424742,0.396174,0.67933,0.0490539,0.976499,-0.208644,0.0226024,-0.178981,0.0799403,0.739144,0.694609,0.287715,0.609158,-0.25232,0,0,0,0,0,0,0,0.000371787,0.00211764,-0.00343693,-0.00271816,30.7545,9.99835,11.0411,3.71855,-8.98656,-3.49523,4.13512,-1.18531,0,0,-12,0,0,0,0,0,6.20095,0,0,0,
0.492644,0.120926,0.84312,0.654518,0.466217,-0.509812,-0.307147,7.66054e-07,-2.07633e-06,2.39563e-07,-4.70435e-07,1.54163e-06,-4.06016e-07,0.424742,0.396174,0.67933,0.0490536,0.976499,-0.208644,0.0226023,-0.178981,0.0799403,0.739144,0.694609,0.287715,0.609158,-0.25232,0,0,0,0,0,0,0,-0.000975562,0.00221113,-0.0034618,-0.0037819,30.8172,9.99846,11.0648,3.71247,-8.99674,-3.50002,4.1482,-1.18954,0,0,-12,0,0,0,0,0,6.20095,0,0,0,
0.492644,0.120926,0.84312,0.654518,0.466217,-0.509812,-0.307147,7.61414e-07,-2.08237e-06,2.40534e-07,-4.71028e-07,1.53691e-06,-4.25222e-07,0.424742,0.396174,0.67933,0.0490536,0.976499,-0.208644,0.0226023,-0.178981,0.0799403,0.739144,0.694609,0.287715,0.609158,-0.25232,0,0,0,0,0,0,0,0.00208901,0.00211996,-0.00343896,-0.00273961,30.6871,9.99825,11.0148,3.72523,-8.97548,-3.49024,4.12093,-1.18073,0,0,-12,0,0,0,0,0,6.20095,0,0,0,
0.492644,0.120926,0.84312,0.654518,0.466217,-0.509812,-0.307147,-8.20293e-07,-3.32603e-06,-1.1268e-06,4.73133e-06,7.83948e-07,-5.75835e-06,0.424742,0.396174,0.67933,0.049054,0.976499,-0.208644,0.0226023,-0.178981,0.0799403,0.739144,0.694609,0.287715,0.609158,-0.25232,0,0,0,0,0,0,0,0.00464619,0.0028508,-0.00511928,-0.00205247,30.5605,9.9993,10.9687,3.73848,-8.95509,-3.48079,4.09448,-1.17205,0,0,-12,0,0,0,0,0,6.20095,0,0,0,
0.492644,0.120926,0.84312,0.654518,0.466217,-0.509812,-0.307147,8.62974e-07,-2.97924e-06,-1.24176e-06,4.61376e-06,2.95382e-06,-9.34154e-07,0.424742,0.396174,0.67933,0.0490537,0.976499,-0.208644,0.0226022,-0.178981,0.0799403,0.739144,0.694609,0.287715,0.609158,-0.25232,0,0,0,0,0,0,0,0.00500831,0.00222436,-0.00349685,-0.00379078,30.7461,9.99859,11.0235,3.7224,-8.98373,-3.49443,4.13298,-1.18464,0,0,-12,0,0,0,0,0,6.20095,0,0,0,
0.492644,0.120926,0.84312,0.654518,0.466217,-0.509812,-0.307147,-8.1944e-07,-3.32555e-06,-1.12931e-06,4.73927e-06,7.8657e-07,-5.75514e-06,0.424742,0.396174,0.67933,0.0490537,0.976499,-0.208644,0.0226022,-0.178981,0.0799403,0.739144,0.694609,0.287715,0.609158,-0.25232,0,0,0,0,0,0,0,0.00323298,0.00213322,-0.00347367,-0.0027498,30.5036,9.99781,10.9546,3.74102,-8.94644,-3.4769,4.08254,-1.16834,0,0,-12,0,0,0,0,0,6.20095,0,0,0,
0.492644,0.120926,0.84312,0.654518,0.466217,-0.509812,-0.307147,4.02543e-07,-4.19187e-06,-1.06549e-06,4.44131e-06,2.63832e-06,-3.55509e-06,0.424742,0.396173,0.67933,0.0490539,0.976499,-0.208644,0.0226022,-0.178981,0.0799403,0.739144,0.694609,0.287715,0.609158,-0.25232,0,0,0,0,0,0,0,0.0029355,0.0019326,-0.00334088,-0.00254704,30.4319,9.9973,10.9332,3.74642,-8.9353,-3.47172,4.0676,-1.16348,0,0,-12,0,0,0,0,0,6.20094,0,0,0,
0.492644,0.120926,0.84312,0.654518,0.466217,-0.509812,-0.307147,-8.19441e-07,-3.32555e-06,-1.12931e-06,4.73927e-06,7.86568e-07,-5.75514e-06,0.424742,0.396173,0.67933,0.0490542,0.976499,-0.208644,0.0226023,-0.178981,0.0799403,0.739144,0.694609,0.287715,0.609158,-0.25232,0,0,0,0,0,0,0,-0.00240059,0.00204166,-0.00344988,-0.0017216,30.2165,9.99671,10.8845,3.76063,-8.90339,-3.45642,4.023,-1.14909,0,0,-12,0,0,0,0,0,6.20094,0,0,0,
0.492644,0.120926,0.84312,0.654518,0.466217,-0.509812,-0.307147,1.78591e-06,-5.48478e-07,-1.5951e-06,4.95944e-06,3.58624e-06,4.31958e-06,0.424742,0.396174,0.67933,0.0490537,0.976499,-0.208644,0.0226022,-0.178981,0.0799403,0.739144,0.694609,0.287715,0.609158,-0.25232,0,0,0,0,0,0,0,-0.000536586,0.00242604,-0.00362824,-0.00399657,30.1354,9.99689,10.8536,3.7687,-8.89005,-3.45075,4.00573,-1.14357,0,0,-12,0,0,0,0,0,6.20095,0,0,0,
0.492644,0.120926,0.84312,0.654518,0.466217,-0.509812,-0.307147,1.02814e-07,-8.96609e-07,-1.48236e-06,5.08464e-06,1.41852e-06,-5.0533e-07,0.424742,0.396174,0.67933,0.0490537,0.976499,-0.208644,0.0226022,-0.178981,0.0799403,0.739144,0.694609,0.287715,0.609158,-0.25232,0,0,0,0,0,0,0,0.000100551,0.00213536,-0.00347621,-0.00275495,30.2111,9.99683,10.8747,3.76275,-8.90169,-3.45599,4.02161,-1.14865,0,0,-12,0,0,0,0,0,6.20095,0,0,0,
0.492644,0.120926,0.84312,0.654518,0.466217,-0.509812,-0.307147,-1.58402e-06,-1.24623e-06,-1.37053e-06,5.21408e-06,-7.53027e-07,-5.34158e-06,0.424742,0.396174,0.67933,0.049054,0.976499,-0.208644,0.0226023,-0.178981,0.0799403,0.739144,0.694609,0.287715,0.609158,-0.25232,0,0,0,0,0,0,0,-0.00144576,0.00204252,-0.00345368,-0.0016896,29.9686,9.99606,10.805,3.78153,-8.86433,-3.43843,3.97115,-1.13235,0,0,-12,0,0,0,0,0,6.20095,0,0,0,
0.492644,0.120926,0.84312,0.654518,0.466217,-0.509812,-0.307147,0,0,0,0,0,0,0.424742,0.396174,0.67933,0.049054,0.976499,-0.208644,0.0226023,-0.178981,0.0799403,0.739144,0.694609,0.287715,0.609158,-0.25232,0,0,0,0,0,0,0,-0.0023148,0.00213514,-0.00347682,-0.00273842,30.0083,9.99613,10.82,3.77765,-8.87076,-3.44152,3.97939,-1.13502,0,0,-12,0,0,0,0,0,6.20095,0,0,0,
0.492644,0.120926,0.84312,0.654518,0.466217,-0.509812,-0.307147,-1.78957e-06,5.46334e-07,1.59311e-06,-4.95147e-06,-3.58902e-06,-4.33129e-06,0.424742,0.396174,0.67933,0.0490539,0.976499,-0.208644,0.0226024,-0.178981,0.0799403,0.739144,0.694609,0.287715,0.609158,-0.25232,0,0,0,0,0,0,0,0.000422486,0.00130364,-0.00174902,-0.00240128,29.7941,9.99438,10.744,3.79587,-8.83626,-3.42581,3.93445,-1.12066,0,0,-12,0,0,0,0,0,6.20095,0,0,0,
0.492644,0.120926,0.84312,0.654518,0.466217,-0.509812,-0.307147,-1.78957e-06,5.46334e-07,1.59311e-06,-4.95147e-06,-3.58902e-06,-4.33129e-06,0.424742,0.396174,0.67933,0.0490539,0.976499,-0.208644,0.0226024,-0.178981,0.0799403,0.739144,0.694609,0.287715,0.609158,-0.25232,0,0,0,0,0,0,0,-0.000354613,0.00212454,-0.00344588,-0.00273379,29.9138,9.99595,10.7846,3.78669,-8.85537,-3.43455,3.95954,-1.12862,0,0,-12,0,0,0,0,0,6.20095,0,0,0,
0.492644,0.120926,0.84312,0.654518,0.466217,-0.509812,-0.307147,-8.68036e-07,2.97342e-06,1.24031e-06,-4.60631e-06,-2.95756e-06,9.145e-07,0.424742,0.396174,0.67933,0.0490537,0.976499,-0.208644,0.0226024,-0.178981,0.0799403,0.739144,0.694609,0.287715,0.609158,-0.25232,0,0,0,0,0,0,0,-0.00167787,0.00235802,-0.00359727,-0.00297582,29.361,9.99467,10.6188,3.8312,-8.76938,-3.39474,3.8441,-1.09138,0,0,-12,0,0,0,0,0,6.20095,0,0,0,
0.492644,0.120926,0.84312,0.654518,0.466217,-0.509812,-0.307147,1.38233e-06,3.64064e-06,-5.29205e-07,5.17739e-07,9.47223e-07,7.86876e-06,0.424742,0.396174,0.67933,0.0490537,0.976499,-0.208644,0.0226023,-0.178981,0.0799403,0.739144,0.694609,0.287715,0.609158,-0.25232,0,0,0,0,0,0,0,0.00260108,0.00295053,-0.00515439,-0.00307905,29.5464,9.99634,10.6629,3.81984,-8.79714,-3.40783,3.88265,-1.10366,0,0,-12,0,0,0,0,0,6.20095,0,0,0,
0.492644,0.120926,0.84312,0.654518,0.466217,-0.509812,-0.307147,-1.6869e-06,-3.48926e-07,1.12973e-07,1.25534e-07,-2.17261e-06,-4.83582e-06,0.424742,0.396174,0.67933,0.049054,0.976499,-0.208644,0.0226023,-0.178981,0.0799403,0.739144,0.694609,0.287715,0.609158,-0.25232,0,0,0,0,0,0,0,0.00974197,0.00190828,-0.00332744,-0.00251467,29.4384,9.9948,10.6051,3.83217,-8.77782,-3.39943,3.85964,-1.09636,0,0,-12,0,0,0,0,0,6.20095,0,0,0,
0.492644,0.120926,0.84312,0.654518,0.466217,-0.509812,-0.307147,-1.68437e-06,-3.48402e-07,1.12803e-07,1.25346e-07,-2.16935e-06,-4.82856e-06,0.424742,0.396174,0.67933,0.049054,0.976499,-0.208644,0.0226023,-0.178981,0.0799403,0.739144,0.694609,0.287715,0.609158,-0.25232,0,0,0,0,0,0,0,0.00232252,0.00213833,-0.00348024,-0.00274654,29.5067,9.99496,10.6505,3.82178,-8.79088,-3.40494,3.87433,-1.10111,0,0,-12,0,0,0,0,0,6.20095,0,0,0,
0.492644,0.120926,0.84312,0.654518,0.466217,-0.509812,-0.307147,-1.68309e-06,-3.48139e-07,1.12718e-07,1.25251e-07,-2.16771e-06,-4.82491e-06,0.424742,0.396174,0.67933,0.049054,0.976499,-0.208644,0.0226023,-0.178981,0.0799403,0.739144,0.694609,0.287715,0.609158,-0.25232,0,0,0,0,0,0,0,0.00460397,0.00213885,-0.00347981,-0.00274914,29.2848,9.99445,10.5747,3.84147,-8.75546,-3.38874,3.82783,-1.08611,0,0,-12,0,0,0,0,0,6.20095,0,0,0,
0.492644,0.120926,0.84312,0.654518,0.466217,-0.509812,-0.307147,0,0,0,0,0,0,0.424742,0.396174,0.67933,0.049054,0.976499,-0.208644,0.0226023,-0.178981,0.0799403,0.739144,0.694609,0.287715,0.609158,-0.25232,0,0,0,0,0,0,0,0.0007414,0.00213939,-0.00348139,-0.00274924,29.3389,9.99441,10.6039,3.8344,-8.76514,-3.39293,3.83937,-1.08982,0,0,-12,0,0,0,0,0,6.20095,0,0,0,
0.492644,0.120926,0.84312,0.654518,0.466217,-0.509812,-0.307147,1.78718e-06,-5.48215e-07,-1.59518e-06,4.95935e-06,3.58788e-06,4.32323e-06,0.424742,0.396174,0.67933,0.0490537,0.976499,-0.208644,0.0226022,-0.178981,0.0799403,0.739144,0.694609,0.287715,0.609158,-0.25232,0,0,0,0,0,0,0,0.000730832,0.00223323,-0.00350198,-0.00381836,29.2535,9.99417,10.5777,3.84132,-8.75174,-3.38692,3.82142,-1.08404,0,0,-12,0,0,0,0,0,6.20095,0,0,0,
0.492644,0.120926,0.84312,0.654518,0.466217,-0.509812,-0.307147,0,0,0,0,0,0,0.424742,0.396174,0.67933,0.0490536,0.976499,-0.208644,0.0226023,-0.178981,0.0799403,0.739144,0.694609,0.287715,0.609158,-0.25232,0,0,0,0,0,0,0,0.0062986,0.00131348,-0.00176211,-0.00243269,28.9483,9.99231,10.4644,3.86896,-8.70216,-3.36427,3.7574,-1.06352,0,0,-12,0,0,0,0,0,6.20095,0,0,0,
0.492644,0.120926,0.84312,0.654518,0.466217,-0.509812,-0.307147,-8.20138e-07,-3.32738e-06,-1.12904e-06,4.73901e-06,7.86092e-07,-5.75912e-06,0.424742,0.396174,0.67933,0.049054,0.976499,-0.208644,0.0226023,-0.178981,0.0799403,0.739144,0.694609,0.287715,0.609158,-0.25232,0,0,0,0,0,0,0,0.000723609,0.00289622,-0.00521282,-0.00205095,28.9473,9.99462,10.4846,3.86756,-8.70413,-3.36453,3.7577,-1.06329,0,0,-12,0,0,0,0,0,6.20095,0,0,0,
0.492644,0.120926,0.84312,0.654518,0.466217,-0.509812,-0.307147,8.64229e-07,-2.97898e-06,-1.24184e-06,4.61367e-06,2.95544e-06,-9.30556e-07,0.424742,0.396174,0.67933,0.0490537,0.976499,-0.208644,0.0226022,-0.178981,0.0799403,0.739144,0.694609,0.287715,0.609158,-0.25232,0,0,0,0,0,0,0,0.00145771,0.00223284,-0.00350367,-0.00379855,29.1346,9.99388,10.5387,3.85153,-8.73293,-3.37828,3.79655,-1.07601,0,0,-12,0,0,0,0,0,6.20095,0,0,0,
0.492644,0.120926,0.84312,0.654518,0.466217,-0.509812,-0.307147,1.68438e-06,3.48406e-07,-1.12805e-07,-1.25347e-07,2.16937e-06,4.82861e-06,0.424742,0.396174,0.67933,0.0490537,0.976499,-0.208644,0.0226022,-0.178981,0.0799403,0.739144,0.694609,0.287715,0.609158,-0.25232,0,0,0,0,0,0,0,0.00366737,0.00214331,-0.00348533,-0.00277444,29.0466,9.99374,10.5044,3.86027,-8.71852,-3.37161,3.77814,-1.07006,0,0,-12,0,0,0,0,0,6.20095,0,0,0,
0.492644,0.120926,0.84312,0.654518,0.466217,-0.509812,-0.307147,1.68309e-06,3.4814e-07,-1.12718e-07,-1.25251e-07,2.16771e-06,4.82491e-06,0.424742,0.396174,0.67933,0.0490537,0.976499,-0.208644,0.0226022,-0.178981,0.0799403,0.739144,0.694609,0.287715,0.609158,-0.25232,0,0,0,0,0,0,0,0.00352223,0.00214387,-0.00348472,-0.00277739,28.7923,9.99302,10.4266,3.88093,-8.67881,-3.35325,3.72502,-1.05291,0,0,-12,0,0,0,0,0,6.20095,0,0,0,
0.492644,0.120926,0.84312,0.654518,0.466217,-0.509812,-0.307147,1.68564e-06,3.48666e-07,-1.12889e-07,-1.2544e-07,2.17099e-06,4.83221e-06,0.424742,0.396174,0.67933,0.0490537,0.976499,-0.208644,0.0226022,-0.178981,0.0799403,0.739144,0.694609,0.287715,0.609158,-0.25232,0,0,0,0,0,0,0,0.00274597,0.0021444,-0.00348687,-0.00277676,28.9266,9.99336,10.4705,3.86943,-8.70005,-3.36301,3.75313,-1.06198,0,0,-12,0,0,0,0,0,6.20095,0,0,0,
0.492644,0.120926,0.84312,0.654518,0.466217,-0.509812,-0.307147,1.68692e-06,3.4893e-07,-1.12974e-07,-1.25535e-07,2.17263e-06,4.83587e-06,0.424742,0.396174,0.67933,0.0490537,0.976499,-0.208644,0.0226022,-0.178981,0.0799403,0.739144,0.694609,0.287715,0.609158,-0.25232,0,0,0,0,0,0,0,0.00317874,0.00214495,-0.00348815,-0.0027773,28.9367,9.99341,10.4722,3.86891,-8.70149,-3.3637,3.7552,-1.06265,0,0,-12,0,0,0,0,0,6.20095,0,0,0,
0.492644,0.120926,0.84312,0.654518,0.466217,-0.509812,-0.307147,-1.68692e-06,-3.48929e-07,1.12974e-07,1.25535e-07,-2.17263e-06,-4.83587e-06,0.424742,0.396174,0.67933,0.049054,0.976499,-0.208644,0.0226023,-0.178981,0.0799403,0.739144,0.694609,0.287715,0.609158,-0.25232,0,0,0,0,0,0,0,0.00183174,0.00205303,-0.00347019,-0.00172102,28.8343,9.99305,10.445,3.87639,-8.68595,-3.35625,3.73398,-1.05579,0,0,-12,0,0,0,0,0,6.20095,0,0,0,
0.492644,0.120926,0.84312,0.654518,0.466217,-0.509812,-0.307147,-8.18977e-07,-3.32168e-06,-1.12622e-06,4.72802e-06,7.83832e-07,-5.75003e-06,0.424742,0.396173,0.67933,0.0490539,0.976499,-0.208644,0.0226022,-0.178981,0.0799403,0.739144,0.694609,0.287715,0.609158,-0.25232,0,0,0,0,0,0,0,-0.00365175,0.00203924,-0.00338015,-0.00357627,28.9942,9.99293,10.5118,3.85926,-8.71257,-3.36848,3.76755,-1.0666,0,0,-12,0,0,0,0,0,6.20094,0,0,0,
0.492644,0.120926,0.84312,0.654518,0.466217,-0.509812,-0.307147,7.66634e-07,-2.0779e-06,2.39744e-07,-4.70789e-07,1.54279e-06,-4.06314e-07,0.424742,0.396173,0.67933,0.0490539,0.976499,-0.208644,0.0226022,-0.178981,0.0799403,0.739144,0.694609,0.287715,0.609158,-0.25232,0,0,0,0,0,0,0,-0.00276334,0.00214377,-0.00348811,-0.0027767,28.7857,9.99268,10.4449,3.87716,-8.67976,-3.35323,3.72401,-1.05256,0,0,-12,0,0,0,0,0,6.20094,0,0,0,
0.492644,0.120926,0.84312,0.654518,0.466217,-0.509812,-0.307147,-1.02583e-07,8.94596e-07,1.47903e-06,-5.07323e-06,-1.41533e-06,5.04196e-07,0.424742,0.396174,0.67933,0.0490536,0.976499,-0.208644,0.0226023,-0.178981,0.0799403,0.739144,0.694609,0.287715,0.609158,-0.25232,0,0,0,0,0,0,0,-0.00171427,0.00149594,-0.00185681,-0.00263072,28.7507,9.99162,10.4298,3.87982,-8.67381,-3.35061,3.71656,-1.05034,0,0,-12,0,0,0,0,0,6.20095,0,0,0,
0.492644,0.120926,0.84312,0.654518,0.466217,-0.509812,-0.307147,-8.67942e-07,2.97276e-06,1.2392e-06,-4.60253e-06,-2.95648e-06,9.14172e-07,0.424742,0.396174,0.67933,0.0490537,0.976499,-0.208644,0.0226024,-0.178981,0.0799403,0.739144,0.694609,0.287715,0.609158,-0.25232,0,0,0,0,0,0,0,-0.00227943,0.00227252,-0.00359143,-0.00196755,28.6033,9.99251,10.3874,3.89268,-8.65117,-3.3399,3.68595,-1.04031,0,0,-12,0,0,0,0,0,6.20095,0,0,0,
0.492645,0.120926,0.84312,0.654518,0.466217,-0.509812,-0.307147,8.20291e-07,3.32603e-06,1.1268e-06,-4.73133e-06,-7.83951e-07,5.75835e-06,0.424742,0.396174,0.67933,0.0490534,0.976499,-0.208644,0.0226023,-0.178981,0.0799403,0.739144,0.694609,0.287715,0.609158,-0.25232,0,0,0,0,0,0,0,-0.000598223,0.00222802,-0.00347995,-0.00378752,28.6291,9.99234,10.3897,3.89137,-8.65455,-3.34191,3.69108,-1.04195,0,0,-12,0,0,0,0,0,6.20095,0,0,0,
0.492645,0.120926,0.84312,0.654518,0.466217,-0.509812,-0.307147,2.50466e-06,3.67444e-06,1.014e-06,-4.85667e-06,1.3854e-06,1.05869e-05,0.424742,0.396174,0.67933,0.0490534,0.976499,-0.208644,0.0226023,-0.178981,0.0799403,0.739144,0.694609,0.287715,0.609158,-0.25232,0,0,0,0,0,0,0,0.0053803,0.0021402,-0.00346441,-0.00278183,28.6491,9.9927,10.3764,3.89388,-8.65582,-3.34276,3.69498,-1.04322,0,0,-12,0,0,0,0,0,6.20095,0,0,0,
0.492645,0.120926,0.84312,0.654518,0.466217,-0.509812,-0.307147,8.20135e-07,3.32739e-06,1.12904e-06,-4.73901e-06,-7.86094e-07,5.75912e-06,0.424742,0.396174,0.67933,0.0490534,0.976499,-0.208644,0.0226023,-0.178981,0.0799403,0.739144,0.694609,0.287715,0.609158,-0.25232,0,0,0,0,0,0,0,0.00446714,0.00214073,-0.00346421,-0.00278412,28.4638,9.99213,10.3223,3.90838,-8.62714,-3.32944,3.65632,-1.03074,0,0,-12,0,0,0,0,0,6.20095,0,0,0,
0.492644,0.120926,0.84312,0.654518,0.466217,-0.509812,-0.307147,-1.68309e-06,-3.48139e-07,1.12718e-07,1.25251e-07,-2.16771e-06,-4.82491e-06,0.424742,0.396174,0.67933,0.049054,0.976499,-0.208644,0.0226023,-0.178981,0.0799403,0.739144,0.694609,0.287715,0.609158,-0.25232,0,0,0,0,0,0,0,0.00282426,0.00266672,-0.00505695,-0.001846,28.3754,9.99276,10.3013,3.9154,-8.61403,-3.32304,3.63813,-1.02466,0,0,-12,0,0,0,0,0,6.20095,0,0,0,
0.492644,0.120926,0.84312,0.654518,0.466217,-0.509812,-0.307147,-7.60857e-07,2.08079e-06,-2.40351e-07,4.70673e-07,-1.53577e-06,4.24847e-07,0.424742,0.396174,0.67933,0.049054,0.976499,-0.208644,0.0226023,-0.178981,0.0799403,0.739144,0.694609,0.287715,0.609158,-0.25232,0,0,0,0,0,0,0,0.00310277,0.00214901,-0.00349613,-0.00276822,28.4617,9.99207,10.3261,3.90764,-8.62727,-3.32939,3.65598,-1.03062,0,0,-12,0,0,0,0,0,6.20095,0,0,0,
0.492644,0.120926,0.84312,0.654518,0.466217,-0.509812,-0.307147,2.60605e-06,2.77891e-06,-4.66056e-07,2.20431e-07,2.80015e-06,1.00787e-05,0.424742,0.396174,0.67933,0.0490537,0.976499,-0.208644,0.0226022,-0.178981,0.0799403,0.739144,0.694609,0.287715,0.609158,-0.25232,0,0,0,0,0,0,0,0.00833384,0.00224044,-0.00351188,-0.00381125,28.2092,9.99163,10.2313,3.9318,-8.58608,-3.31092,3.60281,-1.01348,0,0,-12,0,0,0,0,0,6.20095,0,0,0,
0.492644,0.120926,0.84312,0.654518,0.466217,-0.509812,-0.307147,-1.78591e-06,5.48479e-07,1.59509e-06,-4.95944e-06,-3.58624e-06,-4.31958e-06,0.424742,0.396174,0.67933,0.0490539,0.976499,-0.208644,0.0226024,-0.178981,0.0799403,0.739144,0.694609,0.287715,0.609158,-0.25232,0,0,0,0,0,0,0,0.00607779,0.00122503,-0.0017479,-0.0014018,28.1912,9.99017,10.232,3.93065,-8.58392,-3.30944,3.59935,-1.01248,0,0,-12,0,0,0,0,0,6.20095,0,0,0,
0.492644,0.120926,0.84312,0.654518,0.466217,-0.509812,-0.307147,-1.68309e-06,-3.48139e-07,1.12718e-07,1.25252e-07,-2.16771e-06,-4.82491e-06,0.424742,0.396174,0.67933,0.0490539,0.976499,-0.208644,0.0226024,-0.178981,0.0799403,0.739144,0.694609,0.287715,0.609158,-0.25232,0,0,0,0,0,0,0,-0.000107829,0.00213895,-0.00346536,-0.00276543,28.2189,9.9912,10.2617,3.92524,-8.59031,-3.31208,3.60543,-1.01429,0,0,-12,0,0,0,0,0,6.20095,0,0,0,
0.492644,0.120926,0.84312,0.654518,0.466217,-0.509812,-0.307147,-2.60465e-06,-2.77523e-06,4.65521e-07,-2.19908e-07,-2.79919e-06,-1.00708e-05,0.424742,0.396174,0.67933,0.0490539,0.976499,-0.208644,0.0226024,-0.178981,0.0799403,0.739144,0.694609,0.287715,0.609158,-0.25232,0,0,0,0,0,0,0,0.00059184,0.00213949,-0.00346516,-0.00276774,28.0302,9.99071,10.2013,3.94113,-8.56059,-3.2984,3.56597,-1.00155,0,0,-12,0,0,0,0,0,6.20095,0,0,0,
0.492644,0.120926,0.84312,0.654518,0.466217,-0.509812,-0.307147,8.6825e-07,-2.97546e-06,-1.24367e-06,4.61785e-06,2.96075e-06,-9.15694e-07,0.424742,0.396174,0.67933,0.0490537,0.976499,-0.208644,0.0226022,-0.178981,0.0799403,0.739144,0.694609,0.287715,0.609158,-0.25232,0,0,0,0,0,0,0,0.000557554,0.00308586,-0.00525173,-0.00418721,28.1245,9.9923,10.2317,3.93453,-8.57546,-3.30542,3.58563,-1.00776,0,0,-12,0,0,0,0,0,6.20095,0,0,0,
0.492644,0.120926,0.84312,0.654518,0.466217,-0.509812,-0.307147,-9.21557e-07,-2.4271e-06,3.52803e-07,-3.45159e-07,-6.31482e-07,-5.24584e-06,0.424742,0.396174,0.67933,0.0490536,0.976499,-0.208644,0.0226023,-0.178981,0.0799403,0.739144,0.694609,0.287715,0.609158,-0.25232,0,0,0,0,0,0,0,0.00377424,0.00131769,-0.00176662,-0.00244561,27.9802,9.98946,10.1745,3.94626,-8.55161,-3.29452,3.55531,-0.998264,0,0,-12,0,0,0,0,0,6.20095,0,0,0,
0.492644,0.120926,0.84312,0.654518,0.466217,-0.509812,-0.307147,1.68692e-06,3.4893e-07,-1.12974e-07,-1.25535e-07,2.17263e-06,4.83587e-06,0.424742,0.396174,0.67933,0.0490537,0.976499,-0.208644,0.0226022,-0.178981,0.0799403,0.739144,0.694609,0.287715,0.609158,-0.25232,0,0,0,0,0,0,0,0.00686309,0.0029853,-0.00521825,-0.00314066,28.2562,9.99298,10.2518,3.92813,-8.5941,-3.31432,3.61287,-1.01656,0,0,-12,0,0,0,0,0,6.20095,0,0,0,
0.492644,0.120926,0.84312,0.654518,0.466217,-0.509812,-0.307147,7.65357e-07,-2.07817e-06,2.39829e-07,-4.70694e-07,1.54115e-06,-4.09976e-07,0.424742,0.396173,0.67933,0.0490539,0.976499,-0.208644,0.0226022,-0.178981,0.0799403,0.739144,0.694609,0.287715,0.609158,-0.25232,0,0,0,0,0,0,0,0.00609589,0.00195149,-0.00336924,-0.00258973,28.0481,9.99076,10.1888,3.94321,-8.56162,-3.29927,3.56941,-1.00264,0,0,-12,0,0,0,0,0,6.20094,0,0,0,
0.492644,0.120926,0.84312,0.654518,0.466217,-0.509812,-0.307147,-9.21559e-07,-2.42709e-06,3.52803e-07,-3.45159e-07,-6.31482e-07,-5.24584e-06,0.424742,0.396173,0.67933,0.0490539,0.976499,-0.208644,0.0226022,-0.178981,0.0799403,0.739144,0.694609,0.287715,0.609158,-0.25232,0,0,0,0,0,0,0,0.00211809,0.00215229,-0.0034992,-0.00279591,27.7617,9.99005,10.1137,3.96411,-8.51813,-3.2789,3.50979,-0.983416,0,0,-12,0,0,0,0,0,6.20094,0,0,0,
0.492644,0.120926,0.84312,0.654518,0.466217,-0.509812,-0.307147,1.02659e-07,-8.95263e-07,-1.48014e-06,5.07701e-06,1.41639e-06,-5.04572e-07,0.424742,0.396174,0.67933,0.0490537,0.976499,-0.208644,0.0226022,-0.178981,0.0799403,0.739144,0.694609,0.287715,0.609158,-0.25232,0,0,0,0,0,0,0,-0.00127089,0.00235232,-0.00363046,-0.00300079,27.6476,9.98985,10.0898,3.97134,-8.50139,-3.27093,3.48614,-0.975799,0,0,-12,0,0,0,0,0,6.20095,0,0,0,
0.492644,0.120926,0.84312,0.654518,0.466217,-0.509812,-0.307147,1.78957e-06,-5.46333e-07,-1.59311e-06,4.95147e-06,3.58902e-06,4.3313e-06,0.424742,0.396174,0.67933,0.0490537,0.976499,-0.208644,0.0226022,-0.178981,0.0799403,0.739144,0.694609,0.287715,0.609158,-0.25232,0,0,0,0,0,0,0,-0.00503854,0.00215615,-0.00350453,-0.00280032,27.8364,9.98989,10.16,3.9531,-8.53207,-3.28482,3.52584,-0.988571,0,0,-12,0,0,0,0,0,6.20095,0,0,0,
0.492644,0.120926,0.84312,0.654518,0.466217,-0.509812,-0.307147,1.02582e-07,-8.94587e-07,-1.47902e-06,5.07318e-06,1.41532e-06,-5.04191e-07,0.424742,0.396174,0.67933,0.0490537,0.976499,-0.208644,0.0226022,-0.178981,0.0799403,0.739144,0.694609,0.287715,0.609158,-0.25232,0,0,0,0,0,0,0,-0.00374898,0.00215669,-0.00350343,-0.00280378,27.5234,9.98908,10.0594,3.97954,-8.48273,-3.26211,3.46037,-0.967439,0,0,-12,0,0,0,0,0,6.20095,0,0,0,
0.492644,0.120926,0.84312,0.654518,0.466217,-0.509812,-0.307147,-1.58051e-06,-1.24273e-06,-1.3663e-06,5.19843e-06,-7.52393e-07,-5.32911e-06,0.424742,0.396174,0.67933,0.049054,0.976499,-0.208644,0.0226023,-0.178981,0.0799403,0.739144,0.694609,0.287715,0.609158,-0.25232,0,0,0,0,0,0,0,0.000716986,0.00206636,-0.00348828,-0.00176711,27.2484,9.98853,9.96018,4.00509,-8.43838,-3.24177,3.40276,-0.948843,0,0,-12,0,0,0,0,0,6.20095,0,0,0,
0.492645,0.120926,0.84312,0.654518,0.466217,-0.509812,-0.307147,9.22951e-07,2.43077e-06,-3.53337e-07,3.45682e-07,6.32438e-07,5.25378e-06,0.424742,0.396174,0.67933,0.0490534,0.976499,-0.208644,0.0226023,-0.178981,0.0799403,0.739144,0.694609,0.287715,0.609158,-0.25232,0,0,0,0,0,0,0,0.000397007,0.00165059,-0.00197099,-0.00368551,27.6141,9.98862,10.0729,3.9741,-8.49542,-3.26849,3.4789,-0.973629,0,0,-12,0,0,0,0,0,6.20095,0,0,0,
0.492645,0.120926,0.84312,0.654518,0.466217,-0.509812,-0.307147,8.20135e-07,3.32739e-06,1.12904e-06,-4.73901e-06,-7.86094e-07,5.75912e-06,0.424742,0.396174,0.67933,0.0490534,0.976499,-0.208644,0.0226023,-0.178981,0.0799403,0.739144,0.694609,0.287715,0.609158,-0.25232,0,0,0,0,0,0,0,0.00815939,0.00214985,-0.00347716,-0.00280329,27.5081,9.98964,10.016,3.98894,-8.47657,-3.26013,3.45645,-0.966218,0,0,-12,0,0,0,0,0,6.20095,0,0,0,
0.492644,0.120926,0.84312,0.654518,0.466217,-0.509812,-0.307147,-7.60159e-07,2.08262e-06,-2.40618e-07,4.70934e-07,-1.53529e-06,4.28819e-07,0.424742,0.396174,0.67933,0.049054,0.976499,-0.208644,0.0226023,-0.178981,0.0799403,0.739144,0.694609,0.287715,0.609158,-0.25232,0,0,0,0,0,0,0,0.00860161,0.00265485,-0.00500913,-0.00190669,27.4448,9.99041,9.99593,3.9953,-8.46671,-3.25539,3.44337,-0.961805,0,0,-12,0,0,0,0,0,6.20095,0,0,0,
0.492644,0.120926,0.84312,0.654518,0.466217,-0.509812,-0.307147,-7.60152e-07,2.0826e-06,-2.40616e-07,4.70929e-07,-1.53528e-06,4.28814e-07,0.424742,0.396174,0.67933,0.049054,0.976499,-0.208644,0.0226023,-0.178981,0.0799403,0.739144,0.694609,0.287715,0.609158,-0.25232,0,0,0,0,0,0,0,0.000942056,0.00215815,-0.00350621,-0.00279122,27.0947,9.98811,9.91209,4.01776,-8.41423,-3.2308,3.37053,-0.93845,0,0,-12,0,0,0,0,0,6.20095,0,0,0,
0.492644,0.120926,0.84312,0.654518,0.466217,-0.509812,-0.307147,-1.68309e-06,-3.48139e-07,1.12718e-07,1.25251e-07,-2.16771e-06,-4.82491e-06,0.424742,0.396174,0.67933,0.049054,0.976499,-0.208644,0.0226023,-0.178981,0.0799403,0.739144,0.694609,0.287715,0.609158,-0.25232,0,0,0,0,0,0,0,-0.000950453,0.00215867,-0.00350715,-0.00279206,27.0658,9.98793,9.90934,4.01882,-8.41032,-3.22885,3.36461,-0.936533,0,0,-12,0,0,0,0,0,6.20095,0,0,0,
0.492644,0.120926,0.84312,0.654518,0.466217,-0.509812,-0.307147,0,0,0,0,0,0,0.424742,0.396174,0.67933,0.0490537,0.976499,-0.208644,0.0226022,-0.178981,0.0799403,0.739144,0.694609,0.287715,0.609158,-0.25232,0,0,0,0,0,0,0,0.00327712,0.00225215,-0.0035209,-0.00385744,26.9281,9.98777,9.85317,4.03293,-8.38739,-3.21874,3.33547,-0.927152,0,0,-12,0,0,0,0,0,6.20095,0,0,0,
0.492644,0.120926,0.84312,0.654518,0.466217,-0.509812,-0.307147,-1.02736e-07,8.95931e-07,1.48124e-06,-5.0808e-06,-1.41744e-06,5.04948e-07,0.424742,0.396174,0.67933,0.0490536,0.976499,-0.208644,0.0226023,-0.178981,0.0799403,0.739144,0.694609,0.287715,0.609158,-0.25232,0,0,0,0,0,0,0,-6.05087e-05,0.00132193,-0.00176911,-0.00245895,26.865,9.98612,9.84343,4.03468,-8.37847,-3.21424,3.32255,-0.923105,0,0,-12,0,0,0,0,0,6.20095,0,0,0,
0.492644,0.120926,0.84312,0.654518,0.466217,-0.509812,-0.307147,-1.02582e-07,8.94588e-07,1.47902e-06,-5.07318e-06,-1.41532e-06,5.04191e-07,0.424742,0.396174,0.67933,0.0490539,0.976499,-0.208644,0.0226024,-0.178981,0.0799403,0.739144,0.694609,0.287715,0.609158,-0.25232,0,0,0,0,0,0,0,0.00289627,0.00205832,-0.00346271,-0.0017621,26.7172,9.98713,9.78948,4.04994,-8.35465,-3.20323,3.29165,-0.912983,0,0,-12,0,0,0,0,0,6.20095,0,0,0,
0.492644,0.120926,0.84312,0.654518,0.466217,-0.509812,-0.307147,-1.7883e-06,5.46598e-07,1.59302e-06,-4.95157e-06,-3.58737e-06,-4.32764e-06,0.424742,0.396174,0.67933,0.0490539,0.976499,-0.208644,0.0226024,-0.178981,0.0799403,0.739144,0.694609,0.287715,0.609158,-0.25232,0,0,0,0,0,0,0,0.000473978,0.00214912,-0.00347707,-0.00279026,26.7533,9.98711,9.80842,4.0453,-8.361,-3.20616,3.29922,-0.915432,0,0,-12,0,0,0,0,0,6.20095,0,0,0,
0.492644,0.120926,0.84312,0.654518,0.466217,-0.509812,-0.307147,-2.6072e-06,-2.77576e-06,4.65692e-07,-2.19718e-07,-2.80247e-06,-1.00781e-05,0.424742,0.396174,0.67933,0.0490539,0.976499,-0.208644,0.0226024,-0.178981,0.0799403,0.739144,0.694609,0.287715,0.609158,-0.25232,0,0,0,0,0,0,0,0.00389046,0.00214964,-0.00347911,-0.00278973,26.8783,9.98764,9.83585,4.03743,-8.37947,-3.21495,3.32514,-0.923812,0,0,-12,0,0,0,0,0,6.20095,0,0,0,
0.492644,0.120926,0.84312,0.654518,0.466217,-0.509812,-0.307147,-1.7883e-06,5.46598e-07,1.59302e-06,-4.95157e-06,-3.58737e-06,-4.32764e-06,0.424742,0.396174,0.67933,0.0490539,0.976499,-0.208644,0.0226024,-0.178981,0.0799403,0.739144,0.694609,0.287715,0.609158,-0.25232,0,0,0,0,0,0,0,0.0027724,0.00215018,-0.00347798,-0.0027932,26.5579,9.98668,9.74078,4.06283,-8.32973,-3.19188,3.25827,-0.902218,0,0,-12,0,0,0,0,0,6.20095,0,0,0,
0.492644,0.120926,0.84312,0.654518,0.466217,-0.509812,-0.307147,0,0,0,0,0,0,0.424742,0.396174,0.67933,0.049054,0.976499,-0.208644,0.0226023,-0.178981,0.0799403,0.739144,0.694609,0.287715,0.609158,-0.25232,0,0,0,0,0,0,0,0.00297893,0.00298711,-0.00521205,-0.00315022,26.5243,9.98789,9.73093,4.06686,-8.32457,-3.18948,3.25128,-0.899813,0,0,-12,0,0,0,0,0,6.20095,0,0,0,
0.492644,0.120926,0.84312,0.654518,0.466217,-0.509812,-0.307147,1.68311e-06,3.48143e-07,-1.12719e-07,-1.25252e-07,2.16773e-06,4.82496e-06,0.424742,0.396174,0.67933,0.0490537,0.976499,-0.208644,0.0226022,-0.178981,0.0799403,0.739144,0.694609,0.287715,0.609158,-0.25232,0,0,0,0,0,0,0,0.00210014,0.00225495,-0.00352392,-0.00385576,26.4133,9.98626,9.69843,4.07415,-8.30728,-3.18163,3.22799,-0.892448,0,0,-12,0,0,0,0,0,6.20095,0,0,0,
0.492644,0.120926,0.84312,0.654518,0.466217,-0.509812,-0.307147,1.68309e-06,3.4814e-07,-1.12718e-07,-1.25251e-07,2.16771e-06,4.82491e-06,0.424742,0.396174,0.67933,0.0490537,0.976499,-0.208644,0.0226022,-0.178981,0.0799403,0.739144,0.694609,0.287715,0.609158,-0.25232,0,0,0,0,0,0,0,0.00458411,0.00216471,-0.00351331,-0.0028225,26.4529,9.9865,9.70259,4.07266,-8.31274,-3.18416,3.23623,-0.895101,0,0,-12,0,0,0,0,0,6.20095,0,0,0,
0.492644,0.120926,0.84312,0.654518,0.466217,-0.509812,-0.307147,-2.50339e-06,-3.67417e-06,-1.01408e-06,4.85658e-06,-1.38376e-06,-1.05833e-05,0.424742,0.396173,0.67933,0.0490542,0.976499,-0.208644,0.0226023,-0.178981,0.0799403,0.739144,0.694609,0.287715,0.609158,-0.25232,0,0,0,0,0,0,0,0.000322865,0.00187507,-0.00337346,-0.00157791,26.5415,9.98623,9.74351,4.0623,-8.32797,-3.19071,3.25513,-0.901145,0,0,-12,0,0,0,0,0,6.20094,0,0,0,
0.492644,0.120926,0.84312,0.654518,0.466217,-0.509812,-0.307147,1.78591e-06,-5.48478e-07,-1.5951e-06,4.95944e-06,3.58624e-06,4.31958e-06,0.424742,0.396174,0.67933,0.0490537,0.976499,-0.208644,0.0226022,-0.178981,0.0799403,0.739144,0.694609,0.287715,0.609158,-0.25232,0,0,0,0,0,0,0,-0.00242914,0.00245482,-0.00365652,-0.0040566,26.5136,9.98661,9.74428,4.0631,-8.32443,-3.18924,3.24921,-0.899316,0,0,-12,0,0,0,0,0,6.20095,0,0,0,
0.492644,0.120926,0.84312,0.654518,0.466217,-0.509812,-0.307147,1.78712e-06,-5.47534e-07,-1.59406e-06,4.9555e-06,3.58683e-06,4.32366e-06,0.424742,0.396174,0.67933,0.0490537,0.976499,-0.208644,0.0226022,-0.178981,0.0799403,0.739144,0.694609,0.287715,0.609158,-0.25232,0,0,0,0,0,0,0,0.00203104,0.00216631,-0.00351561,-0.00282583,26.2875,9.9859,9.65995,4.08441,-8.28769,-3.17241,3.20184,-0.883989,0,0,-12,0,0,0,0,0,6.20095,0,0,0,
0.492644,0.120926,0.84312,0.654518,0.466217,-0.509812,-0.307147,1.68437e-06,3.48403e-07,-1.12803e-07,-1.25346e-07,2.16935e-06,4.82856e-06,0.424742,0.396174,0.67933,0.0490536,0.976499,-0.208644,0.0226023,-0.178981,0.0799403,0.739144,0.694609,0.287715,0.609158,-0.25232,0,0,0,0,0,0,0,-0.0032435,0.00132032,-0.00176308,-0.00246437,26.2688,9.98427,9.67014,4.08116,-8.28627,-3.1714,3.1982,-0.882949,0,0,-12,0,0,0,0,0,6.20095,0,0,0,
0.492644,0.120926,0.84312,0.654518,0.466217,-0.509812,-0.307147,1.02737e-07,-8.9594e-07,-1.48126e-06,5.08085e-06,1.41746e-06,-5.04953e-07,0.424742,0.396174,0.67933,0.049054,0.976499,-0.208644,0.0226023,-0.178981,0.0799403,0.739144,0.694609,0.287715,0.609158,-0.25232,0,0,0,0,0,0,0,-0.00371132,0.00289132,-0.00518464,-0.00214542,26.2599,9.98679,9.67124,4.08387,-8.2854,-3.17073,3.19656,-0.882111,0,0,-12,0,0,0,0,0,6.20095,0,0,0,
0.492644,0.120926,0.84312,0.654518,0.466217,-0.509812,-0.307147,1.68309e-06,3.4814e-07,-1.12718e-07,-1.25251e-07,2.16771e-06,4.82491e-06,0.424742,0.396174,0.67933,0.0490537,0.976499,-0.208644,0.0226022,-0.178981,0.0799403,0.739144,0.694609,0.287715,0.609158,-0.25232,0,0,0,0,0,0,0,0.00260044,0.00226034,-0.00353021,-0.00388015,26.299,9.98597,9.66163,4.08382,-8.28926,-3.17335,3.2041,-0.884736,0,0,-12,0,0,0,0,0,6.20095,0,0,0,
0.492644,0.120926,0.84312,0.654518,0.466217,-0.509812,-0.307147,0,0,0,0,0,0,0.424742,0.396174,0.67933,0.0490537,0.976499,-0.208644,0.0226022,-0.178981,0.0799403,0.739144,0.694609,0.287715,0.609158,-0.25232,0,0,0,0,0,0,0,0.00591367,0.00216843,-0.00351941,-0.00282933,26.1702,9.98578,9.61121,4.09665,-8.26812,-3.16365,3.17709,-0.876014,0,0,-12,0,0,0,0,0,6.20095,0,0,0,
0.492644,0.120926,0.84312,0.654518,0.466217,-0.509812,-0.307147,0,0,0,0,0,0,0.424742,0.396174,0.67933,0.0490537,0.976499,-0.208644,0.0226022,-0.178981,0.0799403,0.739144,0.694609,0.287715,0.609158,-0.25232,0,0,0,0,0,0,0,-0.00114517,0.00216896,-0.00351965,-0.0028311,26.0426,9.98505,9.59483,4.10223,-8.25041,-3.15495,3.15086,-0.86752,0,0,-12,0,0,0,0,0,6.20095,0,0,0,
0.492644,0.120926,0.84312,0.654518,0.466217,-0.509812,-0.307147,2.6072e-06,2.77576e-06,-4.65692e-07,2.19719e-07,2.80247e-06,1.00781e-05,0.424742,0.396174,0.67933,0.0490537,0.976499,-0.208644,0.0226022,-0.178981,0.0799403,0.739144,0.694609,0.287715,0.609158,-0.25232,0,0,0,0,0,0,0,0.0055509,0.00216949,-0.00352103,-0.00283144,26.0723,9.98548,9.58224,4.10439,-8.25294,-3.1566,3.15667,-0.869418,0,0,-12,0,0,0,0,0,6.20095,0,0,0,
0.492644,0.120926,0.84312,0.654518,0.466217,-0.509812,-0.307147,0,0,0,0,0,0,0.424742,0.396174,0.67933,0.0490537,0.976499,-0.208644,0.0226022,-0.178981,0.0799403,0.739144,0.694609,0.287715,0.609158,-0.25232,0,0,0,0,0,0,0,0.00113397,0.00217002,-0.00351773,-0.00283756,25.4614,9.98353,9.4084,4.15124,-8.15882,-3.11279,3.0293,-0.828281,0,0,-12,0,0,0,0,0,6.20095,0,0,0,
0.492644,0.120926,0.84312,0.654518,0.466217,-0.509812,-0.307147,0,0,0,0,0,0,0.424742,0.396174,0.67933,0.0490537,0.976499,-0.208644,0.0226022,-0.178981,0.0799403,0.739144,0.694609,0.287715,0.609158,-0.25232,0,0,0,0,0,0,0,0.00197481,0.00217073,-0.00352665,-0.00282926,26.4716,9.98643,9.71683,4.06935,-8.31649,-3.18571,3.24029,-0.896403,0,0,-12,0,0,0,0,0,6.20095,0,0,0,
0.492644,0.120926,0.84312,0.654518,0.466217,-0.509812,-0.307147,-1.58298e-06,-1.24393e-06,-1.36725e-06,5.20245e-06,-7.54601e-07,-5.33678e-06,0.424742,0.396174,0.67933,0.049054,0.976499,-0.208644,0.0226023,-0.178981,0.0799403,0.739144,0.694609,0.287715,0.609158,-0.25232,0,0,0,0,0,0,0,0.00184025,0.00207954,-0.00351431,-0.00178508,25.9604,9.98497,9.55982,4.11103,-8.23666,-3.14863,3.1336,-0.861946,0,0,-12,0,0,0,0,0,6.20095,0,0,0,
0.492644,0.120926,0.84312,0.654518,0.466217,-0.509812,-0.307147,0,0,0,0,0,0,0.424742,0.396174,0.67933,0.049054,0.976499,-0.208644,0.0226023,-0.178981,0.0799403,0.739144,0.694609,0.287715,0.609158,-0.25232,0,0,0,0,0,0,0,0.00280281,0.00217052,-0.00352439,-0.00281657,25.8495,9.98471,9.52252,4.12071,-8.21897,-3.1407,3.11027,-0.854431,0,0,-12,0,0,0,0,0,6.20095,0,0,0,
0.492644,0.120926,0.84312,0.654518,0.466217,-0.509812,-0.307147,-1.0266e-07,8.95264e-07,1.48014e-06,-5.07701e-06,-1.41639e-06,5.04572e-07,0.424742,0.396174,0.67933,0.0490536,0.976499,-0.208644,0.0226023,-0.178981,0.0799403,0.739144,0.694609,0.287715,0.609158,-0.25232,0,0,0,0,0,0,0,0.00323016,0.0014238,-0.00179819,-0.00350036,25.8147,9.98335,9.50926,4.12265,-8.21319,-3.13827,3.10285,-0.852197,0,0,-12,0,0,0,0,0,6.20095,0,0,0,
0.492644,0.120926,0.84312,0.654518,0.466217,-0.509812,-0.307147,-1.0266e-07,8.95264e-07,1.48014e-06,-5.07701e-06,-1.41639e-06,5.04572e-07,0.424742,0.396174,0.67933,0.0490536,0.976499,-0.208644,0.0226023,-0.178981,0.0799403,0.739144,0.694609,0.287715,0.609158,-0.25232,0,0,0,0,0,0,0,0.00171648,0.0021612,-0.00349361,-0.00283112,25.7644,9.9844,9.49984,4.12688,-8.20601,-3.13464,3.09257,-0.848716,0,0,-12,0,0,0,0,0,6.20095,0,0,0,
0.492644,0.120926,0.84312,0.654518,0.466217,-0.509812,-0.307147,-1.68309e-06,-3.48139e-07,1.12718e-07,1.25251e-07,-2.16771e-06,-4.82491e-06,0.424742,0.396174,0.67933,0.049054,0.976499,-0.208644,0.0226023,-0.178981,0.0799403,0.739144,0.694609,0.287715,0.609158,-0.25232,0,0,0,0,0,0,0,0.00186395,0.00288595,-0.0051688,-0.00217079,25.7221,9.98554,9.48746,4.13159,-8.19955,-3.13146,3.08385,-0.845745,0,0,-12,0,0,0,0,0,6.20095,0,0,0,
0.492644,0.120926,0.84312,0.654518,0.466217,-0.509812,-0.307147,-1.68309e-06,-3.48139e-07,1.12718e-07,1.25251e-07,-2.16771e-06,-4.82491e-06,0.424742,0.396174,0.67933,0.049054,0.976499,-0.208644,0.0226023,-0.178981,0.0799403,0.739144,0.694609,0.287715,0.609158,-0.25232,0,0,0,0,0,0,0,0.00104881,0.0021727,-0.00352795,-0.00282056,25.6897,9.98417,9.47902,4.13254,-8.19455,-3.12929,3.07701,-0.843685,0,0,-12,0,0,0,0,0,6.20095,0,0,0,
0.492644,0.120926,0.84312,0.654518,0.466217,-0.509812,-0.307147,0,0,0,0,0,0,0.424742,0.396174,0.67933,0.0490537,0.976499,-0.208644,0.0226022,-0.178981,0.0799403,0.739144,0.694609,0.287715,0.609158,-0.25232,0,0,0,0,0,0,0,0.000498128,0.00226073,-0.0035373,-0.00382257,25.6628,9.98408,9.4725,4.13433,-8.19047,-3.12753,3.07132,-0.841859,0,0,-12,0,0,0,0,0,6.20095,0,0,0,
0.492644,0.120926,0.84312,0.654518,0.466217,-0.509812,-0.307147,0,0,0,0,0,0,0.424742,0.396174,0.67933,0.0490537,0.976499,-0.208644,0.0226022,-0.178981,0.0799403,0.739144,0.694609,0.287715,0.609158,-0.25232,0,0,0,0,0,0,0,-0.00202231,0.00217509,-0.0035305,-0.00284134,25.7053,9.98406,9.49379,4.12917,-8.19795,-3.13064,3.08045,-0.844782,0,0,-12,0,0,0,0,0,6.20095,0,0,0,
0.492644,0.120926,0.84312,0.654518,0.466217,-0.509812,-0.307147,0,0,0,0,0,0,0.424742,0.396174,0.67933,0.049054,0.976499,-0.208644,0.0226023,-0.178981,0.0799403,0.739144,0.694609,0.287715,0.609158,-0.25232,0,0,0,0,0,0,0,-0.00211139,0.00208845,-0.00352228,-0.00184584,25.5083,9.9835,9.43342,4.14523,-8.16723,-3.11627,3.0394,-0.831516,0,0,-12,0,0,0,0,0,6.20095,0,0,0,
0.492644,0.120926,0.84312,0.654518,0.466217,-0.509812,-0.307147,0,0,0,0,0,0,0.424742,0.396174,0.67933,0.049054,0.976499,-0.208644,0.0226023,-0.178981,0.0799403,0.739144,0.694609,0.287715,0.609158,-0.25232,0,0,0,0,0,0,0,-9.47686e-05,0.00217494,-0.0035296,-0.00282723,25.2454,9.98287,9.34588,4.16803,-8.12545,-3.09728,2.98426,-0.813736,0,0,-12,0,0,0,0,0,6.20095,0,0,0,
0.492644,0.120926,0.84312,0.654518,0.466217,-0.509812,-0.307147,1.02815e-07,-8.96618e-07,-1.48238e-06,5.08469e-06,1.41853e-06,-5.05335e-07,0.424742,0.396174,0.67933,0.0490537,0.976499,-0.208644,0.0226022,-0.178981,0.0799403,0.739144,0.694609,0.287715,0.609158,-0.25232,0,0,0,0,0,0,0,0.000781893,0.00226501,-0.00353954,-0.0038511,25.3706,9.98327,9.38158,4.15838,-8.14469,-3.1064,3.01026,-0.822145,0,0,-12,0,0,0,0,0,6.20095,0,0,0,
0.492644,0.120926,0.84312,0.654518,0.466217,-0.509812,-0.307147,1.02815e-07,-8.96618e-07,-1.48238e-06,5.08469e-06,1.41853e-06,-5.05335e-07,0.424742,0.396174,0.67933,0.0490537,0.976499,-0.208644,0.0226022,-0.178981,0.0799403,0.739144,0.694609,0.287715,0.609158,-0.25232,0,0,0,0,0,0,0,-0.000121993,0.00217729,-0.00353267,-0.00284715,25.3479,9.98316,9.37755,4.15965,-8.14148,-3.10469,3.00568,-0.820649,0,0,-12,0,0,0,0,0,6.20095,0,0,0,
0.492644,0.120926,0.84312,0.654518,0.466217,-0.509812,-0.307147,1.68564e-06,3.48666e-07,-1.12889e-07,-1.2544e-07,2.17099e-06,4.83221e-06,0.424742,0.396174,0.67933,0.0490537,0.976499,-0.208644,0.0226022,-0.178981,0.0799403,0.739144,0.694609,0.287715,0.609158,-0.25232,0,0,0,0,0,0,0,0.00201568,0.00217782,-0.00353396,-0.0028476,25.3675,9.98332,9.37664,4.15952,-8.14386,-3.10594,3.00964,-0.821934,0,0,-12,0,0,0,0,0,6.20095,0,0,0,
0.492644,0.120926,0.84312,0.654518,0.466217,-0.509812,-0.307147,0,0,0,0,0,0,0.424742,0.396174,0.67933,0.049054,0.976499,-0.208644,0.0226023,-0.178981,0.0799403,0.739144,0.694609,0.287715,0.609158,-0.25232,0,0,0,0,0,0,0,0.00190556,0.00208733,-0.00352711,-0.00180731,25.2992,9.98312,9.35597,4.16506,-8.13328,-3.10087,2.99548,-0.817349,0,0,-12,0,0,0,0,0,6.20095,0,0,0,
0.492644,0.120926,0.84312,0.654518,0.466217,-0.509812,-0.307147,0,0,0,0,0,0,0.424742,0.396174,0.67933,0.0490537,0.976499,-0.208644,0.0226022,-0.178981,0.0799403,0.739144,0.694609,0.287715,0.609158,-0.25232,0,0,0,0,0,0,0,0.00317259,0.00226945,-0.0035421,-0.00388193,25.1484,9.98277,9.30539,4.17816,-8.1092,-3.09018,2.9637,-0.807122,0,0,-12,0,0,0,0,0,6.20095,0,0,0,
0.492644,0.120926,0.84312,0.654518,0.466217,-0.509812,-0.307147,0,0,0,0,0,0,0.424742,0.396174,0.67933,0.0490537,0.976499,-0.208644,0.0226022,-0.178981,0.0799403,0.739144,0.694609,0.287715,0.609158,-0.25232,0,0,0,0,0,0,0,-0.000733196,0.00217943,-0.0035357,-0.00285165,25.1309,9.98252,9.31269,4.17695,-8.10774,-3.08905,2.96037,-0.806021,0,0,-12,0,0,0,0,0,6.20095,0,0,0,
0.492644,0.120926,0.84312,0.654518,0.466217,-0.509812,-0.307147,0,0,0,0,0,0,0.424742,0.396174,0.67933,0.0490537,0.976499,-0.208644,0.0226022,-0.178981,0.0799403,0.739144,0.694609,0.287715,0.609158,-0.25232,0,0,0,0,0,0,0,-0.00262945,0.00217995,-0.00353739,-0.00285158,25.2082,9.98264,9.34266,4.16933,-8.12043,-3.09478,2.97664,-0.811265,0,0,-12,0,0,0,0,0,6.20095,0,0,0,
0.492644,0.120926,0.84312,0.654518,0.466217,-0.509812,-0.307147,1.68309e-06,3.4814e-07,-1.12718e-07,-1.25251e-07,2.16771e-06,4.82491e-06,0.424742,0.396174,0.67933,0.0490537,0.976499,-0.208644,0.0226022,-0.178981,0.0799403,0.739144,0.694609,0.287715,0.609158,-0.25232,0,0,0,0,0,0,0,-0.000276427,0.00218049,-0.00353692,-0.00285424,24.9849,9.98213,9.26625,4.18918,-8.08478,-3.07847,2.92985,-0.796167,0,0,-12,0,0,0,0,0,6.20095,0,0,0,
0.492644,0.120926,0.84312,0.654518,0.466217,-0.509812,-0.307147,0,0,0,0,0,0,0.424742,0.396174,0.67933,0.0490537,0.976499,-0.208644,0.0226022,-0.178981,0.0799403,0.739144,0.694609,0.287715,0.609158,-0.25232,0,0,0,0,0,0,0,-6.61709e-05,0.00218102,-0.00353813,-0.00285481,24.993,9.98216,9.26804,4.18867,-8.08597,-3.07904,2.93152,-0.796706,0,0,-12,0,0,0,0,0,6.20095,0,0,0,
0.492644,0.120926,0.84312,0.654518,0.466217,-0.509812,-0.307147,0,0,0,0,0,0,0.424742,0.396174,0.67933,0.0490537,0.976499,-0.208644,0.0226022,-0.178981,0.0799403,0.739144,0.694609,0.287715,0.609158,-0.25232,0,0,0,0,0,0,0,0.00244298,0.00218156,-0.00353902,-0.00285579,24.9553,9.98219,9.2483,4.19346,-8.07929,-3.07614,2.9235,-0.794127,0,0,-12,0,0,0,0,0,6.20095,0,0,0,
0.492644,0.120926,0.84312,0.654518,0.466217,-0.509812,-0.307147,0,0,0,0,0,0,0.424742,0.396174,0.67933,0.0490537,0.976499,-0.208644,0.0226022,-0.178981,0.0799403,0.739144,0.694609,0.287715,0.609158,-0.25232,0,0,0,0,0,0,0,0.00259824,0.00218209,-0.00353859,-0.00285835,24.7416,9.98159,9.18197,4.21101,-8.04583,-3.06069,2.87885,-0.77971,0,0,-12,0,0,0,0,0,6.20095,0,0,0,
0.492644,0.120926,0.84312,0.654518,0.466217,-0.509812,-0.307147,0,0,0,0,0,0,0.424742,0.396174,0.67933,0.049054,0.976499,-0.208644,0.0226023,-0.178981,0.0799403,0.739144,0.694609,0.287715,0.609158,-0.25232,0,0,0,0,0,0,0,-0.000365778,0.00209046,-0.00353414,-0.0018038,24.8397,9.98171,9.22183,4.20101,-8.06216,-3.06784,2.89962,-0.786394,0,0,-12,0,0,0,0,0,6.20095,0,0,0,
0.492644,0.120926,0.84312,0.654518,0.466217,-0.509812,-0.307147,1.68309e-06,3.4814e-07,-1.12718e-07,-1.25251e-07,2.16771e-06,4.82491e-06,0.424742,0.396174,0.67933,0.0490537,0.976499,-0.208644,0.0226022,-0.178981,0.0799403,0.739144,0.694609,0.287715,0.609158,-0.25232,0,0,0,0,0,0,0,-0.0010172,0.00227458,-0.00354657,-0.00390131,24.6673,9.9812,9.17079,4.21457,-8.0353,-3.05573,2.86343,-0.774734,0,0,-12,0,0,0,0,0,6.20095,0,0,0,
0.492644,0.120926,0.84312,0.654518,0.466217,-0.509812,-0.307147,-1.68309e-06,-3.48139e-07,1.12718e-07,1.25251e-07,-2.16771e-06,-4.82491e-06,0.424742,0.396174,0.67933,0.049054,0.976499,-0.208644,0.0226023,-0.178981,0.0799403,0.739144,0.694609,0.287715,0.609158,-0.25232,0,0,0,0,0,0,0,-0.00174551,0.00209503,-0.00353776,-0.00184383,24.9428,9.98193,9.25806,4.19165,-8.07871,-3.07539,2.92124,-0.793368,0,0,-12,0,0,0,0,0,6.20095,0,0,0,
0.492644,0.120926,0.84312,0.654518,0.466217,-0.509812,-0.307147,-1.68564e-06,-3.48665e-07,1.12888e-07,1.2544e-07,-2.17099e-06,-4.83221e-06,0.424742,0.396174,0.67933,0.049054,0.976499,-0.208644,0.0226023,-0.178981,0.0799403,0.739144,0.694609,0.287715,0.609158,-0.25232,0,0,0,0,0,0,0,-0.00116708,0.00218295,-0.00354161,-0.00284333,24.5172,9.98077,9.12507,4.22676,-8.01194,-3.04474,2.83218,-0.764633,0,0,-12,0,0,0,0,0,6.20095,0,0,0,
0.492644,0.120926,0.84312,0.654518,0.466217,-0.509812,-0.307147,0,0,0,0,0,0,0.424742,0.396174,0.67933,0.0490537,0.976499,-0.208644,0.0226022,-0.178981,0.0799403,0.739144,0.694609,0.287715,0.609158,-0.25232,0,0,0,0,0,0,0,0.000913185,0.00227592,-0.00354795,-0.00390218,24.4496,9.98069,9.0975,4.23366,-8.00067,-3.03987,2.81785,-0.760026,0,0,-12,0,0,0,0,0,6.20095,0,0,0,
0.492644,0.120926,0.84312,0.654518,0.466217,-0.509812,-0.307147,0,0,0,0,0,0,0.424742,0.396174,0.67933,0.0490537,0.976499,-0.208644,0.0226022,-0.178981,0.0799403,0.739144,0.694609,0.287715,0.609158,-0.25232,0,0,0,0,0,0,0,0.00229565,0.00218528,-0.00354316,-0.00286502,24.4208,9.98068,9.08416,4.237,-7.99578,-3.03753,2.81185,-0.758079,0,0,-12,0,0,0,0,0,6.20095,0,0,0,
0.492644,0.120926,0.84312,0.654518,0.466217,-0.509812,-0.307147,-1.02815e-07,8.96618e-07,1.48238e-06,-5.08469e-06,-1.41853e-06,5.05335e-07,0.424742,0.396174,0.67933,0.0490536,0.976499,-0.208644,0.0226023,-0.178981,0.0799403,0.739144,0.694609,0.287715,0.609158,-0.25232,0,0,0,0,0,0,0,0.00077286,0.00134302,-0.00180074,-0.00249521,24.4304,9.97932,9.09089,4.23402,-7.9976,-3.0383,2.81391,-0.758886,0,0,-12,0,0,0,0,0,6.20095,0,0,0,
0.492644,0.120926,0.84312,0.654518,0.466217,-0.509812,-0.307147,-1.68564e-06,-3.48665e-07,1.12888e-07,1.2544e-07,-2.17099e-06,-4.83221e-06,0.424742,0.396174,0.67933,0.049054,0.976499,-0.208644,0.0226023,-0.178981,0.0799403,0.739144,0.694609,0.287715,0.609158,-0.25232,0,0,0,0,0,0,0,0.00342436,0.00289263,-0.00517446,-0.00221069,24.317,9.98167,9.04963,4.24737,-7.97939,-3.02985,2.79023,-0.750951,0,0,-12,0,0,0,0,0,6.20095,0,0,0,
0.492644,0.120926,0.84312,0.654518,0.466217,-0.509812,-0.307147,0,0,0,0,0,0,0.424742,0.396174,0.67933,0.049054,0.976499,-0.208644,0.0226023,-0.178981,0.0799403,0.739144,0.694609,0.287715,0.609158,-0.25232,0,0,0,0,0,0,0,0.00205659,0.00218565,-0.00354561,-0.00284882,24.2601,9.98021,9.03542,4.24996,-7.97073,-3.02594,2.77828,-0.747242,0,0,-12,0,0,0,0,0,6.20095,0,0,0,
0.492644,0.120926,0.84312,0.654518,0.466217,-0.509812,-0.307147,-1.68309e-06,-3.48139e-07,1.12718e-07,1.25251e-07,-2.16771e-06,-4.82491e-06,0.424742,0.396174,0.67933,0.049054,0.976499,-0.208644,0.0226023,-0.178981,0.0799403,0.739144,0.694609,0.287715,0.609158,-0.25232,0,0,0,0,0,0,0,-0.000429886,0.00218618,-0.00354544,-0.00285109,24.0768,9.97957,8.98704,4.26322,-7.94286,-3.01288,2.74014,-0.73492,0,0,-12,0,0,0,0,0,6.20095,0,0,0,
0.492644,0.120926,0.84312,0.654518,0.466217,-0.509812,-0.307147,1.68309e-06,3.4814e-07,-1.12718e-07,-1.25251e-07,2.16771e-06,4.82491e-06,0.424742,0.396174,0.67933,0.0490537,0.976499,-0.208644,0.0226022,-0.178981,0.0799403,0.739144,0.694609,0.287715,0.609158,-0.25232,0,0,0,0,0,0,0,0.00193968,0.0022749,-0.003552,-0.0038595,24.2037,9.98005,9.01842,4.25445,-7.9619,-3.02202,2.76641,-0.743422,0,0,-12,0,0,0,0,0,6.20095,0,0,0,
0.492644,0.120926,0.84312,0.654518,0.466217,-0.509812,-0.307147,1.68309e-06,3.4814e-07,-1.12718e-07,-1.25251e-07,2.16771e-06,4.82491e-06,0.424742,0.396174,0.67933,0.0490537,0.976499,-0.208644,0.0226022,-0.178981,0.0799403,0.739144,0.694609,0.287715,0.609158,-0.25232,0,0,0,0,0,0,0,0.00234576,0.00218856,-0.00355027,-0.00286887,24.4217,9.98069,9.08428,4.23696,-7.9959,-3.0376,2.81204,-0.758139,0,0,-12,0,0,0,0,0,6.20095,0,0,0,
0.492644,0.120926,0.84312,0.654518,0.466217,-0.509812,-0.307147,-1.68309e-06,-3.48139e-07,1.12718e-07,1.25251e-07,-2.16771e-06,-4.82491e-06,0.424742,0.396174,0.67933,0.049054,0.976499,-0.208644,0.0226023,-0.178981,0.0799403,0.739144,0.694609,0.287715,0.609158,-0.25232,0,0,0,0,0,0,0,-0.0013307,0.00210597,-0.00354414,-0.00192181,23.9432,9.97914,8.94883,4.27354,-7.9223,-3.00315,2.71238,-0.725937,0,0,-12,0,0,0,0,0,6.20095,0,0,0,
0.492644,0.120926,0.84312,0.654518,0.466217,-0.509812,-0.307147,-1.68309e-06,-3.48139e-07,1.12718e-07,1.25251e-07,-2.16771e-06,-4.82491e-06,0.424742,0.396174,0.67933,0.049054,0.976499,-0.208644,0.0226023,-0.178981,0.0799403,0.739144,0.694609,0.287715,0.609158,-0.25232,0,0,0,0,0,0,0,0.000462454,0.0021884,-0.00354732,-0.00285734,23.6736,9.97848,8.85995,4.29675,-7.87954,-2.98368,2.65586,-0.70771,0,0,-12,0,0,0,0,0,6.20095,0,0,0,
0.492644,0.120926,0.84312,0.654518,0.466217,-0.509812,-0.307147,1.02582e-07,-8.94587e-07,-1.47902e-06,5.07318e-06,1.41532e-06,-5.04191e-07,0.424742,0.396174,0.67933,0.0490537,0.976499,-0.208644,0.0226022,-0.178981,0.0799403,0.739144,0.694609,0.287715,0.609158,-0.25232,0,0,0,0,0,0,0,0.0029827,0.00228058,-0.00355306,-0.00390562,23.7646,9.97887,8.87979,4.29101,-7.89292,-2.99022,2.67461,-0.713788,0,0,-12,0,0,0,0,0,6.20095,0,0,0,
0.492644,0.120926,0.84312,0.654518,0.466217,-0.509812,-0.307147,1.68311e-06,3.48143e-07,-1.12719e-07,-1.25252e-07,2.16773e-06,4.82496e-06,0.424742,0.396174,0.67933,0.0490537,0.976499,-0.208644,0.0226022,-0.178981,0.0799403,0.739144,0.694609,0.287715,0.609158,-0.25232,0,0,0,0,0,0,0,0.00444284,0.00219073,-0.00354928,-0.00287846,23.6384,9.97859,8.83619,4.30235,-7.87277,-2.98085,2.64826,-0.70527,0,0,-12,0,0,0,0,0,6.20095,0,0,0,
0.492644,0.120926,0.84312,0.654518,0.466217,-0.509812,-0.307147,1.68309e-06,3.4814e-07,-1.12718e-07,-1.25251e-07,2.16771e-06,4.82491e-06,0.424742,0.396174,0.67933,0.0490537,0.976499,-0.208644,0.0226022,-0.178981,0.0799403,0.739144,0.694609,0.287715,0.609158,-0.25232,0,0,0,0,0,0,0,-0.00207246,0.00219127,-0.00355058,-0.00287892,23.6554,9.9783,8.86258,4.2965,-7.87749,-2.98256,2.6522,-0.706519,0,0,-12,0,0,0,0,0,6.20095,0,0,0,
0.492644,0.120926,0.84312,0.654518,0.466217,-0.509812,-0.307147,0,0,0,0,0,0,0.424742,0.396174,0.67933,0.049054,0.976499,-0.208644,0.0226023,-0.178981,0.0799403,0.739144,0.694609,0.287715,0.609158,-0.25232,0,0,0,0,0,0,0,0.00509379,0.00209872,-0.00354753,-0.00181574,23.5524,9.97838,8.80762,4.30986,-7.85919,-2.97444,2.63037,-0.699481,0,0,-12,0,0,0,0,0,6.20095,0,0,0,
0.492644,0.120926,0.84312,0.654518,0.466217,-0.509812,-0.307147,1.68564e-06,3.48666e-07,-1.12889e-07,-1.2544e-07,2.17099e-06,4.83221e-06,0.424742,0.396174,0.67933,0.0490537,0.976499,-0.208644,0.0226022,-0.178981,0.0799403,0.739144,0.694609,0.287715,0.609158,-0.25232,0,0,0,0,0,0,0,0.00358754,0.00228293,-0.00355462,-0.00391367,23.4361,9.97798,8.77664,4.31824,-7.84137,-2.96645,2.60595,-0.691621,0,0,-12,0,0,0,0,0,6.20095,0,0,0,
0.492644,0.120926,0.84312,0.654518,0.466217,-0.509812,-0.307147,0,0,0,0,0,0,0.424742,0.396174,0.67933,0.0490537,0.976499,-0.208644,0.0226022,-0.178981,0.0799403,0.739144,0.694609,0.287715,0.609158,-0.25232,0,0,0,0,0,0,0,0.00171144,0.00219285,-0.00355239,-0.0028828,23.4276,9.97785,8.78014,4.31769,-7.84069,-2.96582,2.60439,-0.691098,0,0,-12,0,0,0,0,0,6.20095,0,0,0,
0.492644,0.120926,0.84312,0.654518,0.466217,-0.509812,-0.307147,0,0,0,0,0,0,0.424742,0.396174,0.67933,0.0490537,0.976499,-0.208644,0.0226022,-0.178981,0.0799403,0.739144,0.694609,0.287715,0.609158,-0.25232,0,0,0,0,0,0,0,0.00404402,0.00219341,-0.00355458,-0.00288224,23.5614,9.97835,8.81377,4.30837,-7.86086,-2.97532,2.6322,-0.700082,0,0,-12,0,0,0,0,0,6.20095,0,0,0,
0.492644,0.120926,0.84312,0.654518,0.466217,-0.509812,-0.307147,1.68692e-06,3.4893e-07,-1.12974e-07,-1.25535e-07,2.17263e-06,4.83587e-06,0.424742,0.396174,0.67933,0.0490537,0.976499,-0.208644,0.0226022,-0.178981,0.0799403,0.739144,0.694609,0.287715,0.609158,-0.25232,0,0,0,0,0,0,0,-0.00149431,0.00219394,-0.0035521,-0.00288734,23.0647,9.97667,8.67877,4.34512,-7.78496,-2.93984,2.52877,-0.66667,0,0,-12,0,0,0,0,0,6.20095,0,0,0,
0.492644,0.120926,0.84312,0.654518,0.466217,-0.509812,-0.307147,0,0,0,0,0,0,0.424742,0.396174,0.67933,0.0490537,0.976499,-0.208644,0.0226022,-0.178981,0.0799403,0.739144,0.694609,0.287715,0.609158,-0.25232,0,0,0,0,0,0,0,0.00336823,0.00219449,-0.00355561,-0.00288513,23.3789,9.9778,8.75975,4.3228,-7.83254,-2.96218,2.59411,-0.687782,0,0,-12,0,0,0,0,0,6.20095,0,0,0,
0.492644,0.120926,0.84312,0.654518,0.466217,-0.509812,-0.307147,0,0,0,0,0,0,0.424742,0.396174,0.67933,0.0490537,0.976499,-0.208644,0.0226022,-0.178981,0.0799403,0.739144,0.694609,0.287715,0.609158,-0.25232,0,0,0,0,0,0,0,0.000911565,0.00219502,-0.00355591,-0.00288682,23.2609,9.97735,8.73141,4.33075,-7.81488,-2.95384,2.56962,-0.679868,0,0,-12,0,0,0,0,0,6.20095,0,0,0,
0.492644,0.120926,0.84312,0.654518,0.466217,-0.509812,-0.307147,0,0,0,0,0,0,0.424742,0.396174,0.67933,0.0490537,0.976499,-0.208644,0.0226022,-0.178981,0.0799403,0.739144,0.694609,0.287715,0.609158,-0.25232,0,0,0,0,0,0,0,0.00250388,0.00219556,-0.00355524,-0.00288973,23.0081,9.97672,8.64835,4.35248,-7.77484,-2.93546,2.5167,-0.662787,0,0,-12,0,0,0,0,0,6.20095,0,0,0,
0.492644,0.120926,0.84312,0.654518,0.466217,-0.509812,-0.307147,0,0,0,0,0,0,0.424742,0.396174,0.67933,0.049054,0.976499,-0.208644,0.0226023,-0.178981,0.0799403,0.739144,0.694609,0.287715,0.609158,-0.25232,0,0,0,0,0,0,0,-0.0022473,0.00211424,-0.00355574,-0.00195154,23.1354,9.97683,8.703,4.33887,-7.7963,-2.94487,2.54367,-0.671466,0,0,-12,0,0,0,0,0,6.20095,0,0,0,
0.492644,0.120926,0.84312,0.654518,0.466217,-0.509812,-0.307147,-1.68309e-06,-3.48139e-07,1.12718e-07,1.25251e-07,-2.16771e-06,-4.82491e-06,0.424742,0.396174,0.67933,0.049054,0.976499,-0.208644,0.0226023,-0.178981,0.0799403,0.739144,0.694609,0.287715,0.609158,-0.25232,0,0,0,0,0,0,0,-0.00525071,0.00219544,-0.00356005,-0.00286878,23.3078,9.97716,8.76584,4.3227,-7.82416,-2.95768,2.57978,-0.683127,0,0,-12,0,0,0,0,0,6.20095,0,0,0,
0.492644,0.120926,0.84312,0.654518,0.466217,-0.509812,-0.307147,-1.0266e-07,8.95264e-07,1.48014e-06,-5.07701e-06,-1.41639e-06,5.04572e-07,0.424742,0.396174,0.67933,0.0490536,0.976499,-0.208644,0.0226023,-0.178981,0.0799403,0.739144,0.694609,0.287715,0.609158,-0.25232,0,0,0,0,0,0,0,0.00102683,0.00148719,-0.00191408,-0.00350993,22.7615,9.97472,8.57609,4.37048,-7.73657,-2.91785,2.46514,-0.646293,0,0,-12,0,0,0,0,0,6.20095,0,0,0,
0.492644,0.120926,0.84312,0.654518,0.466217,-0.509812,-0.307147,0,0,0,0,0,0,0.424742,0.396174,0.67933,0.0490537,0.976499,-0.208644,0.0226022,-0.178981,0.0799403,0.739144,0.694609,0.287715,0.609158,-0.25232,0,0,0,0,0,0,0,0.00456724,0.00296387,-0.00513463,-0.00323455,22.8255,9.97749,8.58646,4.36985,-7.74579,-2.92215,2.47846,-0.650316,0,0,-12,0,0,0,0,0,6.20095,0,0,0,
0.492644,0.120926,0.84312,0.654518,0.466217,-0.509812,-0.307147,0,0,0,0,0,0,0.424742,0.396174,0.67933,0.0490537,0.976499,-0.208644,0.0226022,-0.178981,0.0799403,0.739144,0.694609,0.287715,0.609158,-0.25232,0,0,0,0,0,0,0,0.00849228,0.0021984,-0.00356228,-0.00289198,23.1245,9.97736,8.66476,4.34709,-7.79115,-2.94343,2.54066,-0.670541,0,0,-12,0,0,0,0,0,6.20095,0,0,0,
0.492644,0.120926,0.84312,0.654518,0.466217,-0.509812,-0.307147,0,0,0,0,0,0,0.424742,0.396174,0.67933,0.0490537,0.976499,-0.208644,0.0226022,-0.178981,0.0799403,0.739144,0.694609,0.287715,0.609158,-0.25232,0,0,0,0,0,0,0,0.00359489,0.00219893,-0.00355971,-0.00289717,22.6185,9.97568,8.52483,4.38503,-7.7136,-2.90724,2.43526,-0.636496,0,0,-12,0,0,0,0,0,6.20095,0,0,0,
0.492644,0.120926,0.84312,0.654518,0.466217,-0.509812,-0.307147,-2.60605e-06,-2.7789e-06,4.66055e-07,-2.20431e-07,-2.80015e-06,-1.00787e-05,0.424742,0.396173,0.67933,0.0490542,0.976499,-0.208644,0.0226023,-0.178981,0.0799403,0.739144,0.694609,0.287715,0.609158,-0.25232,0,0,0,0,0,0,0,0.00248658,0.00190302,-0.00342899,-0.00162589,22.576,9.97519,8.51511,4.38754,-7.70733,-2.90406,2.42656,-0.633639,0,0,-12,0,0,0,0,0,6.20094,0,0,0,
0.492644,0.120926,0.84312,0.654518,0.466217,-0.509812,-0.307147,0,0,0,0,0,0,0.424742,0.396174,0.67933,0.0490537,0.976499,-0.208644,0.0226022,-0.178981,0.0799403,0.739144,0.694609,0.287715,0.609158,-0.25232,0,0,0,0,0,0,0,-0.00365708,0.00247745,-0.00368475,-0.00408326,22.6361,9.97564,8.55399,4.37883,-7.71862,-2.9092,2.43924,-0.637804,0,0,-12,0,0,0,0,0,6.20095,0,0,0,
0.492644,0.120926,0.84312,0.654518,0.466217,-0.509812,-0.307147,1.68692e-06,3.4893e-07,-1.12974e-07,-1.25535e-07,2.17263e-06,4.83587e-06,0.424742,0.396174,0.67933,0.0490537,0.976499,-0.208644,0.0226022,-0.178981,0.0799403,0.739144,0.694609,0.287715,0.609158,-0.25232,0,0,0,0,0,0,0,-0.00156505,0.00220053,-0.00356368,-0.00289845,22.681,9.97559,8.56082,4.3764,-7.725,-2.91213,2.44861,-0.640791,0,0,-12,0,0,0,0,0,6.20095,0,0,0,
0.492644,0.120926,0.84312,0.654518,0.466217,-0.509812,-0.307147,1.68693e-06,3.48934e-07,-1.12975e-07,-1.25537e-07,2.17265e-06,4.83592e-06,0.424742,0.396174,0.67933,0.0490537,0.976499,-0.208644,0.0226022,-0.178981,0.0799403,0.739144,0.694609,0.287715,0.609158,-0.25232,0,0,0,0,0,0,0,-0.00187691,0.00220106,-0.00356265,-0.00290173,22.3845,9.97474,8.47051,4.40039,-7.67874,-2.89073,2.38669,-0.620797,0,0,-12,0,0,0,0,0,6.20095,0,0,0,
0.492644,0.120926,0.84312,0.654518,0.466217,-0.509812,-0.307147,-1.68693e-06,-3.48933e-07,1.12975e-07,1.25537e-07,-2.17265e-06,-4.83591e-06,0.424742,0.396174,0.67933,0.0490539,0.976499,-0.208644,0.0226024,-0.178981,0.0799403,0.739144,0.694609,0.287715,0.609158,-0.25232,0,0,0,0,0,0,0,9.0547e-05,0.00125939,-0.00180685,-0.00146336,22.2492,9.97314,8.4213,4.41166,-7.65687,-2.88061,2.35838,-0.611798,0,0,-12,0,0,0,0,0,6.20095,0,0,0,
0.492645,0.120926,0.84312,0.654518,0.466217,-0.509812,-0.307147,1.02414e-06,1.53251e-06,-1.83182e-06,5.41834e-06,2.0468e-06,4.74165e-06,0.424742,0.396174,0.67933,0.0490534,0.976499,-0.208644,0.0226022,-0.178981,0.0799403,0.739144,0.694609,0.287715,0.609158,-0.25232,0,0,0,0,0,0,0,0.000633467,0.00331802,-0.00536484,-0.00449019,22.4266,9.97657,8.47668,4.4,-7.68466,-2.8938,2.39525,-0.623481,0,0,-12,0,0,0,0,0,6.20095,0,0,0,
0.492645,0.120926,0.84312,0.654518,0.466217,-0.509812,-0.307147,9.21556e-07,2.4271e-06,-3.52803e-07,3.45159e-07,6.31482e-07,5.24584e-06,0.424742,0.396174,0.67933,0.0490534,0.976499,-0.208644,0.0226022,-0.178981,0.0799403,0.739144,0.694609,0.287715,0.609158,-0.25232,0,0,0,0,0,0,0,0.00636251,0.00220583,-0.00356909,-0.00290771,22.4169,9.97526,8.45374,4.4034,-7.6812,-2.89246,2.39296,-0.622849,0,0,-12,0,0,0,0,0,6.20095,0,0,0,
0.492644,0.120926,0.84312,0.654518,0.466217,-0.509812,-0.307147,-1.68692e-06,-3.48929e-07,1.12974e-07,1.25535e-07,-2.17263e-06,-4.83587e-06,0.424742,0.396174,0.67933,0.049054,0.976499,-0.208644,0.0226023,-0.178981,0.0799403,0.739144,0.694609,0.287715,0.609158,-0.25232,0,0,0,0,0,0,0,0.00319225,0.00188243,-0.00342135,-0.00161344,22.2954,9.9744,8.42636,4.4109,-7.66323,-2.88374,2.3679,-0.614694,0,0,-12,0,0,0,0,0,6.20095,0,0,0,
0.492644,0.120926,0.84312,0.654518,0.466217,-0.509812,-0.307147,0,0,0,0,0,0,0.424742,0.396174,0.67933,0.049054,0.976499,-0.208644,0.0226023,-0.178981,0.0799403,0.739144,0.694609,0.287715,0.609158,-0.25232,0,0,0,0,0,0,0,0.0029031,0.00220245,-0.00356656,-0.00288779,22.0994,9.97418,8.36719,4.42694,-7.63267,-2.86978,2.32685,-0.601496,0,0,-12,0,0,0,0,0,6.20095,0,0,0,
0.492644,0.120926,0.84312,0.654518,0.466217,-0.509812,-0.307147,2.60975e-06,2.77629e-06,-4.65863e-07,2.19529e-07,2.80576e-06,1.00854e-05,0.424742,0.396174,0.67933,0.0490537,0.976499,-0.208644,0.0226022,-0.178981,0.0799403,0.739144,0.694609,0.287715,0.609158,-0.25232,0,0,0,0,0,0,0,0.005655,0.00229303,-0.00356904,-0.00391611,22.3717,9.9751,8.44211,4.40656,-7.67432,-2.8894,2.38347,-0.619798,0,0,-12,0,0,0,0,0,6.20095,0,0,0,
0.492644,0.120926,0.84312,0.654518,0.466217,-0.509812,-0.307147,0,0,0,0,0,0,0.424742,0.396174,0.67933,0.0490537,0.976499,-0.208644,0.0226022,-0.178981,0.0799403,0.739144,0.694609,0.287715,0.609158,-0.25232,0,0,0,0,0,0,0,-0.00107307,0.00220478,-0.0035698,-0.00290727,22.2516,9.97441,8.42698,4.41179,-7.65771,-2.88107,2.35888,-0.611821,0,0,-12,0,0,0,0,0,6.20095,0,0,0,
0.492644,0.120926,0.84312,0.654518,0.466217,-0.509812,-0.307147,-1.68435e-06,-3.48398e-07,1.12802e-07,1.25344e-07,-2.16933e-06,-4.82851e-06,0.424742,0.396174,0.67933,0.049054,0.976499,-0.208644,0.0226023,-0.178981,0.0799403,0.739144,0.694609,0.287715,0.609158,-0.25232,0,0,0,0,0,0,0,0.000386802,0.00211256,-0.00357073,-0.00184841,22.0822,9.974,8.37007,4.42667,-7.63082,-2.86857,2.32351,-0.60039,0,0,-12,0,0,0,0,0,6.20095,0,0,0,
0.492644,0.120926,0.84312,0.654518,0.466217,-0.509812,-0.307147,1.02581e-07,-8.94578e-07,-1.479e-06,5.07313e-06,1.4153e-06,-5.04186e-07,0.424742,0.396174,0.67933,0.0490537,0.976499,-0.208644,0.0226022,-0.178981,0.0799403,0.739144,0.694609,0.287715,0.609158,-0.25232,0,0,0,0,0,0,0,-0.000627335,0.00229719,-0.00356743,-0.00395293,21.7537,9.97303,8.27215,4.45271,-7.57968,-2.84522,2.25473,-0.578214,0,0,-12,0,0,0,0,0,6.20095,0,0,0,
0.492645,0.120926,0.84312,0.654518,0.466217,-0.509812,-0.307147,9.22951e-07,2.43077e-06,-3.53337e-07,3.45682e-07,6.32438e-07,5.25378e-06,0.424742,0.396174,0.67933,0.0490534,0.976499,-0.208644,0.0226022,-0.178981,0.0799403,0.739144,0.694609,0.287715,0.609158,-0.25232,0,0,0,0,0,0,0,0.00290947,0.0024332,-0.00371684,-0.00314441,22.0314,9.97434,8.34648,4.43278,-7.62206,-2.8649,2.31261,-0.596933,0,0,-12,0,0,0,0,0,6.20095,0,0,0,
0.492645,0.120926,0.84312,0.654518,0.466217,-0.509812,-0.307147,0,0,0,0,0,0,0.424742,0.396174,0.67933,0.0490534,0.976499,-0.208644,0.0226022,-0.178981,0.0799403,0.739144,0.694609,0.287715,0.609158,-0.25232,0,0,0,0,0,0,0,0.00409941,0.00221008,-0.0035755,-0.00291617,22.0309,9.97406,8.3422,4.43336,-7.62157,-2.86474,2.31246,-0.596849,0,0,-12,0,0,0,0,0,6.20095,0,0,0,
0.492644,0.120926,0.84312,0.654518,0.466217,-0.509812,-0.307147,0,0,0,0,0,0,0.424742,0.396174,0.67933,0.0490537,0.976499,-0.208644,0.0226022,-0.178981,0.0799403,0.739144,0.694609,0.287715,0.609158,-0.25232,0,0,0,0,0,0,0,0.00481139,0.00198272,-0.00343105,-0.00268214,22.0566,9.97383,8.34754,4.43148,-7.62533,-2.86652,2.31781,-0.598543,0,0,-12,0,0,0,0,0,6.20095,0,0,0,
0.492644,0.120926,0.84312,0.654518,0.466217,-0.509812,-0.307147,1.68309e-06,3.4814e-07,-1.12718e-07,-1.25251e-07,2.16771e-06,4.82491e-06,0.424742,0.396174,0.67933,0.0490537,0.976499,-0.208644,0.0226022,-0.178981,0.0799403,0.739144,0.694609,0.287715,0.609158,-0.25232,0,0,0,0,0,0,0,0.00568614,0.00220797,-0.00357388,-0.00291452,21.8655,9.97367,8.28612,4.44795,-7.59522,-2.85268,2.27782,-0.585674,0,0,-12,0,0,0,0,0,6.20095,0,0,0,
0.492644,0.120926,0.84312,0.654518,0.466217,-0.509812,-0.307147,0,0,0,0,0,0,0.424742,0.396174,0.67933,0.0490537,0.976499,-0.208644,0.0226022,-0.178981,0.0799403,0.739144,0.694609,0.287715,0.609158,-0.25232,0,0,0,0,0,0,0,0.00138019,0.00220851,-0.00357526,-0.0029149,21.8951,9.97354,8.30922,4.44258,-7.60121,-2.85514,2.28426,-0.587738,0,0,-12,0,0,0,0,0,6.20095,0,0,0,
0.492644,0.120926,0.84312,0.654518,0.466217,-0.509812,-0.307147,0,0,0,0,0,0,0.424742,0.396174,0.67933,0.0490537,0.976499,-0.208644,0.0226022,-0.178981,0.0799403,0.739144,0.694609,0.287715,0.609158,-0.25232,0,0,0,0,0,0,0,0.000691252,0.00220904,-0.00357647,-0.00291544,21.9064,9.97353,8.31492,4.44119,-7.60318,-2.856,2.28665,-0.588507,0,0,-12,0,0,0,0,0,6.20095,0,0,0,
0.492644,0.120926,0.84312,0.654518,0.466217,-0.509812,-0.307147,0,0,0,0,0,0,0.424742,0.396174,0.67933,0.0490537,0.976499,-0.208644,0.0226022,-0.178981,0.0799403,0.739144,0.694609,0.287715,0.609158,-0.25232,0,0,0,0,0,0,0,-0.00217457,0.00220957,-0.0035769,-0.00291696,21.8097,9.97311,8.29446,4.44711,-7.58898,-2.84923,2.26664,-0.582036,0,0,-12,0,0,0,0,0,6.20095,0,0,0,
0.492644,0.120926,0.84312,0.654518,0.466217,-0.509812,-0.307147,1.68564e-06,3.48666e-07,-1.12889e-07,-1.2544e-07,2.17099e-06,4.83221e-06,0.424742,0.396174,0.67933,0.0490537,0.976499,-0.208644,0.0226022,-0.178981,0.0799403,0.739144,0.694609,0.287715,0.609158,-0.25232,0,0,0,0,0,0,0,0.00156096,0.0022101,-0.00357757,-0.00291818,21.7457,9.97313,8.26262,4.4549,-7.57779,-2.84433,2.25304,-0.577659,0,0,-12,0,0,0,0,0,6.20095,0,0,0,
0.492644,0.120926,0.84312,0.654518,0.466217,-0.509812,-0.307147,-9.20871e-07,-2.42529e-06,3.52541e-07,-3.44902e-07,-6.31012e-07,-5.24193e-06,0.424742,0.396174,0.67933,0.0490537,0.976499,-0.208644,0.0226022,-0.178981,0.0799403,0.739144,0.694609,0.287715,0.609158,-0.25232,0,0,0,0,0,0,0,0.00223346,0.00221064,-0.00357823,-0.00291943,21.6784,9.97297,8.23971,4.46086,-7.56706,-2.83942,2.23894,-0.573109,0,0,-12,0,0,0,0,0,6.20095,0,0,0,
0.492644,0.120926,0.84312,0.654518,0.466217,-0.509812,-0.307147,-2.60651e-06,-2.77395e-06,4.65429e-07,-2.19462e-07,-2.802e-06,-1.00741e-05,0.424742,0.396174,0.67933,0.049054,0.976499,-0.208644,0.0226023,-0.178981,0.0799403,0.739144,0.694609,0.287715,0.609158,-0.25232,0,0,0,0,0,0,0,0.00358986,0.00212546,-0.00358227,-0.00193857,21.7081,9.97312,8.24447,4.4594,-7.57133,-2.84132,2.24516,-0.575107,0,0,-12,0,0,0,0,0,6.20095,0,0,0,
0.492644,0.120926,0.84312,0.654518,0.466217,-0.509812,-0.307147,-1.68562e-06,-3.48662e-07,1.12887e-07,1.25439e-07,-2.17097e-06,-4.83216e-06,0.424742,0.396174,0.67933,0.049054,0.976499,-0.208644,0.0226023,-0.178981,0.0799403,0.739144,0.694609,0.287715,0.609158,-0.25232,0,0,0,0,0,0,0,0.00167533,0.00221049,-0.00358123,-0.00290072,21.7333,9.9731,8.25841,4.456,-7.57582,-2.84342,2.25043,-0.576818,0,0,-12,0,0,0,0,0,6.20095,0,0,0,
0.492644,0.120926,0.84312,0.654518,0.466217,-0.509812,-0.307147,0,0,0,0,0,0,0.424742,0.396174,0.67933,0.0490537,0.976499,-0.208644,0.0226022,-0.178981,0.0799403,0.739144,0.694609,0.287715,0.609158,-0.25232,0,0,0,0,0,0,0,0.00386603,0.0023015,-0.00357991,-0.00393568,21.8103,9.97343,8.275,4.45118,-7.58711,-2.84897,2.26628,-0.581958,0,0,-12,0,0,0,0,0,6.20095,0,0,0,
0.492644,0.120926,0.84312,0.654518,0.466217,-0.509812,-0.307147,0,0,0,0,0,0,0.424742,0.396174,0.67933,0.0490537,0.976499,-0.208644,0.0226022,-0.178981,0.0799403,0.739144,0.694609,0.287715,0.609158,-0.25232,0,0,0,0,0,0,0,0.00394268,0.00221288,-0.00358181,-0.00292364,21.5163,9.9726,8.18421,4.47527,-7.54117,-2.82758,2.20496,-0.562144,0,0,-12,0,0,0,0,0,6.20095,0,0,0,
0.492644,0.120926,0.84312,0.654518,0.466217,-0.509812,-0.307147,0,0,0,0,0,0,0.424742,0.396174,0.67933,0.0490537,0.976499,-0.208644,0.0226022,-0.178981,0.0799403,0.739144,0.694609,0.287715,0.609158,-0.25232,0,0,0,0,0,0,0,0.00605217,0.00221348,-0.003583,-0.00292448,21.5047,9.97268,8.1738,4.47766,-7.5387,-2.82659,2.20242,-0.561331,0,0,-12,0,0,0,0,0,6.20095,0,0,0,
0.492644,0.120926,0.84312,0.654518,0.466217,-0.509812,-0.307147,0,0,0,0,0,0,0.424742,0.396174,0.67933,0.0490537,0.976499,-0.208644,0.0226022,-0.178981,0.0799403,0.739144,0.694609,0.287715,0.609158,-0.25232,0,0,0,0,0,0,0,-0.00115257,0.00221406,-0.00358433,-0.00292508,21.5177,9.97235,8.2012,4.47166,-7.543,-2.82806,2.20557,-0.562322,0,0,-12,0,0,0,0,0,6.20095,0,0,0,
0.492644,0.120926,0.84312,0.654518,0.466217,-0.509812,-0.307147,0,0,0,0,0,0,0.424742,0.396174,0.67933,0.0490537,0.976499,-0.208644,0.0226022,-0.178981,0.0799403,0.739144,0.694609,0.287715,0.609158,-0.25232,0,0,0,0,0,0,0,-0.000544262,0.00221461,-0.00358609,-0.00292507,21.5962,9.9726,8.2234,4.46567,-7.55508,-2.83368,2.22193,-0.567606,0,0,-12,0,0,0,0,0,6.20095,0,0,0,
0.492644,0.120926,0.84312,0.654518,0.466217,-0.509812,-0.307147,0,0,0,0,0,0,0.424742,0.396174,0.67933,0.0490537,0.976499,-0.208644,0.0226022,-0.178981,0.0799403,0.739144,0.694609,0.287715,0.609158,-0.25232,0,0,0,0,0,0,0,0.0031575,0.00221518,-0.00358501,-0.00292858,21.2844,9.97191,8.11533,4.49367,-7.50516,-2.81088,2.15656,-0.546514,0,0,-12,0,0,0,0,0,6.20095,0,0,0,
0.492644,0.120926,0.84312,0.654518,0.466217,-0.509812,-0.307147,1.68309e-06,3.4814e-07,-1.12718e-07,-1.25251e-07,2.16771e-06,4.82491e-06,0.424742,0.396174,0.67933,0.0490537,0.976499,-0.208644,0.0226022,-0.178981,0.0799403,0.739144,0.694609,0.287715,0.609158,-0.25232,0,0,0,0,0,0,0,0.0095657,0.00221577,-0.0035863,-0.00292926,21.2888,9.97226,8.09591,4.4977,-7.50384,-2.81074,2.15711,-0.546715,0,0,-12,0,0,0,0,0,6.20095,0,0,0,
0.492644,0.120926,0.84312,0.654518,0.466217,-0.509812,-0.307147,0,0,0,0,0,0,0.424742,0.396174,0.67933,0.0490537,0.976499,-0.208644,0.0226022,-0.178981,0.0799403,0.739144,0.694609,0.287715,0.609158,-0.25232,0,0,0,0,0,0,0,0.00466862,0.00221632,-0.00358722,-0.00293023,21.2561,9.97191,8.10173,4.49701,-7.50027,-2.80873,2.15057,-0.544586,0,0,-12,0,0,0,0,0,6.20095,0,0,0,
0.492644,0.120926,0.84312,0.654518,0.466217,-0.509812,-0.307147,0,0,0,0,0,0,0.424742,0.396174,0.67933,0.0490537,0.976499,-0.208644,0.0226022,-0.178981,0.0799403,0.739144,0.694609,0.287715,0.609158,-0.25232,0,0,0,0,0,0,0,0.00201247,0.00221684,-0.00359004,-0.0029288,21.4887,9.97243,8.18199,4.4762,-7.53747,-2.82573,2.19932,-0.560315,0,0,-12,0,0,0,0,0,6.20095,0,0,0,
0.492644,0.120926,0.84312,0.654518,0.466217,-0.509812,-0.307147,0,0,0,0,0,0,0.424742,0.396174,0.67933,0.0490537,0.976499,-0.208644,0.0226022,-0.178981,0.0799403,0.739144,0.694609,0.287715,0.609158,-0.25232,0,0,0,0,0,0,0,-0.00174299,0.00221738,-0.00359019,-0.00293068,21.356,9.97187,8.15333,4.48446,-7.51791,-2.81642,2.17183,-0.551426,0,0,-12,0,0,0,0,0,6.20095,0,0,0,
0.492644,0.120926,0.84312,0.654518,0.466217,-0.509812,-0.307147,-1.6869e-06,-3.48926e-07,1.12973e-07,1.25534e-07,-2.17261e-06,-4.83582e-06,0.424742,0.396174,0.67933,0.049054,0.976499,-0.208644,0.0226023,-0.178981,0.0799403,0.739144,0.694609,0.287715,0.609158,-0.25232,0,0,0,0,0,0,0,-0.000583743,0.00212502,-0.00359321,-0.00187226,20.986,9.97088,8.0356,4.5155,-7.45975,-2.78945,2.09456,-0.526466,0,0,-12,0,0,0,0,0,6.20095,0,0,0,
0.492644,0.120926,0.84312,0.654518,0.466217,-0.509812,-0.307147,-2.60779e-06,-2.77421e-06,4.65514e-07,-2.19367e-07,-2.80364e-06,-1.00778e-05,0.424742,0.396173,0.67933,0.0490542,0.976499,-0.208644,0.0226023,-0.178981,0.0799403,0.739144,0.694609,0.287715,0.609158,-0.25232,0,0,0,0,0,0,0,0.00168945,0.00202037,-0.00346319,-0.00271471,20.7826,9.97013,7.96534,4.53339,-7.42717,-2.77472,2.05185,-0.512674,0,0,-12,0,0,0,0,0,6.20094,0,0,0,
0.492644,0.120926,0.84312,0.654518,0.466217,-0.509812,-0.307147,-1.6869e-06,-3.48926e-07,1.12973e-07,1.25534e-07,-2.17261e-06,-4.83582e-06,0.424742,0.396174,0.67933,0.049054,0.976499,-0.208644,0.0226023,-0.178981,0.0799403,0.739144,0.694609,0.287715,0.609158,-0.25232,0,0,0,0,0,0,0,0.00340932,0.00241948,-0.00371701,-0.00312563,20.7202,9.97064,7.94097,4.54015,-7.41691,-2.77013,2.03866,-0.508484,0,0,-12,0,0,0,0,0,6.20095,0,0,0,
0.492644,0.120926,0.84312,0.654518,0.466217,-0.509812,-0.307147,-1.78957e-06,5.46334e-07,1.59311e-06,-4.95147e-06,-3.58902e-06,-4.33129e-06,0.424742,0.396174,0.67933,0.0490539,0.976499,-0.208644,0.0226024,-0.178981,0.0799403,0.739144,0.694609,0.287715,0.609158,-0.25232,0,0,0,0,0,0,0,-0.000571345,0.00140175,-0.00190521,-0.0025434,20.774,9.96903,7.96913,4.53167,-7.42641,-2.77424,2.05013,-0.512285,0,0,-12,0,0,0,0,0,6.20095,0,0,0,
0.492644,0.120926,0.84312,0.654518,0.466217,-0.509812,-0.307147,-1.7895e-06,5.45658e-07,1.59199e-06,-4.94764e-06,-3.58795e-06,-4.33168e-06,0.424742,0.396174,0.67933,0.0490539,0.976499,-0.208644,0.0226024,-0.178981,0.0799403,0.739144,0.694609,0.287715,0.609158,-0.25232,0,0,0,0,0,0,0,0.000217517,0.00220711,-0.00355915,-0.00291243,20.7283,9.97018,7.95359,4.53703,-7.41916,-2.77093,2.04057,-0.509061,0,0,-12,0,0,0,0,0,6.20095,0,0,0,
0.492644,0.120926,0.84312,0.654518,0.466217,-0.509812,-0.307147,-1.78703e-06,5.46862e-07,1.59294e-06,-4.95166e-06,-3.58573e-06,-4.32399e-06,0.424742,0.396174,0.67933,0.0490539,0.976499,-0.208644,0.0226024,-0.178981,0.0799403,0.739144,0.694609,0.287715,0.609158,-0.25232,0,0,0,0,0,0,0,0.0020925,0.00220763,-0.00355927,-0.00291427,20.5901,9.96989,7.90496,4.5496,-7.39697,-2.76081,2.01159,-0.499714,0,0,-12,0,0,0,0,0,6.20095,0,0,0,
0.492644,0.120926,0.84312,0.654518,0.466217,-0.509812,-0.307147,-1.78568e-06,5.46449e-07,1.59174e-06,-4.94793e-06,-3.58303e-06,-4.32072e-06,0.424742,0.396174,0.67933,0.0490539,0.976499,-0.208644,0.0226024,-0.178981,0.0799403,0.739144,0.694609,0.287715,0.609158,-0.25232,0,0,0,0,0,0,0,0.00425579,0.00220815,-0.00356044,-0.00291484,20.5964,9.97002,7.89987,4.55057,-7.39727,-2.7611,2.01278,-0.500103,0,0,-12,0,0,0,0,0,6.20095,0,0,0,
0.492644,0.120926,0.84312,0.654518,0.466217,-0.509812,-0.307147,-1.68437e-06,-3.48402e-07,1.12803e-07,1.25346e-07,-2.16935e-06,-4.82856e-06,0.424742,0.396174,0.67933,0.049054,0.976499,-0.208644,0.0226023,-0.178981,0.0799403,0.739144,0.694609,0.287715,0.609158,-0.25232,0,0,0,0,0,0,0,0.00337278,0.00304998,-0.00529713,-0.00330419,20.502,9.971,7.87482,4.55882,-7.38295,-2.75439,1.99315,-0.493613,0,0,-12,0,0,0,0,0,6.20095,0,0,0,
0.492644,0.120926,0.84312,0.654518,0.466217,-0.509812,-0.307147,0,0,0,0,0,0,0.424742,0.396174,0.67933,0.049054,0.976499,-0.208644,0.0226023,-0.178981,0.0799403,0.739144,0.694609,0.287715,0.609158,-0.25232,0,0,0,0,0,0,0,0.00169249,0.00222088,-0.00359369,-0.00292537,20.3999,9.96935,7.84769,4.56487,-7.36737,-2.7471,1.97189,-0.486887,0,0,-12,0,0,0,0,0,6.20095,0,0,0,
0.492644,0.120926,0.84312,0.654518,0.466217,-0.509812,-0.307147,9.22943e-07,2.43074e-06,-3.53334e-07,3.45678e-07,6.32431e-07,5.25373e-06,0.424742,0.396174,0.67933,0.049054,0.976499,-0.208644,0.0226023,-0.178981,0.0799403,0.739144,0.694609,0.287715,0.609158,-0.25232,0,0,0,0,0,0,0,0.00227729,0.00222142,-0.00359389,-0.00292719,20.2675,9.96901,7.80501,4.57608,-7.34648,-2.73749,1.94419,-0.477948,0,0,-12,0,0,0,0,0,6.20095,0,0,0,
0.492644,0.120926,0.84312,0.654518,0.466217,-0.509812,-0.307147,1.68438e-06,3.48406e-07,-1.12805e-07,-1.25347e-07,2.16937e-06,4.82861e-06,0.424742,0.396174,0.67933,0.0490537,0.976499,-0.208644,0.0226022,-0.178981,0.0799403,0.739144,0.694609,0.287715,0.609158,-0.25232,0,0,0,0,0,0,0,-4.18331e-05,0.00231609,-0.00358767,-0.00400582,20.1361,9.96852,7.77205,4.58518,-7.32662,-2.72832,1.91677,-0.469105,0,0,-12,0,0,0,0,0,6.20095,0,0,0,
0.492644,0.120926,0.84312,0.654518,0.466217,-0.509812,-0.307147,1.7872e-06,-5.48211e-07,-1.59518e-06,4.95935e-06,3.5879e-06,4.32327e-06,0.424742,0.396174,0.67933,0.0490537,0.976499,-0.208644,0.0226022,-0.178981,0.0799403,0.739144,0.694609,0.287715,0.609158,-0.25232,0,0,0,0,0,0,0,-0.000648449,0.00222374,-0.00359503,-0.00294904,20.1505,9.96853,7.77848,4.58363,-7.32911,-2.72925,1.91992,-0.470101,0,0,-12,0,0,0,0,0,6.20095,0,0,0,
0.492644,0.120926,0.84312,0.654518,0.466217,-0.509812,-0.307147,1.78718e-06,-5.48215e-07,-1.59518e-06,4.95935e-06,3.58788e-06,4.32323e-06,0.424742,0.396174,0.67933,0.0490537,0.976499,-0.208644,0.0226022,-0.178981,0.0799403,0.739144,0.694609,0.287715,0.609158,-0.25232,0,0,0,0,0,0,0,-0.00165201,0.00222428,-0.00359685,-0.00294889,20.2392,9.96873,7.80905,4.5757,-7.34329,-2.73573,1.93851,-0.476099,0,0,-12,0,0,0,0,0,6.20095,0,0,0,
0.492644,0.120926,0.84312,0.654518,0.466217,-0.509812,-0.307147,1.02815e-07,-8.96618e-07,-1.48238e-06,5.08469e-06,1.41853e-06,-5.05335e-07,0.424742,0.396174,0.67933,0.049054,0.976499,-0.208644,0.0226023,-0.178981,0.0799403,0.739144,0.694609,0.287715,0.609158,-0.25232,0,0,0,0,0,0,0,0.00122112,0.00213101,-0.00360308,-0.00187901,19.999,9.96819,7.72574,4.59732,-7.30488,-2.71801,1.88826,-0.459866,0,0,-12,0,0,0,0,0,6.20095,0,0,0,
0.492644,0.120926,0.84312,0.654518,0.466217,-0.509812,-0.307147,1.02815e-07,-8.96618e-07,-1.48238e-06,5.08469e-06,1.41853e-06,-5.05335e-07,0.424742,0.396174,0.67933,0.049054,0.976499,-0.208644,0.0226023,-0.178981,0.0799403,0.739144,0.694609,0.287715,0.609158,-0.25232,0,0,0,0,0,0,0,0.00312307,0.00222406,-0.00359906,-0.00293099,20.1912,9.96884,7.77877,4.58289,-7.33429,-2.73192,1.9282,-0.472788,0,0,-12,0,0,0,0,0,6.20095,0,0,0,
0.492644,0.120926,0.84312,0.654518,0.466217,-0.509812,-0.307147,1.68692e-06,3.4893e-07,-1.12974e-07,-1.25535e-07,2.17263e-06,4.83587e-06,0.424742,0.396174,0.67933,0.0490537,0.976499,-0.208644,0.0226022,-0.178981,0.0799403,0.739144,0.694609,0.287715,0.609158,-0.25232,0,0,0,0,0,0,0,0.00377888,0.00231395,-0.00359089,-0.00395671,19.8531,9.96792,7.67246,4.61091,-7.28116,-2.70758,1.85741,-0.449952,0,0,-12,0,0,0,0,0,6.20095,0,0,0,
0.492644,0.120926,0.84312,0.654518,0.466217,-0.509812,-0.307147,0,0,0,0,0,0,0.424742,0.396174,0.67933,0.049054,0.976499,-0.208644,0.0226023,-0.178981,0.0799403,0.739144,0.694609,0.287715,0.609158,-0.25232,0,0,0,0,0,0,0,0.00709554,0.00213249,-0.00360617,-0.00188061,19.8777,9.96816,7.6693,4.61126,-7.28406,-2.70882,1.86256,-0.45159,0,0,-12,0,0,0,0,0,6.20095,0,0,0,
0.492644,0.120926,0.84312,0.654518,0.466217,-0.509812,-0.307147,0,0,0,0,0,0,0.424742,0.396174,0.67933,0.049054,0.976499,-0.208644,0.0226023,-0.178981,0.0799403,0.739144,0.694609,0.287715,0.609158,-0.25232,0,0,0,0,0,0,0,0.000877382,0.00222566,-0.00359949,-0.00293661,19.7751,9.96755,7.6579,4.61532,-7.26994,-2.70202,1.84141,-0.444758,0,0,-12,0,0,0,0,0,6.20095,0,0,0,
0.492644,0.120926,0.84312,0.654518,0.466217,-0.509812,-0.307147,0,0,0,0,0,0,0.424742,0.396174,0.67933,0.0490537,0.976499,-0.208644,0.0226022,-0.178981,0.0799403,0.739144,0.694609,0.287715,0.609158,-0.25232,0,0,0,0,0,0,0,0.00105917,0.0023188,-0.00359405,-0.00399513,19.9166,9.96797,7.70087,4.60386,-7.29195,-2.71238,1.87085,-0.454282,0,0,-12,0,0,0,0,0,6.20095,0,0,0,
0.492644,0.120926,0.84312,0.654518,0.466217,-0.509812,-0.307147,-1.68564e-06,-3.48665e-07,1.12888e-07,1.2544e-07,-2.17099e-06,-4.83221e-06,0.424742,0.396174,0.67933,0.049054,0.976499,-0.208644,0.0226023,-0.178981,0.0799403,0.739144,0.694609,0.287715,0.609158,-0.25232,0,0,0,0,0,0,0,0.00411531,0.0021358,-0.00360738,-0.00190524,19.5227,9.967,7.56964,4.6382,-7.2295,-2.68339,1.78857,-0.427693,0,0,-12,0,0,0,0,0,6.20095,0,0,0,
0.492644,0.120926,0.84312,0.654518,0.466217,-0.509812,-0.307147,-1.68311e-06,-3.48142e-07,1.12719e-07,1.25252e-07,-2.16773e-06,-4.82496e-06,0.424742,0.396174,0.67933,0.049054,0.976499,-0.208644,0.0226023,-0.178981,0.0799403,0.739144,0.694609,0.287715,0.609158,-0.25232,0,0,0,0,0,0,0,0.00341851,0.00222725,-0.00360118,-0.00294062,19.5344,9.96701,7.57552,4.63672,-7.23151,-2.68444,1.79097,-0.428484,0,0,-12,0,0,0,0,0,6.20095,0,0,0,
0.492644,0.120926,0.84312,0.654518,0.466217,-0.509812,-0.307147,0,0,0,0,0,0,0.424742,0.396174,0.67933,0.0490537,0.976499,-0.208644,0.0226022,-0.178981,0.0799403,0.739144,0.694609,0.287715,0.609158,-0.25232,0,0,0,0,0,0,0,0.00156189,0.00231741,-0.0035948,-0.00396604,19.5787,9.96704,7.59518,4.63179,-7.23897,-2.68793,1.80024,-0.431486,0,0,-12,0,0,0,0,0,6.20095,0,0,0,
0.492644,0.120926,0.84312,0.654518,0.466217,-0.509812,-0.307147,1.68309e-06,3.4814e-07,-1.12718e-07,-1.25251e-07,2.16771e-06,4.82491e-06,0.424742,0.396174,0.67933,0.0490537,0.976499,-0.208644,0.0226022,-0.178981,0.0799403,0.739144,0.694609,0.287715,0.609158,-0.25232,0,0,0,0,0,0,0,0.00307078,0.00222959,-0.00360559,-0.00295857,19.8599,9.96791,7.67689,4.60991,-7.2825,-2.70798,1.85898,-0.450439,0,0,-12,0,0,0,0,0,6.20095,0,0,0,
0.492644,0.120926,0.84312,0.654518,0.466217,-0.509812,-0.307147,1.68437e-06,3.48403e-07,-1.12804e-07,-1.25346e-07,2.16935e-06,4.82856e-06,0.424742,0.396174,0.67933,0.0490537,0.976499,-0.208644,0.0226022,-0.178981,0.0799403,0.739144,0.694609,0.287715,0.609158,-0.25232,0,0,0,0,0,0,0,-5.26544e-05,0.00223013,-0.00360341,-0.00296325,19.4099,9.96648,7.54842,4.64451,-7.21313,-2.6757,1.76516,-0.420135,0,0,-12,0,0,0,0,0,6.20095,0,0,0,
0.492644,0.120926,0.84312,0.654518,0.466217,-0.509812,-0.307147,-1.68437e-06,-3.48402e-07,1.12803e-07,1.25346e-07,-2.16935e-06,-4.82856e-06,0.424742,0.396174,0.67933,0.049054,0.976499,-0.208644,0.0226023,-0.178981,0.0799403,0.739144,0.694609,0.287715,0.609158,-0.25232,0,0,0,0,0,0,0,0.00539982,0.00213827,-0.00361235,-0.00190826,19.2962,9.96644,7.49573,4.65756,-7.19369,-2.66694,1.74119,-0.4124,0,0,-12,0,0,0,0,0,6.20095,0,0,0,
0.492644,0.120926,0.84312,0.654518,0.466217,-0.509812,-0.307147,1.68309e-06,3.4814e-07,-1.12718e-07,-1.25251e-07,2.16771e-06,4.82491e-06,0.424742,0.396174,0.67933,0.0490537,0.976499,-0.208644,0.0226022,-0.178981,0.0799403,0.739144,0.694609,0.287715,0.609158,-0.25232,0,0,0,0,0,0,0,0.00195981,0.00232047,-0.00359536,-0.00398318,19.1268,9.96579,7.45469,4.66896,-7.16819,-2.65525,1.7058,-0.400998,0,0,-12,0,0,0,0,0,6.20095,0,0,0,
0.492644,0.120926,0.84312,0.654518,0.466217,-0.509812,-0.307147,0,0,0,0,0,0,0.424742,0.396174,0.67933,0.0490537,0.976499,-0.208644,0.0226022,-0.178981,0.0799403,0.739144,0.694609,0.287715,0.609158,-0.25232,0,0,0,0,0,0,0,0.00240264,0.00223173,-0.00360656,-0.00296554,19.3626,9.96647,7.5259,4.65005,-7.20496,-2.67211,1.75514,-0.416909,0,0,-12,0,0,0,0,0,6.20095,0,0,0,
0.492644,0.120926,0.84312,0.654518,0.466217,-0.509812,-0.307147,1.68438e-06,3.48406e-07,-1.12805e-07,-1.25347e-07,2.16937e-06,4.82861e-06,0.424742,0.396174,0.67933,0.0490537,0.976499,-0.208644,0.0226022,-0.178981,0.0799403,0.739144,0.694609,0.287715,0.609158,-0.25232,0,0,0,0,0,0,0,0.00301665,0.00223227,-0.00360683,-0.00296726,19.2424,9.96617,7.48689,4.66028,-7.18598,-2.66338,1.73,-0.408794,0,0,-12,0,0,0,0,0,6.20095,0,0,0,
0.492644,0.120926,0.84312,0.654518,0.466217,-0.509812,-0.307147,0,0,0,0,0,0,0.424742,0.396174,0.67933,0.049054,0.976499,-0.208644,0.0226023,-0.178981,0.0799403,0.739144,0.694609,0.287715,0.609158,-0.25232,0,0,0,0,0,0,0,0.00457486,0.00213891,-0.00361733,-0.00189433,19.231,9.96621,7.47831,4.66233,-7.18375,-2.66228,1.72761,-0.40801,0,0,-12,0,0,0,0,0,6.20095,0,0,0,
0.492644,0.120926,0.84312,0.654518,0.466217,-0.509812,-0.307147,0,0,0,0,0,0,0.424742,0.396174,0.67933,0.049054,0.976499,-0.208644,0.0226023,-0.178981,0.0799403,0.739144,0.694609,0.287715,0.609158,-0.25232,0,0,0,0,0,0,0,0.00331062,0.00223205,-0.00360763,-0.00295113,18.9964,9.96549,7.41016,4.68057,-7.14744,-2.64558,1.67859,-0.392198,0,0,-12,0,0,0,0,0,6.20095,0,0,0,
0.492644,0.120926,0.84312,0.654518,0.466217,-0.509812,-0.307147,0,0,0,0,0,0,0.424742,0.396174,0.67933,0.0490537,0.976499,-0.208644,0.0226022,-0.178981,0.0799403,0.739144,0.694609,0.287715,0.609158,-0.25232,0,0,0,0,0,0,0,0.000436903,0.00232468,-0.00360106,-0.00400288,19.254,9.96607,7.4988,4.65753,-7.18855,-2.66455,1.73245,-0.409597,0,0,-12,0,0,0,0,0,6.20095,0,0,0,
0.492644,0.120926,0.84312,0.654518,0.466217,-0.509812,-0.307147,0,0,0,0,0,0,0.424742,0.396174,0.67933,0.0490537,0.976499,-0.208644,0.0226022,-0.178981,0.0799403,0.739144,0.694609,0.287715,0.609158,-0.25232,0,0,0,0,0,0,0,0.00155304,0.00223438,-0.00360984,-0.00297165,19.0327,9.9655,7.42706,4.6764,-7.15366,-2.64834,1.68628,-0.394674,0,0,-12,0,0,0,0,0,6.20095,0,0,0,
0.492644,0.120926,0.84312,0.654518,0.466217,-0.509812,-0.307147,0,0,0,0,0,0,0.424742,0.396174,0.67933,0.049054,0.976499,-0.208644,0.0226023,-0.178981,0.0799403,0.739144,0.694609,0.287715,0.609158,-0.25232,0,0,0,0,0,0,0,0.00316321,0.00214339,-0.00362019,-0.00192636,18.9408,9.96532,7.39354,4.68505,-7.13884,-2.64143,1.66708,-0.388464,0,0,-12,0,0,0,0,0,6.20095,0,0,0,
0.492644,0.120926,0.84312,0.654518,0.466217,-0.509812,-0.307147,-1.68692e-06,-3.48929e-07,1.12974e-07,1.25535e-07,-2.17263e-06,-4.83587e-06,0.424742,0.396174,0.67933,0.049054,0.976499,-0.208644,0.0226023,-0.178981,0.0799403,0.739144,0.694609,0.287715,0.609158,-0.25232,0,0,0,0,0,0,0,-0.0004807,0.00223418,-0.00361048,-0.00295581,18.7565,9.96462,7.34857,4.69756,-7.11112,-2.62853,1.62869,-0.376075,0,0,-12,0,0,0,0,0,6.20095,0,0,0,
0.492644,0.120926,0.84312,0.654518,0.466217,-0.509812,-0.307147,0,0,0,0,0,0,0.424742,0.396174,0.67933,0.0490537,0.976499,-0.208644,0.0226022,-0.178981,0.0799403,0.739144,0.694609,0.287715,0.609158,-0.25232,0,0,0,0,0,0,0,0.00341114,0.00232637,-0.00360031,-0.00400615,18.6084,9.96441,7.29031,4.71227,-7.08669,-2.6177,1.59741,-0.36601,0,0,-12,0,0,0,0,0,6.20095,0,0,0,
0.492644,0.120926,0.84312,0.654518,0.466217,-0.509812,-0.307147,0,0,0,0,0,0,0.424742,0.396174,0.67933,0.0490537,0.976499,-0.208644,0.0226022,-0.178981,0.0799403,0.739144,0.694609,0.287715,0.609158,-0.25232,0,0,0,0,0,0,0,0.00119772,0.00223651,-0.00361282,-0.00297618,18.8074,9.96485,7.3588,4.69455,-7.11854,-2.63209,1.63921,-0.379478,0,0,-12,0,0,0,0,0,6.20095,0,0,0,
0.492644,0.120926,0.84312,0.654518,0.466217,-0.509812,-0.307147,1.68309e-06,3.4814e-07,-1.12718e-07,-1.25251e-07,2.16771e-06,4.82491e-06,0.424742,0.396174,0.67933,0.0490537,0.976499,-0.208644,0.0226022,-0.178981,0.0799403,0.739144,0.694609,0.287715,0.609158,-0.25232,0,0,0,0,0,0,0,0.000628299,0.00223705,-0.00361476,-0.00297588,18.9134,9.96512,7.39332,4.68551,-7.1353,-2.63979,1.66141,-0.386642,0,0,-12,0,0,0,0,0,6.20095,0,0,0,
0.492644,0.120926,0.84312,0.654518,0.466217,-0.509812,-0.307147,1.68309e-06,3.4814e-07,-1.12718e-07,-1.25251e-07,2.16771e-06,4.82491e-06,0.424742,0.396174,0.67933,0.0490537,0.976499,-0.208644,0.0226022,-0.178981,0.0799403,0.739144,0.694609,0.287715,0.609158,-0.25232,0,0,0,0,0,0,0,-0.001528,0.00223758,-0.00361394,-0.00297889,18.6494,9.96427,7.319,4.70558,-7.09471,-2.62088,1.60638,-0.368868,0,0,-12,0,0,0,0,0,6.20095,0,0,0,
0.492644,0.120926,0.84312,0.654518,0.466217,-0.509812,-0.307147,-1.68311e-06,-3.48142e-07,1.12719e-07,1.25252e-07,-2.16773e-06,-4.82496e-06,0.424742,0.396174,0.67933,0.049054,0.976499,-0.208644,0.0226023,-0.178981,0.0799403,0.739144,0.694609,0.287715,0.609158,-0.25232,0,0,0,0,0,0,0,-0.00118657,0.00214524,-0.00362536,-0.00191834,18.5476,9.96399,7.28654,4.71417,-7.07873,-2.61334,1.58519,-0.36201,0,0,-12,0,0,0,0,0,6.20095,0,0,0,
0.492644,0.120926,0.84312,0.654518,0.466217,-0.509812,-0.307147,0,0,0,0,0,0,0.424742,0.396174,0.67933,0.0490537,0.976499,-0.208644,0.0226022,-0.178981,0.0799403,0.739144,0.694609,0.287715,0.609158,-0.25232,0,0,0,0,0,0,0,6.85375e-05,0.00232813,-0.0036049,-0.00399958,18.5449,9.96406,7.2816,4.71517,-7.07781,-2.61335,1.58434,-0.361777,0,0,-12,0,0,0,0,0,6.20095,0,0,0,
0.492644,0.120926,0.84312,0.654518,0.466217,-0.509812,-0.307147,0,0,0,0,0,0,0.424742,0.396174,0.67933,0.0490537,0.976499,-0.208644,0.0226022,-0.178981,0.0799403,0.739144,0.694609,0.287715,0.609158,-0.25232,0,0,0,0,0,0,0,0.00285848,0.00223917,-0.00361628,-0.00298214,18.4978,9.96407,7.25807,4.72096,-7.06963,-2.6096,1.57445,-0.358575,0,0,-12,0,0,0,0,0,6.20095,0,0,0,
0.492644,0.120926,0.84312,0.654518,0.466217,-0.509812,-0.307147,0,0,0,0,0,0,0.424742,0.396174,0.67933,0.049054,0.976499,-0.208644,0.0226023,-0.178981,0.0799403,0.739144,0.694609,0.287715,0.609158,-0.25232,0,0,0,0,0,0,0,0.00105317,0.00214932,-0.00362915,-0.00194828,18.5646,9.96416,7.28453,4.71431,-7.08069,-2.61441,1.58862,-0.363124,0,0,-12,0,0,0,0,0,6.20095,0,0,0,
0.492644,0.120926,0.84312,0.654518,0.466217,-0.509812,-0.307147,-1.68309e-06,-3.48139e-07,1.12718e-07,1.25251e-07,-2.16771e-06,-4.82491e-06,0.424742,0.396174,0.67933,0.049054,0.976499,-0.208644,0.0226023,-0.178981,0.0799403,0.739144,0.694609,0.287715,0.609158,-0.25232,0,0,0,0,0,0,0,0.00112864,0.00223897,-0.00361726,-0.00296587,18.2709,9.96334,7.1938,4.7383,-7.03471,-2.59333,1.52716,-0.3433,0,0,-12,0,0,0,0,0,6.20095,0,0,0,
0.492644,0.120926,0.84312,0.654518,0.466217,-0.509812,-0.307147,0,0,0,0,0,0,0.424742,0.396174,0.67933,0.0490537,0.976499,-0.208644,0.0226022,-0.178981,0.0799403,0.739144,0.694609,0.287715,0.609158,-0.25232,0,0,0,0,0,0,0,0.000761645,0.00233033,-0.00360835,-0.00400355,18.4764,9.96391,7.25827,4.72124,-7.06689,-2.60836,1.57,-0.35715,0,0,-12,0,0,0,0,0,6.20095,0,0,0,
0.492644,0.120926,0.84312,0.654518,0.466217,-0.509812,-0.307147,0,0,0,0,0,0,0.424742,0.396174,0.67933,0.0490537,0.976499,-0.208644,0.0226022,-0.178981,0.0799403,0.739144,0.694609,0.287715,0.609158,-0.25232,0,0,0,0,0,0,0,0.000383086,0.0022413,-0.00361859,-0.00298745,18.1899,9.96307,7.17127,4.7444,-7.02227,-2.58754,1.51028,-0.337847,0,0,-12,0,0,0,0,0,6.20095,0,0,0,
0.492644,0.120926,0.84312,0.654518,0.466217,-0.509812,-0.307147,0,0,0,0,0,0,0.424742,0.396174,0.67933,0.0490537,0.976499,-0.208644,0.0226022,-0.178981,0.0799403,0.739144,0.694609,0.287715,0.609158,-0.25232,0,0,0,0,0,0,0,0.000833508,0.00224183,-0.00362066,-0.00298696,18.3161,9.96345,7.20868,4.73441,-7.04186,-2.59662,1.53661,-0.34635,0,0,-12,0,0,0,0,0,6.20095,0,0,0,
0.492644,0.120926,0.84312,0.654518,0.466217,-0.509812,-0.307147,1.68692e-06,3.4893e-07,-1.12974e-07,-1.25535e-07,2.17263e-06,4.83587e-06,0.424742,0.396174,0.67933,0.0490537,0.976499,-0.208644,0.0226022,-0.178981,0.0799403,0.739144,0.694609,0.287715,0.609158,-0.25232,0,0,0,0,0,0,0,0.000970448,0.00224237,-0.00362171,-0.00298772,18.3037,9.96343,7.2044,4.73552,-7.03987,-2.59571,1.534,-0.345509,0,0,-12,0,0,0,0,0,6.20095,0,0,0,
0.492644,0.120926,0.84312,0.654518,0.466217,-0.509812,-0.307147,0,0,0,0,0,0,0.424742,0.396174,0.67933,0.0490537,0.976499,-0.208644,0.0226022,-0.178981,0.0799403,0.739144,0.694609,0.287715,0.609158,-0.25232,0,0,0,0,0,0,0,0.00407109,0.0022429,-0.00362294,-0.00298827,18.3167,9.96363,7.19835,4.73659,-7.04093,-2.59643,1.53654,-0.346339,0,0,-12,0,0,0,0,0,6.20095,0,0,0,
0.492644,0.120926,0.84312,0.654518,0.466217,-0.509812,-0.307147,-1.68692e-06,-3.48929e-07,1.12974e-07,1.25535e-07,-2.17263e-06,-4.83587e-06,0.424742,0.396174,0.67933,0.049054,0.976499,-0.208644,0.0226023,-0.178981,0.0799403,0.739144,0.694609,0.287715,0.609158,-0.25232,0,0,0,0,0,0,0,0.00879451,0.00215319,-0.0036365,-0.00195655,18.3357,9.96392,7.18888,4.73832,-7.04246,-2.5973,1.54033,-0.347559,0,0,-12,0,0,0,0,0,6.20095,0,0,0,
0.492644,0.120926,0.84312,0.654518,0.466217,-0.509812,-0.307147,0,0,0,0,0,0,0.424742,0.396174,0.67933,0.0490537,0.976499,-0.208644,0.0226022,-0.178981,0.0799403,0.739144,0.694609,0.287715,0.609158,-0.25232,0,0,0,0,0,0,0,-6.6112e-05,0.00233601,-0.00361021,-0.00404028,17.9718,9.96244,7.10554,4.76186,-6.98827,-2.57197,1.46464,-0.32313,0,0,-12,0,0,0,0,0,6.20095,0,0,0,
0.492644,0.120926,0.84312,0.654518,0.466217,-0.509812,-0.307147,0,0,0,0,0,0,0.424742,0.396174,0.67933,0.049054,0.976499,-0.208644,0.0226023,-0.178981,0.0799403,0.739144,0.694609,0.287715,0.609158,-0.25232,0,0,0,0,0,0,0,0.000569756,0.00215202,-0.0036374,-0.00193486,18.0697,9.96274,7.13367,4.75439,-7.00348,-2.57869,1.48526,-0.329752,0,0,-12,0,0,0,0,0,6.20095,0,0,0,
0.492644,0.120926,0.84312,0.654518,0.466217,-0.509812,-0.307147,-1.68437e-06,-3.48402e-07,1.12803e-07,1.25346e-07,-2.16935e-06,-4.82856e-06,0.424742,0.396174,0.67933,0.049054,0.976499,-0.208644,0.0226023,-0.178981,0.0799403,0.739144,0.694609,0.287715,0.609158,-0.25232,0,0,0,0,0,0,0,0.00248217,0.00224376,-0.0036254,-0.0029743,17.9796,9.96259,7.09966,4.76303,-6.98873,-2.57219,1.4662,-0.323624,0,0,-12,0,0,0,0,0,6.20095,0,0,0,
0.492644,0.120926,0.84312,0.654518,0.466217,-0.509812,-0.307147,0,0,0,0,0,0,0.424742,0.396174,0.67933,0.0490537,0.976499,-0.208644,0.0226022,-0.178981,0.0799403,0.739144,0.694609,0.287715,0.609158,-0.25232,0,0,0,0,0,0,0,0.00463792,0.0023374,-0.00361289,-0.00404023,17.9328,9.96258,7.07825,4.76828,-6.98068,-2.5688,1.4562,-0.320421,0,0,-12,0,0,0,0,0,6.20095,0,0,0,
0.492644,0.120926,0.84312,0.654518,0.466217,-0.509812,-0.307147,-1.68437e-06,-3.48402e-07,1.12803e-07,1.25346e-07,-2.16935e-06,-4.82856e-06,0.424742,0.396174,0.67933,0.049054,0.976499,-0.208644,0.0226023,-0.178981,0.0799403,0.739144,0.694609,0.287715,0.609158,-0.25232,0,0,0,0,0,0,0,-0.00138635,0.0021566,-0.00364091,-0.00197071,18.0742,9.96266,7.1414,4.75268,-7.00479,-2.57916,1.48631,-0.330085,0,0,-12,0,0,0,0,0,6.20095,0,0,0,
0.492644,0.120926,0.84312,0.654518,0.466217,-0.509812,-0.307147,0,0,0,0,0,0,0.424742,0.396174,0.67933,0.049054,0.976499,-0.208644,0.0226023,-0.178981,0.0799403,0.739144,0.694609,0.287715,0.609158,-0.25232,0,0,0,0,0,0,0,-0.00338549,0.00224535,-0.00362631,-0.00297927,17.6408,9.96134,7.01438,4.78665,-6.93762,-2.54815,1.39579,-0.300872,0,0,-12,0,0,0,0,0,6.20095,0,0,0,
0.492644,0.120926,0.84312,0.654518,0.466217,-0.509812,-0.307147,0,0,0,0,0,0,0.424742,0.396174,0.67933,0.0490537,0.976499,-0.208644,0.0226022,-0.178981,0.0799403,0.739144,0.694609,0.287715,0.609158,-0.25232,0,0,0,0,0,0,0,0.00405067,0.00233788,-0.00361325,-0.00403277,17.5594,9.9615,6.96515,4.79836,-6.9225,-2.54187,1.37823,-0.295248,0,0,-12,0,0,0,0,0,6.20095,0,0,0,
0.492644,0.120926,0.84312,0.654518,0.466217,-0.509812,-0.307147,1.68437e-06,3.48403e-07,-1.12804e-07,-1.25346e-07,2.16935e-06,4.82856e-06,0.424742,0.396174,0.67933,0.0490537,0.976499,-0.208644,0.0226022,-0.178981,0.0799403,0.739144,0.694609,0.287715,0.609158,-0.25232,0,0,0,0,0,0,0,0.00167436,0.0022477,-0.00362906,-0.00299913,17.7528,9.96192,7.03244,4.78098,-6.95352,-2.55587,1.41888,-0.308341,0,0,-12,0,0,0,0,0,6.20095,0,0,0,
0.492644,0.120926,0.84312,0.654518,0.466217,-0.509812,-0.307147,1.68437e-06,3.48403e-07,-1.12804e-07,-1.25346e-07,2.16935e-06,4.82856e-06,0.424742,0.396174,0.67933,0.0490537,0.976499,-0.208644,0.0226022,-0.178981,0.0799403,0.739144,0.694609,0.287715,0.609158,-0.25232,0,0,0,0,0,0,0,-0.00012761,0.00224823,-0.00363125,-0.00299853,17.8947,9.96223,7.08201,4.76816,-6.97628,-2.56625,1.44863,-0.317941,0,0,-12,0,0,0,0,0,6.20095,0,0,0,
0.492644,0.120926,0.84312,0.654518,0.466217,-0.509812,-0.307147,0,0,0,0,0,0,0.424742,0.396174,0.67933,0.0490537,0.976499,-0.208644,0.0226022,-0.178981,0.0799403,0.739144,0.694609,0.287715,0.609158,-0.25232,0,0,0,0,0,0,0,0.000379669,0.00224877,-0.00362963,-0.00300254,17.5214,9.9612,6.96538,4.79899,-6.91776,-2.53924,1.37061,-0.292755,0,0,-12,0,0,0,0,0,6.20095,0,0,0,
0.492644,0.120926,0.84312,0.654518,0.466217,-0.509812,-0.307147,0,0,0,0,0,0,0.424742,0.396174,0.67933,0.049054,0.976499,-0.208644,0.0226023,-0.178981,0.0799403,0.739144,0.694609,0.287715,0.609158,-0.25232,0,0,0,0,0,0,0,0.00320803,0.00216451,-0.00364416,-0.00203237,17.5432,9.9614,6.96292,4.79919,-6.92032,-2.54047,1.37509,-0.294193,0,0,-12,0,0,0,0,0,6.20095,0,0,0,
0.492644,0.120926,0.84312,0.654518,0.466217,-0.509812,-0.307147,0,0,0,0,0,0,0.424742,0.396174,0.67933,0.0490537,0.976499,-0.208644,0.0226022,-0.178981,0.0799403,0.739144,0.694609,0.287715,0.609158,-0.25232,0,0,0,0,0,0,0,0.00372253,0.00233219,-0.00361682,-0.0039432,17.1652,9.96037,6.84481,4.83032,-6.86098,-2.5134,1.29591,-0.268667,0,0,-12,0,0,0,0,0,6.20095,0,0,0,
0.492644,0.120926,0.84312,0.654518,0.466217,-0.509812,-0.307147,1.68692e-06,3.4893e-07,-1.12974e-07,-1.25535e-07,2.17263e-06,4.83587e-06,0.424742,0.396174,0.67933,0.0490537,0.976499,-0.208644,0.0226022,-0.178981,0.0799403,0.739144,0.694609,0.287715,0.609158,-0.25232,0,0,0,0,0,0,0,0.0027209,0.0022505,-0.00363275,-0.00300533,17.4407,9.96109,6.93291,4.80719,-6.9044,-2.53324,1.35361,-0.287272,0,0,-12,0,0,0,0,0,6.20095,0,0,0,
0.492644,0.120926,0.84312,0.654518,0.466217,-0.509812,-0.307147,1.68819e-06,3.49194e-07,-1.1306e-07,-1.2563e-07,2.17428e-06,4.83953e-06,0.424742,0.396174,0.67933,0.0490537,0.976499,-0.208644,0.0226022,-0.178981,0.0799403,0.739144,0.694609,0.287715,0.609158,-0.25232,0,0,0,0,0,0,0,-0.000439826,0.00225102,-0.00363123,-0.00300912,17.0861,9.95993,6.83396,4.83397,-6.84996,-2.50786,1.27972,-0.263406,0,0,-12,0,0,0,0,0,6.20095,0,0,0,
0.492644,0.120926,0.84312,0.654518,0.466217,-0.509812,-0.307147,-1.68819e-06,-3.49193e-07,1.13059e-07,1.2563e-07,-2.17428e-06,-4.83953e-06,0.424742,0.396174,0.67933,0.049054,0.976499,-0.208644,0.0226023,-0.178981,0.0799403,0.739144,0.694609,0.287715,0.609158,-0.25232,0,0,0,0,0,0,0,0.00144858,0.00216067,-0.00364753,-0.00196992,17.1368,9.96017,6.84348,4.83116,-6.85735,-2.51123,1.29031,-0.266814,0,0,-12,0,0,0,0,0,6.20095,0,0,0,
0.492644,0.120926,0.84312,0.654518,0.466217,-0.509812,-0.307147,-1.6869e-06,-3.48926e-07,1.12973e-07,1.25534e-07,-2.17261e-06,-4.83582e-06,0.424742,0.396174,0.67933,0.049054,0.976499,-0.208644,0.0226023,-0.178981,0.0799403,0.739144,0.694609,0.287715,0.609158,-0.25232,0,0,0,0,0,0,0,0.00111736,0.00225081,-0.00363318,-0.0029918,16.9747,9.9597,6.79461,4.84413,-6.83206,-2.49969,1.25637,-0.255872,0,0,-12,0,0,0,0,0,6.20095,0,0,0,
0.492644,0.120926,0.84312,0.654518,0.466217,-0.509812,-0.307147,0,0,0,0,0,0,0.424742,0.396174,0.67933,0.0490537,0.976499,-0.208644,0.0226022,-0.178981,0.0799403,0.739144,0.694609,0.287715,0.609158,-0.25232,0,0,0,0,0,0,0,0.00247145,0.00234381,-0.00361766,-0.00405145,16.7966,9.95927,6.73533,4.85955,-6.80374,-2.48688,1.21897,-0.243823,0,0,-12,0,0,0,0,0,6.20095,0,0,0,
0.492644,0.120926,0.84312,0.654518,0.466217,-0.509812,-0.307147,-1.68309e-06,-3.48139e-07,1.12718e-07,1.25251e-07,-2.16771e-06,-4.82491e-06,0.424742,0.396174,0.67933,0.049054,0.976499,-0.208644,0.0226023,-0.178981,0.0799403,0.739144,0.694609,0.287715,0.609158,-0.25232,0,0,0,0,0,0,0,0.00316582,0.00216089,-0.00365041,-0.00195784,16.9594,9.95976,6.78325,4.84682,-6.82907,-2.49828,1.25314,-0.254817,0,0,-12,0,0,0,0,0,6.20095,0,0,0,
0.492644,0.120926,0.84312,0.654518,0.466217,-0.509812,-0.307147,1.68437e-06,3.48403e-07,-1.12804e-07,-1.25346e-07,2.16935e-06,4.82856e-06,0.424742,0.396174,0.67933,0.0490537,0.976499,-0.208644,0.0226022,-0.178981,0.0799403,0.739144,0.694609,0.287715,0.609158,-0.25232,0,0,0,0,0,0,0,-0.000649505,0.00234269,-0.00362029,-0.00402743,16.8349,9.95922,6.75726,4.85429,-6.81071,-2.48987,1.22716,-0.246455,0,0,-12,0,0,0,0,0,6.20095,0,0,0,
0.492644,0.120926,0.84312,0.654518,0.466217,-0.509812,-0.307147,-1.68437e-06,-3.48402e-07,1.12803e-07,1.25346e-07,-2.16935e-06,-4.82856e-06,0.424742,0.396174,0.67933,0.049054,0.976499,-0.208644,0.0226023,-0.178981,0.0799403,0.739144,0.694609,0.287715,0.609158,-0.25232,0,0,0,0,0,0,0,0.000507272,0.00216293,-0.00365053,-0.00197291,16.6351,9.95871,6.69199,4.87148,-6.7792,-2.47505,1.18554,-0.232985,0,0,-12,0,0,0,0,0,6.20095,0,0,0,
0.492644,0.120926,0.84312,0.654518,0.466217,-0.509812,-0.307147,0,0,0,0,0,0,0.424742,0.396174,0.67933,0.0490537,0.976499,-0.208644,0.0226022,-0.178981,0.0799403,0.739144,0.694609,0.287715,0.609158,-0.25232,0,0,0,0,0,0,0,0.00303309,0.00234328,-0.00362038,-0.00402554,16.5647,9.95865,6.66209,4.87887,-6.76731,-2.47008,1.1705,-0.228175,0,0,-12,0,0,0,0,0,6.20095,0,0,0,
0.492644,0.120926,0.84312,0.654518,0.466217,-0.509812,-0.307147,1.68311e-06,3.48143e-07,-1.12719e-07,-1.25252e-07,2.16773e-06,4.82496e-06,0.424742,0.396174,0.67933,0.0490537,0.976499,-0.208644,0.0226022,-0.178981,0.0799403,0.739144,0.694609,0.287715,0.609158,-0.25232,0,0,0,0,0,0,0,0.00102138,0.00225528,-0.00363586,-0.00301973,16.4564,9.95824,6.63528,4.88637,-6.75106,-2.46226,1.14809,-0.220914,0,0,-12,0,0,0,0,0,6.20095,0,0,0,
0.492644,0.120926,0.84312,0.654518,0.466217,-0.509812,-0.307147,0,0,0,0,0,0,0.424742,0.396174,0.67933,0.0490537,0.976499,-0.208644,0.0226022,-0.178981,0.0799403,0.739144,0.694609,0.287715,0.609158,-0.25232,0,0,0,0,0,0,0,0.00108443,0.00225581,-0.00363741,-0.00301989,16.5083,9.95839,6.65107,4.88218,-6.75915,-2.46601,1.15893,-0.224414,0,0,-12,0,0,0,0,0,6.20095,0,0,0,
0.492644,0.120926,0.84312,0.654518,0.466217,-0.509812,-0.307147,0,0,0,0,0,0,0.424742,0.396174,0.67933,0.049054,0.976499,-0.208644,0.0226023,-0.178981,0.0799403,0.739144,0.694609,0.287715,0.609158,-0.25232,0,0,0,0,0,0,0,0.00039216,0.00216512,-0.0036547,-0.0019776,16.4741,9.95825,6.64279,4.88454,-6.75407,-2.46343,1.15193,-0.222131,0,0,-12,0,0,0,0,0,6.20095,0,0,0,
0.492644,0.120926,0.84312,0.654518,0.466217,-0.509812,-0.307147,0,0,0,0,0,0,0.424742,0.396174,0.67933,0.049054,0.976499,-0.208644,0.0226023,-0.178981,0.0799403,0.739144,0.694609,0.287715,0.609158,-0.25232,0,0,0,0,0,0,0,0.00146583,0.00225561,-0.00363941,-0.00300255,16.3985,9.9581,6.61598,4.89141,-6.74186,-2.45804,1.13596,-0.216998,0,0,-12,0,0,0,0,0,6.20095,0,0,0,
0.492644,0.120926,0.84312,0.654518,0.466217,-0.509812,-0.307147,-1.68438e-06,-3.48405e-07,1.12804e-07,1.25347e-07,-2.16937e-06,-4.82861e-06,0.424742,0.396174,0.67933,0.049054,0.976499,-0.208644,0.0226023,-0.178981,0.0799403,0.739144,0.694609,0.287715,0.609158,-0.25232,0,0,0,0,0,0,0,7.0305e-05,0.00225613,-0.00364043,-0.00300329,16.3839,9.95798,6.61604,4.89164,-6.74003,-2.45709,1.133,-0.21604,0,0,-12,0,0,0,0,0,6.20095,0,0,0,
0.492644,0.120926,0.84312,0.654518,0.466217,-0.509812,-0.307147,1.68564e-06,3.48666e-07,-1.12889e-07,-1.2544e-07,2.17099e-06,4.83221e-06,0.424742,0.396174,0.67933,0.0490537,0.976499,-0.208644,0.0226022,-0.178981,0.0799403,0.739144,0.694609,0.287715,0.609158,-0.25232,0,0,0,0,0,0,0,0.00158035,0.00234953,-0.00362188,-0.0040688,16.0468,9.95712,6.50727,4.92016,-6.68679,-2.43278,1.06237,-0.193261,0,0,-12,0,0,0,0,0,6.20095,0,0,0,
0.492644,0.120926,0.84312,0.654518,0.466217,-0.509812,-0.307147,-1.68564e-06,-3.48665e-07,1.12888e-07,1.2544e-07,-2.17099e-06,-4.83221e-06,0.424742,0.396174,0.67933,0.049054,0.976499,-0.208644,0.0226023,-0.178981,0.0799403,0.739144,0.694609,0.287715,0.609158,-0.25232,0,0,0,0,0,0,0,0.00184352,0.00216814,-0.00365909,-0.00199123,16.371,9.95804,6.60631,4.89396,-6.73749,-2.45588,1.13029,-0.21515,0,0,-12,0,0,0,0,0,6.20095,0,0,0,
0.492644,0.120926,0.84312,0.654518,0.466217,-0.509812,-0.307147,1.68692e-06,3.4893e-07,-1.12974e-07,-1.25535e-07,2.17263e-06,4.83587e-06,0.424742,0.396174,0.67933,0.0490537,0.976499,-0.208644,0.0226022,-0.178981,0.0799403,0.739144,0.694609,0.287715,0.609158,-0.25232,0,0,0,0,0,0,0,-0.000522115,0.0023428,-0.00362534,-0.00398099,16.0352,9.95698,6.51055,4.91967,-6.68566,-2.43208,1.0601,-0.192519,0,0,-12,0,0,0,0,0,6.20095,0,0,0,
0.492644,0.120926,0.84312,0.654518,0.466217,-0.509812,-0.307147,-1.68566e-06,-3.48669e-07,1.12889e-07,1.25442e-07,-2.17101e-06,-4.83226e-06,0.424742,0.396174,0.67933,0.049054,0.976499,-0.208644,0.0226023,-0.178981,0.0799403,0.739144,0.694609,0.287715,0.609158,-0.25232,0,0,0,0,0,0,0,0.00448213,0.00217748,-0.00365935,-0.00208686,16.2232,9.95776,6.55222,4.90783,-6.71355,-2.44502,1.09925,-0.205139,0,0,-12,0,0,0,0,0,6.20095,0,0,0,
0.492644,0.120926,0.84312,0.654518,0.466217,-0.509812,-0.307147,-1.68309e-06,-3.48139e-07,1.12718e-07,1.25251e-07,-2.16771e-06,-4.82491e-06,0.424742,0.396174,0.67933,0.049054,0.976499,-0.208644,0.0226023,-0.178981,0.0799403,0.739144,0.694609,0.287715,0.609158,-0.25232,0,0,0,0,0,0,0,0.00301978,0.00225894,-0.00364368,-0.00301003,15.9971,9.95705,6.48733,4.92525,-6.67863,-2.42893,1.05202,-0.189904,0,0,-12,0,0,0,0,0,6.20095,0,0,0,
0.492644,0.120926,0.84312,0.654518,0.466217,-0.509812,-0.307147,0,0,0,0,0,0,0.424742,0.396174,0.67933,0.049054,0.976499,-0.208644,0.0226023,-0.178981,0.0799403,0.739144,0.694609,0.287715,0.609158,-0.25232,0,0,0,0,0,0,0,0.00128529,0.00225946,-0.00364432,-0.00301126,15.9281,9.95677,6.47169,4.9297,-6.66838,-2.42407,1.0377,-0.185274,0,0,-12,0,0,0,0,0,6.20095,0,0,0,
0.492644,0.120926,0.84312,0.654518,0.466217,-0.509812,-0.307147,0,0,0,0,0,0,0.424742,0.396174,0.67933,0.049054,0.976499,-0.208644,0.0226023,-0.178981,0.0799403,0.739144,0.694609,0.287715,0.609158,-0.25232,0,0,0,0,0,0,0,0.00205947,0.00225999,-0.00364594,-0.00301131,15.9925,9.95699,6.48901,4.92497,-6.6782,-2.42866,1.0511,-0.189605,0,0,-12,0,0,0,0,0,6.20095,0,0,0,
0.492644,0.120926,0.84312,0.654518,0.466217,-0.509812,-0.307147,1.68309e-06,3.4814e-07,-1.12718e-07,-1.25251e-07,2.16771e-06,4.82491e-06,0.424742,0.396174,0.67933,0.0490537,0.976499,-0.208644,0.0226022,-0.178981,0.0799403,0.739144,0.694609,0.287715,0.609158,-0.25232,0,0,0,0,0,0,0,-0.00387404,0.00235425,-0.00362763,-0.0040846,15.8828,9.95638,6.4745,4.92981,-6.66289,-2.42134,1.02845,-0.182292,0,0,-12,0,0,0,0,0,6.20095,0,0,0,
0.492644,0.120926,0.84312,0.654518,0.466217,-0.509812,-0.307147,-1.68437e-06,-3.48402e-07,1.12803e-07,1.25346e-07,-2.16935e-06,-4.82856e-06,0.424742,0.396174,0.67933,0.049054,0.976499,-0.208644,0.0226023,-0.178981,0.0799403,0.739144,0.694609,0.287715,0.609158,-0.25232,0,0,0,0,0,0,0,0.00420334,0.00217113,-0.00366563,-0.00198983,15.9407,9.95695,6.46612,4.93071,-6.66948,-2.42462,1.04026,-0.186091,0,0,-12,0,0,0,0,0,6.20095,0,0,0,
0.492644,0.120926,0.84312,0.654518,0.466217,-0.509812,-0.307147,0,0,0,0,0,0,0.424742,0.396174,0.67933,0.049054,0.976499,-0.208644,0.0226023,-0.178981,0.0799403,0.739144,0.694609,0.287715,0.609158,-0.25232,0,0,0,0,0,0,0,0.00365091,0.00226159,-0.00364727,-0.00301579,15.7035,9.95626,6.39486,4.94965,-6.63253,-2.40767,0.990651,-0.170093,0,0,-12,0,0,0,0,0,6.20095,0,0,0,
0.492644,0.120926,0.84312,0.654518,0.466217,-0.509812,-0.307147,0,0,0,0,0,0,0.424742,0.396174,0.67933,0.049054,0.976499,-0.208644,0.0226023,-0.178981,0.0799403,0.739144,0.694609,0.287715,0.609158,-0.25232,0,0,0,0,0,0,0,0.00239438,0.00226213,-0.00364731,-0.00301776,15.5521,9.95577,6.3523,4.96115,-6.60926,-2.39683,0.959096,-0.159901,0,0,-12,0,0,0,0,0,6.20095,0,0,0,
0.492644,0.120926,0.84312,0.654518,0.466217,-0.509812,-0.307147,0,0,0,0,0,0,0.424742,0.396174,0.67933,0.0490537,0.976499,-0.208644,0.0226022,-0.178981,0.0799403,0.739144,0.694609,0.287715,0.609158,-0.25232,0,0,0,0,0,0,0,0.000978654,0.00235486,-0.00363025,-0.0040717,15.66,9.956,6.39011,4.95133,-6.62652,-2.40488,0.981608,-0.167184,0,0,-12,0,0,0,0,0,6.20095,0,0,0,
0.492644,0.120926,0.84312,0.654518,0.466217,-0.509812,-0.307147,1.68438e-06,3.48406e-07,-1.12805e-07,-1.25347e-07,2.16937e-06,4.82861e-06,0.424742,0.396174,0.67933,0.0490537,0.976499,-0.208644,0.0226022,-0.178981,0.0799403,0.739144,0.694609,0.287715,0.609158,-0.25232,0,0,0,0,0,0,0,0.00697024,0.00226445,-0.00364979,-0.00303773,15.6482,9.95628,6.36705,4.95644,-6.62283,-2.40344,0.978898,-0.166308,0,0,-12,0,0,0,0,0,6.20095,0,0,0,
0.492644,0.120926,0.84312,0.654518,0.466217,-0.509812,-0.307147,0,0,0,0,0,0,0.424742,0.396174,0.67933,0.049054,0.976499,-0.208644,0.0226023,-0.178981,0.0799403,0.739144,0.694609,0.287715,0.609158,-0.25232,0,0,0,0,0,0,0,0.000845631,0.00217294,-0.00367006,-0.0019861,15.6247,9.95589,6.37971,4.9542,-6.62114,-2.40204,0.974457,-0.164833,0,0,-12,0,0,0,0,0,6.20095,0,0,0,
0.492644,0.120926,0.84312,0.654518,0.466217,-0.509812,-0.307147,0,0,0,0,0,0,0.424742,0.396174,0.67933,0.049054,0.976499,-0.208644,0.0226023,-0.178981,0.0799403,0.739144,0.694609,0.287715,0.609158,-0.25232,0,0,0,0,0,0,0,-0.00108061,0.00226425,-0.0036554,-0.00301609,16.0276,9.95693,6.51004,4.91995,-6.68469,-2.43143,1.05863,-0.192024,0,0,-12,0,0,0,0,0,6.20095,0,0,0,
0.492644,0.120926,0.84312,0.654518,0.466217,-0.509812,-0.307147,0,0,0,0,0,0,0.424742,0.396174,0.67933,0.0490537,0.976499,-0.208644,0.0226022,-0.178981,0.0799403,0.739144,0.694609,0.287715,0.609158,-0.25232,0,0,0,0,0,0,0,0.000740184,0.00235706,-0.00364359,-0.00406391,16.9282,9.95957,6.78152,4.84764,-6.82487,-2.49652,1.24657,-0.252727,0,0,-12,0,0,0,0,0,6.20095,0,0,0,
0.492644,0.120926,0.84312,0.654518,0.466217,-0.509812,-0.307147,1.68692e-06,3.4893e-07,-1.12974e-07,-1.25535e-07,2.17263e-06,4.83587e-06,0.424742,0.396174,0.67933,0.0490537,0.976499,-0.208644,0.0226022,-0.178981,0.0799403,0.739144,0.694609,0.287715,0.609158,-0.25232,0,0,0,0,0,0,0,0.00184894,0.00226659,-0.00366833,-0.00302367,17.5452,9.96137,6.96795,4.79808,-6.92101,-2.54086,1.37549,-0.29433,0,0,-12,0,0,0,0,0,6.20095,0,0,0,
0.492644,0.120926,0.84312,0.654518,0.466217,-0.509812,-0.307147,0,0,0,0,0,0,0.424742,0.396174,0.67933,0.049054,0.976499,-0.208644,0.0226023,-0.178981,0.0799403,0.739144,0.694609,0.287715,0.609158,-0.25232,0,0,0,0,0,0,0,-0.00140388,0.00217493,-0.00368941,-0.00196972,17.623,9.96141,7.00252,4.78953,-6.93427,-2.54657,1.39206,-0.299649,0,0,-12,0,0,0,0,0,6.20095,0,0,0,
0.492644,0.120926,0.84312,0.654518,0.466217,-0.509812,-0.307147,0,0,0,0,0,0,0.424742,0.396174,0.67933,0.049054,0.976499,-0.208644,0.0226023,-0.178981,0.0799403,0.739144,0.694609,0.287715,0.609158,-0.25232,0,0,0,0,0,0,0,9.19167e-05,0.0022664,-0.00367126,-0.00300512,17.6204,9.96149,6.99684,4.79073,-6.93334,-2.54642,1.39132,-0.299436,0,0,-12,0,0,0,0,0,6.20095,0,0,0,
0.492644,0.120926,0.84312,0.654518,0.466217,-0.509812,-0.307147,-1.0266e-07,8.95264e-07,1.48014e-06,-5.07701e-06,-1.41639e-06,5.04572e-07,0.424742,0.396174,0.67933,0.0490536,0.976499,-0.208644,0.0226023,-0.178981,0.0799403,0.739144,0.694609,0.287715,0.609158,-0.25232,0,0,0,0,0,0,0,0.00170037,0.00157921,-0.00206615,-0.00359056,17.6242,9.9604,6.99169,4.79045,-6.93322,-2.54667,1.39187,-0.299773,0,0,-12,0,0,0,0,0,6.20095,0,0,0,
0.492644,0.120926,0.84312,0.654518,0.466217,-0.509812,-0.307147,-1.0266e-07,8.95264e-07,1.48014e-06,-5.07701e-06,-1.41639e-06,5.04572e-07,0.424742,0.396174,0.67933,0.0490536,0.976499,-0.208644,0.0226023,-0.178981,0.0799403,0.739144,0.694609,0.287715,0.609158,-0.25232,0,0,0,0,0,0,0,0.00297378,0.00225713,-0.0036408,-0.00301861,17.644,9.96169,6.99472,4.79077,-6.9361,-2.54791,1.39606,-0.300981,0,0,-12,0,0,0,0,0,6.20095,0,0,0,
0.492644,0.120926,0.84312,0.654518,0.466217,-0.509812,-0.307147,0,0,0,0,0,0,0.424742,0.396174,0.67933,0.049054,0.976499,-0.208644,0.0226023,-0.178981,0.0799403,0.739144,0.694609,0.287715,0.609158,-0.25232,0,0,0,0,0,0,0,0.00336143,0.00296246,-0.00528764,-0.00242043,17.6608,9.96297,6.99974,4.79078,-6.9388,-2.549,1.39968,-0.301992,0,0,-12,0,0,0,0,0,6.20095,0,0,0,
0.492644,0.120926,0.84312,0.654518,0.466217,-0.509812,-0.307147,0,0,0,0,0,0,0.424742,0.396174,0.67933,0.049054,0.976499,-0.208644,0.0226023,-0.178981,0.0799403,0.739144,0.694609,0.287715,0.609158,-0.25232,0,0,0,0,0,0,0,-0.00178081,0.00226864,-0.00367559,-0.00300842,17.6484,9.96147,7.01154,4.78716,-6.9383,-2.54858,1.39728,-0.301353,0,0,-12,0,0,0,0,0,6.20095,0,0,0,
0.492644,0.120926,0.84312,0.654518,0.466217,-0.509812,-0.307147,-1.68437e-06,-3.48402e-07,1.12803e-07,1.25346e-07,-2.16935e-06,-4.82856e-06,0.424742,0.396174,0.67933,0.049054,0.976499,-0.208644,0.0226023,-0.178981,0.0799403,0.739144,0.694609,0.287715,0.609158,-0.25232,0,0,0,0,0,0,0,0.00311828,0.00226923,-0.0036768,-0.00300922,17.6637,9.96177,7.00035,4.78928,-6.93915,-2.54933,1.40018,-0.302307,0,0,-12,0,0,0,0,0,6.20095,0,0,0,
0.492644,0.120926,0.84312,0.654518,0.466217,-0.509812,-0.307147,-1.68309e-06,-3.48139e-07,1.12718e-07,1.25251e-07,-2.16771e-06,-4.82491e-06,0.424742,0.396174,0.67933,0.049054,0.976499,-0.208644,0.0226023,-0.178981,0.0799403,0.739144,0.694609,0.287715,0.609158,-0.25232,0,0,0,0,0,0,0,-0.000719509,0.0022698,-0.00367801,-0.00300993,17.6851,9.96163,7.01939,4.7849,-6.9437,-2.55115,1.40487,-0.303808,0,0,-12,0,0,0,0,0,6.20095,0,0,0,
0.492644,0.120926,0.84312,0.654518,0.466217,-0.509812,-0.307147,0,0,0,0,0,0,0.424742,0.396174,0.67933,0.049054,0.976499,-0.208644,0.0226023,-0.178981,0.0799403,0.739144,0.694609,0.287715,0.609158,-0.25232,0,0,0,0,0,0,0,-0.000828067,0.00227037,-0.00367902,-0.00301085,17.6808,9.96162,7.01843,4.78518,-6.94307,-2.55085,1.40399,-0.303523,0,0,-12,0,0,0,0,0,6.20095,0,0,0,
0.492644,0.120926,0.84312,0.654518,0.466217,-0.509812,-0.307147,0,0,0,0,0,0,0.424742,0.396174,0.67933,0.049054,0.976499,-0.208644,0.0226023,-0.178981,0.0799403,0.739144,0.694609,0.287715,0.609158,-0.25232,0,0,0,0,0,0,0,-0.00391315,0.0022709,-0.00368002,-0.00301167,17.6835,9.96147,7.02927,4.78284,-6.94446,-2.55127,1.40473,-0.303752,0,0,-12,0,0,0,0,0,6.20095,0,0,0,
0.492644,0.120926,0.84312,0.654518,0.466217,-0.509812,-0.307147,-1.68309e-06,-3.48139e-07,1.12718e-07,1.25252e-07,-2.16771e-06,-4.82491e-06,0.424742,0.396174,0.67933,0.0490539,0.976499,-0.208644,0.0226024,-0.178981,0.0799403,0.739144,0.694609,0.287715,0.609158,-0.25232,0,0,0,0,0,0,0,-0.00584053,0.0014349,-0.00196025,-0.00260421,17.7064,9.96014,7.04144,4.77851,-6.9485,-2.55302,1.4096,-0.305464,0,0,-12,0,0,0,0,0,6.20095,0,0,0,
0.492644,0.120926,0.84312,0.654518,0.466217,-0.509812,-0.307147,-1.68309e-06,-3.48139e-07,1.12718e-07,1.25252e-07,-2.16771e-06,-4.82491e-06,0.424742,0.396174,0.67933,0.0490539,0.976499,-0.208644,0.0226024,-0.178981,0.0799403,0.739144,0.694609,0.287715,0.609158,-0.25232,0,0,0,0,0,0,0,-0.000204984,0.0022603,-0.00364985,-0.00300544,17.7127,9.96172,7.0262,4.78299,-6.94785,-2.55311,1.4106,-0.305665,0,0,-12,0,0,0,0,0,6.20095,0,0,0,
0.492644,0.120926,0.84312,0.654518,0.466217,-0.509812,-0.307147,0,0,0,0,0,0,0.424742,0.396174,0.67933,0.049054,0.976499,-0.208644,0.0226023,-0.178981,0.0799403,0.739144,0.694609,0.287715,0.609158,-0.25232,0,0,0,0,0,0,0,0.00128344,0.00308367,-0.00534381,-0.00340763,17.7247,9.9631,7.0262,4.78415,-6.94941,-2.55391,1.41306,-0.306318,0,0,-12,0,0,0,0,0,6.20095,0,0,0,
0.492644,0.120926,0.84312,0.654518,0.466217,-0.509812,-0.307147,0,0,0,0,0,0,0.424742,0.396174,0.67933,0.049054,0.976499,-0.208644,0.0226023,-0.178981,0.0799403,0.739144,0.694609,0.287715,0.609158,-0.25232,0,0,0,0,0,0,0,-0.00160266,0.00227305,-0.00368424,-0.00301476,17.7187,9.96169,7.03263,4.78155,-6.94924,-2.55365,1.41196,-0.306093,0,0,-12,0,0,0,0,0,6.20095,0,0,0,
0.492644,0.120926,0.84312,0.654518,0.466217,-0.509812,-0.307147,0,0,0,0,0,0,0.424742,0.396174,0.67933,0.049054,0.976499,-0.208644,0.0226023,-0.178981,0.0799403,0.739144,0.694609,0.287715,0.609158,-0.25232,0,0,0,0,0,0,0,0.00417615,0.00227358,-0.00368536,-0.00301543,17.7387,9.96204,7.02003,4.78388,-6.95055,-2.55467,1.41579,-0.307349,0,0,-12,0,0,0,0,0,6.20095,0,0,0,
0.492644,0.120926,0.84312,0.654518,0.466217,-0.509812,-0.307147,0,0,0,0,0,0,0.424742,0.396174,0.67933,0.049054,0.976499,-0.208644,0.0226023,-0.178981,0.0799403,0.739144,0.694609,0.287715,0.609158,-0.25232,0,0,0,0,0,0,0,0.00544565,0.00227411,-0.00368631,-0.0030163,17.7347,9.9621,7.01467,4.78508,-6.94952,-2.55429,1.41488,-0.307059,0,0,-12,0,0,0,0,0,6.20095,0,0,0,
0.492644,0.120926,0.84312,0.654518,0.466217,-0.509812,-0.307147,0,0,0,0,0,0,0.424742,0.396174,0.67933,0.049054,0.976499,-0.208644,0.0226023,-0.178981,0.0799403,0.739144,0.694609,0.287715,0.609158,-0.25232,0,0,0,0,0,0,0,0.00166864,0.00227465,-0.00368737,-0.00301705,17.7457,9.96194,7.03031,4.7816,-6.95242,-2.55536,1.41739,-0.307858,0,0,-12,0,0,0,0,0,6.20095,0,0,0,
0.492644,0.120926,0.84312,0.654518,0.466217,-0.509812,-0.307147,0,0,0,0,0,0,0.424742,0.396174,0.67933,0.049054,0.976499,-0.208644,0.0226023,-0.178981,0.0799403,0.739144,0.694609,0.287715,0.609158,-0.25232,0,0,0,0,0,0,0,-0.00429939,0.0022752,-0.00368847,-0.00301782,17.7568,9.96166,7.05312,4.77659,-6.95605,-2.5566,1.42008,-0.308705,0,0,-12,0,0,0,0,0,6.20095,0,0,0,
0.492644,0.120926,0.84312,0.654518,0.466217,-0.509812,-0.307147,1.0266e-07,-8.95272e-07,-1.48015e-06,5.07706e-06,1.4164e-06,-5.04577e-07,0.424742,0.396174,0.67933,0.049054,0.976499,-0.208644,0.0226023,-0.178981,0.0799403,0.739144,0.694609,0.287715,0.609158,-0.25232,0,0,0,0,0,0,0,-0.000620822,0.00227578,-0.00368991,-0.00301832,17.8053,9.96199,7.0561,4.77516,-6.96246,-2.55983,1.42998,-0.311913,0,0,-12,0,0,0,0,0,6.20095,0,0,0,
0.492644,0.120926,0.84312,0.654518,0.466217,-0.509812,-0.307147,1.0266e-07,-8.95272e-07,-1.48015e-06,5.07706e-06,1.4164e-06,-5.04577e-07,0.424742,0.396174,0.67933,0.049054,0.976499,-0.208644,0.0226023,-0.178981,0.0799403,0.739144,0.694609,0.287715,0.609158,-0.25232,0,0,0,0,0,0,0,0.00458864,0.00227633,-0.00369115,-0.0030189,17.838,9.96235,7.04926,4.77607,-6.96593,-2.56181,1.4365,-0.314035,0,0,-12,0,0,0,0,0,6.20095,0,0,0,
0.492644,0.120926,0.84312,0.654518,0.466217,-0.509812,-0.307147,0,0,0,0,0,0,0.424742,0.396174,0.67933,0.049054,0.976499,-0.208644,0.0226023,-0.178981,0.0799403,0.739144,0.694609,0.287715,0.609158,-0.25232,0,0,0,0,0,0,0,0.00311402,0.00227686,-0.0036917,-0.00302024,17.7817,9.96211,7.03672,4.77965,-6.9576,-2.55785,1.42484,-0.310266,0,0,-12,0,0,0,0,0,6.20095,0,0,0,
0.492644,0.120926,0.84312,0.654518,0.466217,-0.509812,-0.307147,0,0,0,0,0,0,0.424742,0.396174,0.67933,0.049054,0.976499,-0.208644,0.0226023,-0.178981,0.0799403,0.739144,0.694609,0.287715,0.609158,-0.25232,0,0,0,0,0,0,0,0.00377089,0.00227739,-0.00369243,-0.00302138,17.7482,9.96206,7.02427,4.78283,-6.95216,-2.55538,1.4178,-0.307995,0,0,-12,0,0,0,0,0,6.20095,0,0,0,
0.492644,0.120926,0.84312,0.654518,0.466217,-0.509812,-0.307147,0,0,0,0,0,0,0.424742,0.396174,0.67933,0.049054,0.976499,-0.208644,0.0226023,-0.178981,0.0799403,0.739144,0.694609,0.287715,0.609158,-0.25232,0,0,0,0,0,0,0,0.005294,0.00227793,-0.00369331,-0.00302237,17.7318,9.96209,7.01427,4.78522,-6.94911,-2.55409,1.41428,-0.306864,0,0,-12,0,0,0,0,0,6.20095,0,0,0,
0.492644,0.120926,0.84312,0.654518,0.466217,-0.509812,-0.307147,0,0,0,0,0,0,0.424742,0.396174,0.67933,0.049054,0.976499,-0.208644,0.0226023,-0.178981,0.0799403,0.739144,0.694609,0.287715,0.609158,-0.25232,0,0,0,0,0,0,0,0.00252966,0.00227847,-0.00369434,-0.00302319,17.7361,9.96196,7.02456,4.78298,-6.95065,-2.5546,1.41533,-0.307196,0,0,-12,0,0,0,0,0,6.20095,0,0,0,
0.492644,0.120926,0.84312,0.654518,0.466217,-0.509812,-0.307147,0,0,0,0,0,0,0.424742,0.396174,0.67933,0.049054,0.976499,-0.208644,0.0226023,-0.178981,0.0799403,0.739144,0.694609,0.287715,0.609158,-0.25232,0,0,0,0,0,0,0,0.00080759,0.002279,-0.00369529,-0.00302403,17.7336,9.96186,7.02939,4.782,-6.95081,-2.55455,1.41492,-0.307056,0,0,-12,0,0,0,0,0,6.20095,0,0,0,
0.492644,0.120926,0.84312,0.654518,0.466217,-0.509812,-0.307147,0,0,0,0,0,0,0.424742,0.396174,0.67933,0.049054,0.976499,-0.208644,0.0226023,-0.178981,0.0799403,0.739144,0.694609,0.287715,0.609158,-0.25232,0,0,0,0,0,0,0,-0.00195706,0.00227954,-0.0036963,-0.00302487,17.7357,9.96173,7.03903,4.77993,-6.95201,-2.5549,1.41553,-0.307244,0,0,-12,0,0,0,0,0,6.20095,0,0,0,
0.492644,0.120926,0.84312,0.654518,0.466217,-0.509812,-0.307147,0,0,0,0,0,0,0.424742,0.396174,0.67933,0.049054,0.976499,-0.208644,0.0226023,-0.178981,0.0799403,0.739144,0.694609,0.287715,0.609158,-0.25232,0,0,0,0,0,0,0,0.00236295,0.00228006,-0.00369726,-0.00302572,17.7329,9.96194,7.02411,4.78313,-6.9502,-2.55438,1.41467,-0.30698,0,0,-12,0,0,0,0,0,6.20095,0,0,0,
0.492644,0.120926,0.84312,0.654518,0.466217,-0.509812,-0.307147,0,0,0,0,0,0,0.424742,0.396174,0.67933,0.049054,0.976499,-0.208644,0.0226023,-0.178981,0.0799403,0.739144,0.694609,0.287715,0.609158,-0.25232,0,0,0,0,0,0,0,0.00189609,0.00228059,-0.00369834,-0.00302643,17.7463,9.96196,7.02977,4.78171,-6.95245,-2.55539,1.41751,-0.307895,0,0,-12,0,0,0,0,0,6.20095,0,0,0,
0.492644,0.120926,0.84312,0.654518,0.466217,-0.509812,-0.307147,0,0,0,0,0,0,0.424742,0.396174,0.67933,0.049054,0.976499,-0.208644,0.0226023,-0.178981,0.0799403,0.739144,0.694609,0.287715,0.609158,-0.25232,0,0,0,0,0,0,0,-0.000259433,0.00228112,-0.00369933,-0.00302725,17.748,9.96185,7.03728,4.7801,-6.95339,-2.55566,1.41798,-0.30804,0,0,-12,0,0,0,0,0,6.20095,0,0,0,
0.492644,0.120926,0.84312,0.654518,0.466217,-0.509812,-0.307147,0,0,0,0,0,0,0.424742,0.396174,0.67933,0.049054,0.976499,-0.208644,0.0226023,-0.178981,0.0799403,0.739144,0.694609,0.287715,0.609158,-0.25232,0,0,0,0,0,0,0,-0.00153675,0.00228165,-0.00370031,-0.00302808,17.7486,9.96179,7.04163,4.77917,-6.95389,-2.5558,1.41819,-0.308105,0,0,-12,0,0,0,0,0,6.20095,0,0,0,
0.492644,0.120926,0.84312,0.654518,0.466217,-0.509812,-0.307147,0,0,0,0,0,0,0.424742,0.396174,0.67933,0.049054,0.976499,-0.208644,0.0226023,-0.178981,0.0799403,0.739144,0.694609,0.287715,0.609158,-0.25232,0,0,0,0,0,0,0,-0.00101832,0.00228219,-0.00370126,-0.00302897,17.7428,9.9618,7.03814,4.78,-6.95282,-2.55534,1.41694,-0.307702,0,0,-12,0,0,0,0,0,6.20095,0,0,0,
0.492644,0.120926,0.84312,0.654518,0.466217,-0.509812,-0.307147,0,0,0,0,0,0,0.424742,0.396174,0.67933,0.049054,0.976499,-0.208644,0.0226023,-0.178981,0.0799403,0.739144,0.694609,0.287715,0.609158,-0.25232,0,0,0,0,0,0,0,-0.00140351,0.00228272,-0.00370224,-0.0030298,17.7431,9.96178,7.03951,4.77971,-6.95299,-2.5554,1.41704,-0.307733,0,0,-12,0,0,0,0,0,6.20095,0,0,0,
0.492644,0.120926,0.84312,0.654518,0.466217,-0.509812,-0.307147,0,0,0,0,0,0,0.424742,0.396174,0.67933,0.049054,0.976499,-0.208644,0.0226023,-0.178981,0.0799403,0.739144,0.694609,0.287715,0.609158,-0.25232,0,0,0,0,0,0,0,0.00146695,0.00228325,-0.00370331,-0.00303054,17.7543,9.96196,7.03361,4.78077,-6.95383,-2.55599,1.41919,-0.308437,0,0,-12,0,0,0,0,0,6.20095,0,0,0,
0.492644,0.120926,0.84312,0.654518,0.466217,-0.509812,-0.307147,0,0,0,0,0,0,0.424742,0.396174,0.67933,0.049054,0.976499,-0.208644,0.0226023,-0.178981,0.0799403,0.739144,0.694609,0.287715,0.609158,-0.25232,0,0,0,0,0,0,0,0.00304361,0.00228378,-0.00370432,-0.00303136,17.7569,9.96205,7.02932,4.78163,-6.95375,-2.55607,1.41966,-0.308593,0,0,-12,0,0,0,0,0,6.20095,0,0,0,
0.492644,0.120926,0.84312,0.654518,0.466217,-0.509812,-0.307147,1.68437e-06,3.48403e-07,-1.12804e-07,-1.25346e-07,2.16935e-06,4.82856e-06,0.424742,0.396174,0.67933,0.0490537,0.976499,-0.208644,0.0226022,-0.178981,0.0799403,0.739144,0.694609,0.287715,0.609158,-0.25232,0,0,0,0,0,0,0,0.00272803,0.00237522,-0.00368608,-0.00407179,17.7464,9.96201,7.02707,4.78224,-6.95214,-2.55548,1.41736,-0.30787,0,0,-12,0,0,0,0,0,6.20095,0,0,0,
0.492644,0.120926,0.84312,0.654518,0.466217,-0.509812,-0.307147,1.68437e-06,3.48403e-07,-1.12804e-07,-1.25346e-07,2.16935e-06,4.82856e-06,0.424742,0.396174,0.67933,0.0490537,0.976499,-0.208644,0.0226022,-0.178981,0.0799403,0.739144,0.694609,0.287715,0.609158,-0.25232,0,0,0,0,0,0,0,0.00106215,0.00228613,-0.00370595,-0.00305261,17.7584,9.96196,7.0362,4.78016,-6.95459,-2.55632,1.42008,-0.308719,0,0,-12,0,0,0,0,0,6.20095,0,0,0,
0.492644,0.120926,0.84312,0.654518,0.466217,-0.509812,-0.307147,1.68564e-06,3.48666e-07,-1.12889e-07,-1.2544e-07,2.17099e-06,4.83221e-06,0.424742,0.396174,0.67933,0.0490537,0.976499,-0.208644,0.0226022,-0.178981,0.0799403,0.739144,0.694609,0.287715,0.609158,-0.25232,0,0,0,0,0,0,0,0.00209191,0.00228666,-0.00370693,-0.00305346,17.7583,9.96201,7.03283,4.78087,-6.95426,-2.55624,1.42,-0.308698,0,0,-12,0,0,0,0,0,6.20095,0,0,0,
0.492644,0.120926,0.84312,0.654518,0.466217,-0.509812,-0.307147,1.68566e-06,3.4867e-07,-1.1289e-07,-1.25442e-07,2.17101e-06,4.83226e-06,0.424742,0.396174,0.67933,0.0490537,0.976499,-0.208644,0.0226022,-0.178981,0.0799403,0.739144,0.694609,0.287715,0.609158,-0.25232,0,0,0,0,0,0,0,0.00237796,0.00228718,-0.00370794,-0.00305425,17.7635,9.96204,7.03351,4.78064,-6.95498,-2.5566,1.42107,-0.309045,0,0,-12,0,0,0,0,0,6.20095,0,0,0,
0.492644,0.120926,0.84312,0.654518,0.466217,-0.509812,-0.307147,1.68437e-06,3.48403e-07,-1.12804e-07,-1.25346e-07,2.16935e-06,4.82856e-06,0.424742,0.396174,0.67933,0.0490537,0.976499,-0.208644,0.0226022,-0.178981,0.0799403,0.739144,0.694609,0.287715,0.609158,-0.25232,0,0,0,0,0,0,0,-0.000937731,0.00228771,-0.00370892,-0.00305508,17.7641,9.96187,7.04445,4.77832,-6.95612,-2.55688,1.42139,-0.309137,0,0,-12,0,0,0,0,0,6.20095,0,0,0,
0.492644,0.120926,0.84312,0.654518,0.466217,-0.509812,-0.307147,1.68438e-06,3.48406e-07,-1.12805e-07,-1.25347e-07,2.16937e-06,4.82861e-06,0.424742,0.396174,0.67933,0.0490537,0.976499,-0.208644,0.0226022,-0.178981,0.0799403,0.739144,0.694609,0.287715,0.609158,-0.25232,0,0,0,0,0,0,0,0.00371447,0.00228824,-0.00370987,-0.00305595,17.7602,9.9621,7.02814,4.78183,-6.95404,-2.55626,1.42029,-0.308798,0,0,-12,0,0,0,0,0,6.20095,0,0,0,
0.492644,0.120926,0.84312,0.654518,0.466217,-0.509812,-0.307147,1.68435e-06,3.48399e-07,-1.12802e-07,-1.25344e-07,2.16933e-06,4.82851e-06,0.424742,0.396174,0.67933,0.0490537,0.976499,-0.208644,0.0226022,-0.178981,0.0799403,0.739144,0.694609,0.287715,0.609158,-0.25232,0,0,0,0,0,0,0,0.0045746,0.00228877,-0.00371091,-0.0030567,17.7695,9.96217,7.02823,4.78166,-6.95523,-2.55687,1.42219,-0.309415,0,0,-12,0,0,0,0,0,6.20095,0,0,0,
0.492644,0.120926,0.84312,0.654518,0.466217,-0.509812,-0.307147,1.68438e-06,3.48406e-07,-1.12805e-07,-1.25347e-07,2.16937e-06,4.82861e-06,0.424742,0.396174,0.67933,0.0490537,0.976499,-0.208644,0.0226022,-0.178981,0.0799403,0.739144,0.694609,0.287715,0.609158,-0.25232,0,0,0,0,0,0,0,0.00247127,0.00228931,-0.00371193,-0.00305753,17.7721,9.96207,7.03585,4.78001,-6.95629,-2.55721,1.42286,-0.309622,0,0,-12,0,0,0,0,0,6.20095,0,0,0,
0.492644,0.120926,0.84312,0.654518,0.466217,-0.509812,-0.307147,0,0,0,0,0,0,0.424742,0.396174,0.67933,0.0490537,0.976499,-0.208644,0.0226022,-0.178981,0.0799403,0.739144,0.694609,0.287715,0.609158,-0.25232,0,0,0,0,0,0,0,0.000855075,0.00228983,-0.00371283,-0.00305844,17.7632,9.96196,7.03837,4.77962,-6.95542,-2.55669,1.4211,-0.309049,0,0,-12,0,0,0,0,0,6.20095,0,0,0,
0.492644,0.120926,0.84312,0.654518,0.466217,-0.509812,-0.307147,0,0,0,0,0,0,0.424742,0.396174,0.67933,0.0490537,0.976499,-0.208644,0.0226022,-0.178981,0.0799403,0.739144,0.694609,0.287715,0.609158,-0.25232,0,0,0,0,0,0,0,0.00429309,0.00229038,-0.00371363,-0.00305958,17.7335,9.96206,7.01805,4.78441,-6.94968,-2.55429,1.41468,-0.306989,0,0,-12,0,0,0,0,0,6.20095,0,0,0,
0.492644,0.120926,0.84312,0.654518,0.466217,-0.509812,-0.307147,0,0,0,0,0,0,0.424742,0.396174,0.67933,0.0490537,0.976499,-0.208644,0.0226022,-0.178981,0.0799403,0.739144,0.694609,0.287715,0.609158,-0.25232,0,0,0,0,0,0,0,0.00164635,0.0022909,-0.00371416,-0.00306093,17.6742,9.96175,7.00839,4.78743,-6.94125,-2.5502,1.40246,-0.303034,0,0,-12,0,0,0,0,0,6.20095,0,0,0,
0.492644,0.120926,0.84312,0.654518,0.466217,-0.509812,-0.307147,0,0,0,0,0,0,0.424742,0.396174,0.67933,0.0490537,0.976499,-0.208644,0.0226022,-0.178981,0.0799403,0.739144,0.694609,0.287715,0.609158,-0.25232,0,0,0,0,0,0,0,0.000803988,0.00229144,-0.00371467,-0.00306236,17.6077,9.96152,6.99065,4.79228,-6.93113,-2.54546,1.38862,-0.298563,0,0,-12,0,0,0,0,0,6.20095,0,0,0,
0.492644,0.120926,0.84312,0.654518,0.466217,-0.509812,-0.307147,-1.68692e-06,-3.48929e-07,1.12974e-07,1.25535e-07,-2.17263e-06,-4.83587e-06,0.424742,0.396174,0.67933,0.049054,0.976499,-0.208644,0.0226023,-0.178981,0.0799403,0.739144,0.694609,0.287715,0.609158,-0.25232,0,0,0,0,0,0,0,-0.000966454,0.00220584,-0.00373209,-0.00207985,17.3583,9.96072,6.91958,4.81147,-6.89273,-2.52742,1.33671,-0.281779,0,0,-12,0,0,0,0,0,6.20095,0,0,0,
0.492644,0.120926,0.84312,0.654518,0.466217,-0.509812,-0.307147,-1.68692e-06,-3.48929e-07,1.12974e-07,1.25535e-07,-2.17263e-06,-4.83587e-06,0.424742,0.396174,0.67933,0.049054,0.976499,-0.208644,0.0226023,-0.178981,0.0799403,0.739144,0.694609,0.287715,0.609158,-0.25232,0,0,0,0,0,0,0,0.004335,0.00229132,-0.00371319,-0.00304938,17.0608,9.96016,6.81073,4.83935,-6.84452,-2.50569,1.27416,-0.261621,0,0,-12,0,0,0,0,0,6.20095,0,0,0,
0.492644,0.120926,0.84312,0.654518,0.466217,-0.509812,-0.307147,-1.68692e-06,-3.48929e-07,1.12974e-07,1.25535e-07,-2.17263e-06,-4.83587e-06,0.424742,0.396174,0.67933,0.049054,0.976499,-0.208644,0.0226023,-0.178981,0.0799403,0.739144,0.694609,0.287715,0.609158,-0.25232,0,0,0,0,0,0,0,0.00227397,0.00229186,-0.00371383,-0.00305069,17.0025,9.95989,6.79945,4.8427,-6.83604,-2.50162,1.26209,-0.257718,0,0,-12,0,0,0,0,0,6.20095,0,0,0,
0.492644,0.120926,0.84312,0.654518,0.466217,-0.509812,-0.307147,0,0,0,0,0,0,0.424742,0.396174,0.67933,0.0490537,0.976499,-0.208644,0.0226022,-0.178981,0.0799403,0.739144,0.694609,0.287715,0.609158,-0.25232,0,0,0,0,0,0,0,0.00126649,0.0023839,-0.00369351,-0.00409994,16.752,9.95914,6.72556,4.86242,-6.79715,-2.48375,1.20972,-0.240829,0,0,-12,0,0,0,0,0,6.20095,0,0,0,
0.492644,0.120926,0.84312,0.654518,0.466217,-0.509812,-0.307147,-1.68309e-06,-3.48139e-07,1.12718e-07,1.25251e-07,-2.16771e-06,-4.82491e-06,0.424742,0.396174,0.67933,0.049054,0.976499,-0.208644,0.0226023,-0.178981,0.0799403,0.739144,0.694609,0.287715,0.609158,-0.25232,0,0,0,0,0,0,0,0.000631157,0.00220401,-0.0037341,-0.0020412,16.9034,9.95953,6.77428,4.84971,-6.82111,-2.49444,1.24159,-0.251072,0,0,-12,0,0,0,0,0,6.20095,0,0,0,
0.492644,0.120926,0.84312,0.654518,0.466217,-0.509812,-0.307147,0,0,0,0,0,0,0.424742,0.396174,0.67933,0.0490537,0.976499,-0.208644,0.0226022,-0.178981,0.0799403,0.739144,0.694609,0.287715,0.609158,-0.25232,0,0,0,0,0,0,0,0.00118808,0.00237874,-0.00369724,-0.00402975,16.7955,9.95926,6.73921,4.85882,-6.80398,-2.48689,1.21882,-0.243762,0,0,-12,0,0,0,0,0,6.20095,0,0,0,
0.492644,0.120926,0.84312,0.654518,0.466217,-0.509812,-0.307147,-1.68309e-06,-3.48139e-07,1.12718e-07,1.25251e-07,-2.16771e-06,-4.82491e-06,0.424742,0.396174,0.67933,0.049054,0.976499,-0.208644,0.0226023,-0.178981,0.0799403,0.739144,0.694609,0.287715,0.609158,-0.25232,0,0,0,0,0,0,0,0.00311095,0.00221032,-0.00373327,-0.0021042,16.6156,9.95884,6.6776,4.8749,-6.77534,-2.47348,1.18132,-0.231624,0,0,-12,0,0,0,0,0,6.20095,0,0,0,
0.492644,0.120926,0.84312,0.654518,0.466217,-0.509812,-0.307147,-1.68437e-06,-3.48402e-07,1.12803e-07,1.25346e-07,-2.16935e-06,-4.82856e-06,0.424742,0.396174,0.67933,0.049054,0.976499,-0.208644,0.0226023,-0.178981,0.0799403,0.739144,0.694609,0.287715,0.609158,-0.25232,0,0,0,0,0,0,0,-0.00201793,0.00229467,-0.0037135,-0.00306176,16.203,9.95742,6.56715,4.90502,-6.71242,-2.44418,1.09534,-0.203867,0,0,-12,0,0,0,0,0,6.20095,0,0,0,
0.492644,0.120926,0.84312,0.654518,0.466217,-0.509812,-0.307147,1.68437e-06,3.48403e-07,-1.12804e-07,-1.25346e-07,2.16935e-06,4.82856e-06,0.424742,0.396174,0.67933,0.0490537,0.976499,-0.208644,0.0226022,-0.178981,0.0799403,0.739144,0.694609,0.287715,0.609158,-0.25232,0,0,0,0,0,0,0,-0.00306289,0.00238349,-0.00369682,-0.00407029,16.3974,9.95792,6.63041,4.8884,-6.74309,-2.45845,1.13591,-0.216983,0,0,-12,0,0,0,0,0,6.20095,0,0,0,
0.492644,0.120926,0.84312,0.654518,0.466217,-0.509812,-0.307147,1.68437e-06,3.48403e-07,-1.12804e-07,-1.25346e-07,2.16935e-06,4.82856e-06,0.424742,0.396174,0.67933,0.0490537,0.976499,-0.208644,0.0226022,-0.178981,0.0799403,0.739144,0.694609,0.287715,0.609158,-0.25232,0,0,0,0,0,0,0,-0.000761144,0.00229705,-0.00371422,-0.0030841,16.0607,9.95709,6.51923,4.91751,-6.68976,-2.43381,1.06552,-0.194243,0,0,-12,0,0,0,0,0,6.20095,0,0,0,
0.492644,0.120926,0.84312,0.654518,0.466217,-0.509812,-0.307147,1.68437e-06,3.48403e-07,-1.12804e-07,-1.25346e-07,2.16935e-06,4.82856e-06,0.424742,0.396174,0.67933,0.0490537,0.976499,-0.208644,0.0226022,-0.178981,0.0799403,0.739144,0.694609,0.287715,0.609158,-0.25232,0,0,0,0,0,0,0,0.00346147,0.00229759,-0.00371391,-0.00308651,15.8694,9.95676,6.44659,4.93602,-6.65852,-2.41968,1.0253,-0.181273,0,0,-12,0,0,0,0,0,6.20095,0,0,0,
0.492644,0.120926,0.84312,0.654518,0.466217,-0.509812,-0.307147,-1.68437e-06,-3.48402e-07,1.12803e-07,1.25346e-07,-2.16935e-06,-4.82856e-06,0.424742,0.396174,0.67933,0.049054,0.976499,-0.208644,0.0226023,-0.178981,0.0799403,0.739144,0.694609,0.287715,0.609158,-0.25232,0,0,0,0,0,0,0,0.00210043,0.00220942,-0.00373453,-0.00207293,15.8388,9.9566,6.44161,4.93763,-6.65421,-2.41742,1.01909,-0.179244,0,0,-12,0,0,0,0,0,6.20095,0,0,0,
0.492644,0.120926,0.84312,0.654518,0.466217,-0.509812,-0.307147,1.68692e-06,3.4893e-07,-1.12974e-07,-1.25535e-07,2.17263e-06,4.83587e-06,0.424742,0.396174,0.67933,0.0490537,0.976499,-0.208644,0.0226022,-0.178981,0.0799403,0.739144,0.694609,0.287715,0.609158,-0.25232,0,0,0,0,0,0,0,0.00120941,0.00238876,-0.00369597,-0.00411332,15.83,9.95654,6.44177,4.93765,-6.65303,-2.41715,1.01712,-0.178644,0,0,-12,0,0,0,0,0,6.20095,0,0,0,
0.492644,0.120926,0.84312,0.654518,0.466217,-0.509812,-0.307147,0,0,0,0,0,0,0.424742,0.396174,0.67933,0.0490537,0.976499,-0.208644,0.0226022,-0.178981,0.0799403,0.739144,0.694609,0.287715,0.609158,-0.25232,0,0,0,0,0,0,0,0.00329942,0.00229923,-0.00371618,-0.00309,15.7165,9.95633,6.40004,4.94839,-6.63467,-2.40865,0.993376,-0.170965,0,0,-12,0,0,0,0,0,6.20095,0,0,0,
0.492644,0.120926,0.84312,0.654518,0.466217,-0.509812,-0.307147,0,0,0,0,0,0,0.424742,0.396174,0.67933,0.049054,0.976499,-0.208644,0.0226023,-0.178981,0.0799403,0.739144,0.694609,0.287715,0.609158,-0.25232,0,0,0,0,0,0,0,0.00136129,0.00220916,-0.00373747,-0.00205502,15.6712,9.9561,6.39241,4.9508,-6.62826,-2.40537,0.984144,-0.167957,0,0,-12,0,0,0,0,0,6.20095,0,0,0,
0.492644,0.120926,0.84312,0.654518,0.466217,-0.509812,-0.307147,0,0,0,0,0,0,0.424742,0.396174,0.67933,0.049054,0.976499,-0.208644,0.0226023,-0.178981,0.0799403,0.739144,0.694609,0.287715,0.609158,-0.25232,0,0,0,0,0,0,0,0.000362021,0.00229904,-0.00371883,-0.00307195,15.7016,9.95613,6.405,4.94759,-6.63328,-2.40779,0.990449,-0.17001,0,0,-12,0,0,0,0,0,6.20095,0,0,0,
0.492644,0.120926,0.84312,0.654518,0.466217,-0.509812,-0.307147,0,0,0,0,0,0,0.424742,0.396174,0.67933,0.0490537,0.976499,-0.208644,0.0226022,-0.178981,0.0799403,0.739144,0.694609,0.287715,0.609158,-0.25232,0,0,0,0,0,0,0,0.00418991,0.00239201,-0.00369733,-0.00413137,15.5075,9.95579,6.33276,4.96602,-6.60167,-2.39363,0.949558,-0.156843,0,0,-12,0,0,0,0,0,6.20095,0,0,0,
0.492644,0.120926,0.84312,0.654518,0.466217,-0.509812,-0.307147,-1.68564e-06,-3.48665e-07,1.12888e-07,1.2544e-07,-2.17099e-06,-4.83221e-06,0.424742,0.396174,0.67933,0.049054,0.976499,-0.208644,0.0226023,-0.178981,0.0799403,0.739144,0.694609,0.287715,0.609158,-0.25232,0,0,0,0,0,0,0,6.39149e-06,0.00221118,-0.00373945,-0.00206375,15.4479,9.9554,6.32801,4.96811,-6.59376,-2.38933,0.937558,-0.152912,0,0,-12,0,0,0,0,0,6.20095,0,0,0,
0.492644,0.120926,0.84312,0.654518,0.466217,-0.509812,-0.307147,-1.6869e-06,-3.48926e-07,1.12973e-07,1.25534e-07,-2.17261e-06,-4.83582e-06,0.424742,0.396174,0.67933,0.049054,0.976499,-0.208644,0.0226023,-0.178981,0.0799403,0.739144,0.694609,0.287715,0.609158,-0.25232,0,0,0,0,0,0,0,-0.00279017,0.00230064,-0.0037201,-0.00307652,15.4189,9.95518,6.32814,4.96852,-6.59007,-2.38759,0.931563,-0.150988,0,0,-12,0,0,0,0,0,6.20095,0,0,0,
0.492644,0.120926,0.84312,0.654518,0.466217,-0.509812,-0.307147,1.68309e-06,3.4814e-07,-1.12718e-07,-1.25251e-07,2.16771e-06,4.82491e-06,0.424742,0.396174,0.67933,0.0490537,0.976499,-0.208644,0.0226022,-0.178981,0.0799403,0.739144,0.694609,0.287715,0.609158,-0.25232,0,0,0,0,0,0,0,-0.000845726,0.00239365,-0.00369796,-0.00413658,15.1933,9.95465,6.25233,4.98822,-6.55413,-2.3713,0.884215,-0.13573,0,0,-12,0,0,0,0,0,6.20095,0,0,0,
0.492644,0.120926,0.84312,0.654518,0.466217,-0.509812,-0.307147,0,0,0,0,0,0,0.424742,0.396174,0.67933,0.049054,0.976499,-0.208644,0.0226023,-0.178981,0.0799403,0.739144,0.694609,0.287715,0.609158,-0.25232,0,0,0,0,0,0,0,0.00176591,0.00220998,-0.0037437,-0.00203421,15.4306,9.95544,6.31699,4.97072,-6.59051,-2.38795,0.933852,-0.15172,0,0,-12,0,0,0,0,0,6.20095,0,0,0,
0.492644,0.120926,0.84312,0.654518,0.466217,-0.509812,-0.307147,-1.68309e-06,-3.48139e-07,1.12718e-07,1.25251e-07,-2.16771e-06,-4.82491e-06,0.424742,0.396174,0.67933,0.049054,0.976499,-0.208644,0.0226023,-0.178981,0.0799403,0.739144,0.694609,0.287715,0.609158,-0.25232,0,0,0,0,0,0,0,-9.15938e-05,0.00230223,-0.00372139,-0.00308101,15.1411,9.95453,6.23383,4.99304,-6.54579,-2.36733,0.87338,-0.132213,0,0,-12,0,0,0,0,0,6.20095,0,0,0,
0.492644,0.120926,0.84312,0.654518,0.466217,-0.509812,-0.307147,-1.68309e-06,-3.48139e-07,1.12718e-07,1.25251e-07,-2.16771e-06,-4.82491e-06,0.424742,0.396174,0.67933,0.049054,0.976499,-0.208644,0.0226023,-0.178981,0.0799403,0.739144,0.694609,0.287715,0.609158,-0.25232,0,0,0,0,0,0,0,0.00193186,0.00230277,-0.00372213,-0.00308214,15.0885,9.95449,6.21107,4.99872,-6.53693,-2.36338,0.862274,-0.128634,0,0,-12,0,0,0,0,0,6.20095,0,0,0,
0.492644,0.120926,0.84312,0.654518,0.466217,-0.509812,-0.307147,0,0,0,0,0,0,0.424742,0.396174,0.67933,0.049054,0.976499,-0.208644,0.0226023,-0.178981,0.0799403,0.739144,0.694609,0.287715,0.609158,-0.25232,0,0,0,0,0,0,0,-0.00420401,0.00230329,-0.00372356,-0.00308242,15.1322,9.9543,6.24445,4.99095,-6.5457,-2.36699,0.87177,-0.131679,0,0,-12,0,0,0,0,0,6.20095,0,0,0,
0.492644,0.120926,0.84312,0.654518,0.466217,-0.509812,-0.307147,0,0,0,0,0,0,0.424742,0.396174,0.67933,0.0490537,0.976499,-0.208644,0.0226022,-0.178981,0.0799403,0.739144,0.694609,0.287715,0.609158,-0.25232,0,0,0,0,0,0,0,6.8203e-05,0.0023952,-0.00370218,-0.00412841,15.0629,9.95433,6.20921,4.9995,-6.53346,-2.36182,0.856926,-0.126922,0,0,-12,0,0,0,0,0,6.20095,0,0,0,
0.492644,0.120926,0.84312,0.654518,0.466217,-0.509812,-0.307147,-1.68309e-06,-3.48139e-07,1.12718e-07,1.25251e-07,-2.16771e-06,-4.82491e-06,0.424742,0.396174,0.67933,0.049054,0.976499,-0.208644,0.0226023,-0.178981,0.0799403,0.739144,0.694609,0.287715,0.609158,-0.25232,0,0,0,0,0,0,0,0.00469003,0.00221666,-0.00374479,-0.00208827,14.8524,9.95396,6.1294,5.01993,-6.49919,-2.34597,0.81288,-0.112675,0,0,-12,0,0,0,0,0,6.20095,0,0,0,
0.492644,0.120926,0.84312,0.654518,0.466217,-0.509812,-0.307147,0,0,0,0,0,0,0.424742,0.396174,0.67933,0.049054,0.976499,-0.208644,0.0226023,-0.178981,0.0799403,0.739144,0.694609,0.287715,0.609158,-0.25232,0,0,0,0,0,0,0,-0.00393024,0.00230491,-0.00372645,-0.0030851,15.0596,9.95411,6.22119,4.99707,-6.53426,-2.36172,0.856578,-0.126775,0,0,-12,0,0,0,0,0,6.20095,0,0,0,
0.492644,0.120926,0.84312,0.654518,0.466217,-0.509812,-0.307147,0,0,0,0,0,0,0.424742,0.396174,0.67933,0.0490537,0.976499,-0.208644,0.0226022,-0.178981,0.0799403,0.739144,0.694609,0.287715,0.609158,-0.25232,0,0,0,0,0,0,0,0.000962431,0.00239585,-0.00370376,-0.00412134,14.8377,9.95374,6.13693,5.0185,-6.49797,-2.34548,0.809815,-0.111715,0,0,-12,0,0,0,0,0,6.20095,0,0,0,
0.492644,0.120926,0.84312,0.654518,0.466217,-0.509812,-0.307147,0,0,0,0,0,0,0.424742,0.396174,0.67933,0.049054,0.976499,-0.208644,0.0226023,-0.178981,0.0799403,0.739144,0.694609,0.287715,0.609158,-0.25232,0,0,0,0,0,0,0,-0.000408407,0.00221609,-0.00375037,-0.00206402,15.0208,9.95418,6.19783,5.00269,-6.52713,-2.35851,0.848371,-0.124115,0,0,-12,0,0,0,0,0,6.20095,0,0,0,
0.492644,0.120926,0.84312,0.654518,0.466217,-0.509812,-0.307147,1.68562e-06,3.48663e-07,-1.12888e-07,-1.25439e-07,2.17097e-06,4.83216e-06,0.424742,0.396174,0.67933,0.0490537,0.976499,-0.208644,0.0226022,-0.178981,0.0799403,0.739144,0.694609,0.287715,0.609158,-0.25232,0,0,0,0,0,0,0,0.00187076,0.00239625,-0.00370633,-0.00411453,14.8915,9.95394,6.15057,5.01473,-6.5061,-2.3493,0.821012,-0.115333,0,0,-12,0,0,0,0,0,6.20095,0,0,0,
0.492644,0.120926,0.84312,0.654518,0.466217,-0.509812,-0.307147,1.68692e-06,3.4893e-07,-1.12974e-07,-1.25535e-07,2.17263e-06,4.83587e-06,0.424742,0.396174,0.67933,0.0490537,0.976499,-0.208644,0.0226022,-0.178981,0.0799403,0.739144,0.694609,0.287715,0.609158,-0.25232,0,0,0,0,0,0,0,-0.000505892,0.00230834,-0.00372792,-0.00311041,14.7241,9.95334,6.10673,5.02681,-6.48072,-2.33723,0.786278,-0.104089,0,0,-12,0,0,0,0,0,6.20095,0,0,0,
0.492644,0.120926,0.84312,0.654518,0.466217,-0.509812,-0.307147,0,0,0,0,0,0,0.424742,0.396174,0.67933,0.049054,0.976499,-0.208644,0.0226023,-0.178981,0.0799403,0.739144,0.694609,0.287715,0.609158,-0.25232,0,0,0,0,0,0,0,0.00363486,0.00221692,-0.00375171,-0.00206025,14.6673,9.95339,6.07583,5.03432,-6.47059,-2.33268,0.774284,-0.100209,0,0,-12,0,0,0,0,0,6.20095,0,0,0,
0.492644,0.120926,0.84312,0.654518,0.466217,-0.509812,-0.307147,0,0,0,0,0,0,0.424742,0.396174,0.67933,0.0490537,0.976499,-0.208644,0.0226022,-0.178981,0.0799403,0.739144,0.694609,0.287715,0.609158,-0.25232,0,0,0,0,0,0,0,0.00155417,0.00239953,-0.00370711,-0.0041377,14.6535,9.95326,6.07829,5.03394,-6.46899,-2.33213,0.771308,-0.0992846,0,0,-12,0,0,0,0,0,6.20095,0,0,0,
0.492644,0.120926,0.84312,0.654518,0.466217,-0.509812,-0.307147,0,0,0,0,0,0,0.424742,0.396174,0.67933,0.0490537,0.976499,-0.208644,0.0226022,-0.178981,0.0799403,0.739144,0.694609,0.287715,0.609158,-0.25232,0,0,0,0,0,0,0,0.00797719,0.00230993,-0.0037295,-0.00311455,14.4855,9.95311,6.0057,5.0521,-6.44074,-2.31937,0.735927,-0.0878613,0,0,-12,0,0,0,0,0,6.20095,0,0,0,
0.492644,0.120926,0.84312,0.654518,0.466217,-0.509812,-0.307147,0,0,0,0,0,0,0.424742,0.396174,0.67933,0.049054,0.976499,-0.208644,0.0226023,-0.178981,0.0799403,0.739144,0.694609,0.287715,0.609158,-0.25232,0,0,0,0,0,0,0,0.00098867,0.00222205,-0.00375269,-0.00210464,14.4022,9.95251,6.00274,5.05415,-6.42997,-2.31372,0.719039,-0.0823644,0,0,-12,0,0,0,0,0,6.20095,0,0,0,
0.492644,0.120926,0.84312,0.654518,0.466217,-0.509812,-0.307147,0,0,0,0,0,0,0.424742,0.396174,0.67933,0.0490537,0.976499,-0.208644,0.0226022,-0.178981,0.0799403,0.739144,0.694609,0.287715,0.609158,-0.25232,0,0,0,0,0,0,0,-0.0026244,0.00239384,-0.00370983,-0.00405882,14.3512,9.95219,5.99874,5.05576,-6.42305,-2.31058,0.708405,-0.0789599,0,0,-12,0,0,0,0,0,6.20095,0,0,0,
0.492644,0.120926,0.84312,0.654518,0.466217,-0.509812,-0.307147,0,0,0,0,0,0,0.424742,0.396174,0.67933,0.049054,0.976499,-0.208644,0.0226023,-0.178981,0.0799403,0.739144,0.694609,0.287715,0.609158,-0.25232,0,0,0,0,0,0,0,0.00064434,0.00222794,-0.0037519,-0.00216268,14.0843,9.9516,5.90597,5.07986,-6.38039,-2.29079,0.652655,-0.0609321,0,0,-12,0,0,0,0,0,6.20095,0,0,0,
0.492644,0.120926,0.84312,0.654518,0.466217,-0.509812,-0.307147,1.68437e-06,3.48403e-07,-1.12804e-07,-1.25346e-07,2.16935e-06,4.82856e-06,0.424742,0.396174,0.67933,0.0490537,0.976499,-0.208644,0.0226022,-0.178981,0.0799403,0.739144,0.694609,0.287715,0.609158,-0.25232,0,0,0,0,0,0,0,-0.000918403,0.00239985,-0.00370784,-0.0041191,13.9696,9.9512,5.87567,5.08808,-6.36285,-2.2829,0.628581,-0.0531957,0,0,-12,0,0,0,0,0,6.20095,0,0,0,
0.492644,0.120926,0.84312,0.654518,0.466217,-0.509812,-0.307147,0,0,0,0,0,0,0.424742,0.396174,0.67933,0.0490537,0.976499,-0.208644,0.0226022,-0.178981,0.0799403,0.739144,0.694609,0.287715,0.609158,-0.25232,0,0,0,0,0,0,0,0.00333367,0.0023128,-0.00373447,-0.00311943,14.3328,9.95244,5.97374,5.06139,-6.41833,-2.30868,0.704299,-0.0776338,0,0,-12,0,0,0,0,0,6.20095,0,0,0,
0.492644,0.120926,0.84312,0.654518,0.466217,-0.509812,-0.307147,0,0,0,0,0,0,0.424742,0.396174,0.67933,0.049054,0.976499,-0.208644,0.0226023,-0.178981,0.0799403,0.739144,0.694609,0.287715,0.609158,-0.25232,0,0,0,0,0,0,0,0.00359407,0.00222483,-0.0037581,-0.00210906,14.2034,9.95209,5.93307,5.07217,-6.39808,-2.29917,0.677361,-0.0689168,0,0,-12,0,0,0,0,0,6.20095,0,0,0,
0.492644,0.120926,0.84312,0.654518,0.466217,-0.509812,-0.307147,-1.68309e-06,-3.48139e-07,1.12718e-07,1.25251e-07,-2.16771e-06,-4.82491e-06,0.424742,0.396174,0.67933,0.049054,0.976499,-0.208644,0.0226023,-0.178981,0.0799403,0.739144,0.694609,0.287715,0.609158,-0.25232,0,0,0,0,0,0,0,-0.000721882,0.00231264,-0.00373413,-0.0031052,13.8887,9.95098,5.85013,5.09487,-6.35019,-2.27689,0.611769,-0.0477472,0,0,-12,0,0,0,0,0,6.20095,0,0,0,
0.492644,0.120926,0.84312,0.654518,0.466217,-0.509812,-0.307147,0,0,0,0,0,0,0.424742,0.396174,0.67933,0.049054,0.976499,-0.208644,0.0226023,-0.178981,0.0799403,0.739144,0.694609,0.287715,0.609158,-0.25232,0,0,0,0,0,0,0,0.00283826,0.0023132,-0.00373254,-0.00310923,13.5098,9.9501,5.72186,5.12824,-6.28983,-2.24926,0.532401,-0.022135,0,0,-12,0,0,0,0,0,6.20095,0,0,0,
0.492644,0.120926,0.84312,0.654518,0.466217,-0.509812,-0.307147,1.68692e-06,3.4893e-07,-1.12974e-07,-1.25535e-07,2.17263e-06,4.83587e-06,0.424742,0.396174,0.67933,0.0490537,0.976499,-0.208644,0.0226022,-0.178981,0.0799403,0.739144,0.694609,0.287715,0.609158,-0.25232,0,0,0,0,0,0,0,0.00397667,0.00240112,-0.00371207,-0.00410646,13.7726,9.9509,5.79911,5.10752,-6.33051,-2.26831,0.587145,-0.0398339,0,0,-12,0,0,0,0,0,6.20095,0,0,0,
0.492644,0.120926,0.84312,0.654518,0.466217,-0.509812,-0.307147,0,0,0,0,0,0,0.424742,0.396174,0.67933,0.0490537,0.976499,-0.208644,0.0226022,-0.178981,0.0799403,0.739144,0.694609,0.287715,0.609158,-0.25232,0,0,0,0,0,0,0,9.15563e-06,0.00231556,-0.00373408,-0.0031303,13.4868,9.94989,5.72398,5.12817,-6.28713,-2.24781,0.527775,-0.0206311,0,0,-12,0,0,0,0,0,6.20095,0,0,0,
0.492644,0.120926,0.84312,0.654518,0.466217,-0.509812,-0.307147,0,0,0,0,0,0,0.424742,0.396174,0.67933,0.049054,0.976499,-0.208644,0.0226023,-0.178981,0.0799403,0.739144,0.694609,0.287715,0.609158,-0.25232,0,0,0,0,0,0,0,-0.00139217,0.00222348,-0.00376075,-0.00207201,13.5039,9.94986,5.73382,5.12586,-6.2903,-2.249,0.531536,-0.0218184,0,0,-12,0,0,0,0,0,6.20095,0,0,0,
0.492644,0.120926,0.84312,0.654518,0.466217,-0.509812,-0.307147,-1.68692e-06,-3.48929e-07,1.12974e-07,1.25535e-07,-2.17263e-06,-4.83587e-06,0.424742,0.396174,0.67933,0.049054,0.976499,-0.208644,0.0226023,-0.178981,0.0799403,0.739144,0.694609,0.287715,0.609158,-0.25232,0,0,0,0,0,0,0,-0.00128267,0.00231535,-0.00373582,-0.0031134,13.3258,9.94937,5.67858,5.14043,-6.26237,-2.23627,0.49421,-0.00979072,0,0,-12,0,0,0,0,0,6.20095,0,0,0,
0.492644,0.120926,0.84312,0.654518,0.466217,-0.509812,-0.307147,-1.68692e-06,-3.48929e-07,1.12974e-07,1.25535e-07,-2.17263e-06,-4.83587e-06,0.424742,0.396174,0.67933,0.049054,0.976499,-0.208644,0.0226023,-0.178981,0.0799403,0.739144,0.694609,0.287715,0.609158,-0.25232,0,0,0,0,0,0,0,-0.00289192,0.00231587,-0.00373646,-0.00311463,13.257,9.94909,5.66262,5.14495,-6.25212,-2.23142,0.47994,-0.00517815,0,0,-12,0,0,0,0,0,6.20095,0,0,0,
0.492644,0.120926,0.84312,0.654518,0.466217,-0.509812,-0.307147,0,0,0,0,0,0,0.424742,0.396174,0.67933,0.049054,0.976499,-0.208644,0.0226023,-0.178981,0.0799403,0.739144,0.694609,0.287715,0.609158,-0.25232,0,0,0,0,0,0,0,0.00709754,0.00231643,-0.00373877,-0.00311395,13.4067,9.95003,5.67627,5.13958,-6.27236,-2.2415,0.510601,-0.0151108,0,0,-12,0,0,0,0,0,6.20095,0,0,0,
0.492644,0.120926,0.84312,0.654518,0.466217,-0.509812,-0.307147,0,0,0,0,0,0,0.424742,0.396174,0.67933,0.049054,0.976499,-0.208644,0.0226023,-0.178981,0.0799403,0.739144,0.694609,0.287715,0.609158,-0.25232,0,0,0,0,0,0,0,0.00389278,0.00231696,-0.00373749,-0.0031175,13.0776,9.94894,5.58533,5.16425,-6.22193,-2.21796,0.442053,0.00703103,0,0,-12,0,0,0,0,0,6.20095,0,0,0,
0.492644,0.120926,0.84312,0.654518,0.466217,-0.509812,-0.307147,0,0,0,0,0,0,0.424742,0.396174,0.67933,0.049054,0.976499,-0.208644,0.0226023,-0.178981,0.0799403,0.739144,0.694609,0.287715,0.609158,-0.25232,0,0,0,0,0,0,0,0.000220973,0.0023175,-0.00373691,-0.00312023,12.8395,9.94808,5.52392,5.18117,-6.18587,-2.20103,0.39253,0.023032,0,0,-12,0,0,0,0,0,6.20095,0,0,0,
0.492644,0.120926,0.84312,0.654518,0.466217,-0.509812,-0.307147,-1.68438e-06,-3.48405e-07,1.12804e-07,1.25347e-07,-2.16937e-06,-4.82861e-06,0.424742,0.396174,0.67933,0.049054,0.976499,-0.208644,0.0226023,-0.178981,0.0799403,0.739144,0.694609,0.287715,0.609158,-0.25232,0,0,0,0,0,0,0,0.0011244,0.00231804,-0.00374056,-0.00311791,13.1715,9.94906,5.62325,5.15468,-6.23749,-2.22495,0.461839,0.000652856,0,0,-12,0,0,0,0,0,6.20095,0,0,0,
0.492644,0.120926,0.84312,0.654518,0.466217,-0.509812,-0.307147,0,0,0,0,0,0,0.424742,0.396174,0.67933,0.0490537,0.976499,-0.208644,0.0226022,-0.178981,0.0799403,0.739144,0.694609,0.287715,0.609158,-0.25232,0,0,0,0,0,0,0,0.00426305,0.00240936,-0.00371298,-0.0041595,12.8203,9.94824,5.50486,5.18547,-6.18153,-2.19949,0.388168,0.0244048,0,0,-12,0,0,0,0,0,6.20095,0,0,0,
0.492644,0.120926,0.84312,0.654518,0.466217,-0.509812,-0.307147,0,0,0,0,0,0,0.424742,0.396174,0.67933,0.0490537,0.976499,-0.208644,0.0226022,-0.178981,0.0799403,0.739144,0.694609,0.287715,0.609158,-0.25232,0,0,0,0,0,0,0,0.00340986,0.00232039,-0.00374054,-0.00314077,12.9427,9.94854,5.54535,5.17493,-6.20099,-2.20825,0.413894,0.0161246,0,0,-12,0,0,0,0,0,6.20095,0,0,0,
0.492644,0.120926,0.84312,0.654518,0.466217,-0.509812,-0.307147,1.68438e-06,3.48406e-07,-1.12805e-07,-1.25347e-07,2.16937e-06,4.82861e-06,0.424742,0.396174,0.67933,0.0490537,0.976499,-0.208644,0.0226022,-0.178981,0.0799403,0.739144,0.694609,0.287715,0.609158,-0.25232,0,0,0,0,0,0,0,0.00162371,0.00232091,-0.0037401,-0.00314327,12.7307,9.94785,5.48587,5.19101,-6.16842,-2.19307,0.369727,0.0303904,0,0,-12,0,0,0,0,0,6.20095,0,0,0,
0.492644,0.120926,0.84312,0.654518,0.466217,-0.509812,-0.307147,1.68438e-06,3.48406e-07,-1.12805e-07,-1.25347e-07,2.16937e-06,4.82861e-06,0.424742,0.396174,0.67933,0.0490537,0.976499,-0.208644,0.0226022,-0.178981,0.0799403,0.739144,0.694609,0.287715,0.609158,-0.25232,0,0,0,0,0,0,0,0.00210737,0.00232145,-0.00373926,-0.00314626,12.4634,9.94712,5.40195,5.21316,-6.12647,-2.17372,0.313843,0.0484309,0,0,-12,0,0,0,0,0,6.20095,0,0,0,
0.492644,0.120926,0.84312,0.654518,0.466217,-0.509812,-0.307147,1.68438e-06,3.48406e-07,-1.12805e-07,-1.25347e-07,2.16937e-06,4.82861e-06,0.424742,0.396174,0.67933,0.0490537,0.976499,-0.208644,0.0226022,-0.178981,0.0799403,0.739144,0.694609,0.287715,0.609158,-0.25232,0,0,0,0,0,0,0,0.000112614,0.00232207,-0.00374351,-0.0031436,12.8464,9.9481,5.52641,5.18053,-6.18698,-2.20154,0.393985,0.0225638,0,0,-12,0,0,0,0,0,6.20095,0,0,0,
0.492644,0.120926,0.84312,0.654518,0.466217,-0.509812,-0.307147,0,0,0,0,0,0,0.424742,0.396174,0.67933,0.049054,0.976499,-0.208644,0.0226023,-0.178981,0.0799403,0.739144,0.694609,0.287715,0.609158,-0.25232,0,0,0,0,0,0,0,8.6839e-06,0.00222934,-0.0037708,-0.00208017,12.6304,9.94748,5.46024,5.19813,-6.1533,-2.18579,0.348974,0.0371194,0,0,-12,0,0,0,0,0,6.20095,0,0,0,
0.492644,0.120926,0.84312,0.654518,0.466217,-0.509812,-0.307147,1.68309e-06,3.4814e-07,-1.12718e-07,-1.25251e-07,2.16771e-06,4.82491e-06,0.424742,0.396174,0.67933,0.0490537,0.976499,-0.208644,0.0226022,-0.178981,0.0799403,0.739144,0.694609,0.287715,0.609158,-0.25232,0,0,0,0,0,0,0,0.000186599,0.00240835,-0.00371776,-0.00411736,12.466,9.94703,5.40897,5.2116,-6.12743,-2.17419,0.314401,0.0482359,0,0,-12,0,0,0,0,0,6.20095,0,0,0,
0.492644,0.120926,0.84312,0.654518,0.466217,-0.509812,-0.307147,1.68564e-06,3.48666e-07,-1.12889e-07,-1.2544e-07,2.17099e-06,4.83221e-06,0.424742,0.396174,0.67933,0.0490537,0.976499,-0.208644,0.0226022,-0.178981,0.0799403,0.739144,0.694609,0.287715,0.609158,-0.25232,0,0,0,0,0,0,0,0.00380075,0.00232371,-0.00374655,-0.00314616,12.7774,9.94809,5.49318,5.18869,-6.17503,-2.19629,0.379349,0.0272772,0,0,-12,0,0,0,0,0,6.20095,0,0,0,
0.492644,0.120926,0.84312,0.654518,0.466217,-0.509812,-0.307147,-1.68692e-06,-3.48929e-07,1.12974e-07,1.25535e-07,-2.17263e-06,-4.83587e-06,0.424742,0.396174,0.67933,0.049054,0.976499,-0.208644,0.0226023,-0.178981,0.0799403,0.739144,0.694609,0.287715,0.609158,-0.25232,0,0,0,0,0,0,0,0.00651698,0.00223494,-0.00377239,-0.00212857,12.4484,9.9473,5.38305,5.21745,-6.12279,-2.17217,0.310558,0.0494993,0,0,-12,0,0,0,0,0,6.20095,0,0,0,
0.492644,0.120926,0.84312,0.654518,0.466217,-0.509812,-0.307147,-1.68564e-06,-3.48665e-07,1.12888e-07,1.2544e-07,-2.17099e-06,-4.83221e-06,0.424742,0.396174,0.67933,0.049054,0.976499,-0.208644,0.0226023,-0.178981,0.0799403,0.739144,0.694609,0.287715,0.609158,-0.25232,0,0,0,0,0,0,0,0.00240387,0.00232352,-0.00374569,-0.0031325,12.2564,9.94655,5.33725,5.23027,-6.09403,-2.15875,0.270594,0.0623931,0,0,-12,0,0,0,0,0,6.20095,0,0,0,
0.492644,0.120926,0.84312,0.654518,0.466217,-0.509812,-0.307147,0,0,0,0,0,0,0.424742,0.396174,0.67933,0.0490537,0.976499,-0.208644,0.0226022,-0.178981,0.0799403,0.739144,0.694609,0.287715,0.609158,-0.25232,0,0,0,0,0,0,0,0.00279692,0.00240871,-0.00372205,-0.00409943,12.4107,9.94701,5.38348,5.21791,-6.11797,-2.17,0.302702,0.0520046,0,0,-12,0,0,0,0,0,6.20095,0,0,0,
0.492644,0.120926,0.84312,0.654518,0.466217,-0.509812,-0.307147,0,0,0,0,0,0,0.424742,0.396174,0.67933,0.0490537,0.976499,-0.208644,0.0226022,-0.178981,0.0799403,0.739144,0.694609,0.287715,0.609158,-0.25232,0,0,0,0,0,0,0,-1.96148e-06,0.00232594,-0.00375148,-0.00314872,12.7913,9.94794,5.50982,5.18495,-6.1784,-2.19757,0.38248,0.0262794,0,0,-12,0,0,0,0,0,6.20095,0,0,0,
0.492644,0.120926,0.84312,0.654518,0.466217,-0.509812,-0.307147,0,0,0,0,0,0,0.424742,0.396174,0.67933,0.0490537,0.976499,-0.208644,0.0226022,-0.178981,0.0799403,0.739144,0.694609,0.287715,0.609158,-0.25232,0,0,0,0,0,0,0,0.000747053,0.0023265,-0.00374856,-0.00315427,12.2438,9.94644,5.33875,5.23016,-6.09257,-2.15796,0.268058,0.0632184,0,0,-12,0,0,0,0,0,6.20095,0,0,0,
0.492644,0.120926,0.84312,0.654518,0.466217,-0.509812,-0.307147,0,0,0,0,0,0,0.424742,0.396174,0.67933,0.049054,0.976499,-0.208644,0.0226023,-0.178981,0.0799403,0.739144,0.694609,0.287715,0.609158,-0.25232,0,0,0,0,0,0,0,0.00215304,0.00223798,-0.00377911,-0.00213486,12.4432,9.94707,5.39561,5.21489,-6.12335,-2.17211,0.309727,0.0497833,0,0,-12,0,0,0,0,0,6.20095,0,0,0,
0.492644,0.120926,0.84312,0.654518,0.466217,-0.509812,-0.307147,-1.68309e-06,-3.48139e-07,1.12718e-07,1.25251e-07,-2.16771e-06,-4.82491e-06,0.424742,0.396174,0.67933,0.049054,0.976499,-0.208644,0.0226023,-0.178981,0.0799403,0.739144,0.694609,0.287715,0.609158,-0.25232,0,0,0,0,0,0,0,0.00153008,0.00232633,-0.00374851,-0.00313974,11.8244,9.94529,5.20704,5.26494,-6.02677,-2.1276,0.1804,0.0915159,0,0,-12,0,0,0,0,0,6.20095,0,0,0,
0.492644,0.120926,0.84312,0.654518,0.466217,-0.509812,-0.307147,-1.68309e-06,-3.48139e-07,1.12718e-07,1.25251e-07,-2.16771e-06,-4.82491e-06,0.424742,0.396174,0.67933,0.049054,0.976499,-0.208644,0.0226023,-0.178981,0.0799403,0.739144,0.694609,0.287715,0.609158,-0.25232,0,0,0,0,0,0,0,0.00249617,0.00232688,-0.00375316,-0.00313626,12.2898,9.94666,5.34722,5.22761,-6.09921,-2.16115,0.277553,0.0601469,0,0,-12,0,0,0,0,0,6.20095,0,0,0,
0.492644,0.120926,0.84312,0.654518,0.466217,-0.509812,-0.307147,0,0,0,0,0,0,0.424742,0.396174,0.67933,0.049054,0.976499,-0.208644,0.0226023,-0.178981,0.0799403,0.739144,0.694609,0.287715,0.609158,-0.25232,0,0,0,0,0,0,0,0.00358777,0.00232741,-0.00375361,-0.00313772,12.1979,9.94645,5.31537,5.23587,-6.08449,-2.15443,0.258286,0.0663635,0,0,-12,0,0,0,0,0,6.20095,0,0,0,
0.492644,0.120926,0.84312,0.654518,0.466217,-0.509812,-0.307147,0,0,0,0,0,0,0.424742,0.396174,0.67933,0.049054,0.976499,-0.208644,0.0226023,-0.178981,0.0799403,0.739144,0.694609,0.287715,0.609158,-0.25232,0,0,0,0,0,0,0,0.00149749,0.00232794,-0.00375422,-0.00313901,12.1258,9.94614,5.29998,5.24031,-6.0739,-2.14938,0.243365,0.0711878,0,0,-12,0,0,0,0,0,6.20095,0,0,0,
0.492644,0.120926,0.84312,0.654518,0.466217,-0.509812,-0.307147,0,0,0,0,0,0,0.424742,0.396174,0.67933,0.049054,0.976499,-0.208644,0.0226023,-0.178981,0.0799403,0.739144,0.694609,0.287715,0.609158,-0.25232,0,0,0,0,0,0,0,-0.000906538,0.00232849,-0.00375545,-0.0031396,12.1349,9.94605,5.31057,5.23793,-6.07607,-2.15021,0.245399,0.0705396,0,0,-12,0,0,0,0,0,6.20095,0,0,0,
0.492644,0.120926,0.84312,0.654518,0.466217,-0.509812,-0.307147,0,0,0,0,0,0,0.424742,0.396174,0.67933,0.0490537,0.976499,-0.208644,0.0226022,-0.178981,0.0799403,0.739144,0.694609,0.287715,0.609158,-0.25232,0,0,0,0,0,0,0,0.00115708,0.00242235,-0.00372549,-0.00420811,12.0167,9.94583,5.26744,5.24895,-6.05688,-2.14167,0.22047,0.0785574,0,0,-12,0,0,0,0,0,6.20095,0,0,0,
0.492644,0.120926,0.84312,0.654518,0.466217,-0.509812,-0.307147,0,0,0,0,0,0,0.424742,0.396174,0.67933,0.0490537,0.976499,-0.208644,0.0226022,-0.178981,0.0799403,0.739144,0.694609,0.287715,0.609158,-0.25232,0,0,0,0,0,0,0,0.00340059,0.00233081,-0.00375764,-0.0031597,12.2217,9.94652,5.32333,5.23379,-6.08828,-2.15617,0.263277,0.0647537,0,0,-12,0,0,0,0,0,6.20095,0,0,0,
0.492644,0.120926,0.84312,0.654518,0.466217,-0.509812,-0.307147,1.68692e-06,3.4893e-07,-1.12974e-07,-1.25535e-07,2.17263e-06,4.83587e-06,0.424742,0.396174,0.67933,0.0490537,0.976499,-0.208644,0.0226022,-0.178981,0.0799403,0.739144,0.694609,0.287715,0.609158,-0.25232,0,0,0,0,0,0,0,0.00296521,0.00233133,-0.00375644,-0.00316308,11.9148,9.94563,5.23022,5.25854,-6.04044,-2.13403,0.199195,0.0854442,0,0,-12,0,0,0,0,0,6.20095,0,0,0,
0.492644,0.120926,0.84312,0.654518,0.466217,-0.509812,-0.307147,0,0,0,0,0,0,0.424742,0.396174,0.67933,0.049054,0.976499,-0.208644,0.0226023,-0.178981,0.0799403,0.739144,0.694609,0.287715,0.609158,-0.25232,0,0,0,0,0,0,0,0.002198,0.00224223,-0.00378809,-0.00213763,12.0557,9.94598,5.27613,5.24656,-6.06276,-2.14412,0.22878,0.0759182,0,0,-12,0,0,0,0,0,6.20095,0,0,0,
0.492644,0.120926,0.84312,0.654518,0.466217,-0.509812,-0.307147,1.68692e-06,3.4893e-07,-1.12974e-07,-1.25535e-07,2.17263e-06,4.83587e-06,0.424742,0.396174,0.67933,0.0490537,0.976499,-0.208644,0.0226022,-0.178981,0.0799403,0.739144,0.694609,0.287715,0.609158,-0.25232,0,0,0,0,0,0,0,0.00109851,0.00242485,-0.00372738,-0.0042173,11.7639,9.94511,5.18977,5.26955,-6.01738,-2.12342,0.167665,0.0956057,0,0,-12,0,0,0,0,0,6.20095,0,0,0,
0.492644,0.120926,0.84312,0.654518,0.466217,-0.509812,-0.307147,1.68692e-06,3.4893e-07,-1.12974e-07,-1.25535e-07,2.17263e-06,4.83587e-06,0.424742,0.396174,0.67933,0.0490537,0.976499,-0.208644,0.0226022,-0.178981,0.0799403,0.739144,0.694609,0.287715,0.609158,-0.25232,0,0,0,0,0,0,0,0.000620852,0.00233294,-0.00375833,-0.00316689,11.71,9.94493,5.17474,5.27366,-6.00915,-2.1194,0.156537,0.0992246,0,0,-12,0,0,0,0,0,6.20095,0,0,0,
0.492644,0.120926,0.84312,0.654518,0.466217,-0.509812,-0.307147,0,0,0,0,0,0,0.424742,0.396174,0.67933,0.049054,0.976499,-0.208644,0.0226023,-0.178981,0.0799403,0.739144,0.694609,0.287715,0.609158,-0.25232,0,0,0,0,0,0,0,0.00185752,0.00224297,-0.00379114,-0.00213113,11.9093,9.94555,5.23213,5.25828,-6.03997,-2.13356,0.198207,0.0857905,0,0,-12,0,0,0,0,0,6.20095,0,0,0,
0.492644,0.120926,0.84312,0.654518,0.466217,-0.509812,-0.307147,1.68692e-06,3.4893e-07,-1.12974e-07,-1.25535e-07,2.17263e-06,4.83587e-06,0.424742,0.396174,0.67933,0.0490537,0.976499,-0.208644,0.0226022,-0.178981,0.0799403,0.739144,0.694609,0.287715,0.609158,-0.25232,0,0,0,0,0,0,0,0.000619418,0.00242452,-0.00373097,-0.00419721,11.7594,9.94508,5.18995,5.26959,-6.01683,-2.12312,0.166758,0.0959008,0,0,-12,0,0,0,0,0,6.20095,0,0,0,
0.492644,0.120926,0.84312,0.654518,0.466217,-0.509812,-0.307147,-1.68692e-06,-3.48929e-07,1.12974e-07,1.25535e-07,-2.17263e-06,-4.83587e-06,0.424742,0.396174,0.67933,0.049054,0.976499,-0.208644,0.0226023,-0.178981,0.0799403,0.739144,0.694609,0.287715,0.609158,-0.25232,0,0,0,0,0,0,0,0.00087816,0.00224215,-0.00379432,-0.00211103,11.9148,9.94552,5.237,5.25716,-6.04114,-2.13403,0.199416,0.0854045,0,0,-12,0,0,0,0,0,6.20095,0,0,0,
0.492644,0.120926,0.84312,0.654518,0.466217,-0.509812,-0.307147,-1.68437e-06,-3.48402e-07,1.12803e-07,1.25346e-07,-2.16935e-06,-4.82856e-06,0.424742,0.396174,0.67933,0.049054,0.976499,-0.208644,0.0226023,-0.178981,0.0799403,0.739144,0.694609,0.287715,0.609158,-0.25232,0,0,0,0,0,0,0,0.00210051,0.0023338,-0.0037647,-0.00314863,11.8655,9.94545,5.21784,5.26199,-6.03301,-2.13053,0.188943,0.0887574,0,0,-12,0,0,0,0,0,6.20095,0,0,0,
0.492644,0.120926,0.84312,0.654518,0.466217,-0.509812,-0.307147,0,0,0,0,0,0,0.424742,0.396174,0.67933,0.0490537,0.976499,-0.208644,0.0226022,-0.178981,0.0799403,0.739144,0.694609,0.287715,0.609158,-0.25232,0,0,0,0,0,0,0,-0.00100512,0.00242639,-0.00373304,-0.00420338,11.6563,9.9447,5.16347,5.27689,-6.00123,-2.1158,0.14532,0.102828,0,0,-12,0,0,0,0,0,6.20095,0,0,0,
0.492644,0.120926,0.84312,0.654518,0.466217,-0.509812,-0.307147,-1.68309e-06,-3.48139e-07,1.12718e-07,1.25251e-07,-2.16771e-06,-4.82491e-06,0.424742,0.396174,0.67933,0.049054,0.976499,-0.208644,0.0226023,-0.178981,0.0799403,0.739144,0.694609,0.287715,0.609158,-0.25232,0,0,0,0,0,0,0,0.00586872,0.0022452,-0.00379637,-0.00213109,11.7536,9.94532,5.17115,5.27375,-6.01437,-2.12202,0.165441,0.0963563,0,0,-12,0,0,0,0,0,6.20095,0,0,0,
0.492644,0.120926,0.84312,0.654518,0.466217,-0.509812,-0.307147,1.68437e-06,3.48403e-07,-1.12804e-07,-1.25346e-07,2.16935e-06,4.82856e-06,0.424742,0.396174,0.67933,0.0490537,0.976499,-0.208644,0.0226022,-0.178981,0.0799403,0.739144,0.694609,0.287715,0.609158,-0.25232,0,0,0,0,0,0,0,0.000281658,0.00242843,-0.00373408,-0.00421661,11.5785,9.94455,5.13534,5.28412,-5.98866,-2.11009,0.128994,0.108094,0,0,-12,0,0,0,0,0,6.20095,0,0,0,
0.492644,0.120926,0.84312,0.654518,0.466217,-0.509812,-0.307147,0,0,0,0,0,0,0.424742,0.396174,0.67933,0.0490537,0.976499,-0.208644,0.0226022,-0.178981,0.0799403,0.739144,0.694609,0.287715,0.609158,-0.25232,0,0,0,0,0,0,0,0.00196188,0.00233719,-0.00376713,-0.00317245,11.6899,9.94495,5.16419,5.27623,-6.00558,-2.11785,0.152255,0.100603,0,0,-12,0,0,0,0,0,6.20095,0,0,0,
0.492644,0.120926,0.84312,0.654518,0.466217,-0.509812,-0.307147,0,0,0,0,0,0,0.424742,0.396174,0.67933,0.049054,0.976499,-0.208644,0.0226023,-0.178981,0.0799403,0.739144,0.694609,0.287715,0.609158,-0.25232,0,0,0,0,0,0,0,0.00147531,0.00224727,-0.0037995,-0.00213911,11.6971,9.94494,5.16803,5.27534,-6.00693,-2.11826,0.15391,0.100094,0,0,-12,0,0,0,0,0,6.20095,0,0,0,
0.492644,0.120926,0.84312,0.654518,0.466217,-0.509812,-0.307147,-1.68437e-06,-3.48402e-07,1.12803e-07,1.25346e-07,-2.16935e-06,-4.82856e-06,0.424742,0.396174,0.67933,0.049054,0.976499,-0.208644,0.0226023,-0.178981,0.0799403,0.739144,0.694609,0.287715,0.609158,-0.25232,0,0,0,0,0,0,0,0.00150565,0.00233699,-0.00376917,-0.00315535,11.5682,9.94458,5.12819,5.28585,-5.98671,-2.10909,0.126863,0.108803,0,0,-12,0,0,0,0,0,6.20095,0,0,0,
0.492644,0.120926,0.84312,0.654518,0.466217,-0.509812,-0.307147,-1.68437e-06,-3.48402e-07,1.12803e-07,1.25346e-07,-2.16935e-06,-4.82856e-06,0.424742,0.396174,0.67933,0.049054,0.976499,-0.208644,0.0226023,-0.178981,0.0799403,0.739144,0.694609,0.287715,0.609158,-0.25232,0,0,0,0,0,0,0,0.00392258,0.00233752,-0.00377083,-0.00315539,11.6415,9.94492,5.14294,5.28152,-5.99741,-2.11421,0.142039,0.103895,0,0,-12,0,0,0,0,0,6.20095,0,0,0,
0.492644,0.120926,0.84312,0.654518,0.466217,-0.509812,-0.307147,0,0,0,0,0,0,0.424742,0.396174,0.67933,0.049054,0.976499,-0.208644,0.0226023,-0.178981,0.0799403,0.739144,0.694609,0.287715,0.609158,-0.25232,0,0,0,0,0,0,0,0.000897645,0.00233805,-0.00377173,-0.0031563,11.6166,9.94469,5.14509,5.28148,-5.99448,-2.11264,0.13702,0.105526,0,0,-12,0,0,0,0,0,6.20095,0,0,0,
0.492644,0.120926,0.84312,0.654518,0.466217,-0.509812,-0.307147,-1.68819e-06,-3.49193e-07,1.13059e-07,1.2563e-07,-2.17428e-06,-4.83953e-06,0.424742,0.396174,0.67933,0.049054,0.976499,-0.208644,0.0226023,-0.178981,0.0799403,0.739144,0.694609,0.287715,0.609158,-0.25232,0,0,0,0,0,0,0,0.00137763,0.00233858,-0.00377093,-0.00315923,11.3616,9.944,5.065,5.30263,-5.95446,-2.09418,0.0837233,0.122731,0,0,-12,0,0,0,0,0,6.20095,0,0,0,
0.492644,0.120926,0.84312,0.654518,0.466217,-0.509812,-0.307147,0,0,0,0,0,0,0.424742,0.396174,0.67933,0.049054,0.976499,-0.208644,0.0226023,-0.178981,0.0799403,0.739144,0.694609,0.287715,0.609158,-0.25232,0,0,0,0,0,0,0,0.000909856,0.00233912,-0.00377401,-0.00315763,11.6226,9.94471,5.14688,5.28101,-5.9954,-2.11307,0.13826,0.105125,0,0,-12,0,0,0,0,0,6.20095,0,0,0,
0.492644,0.120926,0.84312,0.654518,0.466217,-0.509812,-0.307147,1.68692e-06,3.4893e-07,-1.12974e-07,-1.25535e-07,2.17263e-06,4.83587e-06,0.424742,0.396174,0.67933,0.0490537,0.976499,-0.208644,0.0226022,-0.178981,0.0799403,0.739144,0.694609,0.287715,0.609158,-0.25232,0,0,0,0,0,0,0,0.000268422,0.00243227,-0.0037422,-0.00421715,11.5933,9.9446,5.13995,5.28291,-5.99098,-2.11116,0.132088,0.107096,0,0,-12,0,0,0,0,0,6.20095,0,0,0,
0.492644,0.120926,0.84312,0.654518,0.466217,-0.509812,-0.307147,0,0,0,0,0,0,0.424742,0.396174,0.67933,0.0490537,0.976499,-0.208644,0.0226022,-0.178981,0.0799403,0.739144,0.694609,0.287715,0.609158,-0.25232,0,0,0,0,0,0,0,0.000124257,0.00234146,-0.00377422,-0.00318011,11.4528,9.94419,5.09714,5.29433,-5.9691,-2.10086,0.102833,0.116566,0,0,-12,0,0,0,0,0,6.20095,0,0,0,
0.492644,0.120926,0.84312,0.654518,0.466217,-0.509812,-0.307147,0,0,0,0,0,0,0.424742,0.396174,0.67933,0.049054,0.976499,-0.208644,0.0226023,-0.178981,0.0799403,0.739144,0.694609,0.287715,0.609158,-0.25232,0,0,0,0,0,0,0,0.00195879,0.00224687,-0.00380983,-0.00209317,11.5564,9.94457,5.12312,5.28717,-5.98477,-2.10805,0.124484,0.109595,0,0,-12,0,0,0,0,0,6.20095,0,0,0,
0.492644,0.120926,0.84312,0.654518,0.466217,-0.509812,-0.307147,1.68819e-06,3.49194e-07,-1.1306e-07,-1.2563e-07,2.17428e-06,4.83953e-06,0.424742,0.396174,0.67933,0.0490537,0.976499,-0.208644,0.0226022,-0.178981,0.0799403,0.739144,0.694609,0.287715,0.609158,-0.25232,0,0,0,0,0,0,0,0.0028836,0.00242906,-0.00374714,-0.00416416,11.6282,9.94484,5.14219,5.28186,-5.99561,-2.11347,0.139217,0.104787,0,0,-12,0,0,0,0,0,6.20095,0,0,0,
0.492644,0.120926,0.84312,0.654518,0.466217,-0.509812,-0.307147,1.68818e-06,3.49191e-07,-1.13059e-07,-1.25629e-07,2.17425e-06,4.83948e-06,0.424742,0.396174,0.67933,0.0490537,0.976499,-0.208644,0.0226022,-0.178981,0.0799403,0.739144,0.694609,0.287715,0.609158,-0.25232,0,0,0,0,0,0,0,-0.000221576,0.00234305,-0.00377644,-0.00318345,11.316,9.94379,5.05613,5.30526,-5.94782,-2.091,0.0742759,0.125787,0,0,-12,0,0,0,0,0,6.20095,0,0,0,
0.492644,0.120926,0.84312,0.654518,0.466217,-0.509812,-0.307147,0,0,0,0,0,0,0.424742,0.396174,0.67933,0.049054,0.976499,-0.208644,0.0226023,-0.178981,0.0799403,0.739144,0.694609,0.287715,0.609158,-0.25232,0,0,0,0,0,0,0,-0.000209082,0.00225407,-0.00381033,-0.00216012,11.3995,9.94402,5.08183,5.29849,-5.96093,-2.09689,0.0918302,0.120144,0,0,-12,0,0,0,0,0,6.20095,0,0,0,
0.492644,0.120926,0.84312,0.654518,0.466217,-0.509812,-0.307147,1.68437e-06,3.48403e-07,-1.12804e-07,-1.25346e-07,2.16935e-06,4.82856e-06,0.424742,0.396174,0.67933,0.0490537,0.976499,-0.208644,0.0226022,-0.178981,0.0799403,0.739144,0.694609,0.287715,0.609158,-0.25232,0,0,0,0,0,0,0,0.00225007,0.00243393,-0.00374639,-0.00420654,11.2883,9.94385,5.03956,5.30918,-5.94267,-2.08897,0.0682458,0.127702,0,0,-12,0,0,0,0,0,6.20095,0,0,0,
0.492644,0.120926,0.84312,0.654518,0.466217,-0.509812,-0.307147,1.68437e-06,3.48403e-07,-1.12804e-07,-1.25346e-07,2.16935e-06,4.82856e-06,0.424742,0.396174,0.67933,0.0490537,0.976499,-0.208644,0.0226022,-0.178981,0.0799403,0.739144,0.694609,0.287715,0.609158,-0.25232,0,0,0,0,0,0,0,-0.00128026,0.00234467,-0.00377924,-0.00318623,11.244,9.94353,5.03741,5.31041,-5.93691,-2.08588,0.0593124,0.130622,0,0,-12,0,0,0,0,0,6.20095,0,0,0,
0.492644,0.120926,0.84312,0.654518,0.466217,-0.509812,-0.307147,0,0,0,0,0,0,0.424742,0.396174,0.67933,0.0490537,0.976499,-0.208644,0.0226022,-0.178981,0.0799403,0.739144,0.694609,0.287715,0.609158,-0.25232,0,0,0,0,0,0,0,0.00134521,0.00234521,-0.00378028,-0.00318704,11.2338,9.94364,5.02574,5.31304,-5.93449,-2.08495,0.0570225,0.131353,0,0,-12,0,0,0,0,0,6.20095,0,0,0,
0.492644,0.120926,0.84312,0.654518,0.466217,-0.509812,-0.307147,-1.68437e-06,-3.48402e-07,1.12803e-07,1.25346e-07,-2.16935e-06,-4.82856e-06,0.424742,0.396174,0.67933,0.049054,0.976499,-0.208644,0.0226023,-0.178981,0.0799403,0.739144,0.694609,0.287715,0.609158,-0.25232,0,0,0,0,0,0,0,0.00191758,0.00225524,-0.00381537,-0.00215201,11.3738,9.94406,5.06703,5.30205,-5.95625,-2.09488,0.0863446,0.121908,0,0,-12,0,0,0,0,0,6.20095,0,0,0,
0.492644,0.120926,0.84312,0.654518,0.466217,-0.509812,-0.307147,1.68437e-06,3.48403e-07,-1.12804e-07,-1.25346e-07,2.16935e-06,4.82856e-06,0.424742,0.396174,0.67933,0.0490537,0.976499,-0.208644,0.0226022,-0.178981,0.0799403,0.739144,0.694609,0.287715,0.609158,-0.25232,0,0,0,0,0,0,0,0.00346714,0.00243704,-0.00375047,-0.00421974,11.3486,9.94408,5.0542,5.30509,-5.95172,-2.09324,0.0807758,0.123652,0,0,-12,0,0,0,0,0,6.20095,0,0,0,
0.492644,0.120926,0.84312,0.654518,0.466217,-0.509812,-0.307147,1.68309e-06,3.4814e-07,-1.12718e-07,-1.25251e-07,2.16771e-06,4.82491e-06,0.424742,0.396174,0.67933,0.0490537,0.976499,-0.208644,0.0226022,-0.178981,0.0799403,0.739144,0.694609,0.287715,0.609158,-0.25232,0,0,0,0,0,0,0,0.00129039,0.00234681,-0.00378278,-0.00319012,11.1309,9.94335,4.99422,5.32141,-5.91841,-2.07752,0.0355216,0.138295,0,0,-12,0,0,0,0,0,6.20095,0,0,0,
0.492644,0.120926,0.84312,0.654518,0.466217,-0.509812,-0.307147,-1.68309e-06,-3.48139e-07,1.12718e-07,1.25251e-07,-2.16771e-06,-4.82491e-06,0.424742,0.396174,0.67933,0.049054,0.976499,-0.208644,0.0226023,-0.178981,0.0799403,0.739144,0.694609,0.287715,0.609158,-0.25232,0,0,0,0,0,0,0,0.00166715,0.00225466,-0.00381761,-0.002132,11.0903,9.94325,4.98051,5.32503,-5.912,-2.07441,0.027127,0.141028,0,0,-12,0,0,0,0,0,6.20095,0,0,0,
0.492644,0.120926,0.84312,0.654518,0.466217,-0.509812,-0.307147,1.68309e-06,3.4814e-07,-1.12718e-07,-1.25251e-07,2.16771e-06,4.82491e-06,0.424742,0.396174,0.67933,0.0490537,0.976499,-0.208644,0.0226022,-0.178981,0.0799403,0.739144,0.694609,0.287715,0.609158,-0.25232,0,0,0,0,0,0,0,0.000728211,0.00243836,-0.00375099,-0.00422171,11.0121,9.94299,4.95942,5.33069,-5.89996,-2.06913,0.0106255,0.14631,0,0,-12,0,0,0,0,0,6.20095,0,0,0,
0.492644,0.120926,0.84312,0.654518,0.466217,-0.509812,-0.307147,0,0,0,0,0,0,0.424742,0.396174,0.67933,0.0490537,0.976499,-0.208644,0.0226022,-0.178981,0.0799403,0.739144,0.694609,0.287715,0.609158,-0.25232,0,0,0,0,0,0,0,0.00272194,0.00234841,-0.00378489,-0.0031936,10.9761,9.94299,4.9419,5.33503,-5.89376,-2.06624,0.00310349,0.148756,0,0,-12,0,0,0,0,0,6.20095,0,0,0,
0.492644,0.120926,0.84312,0.654518,0.466217,-0.509812,-0.307147,-1.68562e-06,-3.48662e-07,1.12887e-07,1.25439e-07,-2.17097e-06,-4.83216e-06,0.424742,0.396174,0.67933,0.049054,0.976499,-0.208644,0.0226023,-0.178981,0.0799403,0.739144,0.694609,0.287715,0.609158,-0.25232,0,0,0,0,0,0,0,-0.000749796,0.00225799,-0.00382095,-0.00215337,11.1371,9.94326,5.00277,5.31955,-5.92008,-2.07797,0.0370459,0.137834,0,0,-12,0,0,0,0,0,6.20095,0,0,0,
0.492644,0.120926,0.84312,0.654518,0.466217,-0.509812,-0.307147,-1.68566e-06,-3.48669e-07,1.12889e-07,1.25442e-07,-2.17101e-06,-4.83226e-06,0.424742,0.396174,0.67933,0.049054,0.976499,-0.208644,0.0226023,-0.178981,0.0799403,0.739144,0.694609,0.287715,0.609158,-0.25232,0,0,0,0,0,0,0,-0.00158985,0.0023482,-0.00378909,-0.00317398,11.1467,9.94325,5.00845,5.31815,-5.9218,-2.07887,0.0390028,0.137181,0,0,-12,0,0,0,0,0,6.20095,0,0,0,
0.492644,0.120926,0.84312,0.654518,0.466217,-0.509812,-0.307147,1.68692e-06,3.4893e-07,-1.12974e-07,-1.25535e-07,2.17263e-06,4.83587e-06,0.424742,0.396174,0.67933,0.0490537,0.976499,-0.208644,0.0226022,-0.178981,0.0799403,0.739144,0.694609,0.287715,0.609158,-0.25232,0,0,0,0,0,0,0,-0.00179113,0.00244069,-0.00375533,-0.0042262,11.0756,9.94305,4.98719,5.32377,-5.9107,-2.07391,0.0240579,0.141982,0,0,-12,0,0,0,0,0,6.20095,0,0,0,
0.492644,0.120926,0.84312,0.654518,0.466217,-0.509812,-0.307147,-1.68692e-06,-3.48929e-07,1.12974e-07,1.25535e-07,-2.17263e-06,-4.83587e-06,0.424742,0.396174,0.67933,0.049054,0.976499,-0.208644,0.0226023,-0.178981,0.0799403,0.739144,0.694609,0.287715,0.609158,-0.25232,0,0,0,0,0,0,0,0.000827047,0.00225915,-0.00382325,-0.00215222,10.9506,9.94282,4.94021,5.33586,-5.89042,-2.06438,-0.00201044,0.150439,0,0,-12,0,0,0,0,0,6.20095,0,0,0,
0.492644,0.120926,0.84312,0.654518,0.466217,-0.509812,-0.307147,0,0,0,0,0,0,0.424742,0.396174,0.67933,0.0490537,0.976499,-0.208644,0.0226022,-0.178981,0.0799403,0.739144,0.694609,0.287715,0.609158,-0.25232,0,0,0,0,0,0,0,0.00419113,0.00244206,-0.00375587,-0.0042327,10.9009,9.94286,4.91394,5.34214,-5.88149,-2.06084,-0.0128064,0.153863,0,0,-12,0,0,0,0,0,6.20095,0,0,0,
0.492644,0.120926,0.84312,0.654518,0.466217,-0.509812,-0.307147,1.68692e-06,3.4893e-07,-1.12974e-07,-1.25535e-07,2.17263e-06,4.83587e-06,0.424742,0.396174,0.67933,0.0490537,0.976499,-0.208644,0.0226022,-0.178981,0.0799403,0.739144,0.694609,0.287715,0.609158,-0.25232,0,0,0,0,0,0,0,0.000383139,0.00235159,-0.00378924,-0.00320043,10.6901,9.94207,4.8614,5.35678,-5.84978,-2.04574,-0.0565135,0.168012,0,0,-12,0,0,0,0,0,6.20095,0,0,0,
0.492644,0.120926,0.84312,0.654518,0.466217,-0.509812,-0.307147,1.68437e-06,3.48403e-07,-1.12804e-07,-1.25346e-07,2.16935e-06,4.82856e-06,0.424742,0.396174,0.67933,0.0490537,0.976499,-0.208644,0.0226022,-0.178981,0.0799403,0.739144,0.694609,0.287715,0.609158,-0.25232,0,0,0,0,0,0,0,0.00224033,0.00235213,-0.00378964,-0.00320197,10.5963,9.9419,4.82647,5.36571,-5.83453,-2.03883,-0.0762251,0.17437,0,0,-12,0,0,0,0,0,6.20095,0,0,0,
0.492644,0.120926,0.84312,0.654518,0.466217,-0.509812,-0.307147,-1.68438e-06,-3.48405e-07,1.12804e-07,1.25347e-07,-2.16937e-06,-4.82861e-06,0.424742,0.396174,0.67933,0.049054,0.976499,-0.208644,0.0226023,-0.178981,0.0799403,0.739144,0.694609,0.287715,0.609158,-0.25232,0,0,0,0,0,0,0,0.005527,0.00226028,-0.00382555,-0.00214724,10.5656,9.94198,4.80636,5.37052,-5.82874,-2.03622,-0.082726,0.176483,0,0,-12,0,0,0,0,0,6.20095,0,0,0,
0.492644,0.120926,0.84312,0.654518,0.466217,-0.509812,-0.307147,1.68308e-06,3.48136e-07,-1.12717e-07,-1.2525e-07,2.16769e-06,4.82487e-06,0.424742,0.396174,0.67933,0.0490537,0.976499,-0.208644,0.0226022,-0.178981,0.0799403,0.739144,0.694609,0.287715,0.609158,-0.25232,0,0,0,0,0,0,0,0.00665169,0.00244336,-0.00375899,-0.00422744,10.7528,9.94258,4.86035,5.35592,-5.85757,-2.04996,-0.0438871,0.16389,0,0,-12,0,0,0,0,0,6.20095,0,0,0,
0.492644,0.120926,0.84312,0.654518,0.466217,-0.509812,-0.307147,1.68308e-06,3.48136e-07,-1.12717e-07,-1.2525e-07,2.16769e-06,4.82487e-06,0.424742,0.396174,0.67933,0.0490537,0.976499,-0.208644,0.0226022,-0.178981,0.0799403,0.739144,0.694609,0.287715,0.609158,-0.25232,0,0,0,0,0,0,0,0.0051814,0.00235373,-0.00379263,-0.00320447,10.5534,9.94193,4.80372,5.37123,-5.8269,-2.03552,-0.0853565,0.177308,0,0,-12,0,0,0,0,0,6.20095,0,0,0,
0.492644,0.120926,0.84312,0.654518,0.466217,-0.509812,-0.307147,-1.68311e-06,-3.48142e-07,1.12719e-07,1.25252e-07,-2.16773e-06,-4.82496e-06,0.424742,0.396174,0.67933,0.049054,0.976499,-0.208644,0.0226023,-0.178981,0.0799403,0.739144,0.694609,0.287715,0.609158,-0.25232,0,0,0,0,0,0,0,0.000308664,0.0022631,-0.00382849,-0.0021634,10.5301,9.94161,4.81239,5.36983,-5.82485,-2.03404,-0.0898239,0.178792,0,0,-12,0,0,0,0,0,6.20095,0,0,0,
0.492644,0.120926,0.84312,0.654518,0.466217,-0.509812,-0.307147,1.68309e-06,3.4814e-07,-1.12718e-07,-1.25251e-07,2.16771e-06,4.82491e-06,0.424742,0.396174,0.67933,0.0490537,0.976499,-0.208644,0.0226022,-0.178981,0.0799403,0.739144,0.694609,0.287715,0.609158,-0.25232,0,0,0,0,0,0,0,0.00304735,0.00244631,-0.0037594,-0.00424727,10.4817,9.94163,4.78853,5.37559,-5.81631,-2.03064,-0.100322,0.182122,0,0,-12,0,0,0,0,0,6.20095,0,0,0,
0.492644,0.120926,0.84312,0.654518,0.466217,-0.509812,-0.307147,0,0,0,0,0,0,0.424742,0.396174,0.67933,0.0490537,0.976499,-0.208644,0.0226022,-0.178981,0.0799403,0.739144,0.694609,0.287715,0.609158,-0.25232,0,0,0,0,0,0,0,0.00354771,0.00235533,-0.00379403,-0.0032088,10.3024,9.94114,4.73171,5.39061,-5.78817,-2.0175,-0.137701,0.194214,0,0,-12,0,0,0,0,0,6.20095,0,0,0,
0.492644,0.120926,0.84312,0.654518,0.466217,-0.509812,-0.307147,-1.68311e-06,-3.48142e-07,1.12719e-07,1.25252e-07,-2.16773e-06,-4.82496e-06,0.424742,0.396174,0.67933,0.049054,0.976499,-0.208644,0.0226023,-0.178981,0.0799403,0.739144,0.694609,0.287715,0.609158,-0.25232,0,0,0,0,0,0,0,0.00154901,0.0022625,-0.00383068,-0.00214344,10.2277,9.94082,4.71522,5.39537,-5.77718,-2.0121,-0.15307,0.199208,0,0,-12,0,0,0,0,0,6.20095,0,0,0,
0.492644,0.120926,0.84312,0.654518,0.466217,-0.509812,-0.307147,-1.68564e-06,-3.48665e-07,1.12888e-07,1.2544e-07,-2.17099e-06,-4.83221e-06,0.424742,0.396174,0.67933,0.049054,0.976499,-0.208644,0.0226023,-0.178981,0.0799403,0.739144,0.694609,0.287715,0.609158,-0.25232,0,0,0,0,0,0,0,0.0031734,0.00235512,-0.00379764,-0.00318988,10.3857,9.94136,4.7586,5.38355,-5.80132,-2.02355,-0.120263,0.188585,0,0,-12,0,0,0,0,0,6.20095,0,0,0,
0.492644,0.120926,0.84312,0.654518,0.466217,-0.509812,-0.307147,1.68564e-06,3.48666e-07,-1.12889e-07,-1.2544e-07,2.17099e-06,4.83221e-06,0.424742,0.396174,0.67933,0.0490537,0.976499,-0.208644,0.0226022,-0.178981,0.0799403,0.739144,0.694609,0.287715,0.609158,-0.25232,0,0,0,0,0,0,0,0.0013122,0.00244699,-0.00376269,-0.00423498,10.3235,9.94109,4.74546,5.38731,-5.79214,-2.01934,-0.13325,0.19276,0,0,-12,0,0,0,0,0,6.20095,0,0,0,
0.492644,0.120926,0.84312,0.654518,0.466217,-0.509812,-0.307147,0,0,0,0,0,0,0.424742,0.396174,0.67933,0.049054,0.976499,-0.208644,0.0226023,-0.178981,0.0799403,0.739144,0.694609,0.287715,0.609158,-0.25232,0,0,0,0,0,0,0,-0.000178041,0.00226527,-0.00383295,-0.00215997,10.101,9.94038,4.6818,5.40453,-5.75792,-2.00308,-0.179438,0.207727,0,0,-12,0,0,0,0,0,6.20095,0,0,0,
0.492644,0.120926,0.84312,0.654518,0.466217,-0.509812,-0.307147,-1.68564e-06,-3.48665e-07,1.12888e-07,1.2544e-07,-2.17099e-06,-4.83221e-06,0.424742,0.396174,0.67933,0.049054,0.976499,-0.208644,0.0226023,-0.178981,0.0799403,0.739144,0.694609,0.287715,0.609158,-0.25232,0,0,0,0,0,0,0,-0.00297892,0.00235672,-0.00379887,-0.00319444,10.1072,9.94026,4.69278,5.40207,-5.75972,-2.00388,-0.178085,0.207274,0,0,-12,0,0,0,0,0,6.20095,0,0,0,
0.492644,0.120926,0.84312,0.654518,0.466217,-0.509812,-0.307147,1.68564e-06,3.48666e-07,-1.12889e-07,-1.2544e-07,2.17099e-06,4.83221e-06,0.424742,0.396174,0.67933,0.0490537,0.976499,-0.208644,0.0226022,-0.178981,0.0799403,0.739144,0.694609,0.287715,0.609158,-0.25232,0,0,0,0,0,0,0,0.000902482,0.00245012,-0.0037625,-0.00425749,9.98678,9.94012,4.64308,5.41452,-5.73962,-1.99505,-0.203575,0.215465,0,0,-12,0,0,0,0,0,6.20095,0,0,0,
0.492644,0.120926,0.84312,0.654518,0.466217,-0.509812,-0.307147,1.68562e-06,3.48663e-07,-1.12888e-07,-1.25439e-07,2.17097e-06,4.83216e-06,0.424742,0.396174,0.67933,0.0490537,0.976499,-0.208644,0.0226022,-0.178981,0.0799403,0.739144,0.694609,0.287715,0.609158,-0.25232,0,0,0,0,0,0,0,0.00303751,0.00235906,-0.00379858,-0.0032174,9.87894,9.93993,4.60295,5.42483,-5.72213,-1.98695,-0.226127,0.222765,0,0,-12,0,0,0,0,0,6.20095,0,0,0,
0.492644,0.120926,0.84312,0.654518,0.466217,-0.509812,-0.307147,-1.68693e-06,-3.48933e-07,1.12975e-07,1.25537e-07,-2.17265e-06,-4.83592e-06,0.424742,0.396174,0.67933,0.049054,0.976499,-0.208644,0.0226023,-0.178981,0.0799403,0.739144,0.694609,0.287715,0.609158,-0.25232,0,0,0,0,0,0,0,-0.00242823,0.002268,-0.00383681,-0.00217044,9.98469,9.93994,4.65329,5.41249,-5.74045,-1.99484,-0.203599,0.215535,0,0,-12,0,0,0,0,0,6.20095,0,0,0,
0.492644,0.120926,0.84312,0.654518,0.466217,-0.509812,-0.307147,1.68437e-06,3.48403e-07,-1.12804e-07,-1.25346e-07,2.16935e-06,4.82856e-06,0.424742,0.396174,0.67933,0.0490537,0.976499,-0.208644,0.0226022,-0.178981,0.0799403,0.739144,0.694609,0.287715,0.609158,-0.25232,0,0,0,0,0,0,0,-0.000131687,0.00244951,-0.0037653,-0.00423551,9.84628,9.93968,4.60316,5.42528,-5.71798,-1.98497,-0.232863,0.224925,0,0,-12,0,0,0,0,0,6.20095,0,0,0,
0.492644,0.120926,0.84312,0.654518,0.466217,-0.509812,-0.307147,1.68437e-06,3.48403e-07,-1.12804e-07,-1.25346e-07,2.16935e-06,4.82856e-06,0.424742,0.396174,0.67933,0.0490537,0.976499,-0.208644,0.0226022,-0.178981,0.0799403,0.739144,0.694609,0.287715,0.609158,-0.25232,0,0,0,0,0,0,0,-0.00236168,0.00236069,-0.00380243,-0.00321899,9.93901,9.93982,4.63899,5.41622,-5.73323,-1.99169,-0.213253,0.218627,0,0,-12,0,0,0,0,0,6.20095,0,0,0,
0.492644,0.120926,0.84312,0.654518,0.466217,-0.509812,-0.307147,0,0,0,0,0,0,0.424742,0.396174,0.67933,0.0490537,0.976499,-0.208644,0.0226022,-0.178981,0.0799403,0.739144,0.694609,0.287715,0.609158,-0.25232,0,0,0,0,0,0,0,-0.00182237,0.00236124,-0.00380273,-0.0032207,9.82806,9.93953,4.60306,5.42565,-5.71572,-1.98363,-0.236464,0.226119,0,0,-12,0,0,0,0,0,6.20095,0,0,0,
0.492644,0.120926,0.84312,0.654518,0.466217,-0.509812,-0.307147,0,0,0,0,0,0,0.424742,0.396174,0.67933,0.0490537,0.976499,-0.208644,0.0226022,-0.178981,0.0799403,0.739144,0.694609,0.287715,0.609158,-0.25232,0,0,0,0,0,0,0,-0.000918566,0.00236178,-0.00380241,-0.00322311,9.63483,9.93904,4.54061,5.44204,-5.68522,-1.96961,-0.276885,0.239166,0,0,-12,0,0,0,0,0,6.20095,0,0,0,
0.492644,0.120926,0.84312,0.654518,0.466217,-0.509812,-0.307147,0,0,0,0,0,0,0.424742,0.396174,0.67933,0.049054,0.976499,-0.208644,0.0226023,-0.178981,0.0799403,0.739144,0.694609,0.287715,0.609158,-0.25232,0,0,0,0,0,0,0,0.000436183,0.00227349,-0.00384038,-0.00220729,9.76338,9.93946,4.57583,5.43252,-5.70494,-1.97865,-0.250008,0.230508,0,0,-12,0,0,0,0,0,6.20095,0,0,0,
0.492644,0.120926,0.84312,0.654518,0.466217,-0.509812,-0.307147,-1.68437e-06,-3.48402e-07,1.12803e-07,1.25346e-07,-2.16935e-06,-4.82856e-06,0.424742,0.396174,0.67933,0.049054,0.976499,-0.208644,0.0226023,-0.178981,0.0799403,0.739144,0.694609,0.287715,0.609158,-0.25232,0,0,0,0,0,0,0,0.000609822,0.0023616,-0.00380662,-0.00320362,9.78753,9.93955,4.58268,5.43063,-5.70862,-1.98052,-0.245075,0.22889,0,0,-12,0,0,0,0,0,6.20095,0,0,0,
0.492644,0.120926,0.84312,0.654518,0.466217,-0.509812,-0.307147,0,0,0,0,0,0,0.424742,0.396174,0.67933,0.0490537,0.976499,-0.208644,0.0226022,-0.178981,0.0799403,0.739144,0.694609,0.287715,0.609158,-0.25232,0,0,0,0,0,0,0,0.00101353,0.0024524,-0.0037697,-0.00423746,9.60385,9.93906,4.52478,5.44586,-5.67972,-1.96737,-0.283577,0.241295,0,0,-12,0,0,0,0,0,6.20095,0,0,0,
0.492644,0.120926,0.84312,0.654518,0.466217,-0.509812,-0.307147,0,0,0,0,0,0,0.424742,0.396174,0.67933,0.049054,0.976499,-0.208644,0.0226023,-0.178981,0.0799403,0.739144,0.694609,0.287715,0.609158,-0.25232,0,0,0,0,0,0,0,-0.000326351,0.00227353,-0.00384267,-0.00219398,9.48846,9.93865,4.49363,5.45444,-5.6622,-1.95884,-0.307394,0.249039,0,0,-12,0,0,0,0,0,6.20095,0,0,0,
0.492644,0.120926,0.84312,0.654518,0.466217,-0.509812,-0.307147,-1.68819e-06,-3.49193e-07,1.13059e-07,1.2563e-07,-2.17428e-06,-4.83953e-06,0.424742,0.396174,0.67933,0.049054,0.976499,-0.208644,0.0226023,-0.178981,0.0799403,0.739144,0.694609,0.287715,0.609158,-0.25232,0,0,0,0,0,0,0,-0.000178907,0.00236323,-0.00380893,-0.00320702,9.64266,9.9391,4.54062,5.44192,-5.68622,-1.97012,-0.275293,0.238649,0,0,-12,0,0,0,0,0,6.20095,0,0,0,
0.492644,0.120926,0.84312,0.654518,0.466217,-0.509812,-0.307147,0,0,0,0,0,0,0.424742,0.396174,0.67933,0.0490537,0.976499,-0.208644,0.0226022,-0.178981,0.0799403,0.739144,0.694609,0.287715,0.609158,-0.25232,0,0,0,0,0,0,0,-0.00067315,0.00245363,-0.00377169,-0.00423646,9.44509,9.93852,4.48136,5.45767,-5.65544,-1.95603,-0.316641,0.251976,0,0,-12,0,0,0,0,0,6.20095,0,0,0,
0.492644,0.120926,0.84312,0.654518,0.466217,-0.509812,-0.307147,-1.68692e-06,-3.48929e-07,1.12974e-07,1.25535e-07,-2.17263e-06,-4.83587e-06,0.424742,0.396174,0.67933,0.049054,0.976499,-0.208644,0.0226023,-0.178981,0.0799403,0.739144,0.694609,0.287715,0.609158,-0.25232,0,0,0,0,0,0,0,-0.00564478,0.00227857,-0.00384474,-0.00223502,9.44129,9.93825,4.49637,5.45464,-5.65651,-1.95583,-0.316931,0.252135,0,0,-12,0,0,0,0,0,6.20095,0,0,0,
0.492644,0.120926,0.84312,0.654518,0.466217,-0.509812,-0.307147,0,0,0,0,0,0,0.424742,0.396174,0.67933,0.0490537,0.976499,-0.208644,0.0226022,-0.178981,0.0799403,0.739144,0.694609,0.287715,0.609158,-0.25232,0,0,0,0,0,0,0,-0.00475343,0.00244739,-0.00377822,-0.00415226,9.62511,9.93882,4.55006,5.44018,-5.68487,-1.96932,-0.278779,0.239768,0,0,-12,0,0,0,0,0,6.20095,0,0,0,
0.492644,0.120926,0.84312,0.654518,0.466217,-0.509812,-0.307147,1.68692e-06,3.4893e-07,-1.12974e-07,-1.25535e-07,2.17263e-06,4.83587e-06,0.424742,0.396174,0.67933,0.0490537,0.976499,-0.208644,0.0226022,-0.178981,0.0799403,0.739144,0.694609,0.287715,0.609158,-0.25232,0,0,0,0,0,0,0,-0.000206478,0.00236675,-0.00380909,-0.00323383,9.15602,9.93773,4.39083,5.48162,-5.61014,-1.93496,-0.376956,0.271472,0,0,-12,0,0,0,0,0,6.20095,0,0,0,
0.492644,0.120926,0.84312,0.654518,0.466217,-0.509812,-0.307147,0,0,0,0,0,0,0.424742,0.396174,0.67933,0.049054,0.976499,-0.208644,0.0226023,-0.178981,0.0799403,0.739144,0.694609,0.287715,0.609158,-0.25232,0,0,0,0,0,0,0,0.0027507,0.00227973,-0.00384684,-0.0022335,9.17164,9.93792,4.38606,5.48242,-5.6117,-1.93573,-0.373769,0.270458,0,0,-12,0,0,0,0,0,6.20095,0,0,0,
0.492644,0.120926,0.84312,0.654518,0.466217,-0.509812,-0.307147,0,0,0,0,0,0,0.424742,0.396174,0.67933,0.0490537,0.976499,-0.208644,0.0226022,-0.178981,0.0799403,0.739144,0.694609,0.287715,0.609158,-0.25232,0,0,0,0,0,0,0,0.000375405,0.00245931,-0.00377492,-0.00427374,9.34747,9.93831,4.44789,5.46636,-5.63984,-1.9489,-0.337102,0.258577,0,0,-12,0,0,0,0,0,6.20095,0,0,0,
0.492644,0.120926,0.84312,0.654518,0.466217,-0.509812,-0.307147,1.68438e-06,3.48406e-07,-1.12805e-07,-1.25347e-07,2.16937e-06,4.82861e-06,0.424742,0.396174,0.67933,0.0490537,0.976499,-0.208644,0.0226022,-0.178981,0.0799403,0.739144,0.694609,0.287715,0.609158,-0.25232,0,0,0,0,0,0,0,0.000692407,0.00236836,-0.00381196,-0.0032365,9.09096,9.93759,4.36787,5.48755,-5.59969,-1.9302,-0.390601,0.275875,0,0,-12,0,0,0,0,0,6.20095,0,0,0,
0.492644,0.120926,0.84312,0.654518,0.466217,-0.509812,-0.307147,0,0,0,0,0,0,0.424742,0.396174,0.67933,0.049054,0.976499,-0.208644,0.0226023,-0.178981,0.0799403,0.739144,0.694609,0.287715,0.609158,-0.25232,0,0,0,0,0,0,0,0.00168458,0.00227602,-0.00385029,-0.00217819,8.84936,9.93696,4.29026,5.508,-5.56165,-1.91252,-0.441026,0.292177,0,0,-12,0,0,0,0,0,6.20095,0,0,0,
0.492644,0.120926,0.84312,0.654518,0.466217,-0.509812,-0.307147,0,0,0,0,0,0,0.424742,0.396174,0.67933,0.0490537,0.976499,-0.208644,0.0226022,-0.178981,0.0799403,0.739144,0.694609,0.287715,0.609158,-0.25232,0,0,0,0,0,0,0,0.00242188,0.00245435,-0.00378097,-0.0042007,9.38788,9.93853,4.45369,5.46447,-5.64552,-1.95166,-0.328775,0.255884,0,0,-12,0,0,0,0,0,6.20095,0,0,0,
0.492644,0.120926,0.84312,0.654518,0.466217,-0.509812,-0.307147,1.68309e-06,3.4814e-07,-1.12718e-07,-1.25251e-07,2.16771e-06,4.82491e-06,0.424742,0.396174,0.67933,0.0490537,0.976499,-0.208644,0.0226022,-0.178981,0.0799403,0.739144,0.694609,0.287715,0.609158,-0.25232,0,0,0,0,0,0,0,0.002991,0.00237,-0.00381538,-0.00323864,9.09102,9.93772,4.36043,5.48913,-5.59897,-1.93003,-0.390727,0.275908,0,0,-12,0,0,0,0,0,6.20095,0,0,0,
0.492644,0.120926,0.84312,0.654518,0.466217,-0.509812,-0.307147,0,0,0,0,0,0,0.424742,0.396174,0.67933,0.049054,0.976499,-0.208644,0.0226023,-0.178981,0.0799403,0.739144,0.694609,0.287715,0.609158,-0.25232,0,0,0,0,0,0,0,0.00193526,0.00227774,-0.00385457,-0.0021807,8.92116,9.93718,4.31156,5.50231,-5.5728,-1.91769,-0.42604,0.287339,0,0,-12,0,0,0,0,0,6.20095,0,0,0,
0.492644,0.120926,0.84312,0.654518,0.466217,-0.509812,-0.307147,0,0,0,0,0,0,0.424742,0.396174,0.67933,0.0490537,0.976499,-0.208644,0.0226022,-0.178981,0.0799403,0.739144,0.694609,0.287715,0.609158,-0.25232,0,0,0,0,0,0,0,0.00130754,0.00246219,-0.00377705,-0.00427861,8.82179,9.93688,4.28295,5.50991,-5.55736,-1.91086,-0.446976,0.294048,0,0,-12,0,0,0,0,0,6.20095,0,0,0,
0.492644,0.120926,0.84312,0.654518,0.466217,-0.509812,-0.307147,1.68437e-06,3.48403e-07,-1.12804e-07,-1.25346e-07,2.16935e-06,4.82856e-06,0.424742,0.396174,0.67933,0.0490537,0.976499,-0.208644,0.0226022,-0.178981,0.0799403,0.739144,0.694609,0.287715,0.609158,-0.25232,0,0,0,0,0,0,0,0.00282788,0.0023716,-0.00381674,-0.00324301,8.8299,9.93697,4.28053,5.51033,-5.5582,-1.91118,-0.445268,0.293517,0,0,-12,0,0,0,0,0,6.20095,0,0,0,
0.492644,0.120926,0.84312,0.654518,0.466217,-0.509812,-0.307147,-1.68438e-06,-3.48405e-07,1.12804e-07,1.25347e-07,-2.16937e-06,-4.82861e-06,0.424742,0.396174,0.67933,0.049054,0.976499,-0.208644,0.0226023,-0.178981,0.0799403,0.739144,0.694609,0.287715,0.609158,-0.25232,0,0,0,0,0,0,0,0.00353332,0.00228505,-0.00385616,-0.00224706,8.94794,9.93734,4.31462,5.50122,-5.57648,-1.91951,-0.420549,0.285559,0,0,-12,0,0,0,0,0,6.20095,0,0,0,
0.492644,0.120926,0.84312,0.654518,0.466217,-0.509812,-0.307147,0,0,0,0,0,0,0.424742,0.396174,0.67933,0.0490537,0.976499,-0.208644,0.0226022,-0.178981,0.0799403,0.739144,0.694609,0.287715,0.609158,-0.25232,0,0,0,0,0,0,0,0.0002009,0.00246122,-0.00378243,-0.00424957,8.9833,9.93728,4.33629,5.49597,-5.58296,-1.9226,-0.413167,0.283137,0,0,-12,0,0,0,0,0,6.20095,0,0,0,
0.492644,0.120926,0.84312,0.654518,0.466217,-0.509812,-0.307147,1.68692e-06,3.4893e-07,-1.12974e-07,-1.25535e-07,2.17263e-06,4.83587e-06,0.424742,0.396174,0.67933,0.0490537,0.976499,-0.208644,0.0226022,-0.178981,0.0799403,0.739144,0.694609,0.287715,0.609158,-0.25232,0,0,0,0,0,0,0,0.00373494,0.00237324,-0.00382046,-0.0032448,8.87336,9.93714,4.29098,5.50741,-5.56471,-1.91425,-0.436243,0.290601,0,0,-12,0,0,0,0,0,6.20095,0,0,0,
0.492644,0.120926,0.84312,0.654518,0.466217,-0.509812,-0.307147,0,0,0,0,0,0,0.424742,0.396174,0.67933,0.049054,0.976499,-0.208644,0.0226023,-0.178981,0.0799403,0.739144,0.694609,0.287715,0.609158,-0.25232,0,0,0,0,0,0,0,0.00173484,0.0022824,-0.00386074,-0.00220184,8.8282,9.93691,4.28358,5.50977,-5.55833,-1.91099,-0.44545,0.293606,0,0,-12,0,0,0,0,0,6.20095,0,0,0,
0.492644,0.120926,0.84312,0.654518,0.466217,-0.509812,-0.307147,0,0,0,0,0,0,0.424742,0.396174,0.67933,0.0490537,0.976499,-0.208644,0.0226022,-0.178981,0.0799403,0.739144,0.694609,0.287715,0.609158,-0.25232,0,0,0,0,0,0,0,0.00160261,0.00246603,-0.00378252,-0.00428996,8.78949,9.9368,4.27205,5.51276,-5.55222,-1.9085,-0.453744,0.296232,0,0,-12,0,0,0,0,0,6.20095,0,0,0,
0.492644,0.120926,0.84312,0.654518,0.466217,-0.509812,-0.307147,1.68819e-06,3.49194e-07,-1.1306e-07,-1.2563e-07,2.17428e-06,4.83953e-06,0.424742,0.396174,0.67933,0.0490537,0.976499,-0.208644,0.0226022,-0.178981,0.0799403,0.739144,0.694609,0.287715,0.609158,-0.25232,0,0,0,0,0,0,0,-0.00046513,0.00237485,-0.00382217,-0.00324881,8.65993,9.93633,4.23888,5.52196,-5.53267,-1.89915,-0.480579,0.304929,0,0,-12,0,0,0,0,0,6.20095,0,0,0,
0.492644,0.120926,0.84312,0.654518,0.466217,-0.509812,-0.307147,0,0,0,0,0,0,0.424742,0.396174,0.67933,0.049054,0.976499,-0.208644,0.0226023,-0.178981,0.0799403,0.739144,0.694609,0.287715,0.609158,-0.25232,0,0,0,0,0,0,0,-0.0022271,0.002289,-0.00386268,-0.00226006,8.8757,9.93684,4.31108,5.50317,-5.56701,-1.91472,-0.435294,0.29034,0,0,-12,0,0,0,0,0,6.20095,0,0,0,
0.492644,0.120926,0.84312,0.654518,0.466217,-0.509812,-0.307147,0,0,0,0,0,0,0.424742,0.396174,0.67933,0.0490537,0.976499,-0.208644,0.0226022,-0.178981,0.0799403,0.739144,0.694609,0.287715,0.609158,-0.25232,0,0,0,0,0,0,0,-0.000760649,0.00246205,-0.0037893,-0.00422652,8.9534,9.93715,4.33021,5.49776,-5.5786,-1.92051,-0.419352,0.285138,0,0,-12,0,0,0,0,0,6.20095,0,0,0,
0.492644,0.120926,0.84312,0.654518,0.466217,-0.509812,-0.307147,0,0,0,0,0,0,0.424742,0.396174,0.67933,0.0490537,0.976499,-0.208644,0.0226022,-0.178981,0.0799403,0.739144,0.694609,0.287715,0.609158,-0.25232,0,0,0,0,0,0,0,0.00709284,0.00237652,-0.00382619,-0.00325037,8.74067,9.93695,4.23921,5.52055,-5.5429,-1.90442,-0.464167,0.299605,0,0,-12,0,0,0,0,0,6.20095,0,0,0,
0.492644,0.120926,0.84312,0.654518,0.466217,-0.509812,-0.307147,-1.68819e-06,-3.49193e-07,1.13059e-07,1.2563e-07,-2.17428e-06,-4.83953e-06,0.424742,0.396174,0.67933,0.049054,0.976499,-0.208644,0.0226023,-0.178981,0.0799403,0.739144,0.694609,0.287715,0.609158,-0.25232,0,0,0,0,0,0,0,-0.00270675,0.00228947,-0.00386555,-0.00225027,8.69733,9.93631,4.2577,5.51741,-5.53927,-1.90187,-0.472528,0.302363,0,0,-12,0,0,0,0,0,6.20095,0,0,0,
0.492644,0.120926,0.84312,0.654518,0.466217,-0.509812,-0.307147,0,0,0,0,0,0,0.424742,0.396174,0.67933,0.0490537,0.976499,-0.208644,0.0226022,-0.178981,0.0799403,0.739144,0.694609,0.287715,0.609158,-0.25232,0,0,0,0,0,0,0,0.000692484,0.00246559,-0.00378944,-0.00425259,8.67471,9.93644,4.23966,5.52151,-5.53457,-1.90027,-0.477662,0.303958,0,0,-12,0,0,0,0,0,6.20095,0,0,0,
0.492644,0.120926,0.84312,0.654518,0.466217,-0.509812,-0.307147,1.68437e-06,3.48403e-07,-1.12804e-07,-1.25346e-07,2.16935e-06,4.82856e-06,0.424742,0.396174,0.67933,0.0490537,0.976499,-0.208644,0.0226022,-0.178981,0.0799403,0.739144,0.694609,0.287715,0.609158,-0.25232,0,0,0,0,0,0,0,0.00297971,0.00237818,-0.00382778,-0.00325469,8.50277,9.93607,4.17929,5.53715,-5.50701,-1.88754,-0.513618,0.315585,0,0,-12,0,0,0,0,0,6.20095,0,0,0,
0.492644,0.120926,0.84312,0.654518,0.466217,-0.509812,-0.307147,-1.68309e-06,-3.48139e-07,1.12718e-07,1.25251e-07,-2.16771e-06,-4.82491e-06,0.424742,0.396174,0.67933,0.049054,0.976499,-0.208644,0.0226023,-0.178981,0.0799403,0.739144,0.694609,0.287715,0.609158,-0.25232,0,0,0,0,0,0,0,0.00137579,0.0022863,-0.00386974,-0.00219983,8.48671,9.93593,4.17958,5.5374,-5.50506,-1.88634,-0.516767,0.316633,0,0,-12,0,0,0,0,0,6.20095,0,0,0,
0.492644,0.120926,0.84312,0.654518,0.466217,-0.509812,-0.307147,-1.68437e-06,-3.48402e-07,1.12803e-07,1.25346e-07,-2.16935e-06,-4.82856e-06,0.424742,0.396174,0.67933,0.049054,0.976499,-0.208644,0.0226023,-0.178981,0.0799403,0.739144,0.694609,0.287715,0.609158,-0.25232,0,0,0,0,0,0,0,-0.00346251,0.00237796,-0.00383195,-0.00323521,8.65412,9.93616,4.24683,5.52038,-5.53271,-1.89894,-0.481609,0.305272,0,0,-12,0,0,0,0,0,6.20095,0,0,0,
0.492644,0.120926,0.84312,0.654518,0.466217,-0.509812,-0.307147,1.68437e-06,3.48403e-07,-1.12804e-07,-1.25346e-07,2.16935e-06,4.82856e-06,0.424742,0.396174,0.67933,0.0490537,0.976499,-0.208644,0.0226022,-0.178981,0.0799403,0.739144,0.694609,0.287715,0.609158,-0.25232,0,0,0,0,0,0,0,0.00671864,0.00247147,-0.00379129,-0.00429854,8.6181,9.93659,4.20265,5.53026,-5.52381,-1.89575,-0.489857,0.307874,0,0,-12,0,0,0,0,0,6.20095,0,0,0,
0.492644,0.120926,0.84312,0.654518,0.466217,-0.509812,-0.307147,-1.68437e-06,-3.48402e-07,1.12803e-07,1.25346e-07,-2.16935e-06,-4.82856e-06,0.424742,0.396174,0.67933,0.049054,0.976499,-0.208644,0.0226023,-0.178981,0.0799403,0.739144,0.694609,0.287715,0.609158,-0.25232,0,0,0,0,0,0,0,0.0077089,0.00229013,-0.00387281,-0.00222678,8.55621,9.93646,4.18041,5.53608,-5.51392,-1.8909,-0.502634,0.312049,0,0,-12,0,0,0,0,0,6.20095,0,0,0,
0.492644,0.120926,0.84312,0.654518,0.466217,-0.509812,-0.307147,-1.68435e-06,-3.48398e-07,1.12802e-07,1.25344e-07,-2.16933e-06,-4.82851e-06,0.424742,0.396174,0.67933,0.049054,0.976499,-0.208644,0.0226023,-0.178981,0.0799403,0.739144,0.694609,0.287715,0.609158,-0.25232,0,0,0,0,0,0,0,0.00318259,0.00237956,-0.00383558,-0.00323695,8.70533,9.93665,4.24103,5.52076,-5.53862,-1.90216,-0.471311,0.301926,0,0,-12,0,0,0,0,0,6.20095,0,0,0,
0.492644,0.120926,0.84312,0.654518,0.466217,-0.509812,-0.307147,1.68309e-06,3.4814e-07,-1.12718e-07,-1.25251e-07,2.16771e-06,4.82491e-06,0.424742,0.396174,0.67933,0.0490537,0.976499,-0.208644,0.0226022,-0.178981,0.0799403,0.739144,0.694609,0.287715,0.609158,-0.25232,0,0,0,0,0,0,0,0.00124291,0.00247214,-0.00379638,-0.00428806,8.84378,9.93695,4.28995,5.50809,-5.56082,-1.91245,-0.442379,0.292565,0,0,-12,0,0,0,0,0,6.20095,0,0,0,
0.492644,0.120926,0.84312,0.654518,0.466217,-0.509812,-0.307147,1.68564e-06,3.48666e-07,-1.12889e-07,-1.2544e-07,2.17099e-06,4.83221e-06,0.424742,0.396174,0.67933,0.0490537,0.976499,-0.208644,0.0226022,-0.178981,0.0799403,0.739144,0.694609,0.287715,0.609158,-0.25232,0,0,0,0,0,0,0,0.00403619,0.00238188,-0.00383494,-0.00326014,8.45933,9.936,4.16249,5.54143,-5.49989,-1.88432,-0.522756,0.318532,0,0,-12,0,0,0,0,0,6.20095,0,0,0,
0.492644,0.120926,0.84312,0.654518,0.466217,-0.509812,-0.307147,-1.68564e-06,-3.48665e-07,1.12888e-07,1.2544e-07,-2.17099e-06,-4.83221e-06,0.424742,0.396174,0.67933,0.049054,0.976499,-0.208644,0.0226023,-0.178981,0.0799403,0.739144,0.694609,0.287715,0.609158,-0.25232,0,0,0,0,0,0,0,-0.000406386,0.00229058,-0.00387779,-0.00221129,8.51014,9.93591,4.19258,5.53427,-5.50928,-1.88817,-0.511767,0.315026,0,0,-12,0,0,0,0,0,6.20095,0,0,0,
0.492644,0.120926,0.84312,0.654518,0.466217,-0.509812,-0.307147,0,0,0,0,0,0,0.424742,0.396174,0.67933,0.049054,0.976499,-0.208644,0.0226023,-0.178981,0.0799403,0.739144,0.694609,0.287715,0.609158,-0.25232,0,0,0,0,0,0,0,0.00350867,0.00238167,-0.00383849,-0.00324144,8.52844,9.93617,4.18548,5.53543,-5.51086,-1.88935,-0.508285,0.313862,0,0,-12,0,0,0,0,0,6.20095,0,0,0,
0.492644,0.120926,0.84312,0.654518,0.466217,-0.509812,-0.307147,1.68564e-06,3.48666e-07,-1.12889e-07,-1.2544e-07,2.17099e-06,4.83221e-06,0.424742,0.396174,0.67933,0.0490537,0.976499,-0.208644,0.0226022,-0.178981,0.0799403,0.739144,0.694609,0.287715,0.609158,-0.25232,0,0,0,0,0,0,0,0.000670428,0.00247297,-0.00379753,-0.00428024,8.40215,9.93568,4.15578,5.54375,-5.49196,-1.88059,-0.534604,0.322342,0,0,-12,0,0,0,0,0,6.20095,0,0,0,
0.492644,0.120926,0.84312,0.654518,0.466217,-0.509812,-0.307147,-1.68692e-06,-3.48929e-07,1.12974e-07,1.25535e-07,-2.17263e-06,-4.83587e-06,0.424742,0.396174,0.67933,0.049054,0.976499,-0.208644,0.0226023,-0.178981,0.0799403,0.739144,0.694609,0.287715,0.609158,-0.25232,0,0,0,0,0,0,0,-0.00609837,0.00229201,-0.00388083,-0.00221219,8.43625,9.93541,4.18831,5.5364,-5.49953,-1.88325,-0.52686,0.319918,0,0,-12,0,0,0,0,0,6.20095,0,0,0,
0.492644,0.120926,0.84312,0.654518,0.466217,-0.509812,-0.307147,0,0,0,0,0,0,0.424742,0.396174,0.67933,0.0490537,0.976499,-0.208644,0.0226022,-0.178981,0.0799403,0.739144,0.694609,0.287715,0.609158,-0.25232,0,0,0,0,0,0,0,0.00010926,0.00247435,-0.00380107,-0.00428329,8.62944,9.93629,4.22761,5.52481,-5.52767,-1.89705,-0.487088,0.307004,0,0,-12,0,0,0,0,0,6.20095,0,0,0,
0.492644,0.120926,0.84312,0.654518,0.466217,-0.509812,-0.307147,1.68692e-06,3.4893e-07,-1.12974e-07,-1.25535e-07,2.17263e-06,4.83587e-06,0.424742,0.396174,0.67933,0.0490537,0.976499,-0.208644,0.0226022,-0.178981,0.0799403,0.739144,0.694609,0.287715,0.609158,-0.25232,0,0,0,0,0,0,0,0.00185474,0.00238508,-0.00383992,-0.00326626,8.26668,9.93535,4.11023,5.55566,-5.47046,-1.87057,-0.562872,0.331491,0,0,-12,0,0,0,0,0,6.20095,0,0,0,
0.492644,0.120926,0.84312,0.654518,0.466217,-0.509812,-0.307147,-1.68692e-06,-3.48929e-07,1.12974e-07,1.25535e-07,-2.17263e-06,-4.83587e-06,0.424742,0.396174,0.67933,0.049054,0.976499,-0.208644,0.0226023,-0.178981,0.0799403,0.739144,0.694609,0.287715,0.609158,-0.25232,0,0,0,0,0,0,0,0.000471005,0.00229394,-0.00388281,-0.0022198,8.25872,9.93525,4.1123,5.5554,-5.4697,-1.86994,-0.564344,0.331998,0,0,-12,0,0,0,0,0,6.20095,0,0,0,
0.492644,0.120926,0.84312,0.654518,0.466217,-0.509812,-0.307147,-1.68437e-06,-3.48402e-07,1.12803e-07,1.25346e-07,-2.16935e-06,-4.82856e-06,0.424742,0.396174,0.67933,0.049054,0.976499,-0.208644,0.0226023,-0.178981,0.0799403,0.739144,0.694609,0.287715,0.609158,-0.25232,0,0,0,0,0,0,0,0.00164215,0.00238487,-0.00384303,-0.00324808,8.27639,9.93537,4.11392,5.55473,-5.47205,-1.87128,-0.560829,0.330833,0,0,-12,0,0,0,0,0,6.20095,0,0,0,
0.492644,0.120926,0.84312,0.654518,0.466217,-0.509812,-0.307147,0,0,0,0,0,0,0.424742,0.396174,0.67933,0.049054,0.976499,-0.208644,0.0226023,-0.178981,0.0799403,0.739144,0.694609,0.287715,0.609158,-0.25232,0,0,0,0,0,0,0,0.000426604,0.0023854,-0.00384525,-0.00324747,8.42988,9.93574,4.16514,5.54136,-5.49643,-1.88246,-0.528689,0.32046,0,0,-12,0,0,0,0,0,6.20095,0,0,0,
0.492644,0.120926,0.84312,0.654518,0.466217,-0.509812,-0.307147,0,0,0,0,0,0,0.424742,0.396174,0.67933,0.049054,0.976499,-0.208644,0.0226023,-0.178981,0.0799403,0.739144,0.694609,0.287715,0.609158,-0.25232,0,0,0,0,0,0,0,0.00224616,0.00238594,-0.00384692,-0.0032475,8.51145,9.93607,4.18436,5.53595,-5.5086,-1.88822,-0.51176,0.314989,0,0,-12,0,0,0,0,0,6.20095,0,0,0,
0.492644,0.120926,0.84312,0.654518,0.466217,-0.509812,-0.307147,0,0,0,0,0,0,0.424742,0.396174,0.67933,0.0490537,0.976499,-0.208644,0.0226022,-0.178981,0.0799403,0.739144,0.694609,0.287715,0.609158,-0.25232,0,0,0,0,0,0,0,0.00202769,0.00246849,-0.00380796,-0.00418805,8.1946,9.93517,4.08746,5.56163,-5.45909,-1.86548,-0.578034,0.336363,0,0,-12,0,0,0,0,0,6.20095,0,0,0,
0.492644,0.120926,0.84312,0.654518,0.466217,-0.509812,-0.307147,1.68309e-06,3.4814e-07,-1.12718e-07,-1.25251e-07,2.16771e-06,4.82491e-06,0.424742,0.396174,0.67933,0.0490537,0.976499,-0.208644,0.0226022,-0.178981,0.0799403,0.739144,0.694609,0.287715,0.609158,-0.25232,0,0,0,0,0,0,0,0.00302748,0.00238835,-0.00384632,-0.00327102,8.24326,9.93535,4.09922,5.55838,-5.46642,-1.86879,-0.567835,0.333091,0,0,-12,0,0,0,0,0,6.20095,0,0,0,
0.492644,0.120926,0.84312,0.654518,0.466217,-0.509812,-0.307147,0,0,0,0,0,0,0.424742,0.396174,0.67933,0.0490537,0.976499,-0.208644,0.0226022,-0.178981,0.0799403,0.739144,0.694609,0.287715,0.609158,-0.25232,0,0,0,0,0,0,0,-0.0018882,0.0023889,-0.00384879,-0.00327019,8.42554,9.93561,4.17132,5.54013,-5.49647,-1.88232,-0.529459,0.320718,0,0,-12,0,0,0,0,0,6.20095,0,0,0,
0.492644,0.120926,0.84312,0.654518,0.466217,-0.509812,-0.307147,0,0,0,0,0,0,0.424742,0.396174,0.67933,0.0490537,0.976499,-0.208644,0.0226022,-0.178981,0.0799403,0.739144,0.694609,0.287715,0.609158,-0.25232,0,0,0,0,0,0,0,-0.000165683,0.00238944,-0.0038507,-0.00327001,8.53647,9.93602,4.1999,5.53226,-5.51327,-1.89021,-0.506388,0.313263,0,0,-12,0,0,0,0,0,6.20095,0,0,0,
0.492644,0.120926,0.84312,0.654518,0.466217,-0.509812,-0.307147,1.68309e-06,3.4814e-07,-1.12718e-07,-1.25251e-07,2.16771e-06,4.82491e-06,0.424742,0.396174,0.67933,0.0490537,0.976499,-0.208644,0.0226022,-0.178981,0.0799403,0.739144,0.694609,0.287715,0.609158,-0.25232,0,0,0,0,0,0,0,0.000462078,0.00238998,-0.00384845,-0.00327463,8.09911,9.93481,4.06315,5.56839,-5.4447,-1.85856,-0.597794,0.342772,0,0,-12,0,0,0,0,0,6.20095,0,0,0,
0.492644,0.120926,0.84312,0.654518,0.466217,-0.509812,-0.307147,0,0,0,0,0,0,0.424742,0.396174,0.67933,0.049054,0.976499,-0.208644,0.0226023,-0.178981,0.0799403,0.739144,0.694609,0.287715,0.609158,-0.25232,0,0,0,0,0,0,0,-0.00105411,0.00230226,-0.00389125,-0.00226598,8.18428,9.93497,4.09433,5.56044,-5.45854,-1.86468,-0.579807,0.336996,0,0,-12,0,0,0,0,0,6.20095,0,0,0,
0.492644,0.120926,0.84312,0.654518,0.466217,-0.509812,-0.307147,0,0,0,0,0,0,0.424742,0.396174,0.67933,0.0490537,0.976499,-0.208644,0.0226022,-0.178981,0.0799403,0.739144,0.694609,0.287715,0.609158,-0.25232,0,0,0,0,0,0,0,0.00564781,0.00248083,-0.00381162,-0.00429372,8.43126,9.93603,4.1486,5.5448,-5.49494,-1.88233,-0.528823,0.32046,0,0,-12,0,0,0,0,0,6.20095,0,0,0,
0.492644,0.120926,0.84312,0.654518,0.466217,-0.509812,-0.307147,1.68564e-06,3.48666e-07,-1.12889e-07,-1.2544e-07,2.17099e-06,4.83221e-06,0.424742,0.396174,0.67933,0.0490537,0.976499,-0.208644,0.0226022,-0.178981,0.0799403,0.739144,0.694609,0.287715,0.609158,-0.25232,0,0,0,0,0,0,0,0.0057418,0.00239161,-0.00385285,-0.00327558,8.25382,9.93553,4.09366,5.55938,-5.46722,-1.86935,-0.565791,0.332422,0,0,-12,0,0,0,0,0,6.20095,0,0,0,
0.492644,0.120926,0.84312,0.654518,0.466217,-0.509812,-0.307147,-1.68564e-06,-3.48665e-07,1.12888e-07,1.2544e-07,-2.17099e-06,-4.83221e-06,0.424742,0.396174,0.67933,0.049054,0.976499,-0.208644,0.0226023,-0.178981,0.0799403,0.739144,0.694609,0.287715,0.609158,-0.25232,0,0,0,0,0,0,0,0.000226316,0.00230343,-0.00389546,-0.00226239,8.2628,9.93526,4.11436,5.55491,-5.47042,-1.87026,-0.56348,0.33172,0,0,-12,0,0,0,0,0,6.20095,0,0,0,
0.492644,0.120926,0.84312,0.654518,0.466217,-0.509812,-0.307147,-1.68437e-06,-3.48402e-07,1.12803e-07,1.25346e-07,-2.16935e-06,-4.82856e-06,0.424742,0.396174,0.67933,0.049054,0.976499,-0.208644,0.0226023,-0.178981,0.0799403,0.739144,0.694609,0.287715,0.609158,-0.25232,0,0,0,0,0,0,0,0.00289494,0.00239147,-0.00385627,-0.00325729,8.29474,9.9355,4.11551,5.5541,-5.47452,-1.87252,-0.557072,0.329616,0,0,-12,0,0,0,0,0,6.20095,0,0,0,
0.492644,0.120926,0.84312,0.654518,0.466217,-0.509812,-0.307147,0,0,0,0,0,0,0.424742,0.396174,0.67933,0.0490537,0.976499,-0.208644,0.0226022,-0.178981,0.0799403,0.739144,0.694609,0.287715,0.609158,-0.25232,0,0,0,0,0,0,0,0.000860217,0.00248264,-0.00381254,-0.00429616,7.98901,9.93453,4.02793,5.57762,-5.42732,-1.85073,-0.620924,0.350212,0,0,-12,0,0,0,0,0,6.20095,0,0,0,
0.492644,0.120926,0.84312,0.654518,0.466217,-0.509812,-0.307147,-1.68183e-06,-3.47876e-07,1.12633e-07,1.25157e-07,-2.16607e-06,-4.82127e-06,0.424742,0.396174,0.67933,0.049054,0.976499,-0.208644,0.0226023,-0.178981,0.0799403,0.739144,0.694609,0.287715,0.609158,-0.25232,0,0,0,0,0,0,0,0.00128019,0.00230108,-0.00389903,-0.00222134,8.02454,9.93465,4.03755,5.57509,-5.43284,-1.85296,-0.613314,0.347807,0,0,-12,0,0,0,0,0,6.20095,0,0,0,
0.492644,0.120926,0.84312,0.654518,0.466217,-0.509812,-0.307147,-1.68309e-06,-3.48139e-07,1.12718e-07,1.25251e-07,-2.16771e-06,-4.82491e-06,0.424742,0.396174,0.67933,0.049054,0.976499,-0.208644,0.0226023,-0.178981,0.0799403,0.739144,0.694609,0.287715,0.609158,-0.25232,0,0,0,0,0,0,0,0.00179374,0.00239308,-0.0038591,-0.00325996,8.24882,9.93531,4.10494,5.55709,-5.46769,-1.86928,-0.566597,0.332696,0,0,-12,0,0,0,0,0,6.20095,0,0,0,
0.492644,0.120926,0.84312,0.654518,0.466217,-0.509812,-0.307147,0,0,0,0,0,0,0.424742,0.396174,0.67933,0.049054,0.976499,-0.208644,0.0226023,-0.178981,0.0799403,0.739144,0.694609,0.287715,0.609158,-0.25232,0,0,0,0,0,0,0,-0.00126902,0.0023936,-0.00385878,-0.0032623,8.06849,9.93464,4.05935,5.56971,-5.44046,-1.85648,-0.604085,0.344809,0,0,-12,0,0,0,0,0,6.20095,0,0,0,
0.492644,0.120926,0.84312,0.654518,0.466217,-0.509812,-0.307147,-1.68309e-06,-3.48139e-07,1.12718e-07,1.25251e-07,-2.16771e-06,-4.82491e-06,0.424742,0.396174,0.67933,0.049054,0.976499,-0.208644,0.0226023,-0.178981,0.0799403,0.739144,0.694609,0.287715,0.609158,-0.25232,0,0,0,0,0,0,0,0.000566925,0.00239416,-0.00386084,-0.00326198,8.19603,9.9351,4.09267,5.56056,-5.45982,-1.86556,-0.577551,0.336237,0,0,-12,0,0,0,0,0,6.20095,0,0,0,
0.492644,0.120926,0.84312,0.654518,0.466217,-0.509812,-0.307147,-1.68309e-06,-3.48139e-07,1.12718e-07,1.25251e-07,-2.16771e-06,-4.82491e-06,0.424742,0.396174,0.67933,0.049054,0.976499,-0.208644,0.0226023,-0.178981,0.0799403,0.739144,0.694609,0.287715,0.609158,-0.25232,0,0,0,0,0,0,0,-0.0002878,0.00239469,-0.00386002,-0.00326491,7.94826,9.93436,4.01913,5.5802,-5.42136,-1.84772,-0.629261,0.352934,0,0,-12,0,0,0,0,0,6.20095,0,0,0,
0.492644,0.120926,0.84312,0.654518,0.466217,-0.509812,-0.307147,1.68309e-06,3.4814e-07,-1.12718e-07,-1.25251e-07,2.16771e-06,4.82491e-06,0.424742,0.396174,0.67933,0.0490537,0.976499,-0.208644,0.0226022,-0.178981,0.0799403,0.739144,0.694609,0.287715,0.609158,-0.25232,0,0,0,0,0,0,0,0.0022098,0.00248295,-0.00382074,-0.00426651,8.10381,9.93493,4.05891,5.56918,-5.44484,-1.85892,-0.597019,0.342491,0,0,-12,0,0,0,0,0,6.20095,0,0,0,
0.492644,0.120926,0.84312,0.654518,0.466217,-0.509812,-0.307147,1.68182e-06,3.47877e-07,-1.12633e-07,-1.25157e-07,2.16607e-06,4.82127e-06,0.424742,0.396174,0.67933,0.0490537,0.976499,-0.208644,0.0226022,-0.178981,0.0799403,0.739144,0.694609,0.287715,0.609158,-0.25232,0,0,0,0,0,0,0,0.00106676,0.00239705,-0.00386345,-0.00328351,8.23586,9.93524,4.10332,5.55765,-5.46589,-1.8684,-0.569263,0.333559,0,0,-12,0,0,0,0,0,6.20095,0,0,0,
0.492644,0.120926,0.84312,0.654518,0.466217,-0.509812,-0.307147,1.68309e-06,3.4814e-07,-1.12718e-07,-1.25251e-07,2.16771e-06,4.82491e-06,0.424742,0.396174,0.67933,0.0490537,0.976499,-0.208644,0.0226022,-0.178981,0.0799403,0.739144,0.694609,0.287715,0.609158,-0.25232,0,0,0,0,0,0,0,0.000683171,0.00239759,-0.00386409,-0.00328478,8.18221,9.93507,4.08804,5.56177,-5.45762,-1.86455,-0.580448,0.337172,0,0,-12,0,0,0,0,0,6.20095,0,0,0,
0.492644,0.120926,0.84312,0.654518,0.466217,-0.509812,-0.307147,1.68564e-06,3.48666e-07,-1.12889e-07,-1.2544e-07,2.17099e-06,4.83221e-06,0.424742,0.396174,0.67933,0.0490537,0.976499,-0.208644,0.0226022,-0.178981,0.0799403,0.739144,0.694609,0.287715,0.609158,-0.25232,0,0,0,0,0,0,0,0.00131638,0.00239834,-0.00386423,-0.00328744,8.00454,9.9346,4.03126,5.57671,-5.42965,-1.85167,-0.617603,0.349166,0,0,-12,0,0,0,0,0,6.20095,0,0,0,
0.492644,0.120926,0.84312,0.654518,0.466217,-0.509812,-0.307147,1.68566e-06,3.4867e-07,-1.1289e-07,-1.25442e-07,2.17101e-06,4.83226e-06,0.424742,0.396174,0.67933,0.0490537,0.976499,-0.208644,0.0226022,-0.178981,0.0799403,0.739144,0.694609,0.287715,0.609158,-0.25232,0,0,0,0,0,0,0,0.00243945,0.00239887,-0.00386444,-0.00328917,7.8951,9.93435,3.9939,5.58641,-5.41218,-1.84368,-0.640534,0.356565,0,0,-12,0,0,0,0,0,6.20095,0,0,0,
0.492644,0.120926,0.84312,0.654518,0.466217,-0.509812,-0.307147,1.68566e-06,3.4867e-07,-1.1289e-07,-1.25442e-07,2.17101e-06,4.83226e-06,0.424742,0.396174,0.67933,0.0490537,0.976499,-0.208644,0.0226022,-0.178981,0.0799403,0.739144,0.694609,0.287715,0.609158,-0.25232,0,0,0,0,0,0,0,0.00103284,0.00239941,-0.00386643,-0.00328885,8.01876,9.93463,4.03656,5.57535,-5.43196,-1.85272,-0.614615,0.348202,0,0,-12,0,0,0,0,0,6.20095,0,0,0,
0.492644,0.120926,0.84312,0.654518,0.466217,-0.509812,-0.307147,1.68692e-06,3.4893e-07,-1.12974e-07,-1.25535e-07,2.17263e-06,4.83587e-06,0.424742,0.396174,0.67933,0.0490537,0.976499,-0.208644,0.0226022,-0.178981,0.0799403,0.739144,0.694609,0.287715,0.609158,-0.25232,0,0,0,0,0,0,0,-0.00133452,0.00239994,-0.00386745,-0.00328967,8.01494,9.9345,4.04307,5.57404,-5.43211,-1.85262,-0.615271,0.348422,0,0,-12,0,0,0,0,0,6.20095,0,0,0,
0.492644,0.120926,0.84312,0.654518,0.466217,-0.509812,-0.307147,0,0,0,0,0,0,0.424742,0.396174,0.67933,0.049054,0.976499,-0.208644,0.0226023,-0.178981,0.0799403,0.739144,0.694609,0.287715,0.609158,-0.25232,0,0,0,0,0,0,0,-0.000937485,0.00230841,-0.003912,-0.00223938,7.94138,9.93431,4.01915,5.58036,-5.42054,-1.84712,-0.630554,0.353382,0,0,-12,0,0,0,0,0,6.20095,0,0,0,
0.492644,0.120926,0.84312,0.654518,0.466217,-0.509812,-0.307147,0,0,0,0,0,0,0.424742,0.396174,0.67933,0.0490537,0.976499,-0.208644,0.0226022,-0.178981,0.0799403,0.739144,0.694609,0.287715,0.609158,-0.25232,0,0,0,0,0,0,0,0.000131737,0.00248715,-0.00382795,-0.00427093,7.93505,9.93435,4.01369,5.58153,-5.41911,-1.84688,-0.632149,0.35384,0,0,-12,0,0,0,0,0,6.20095,0,0,0,
0.492644,0.120926,0.84312,0.654518,0.466217,-0.509812,-0.307147,0,0,0,0,0,0,0.424742,0.396174,0.67933,0.0490537,0.976499,-0.208644,0.0226022,-0.178981,0.0799403,0.739144,0.694609,0.287715,0.609158,-0.25232,0,0,0,0,0,0,0,0.00422441,0.00240157,-0.00386989,-0.00329287,7.9185,9.93452,3.99532,5.58573,-5.41528,-1.84524,-0.635753,0.355016,0,0,-12,0,0,0,0,0,6.20095,0,0,0,
0.492644,0.120926,0.84312,0.654518,0.466217,-0.509812,-0.307147,0,0,0,0,0,0,0.424742,0.396174,0.67933,0.0490537,0.976499,-0.208644,0.0226022,-0.178981,0.0799403,0.739144,0.694609,0.287715,0.609158,-0.25232,0,0,0,0,0,0,0,0.00335939,0.0024021,-0.00387305,-0.00329121,8.19794,9.93526,4.0842,5.56233,-5.45924,-1.86549,-0.577324,0.336155,0,0,-12,0,0,0,0,0,6.20095,0,0,0,
0.492644,0.120926,0.84312,0.654518,0.466217,-0.509812,-0.307147,0,0,0,0,0,0,0.424742,0.396174,0.67933,0.0490537,0.976499,-0.208644,0.0226022,-0.178981,0.0799403,0.739144,0.694609,0.287715,0.609158,-0.25232,0,0,0,0,0,0,0,0.00472741,0.00240264,-0.00387352,-0.00329265,8.12539,9.93513,4.05741,5.56919,-5.44746,-1.86015,-0.592562,0.34107,0,0,-12,0,0,0,0,0,6.20095,0,0,0,
0.492644,0.120926,0.84312,0.654518,0.466217,-0.509812,-0.307147,1.68309e-06,3.4814e-07,-1.12718e-07,-1.25251e-07,2.16771e-06,4.82491e-06,0.424742,0.396174,0.67933,0.0490537,0.976499,-0.208644,0.0226022,-0.178981,0.0799403,0.739144,0.694609,0.287715,0.609158,-0.25232,0,0,0,0,0,0,0,0.00419409,0.00240318,-0.00387391,-0.00329421,8.03976,9.93486,4.03277,5.57581,-5.43424,-1.854,-0.610419,0.346837,0,0,-12,0,0,0,0,0,6.20095,0,0,0,
0.492644,0.120926,0.84312,0.654518,0.466217,-0.509812,-0.307147,-1.68309e-06,-3.48139e-07,1.12718e-07,1.25251e-07,-2.16771e-06,-4.82491e-06,0.424742,0.396174,0.67933,0.049054,0.976499,-0.208644,0.0226023,-0.178981,0.0799403,0.739144,0.694609,0.287715,0.609158,-0.25232,0,0,0,0,0,0,0,0.00313098,0.00231065,-0.00392038,-0.00223133,8.11824,9.93502,4.06041,5.56872,-5.4469,-1.8596,-0.593851,0.341519,0,0,-12,0,0,0,0,0,6.20095,0,0,0,
0.492644,0.120926,0.84312,0.654518,0.466217,-0.509812,-0.307147,0,0,0,0,0,0,0.424742,0.396174,0.67933,0.0490537,0.976499,-0.208644,0.0226022,-0.178981,0.0799403,0.739144,0.694609,0.287715,0.609158,-0.25232,0,0,0,0,0,0,0,0.000754491,0.00249494,-0.00383106,-0.00432853,7.8582,9.93417,3.988,5.58823,-5.4069,-1.84129,-0.648247,0.359034,0,0,-12,0,0,0,0,0,6.20095,0,0,0,
0.492644,0.120926,0.84312,0.654518,0.466217,-0.509812,-0.307147,0,0,0,0,0,0,0.424742,0.396174,0.67933,0.049054,0.976499,-0.208644,0.0226023,-0.178981,0.0799403,0.739144,0.694609,0.287715,0.609158,-0.25232,0,0,0,0,0,0,0,-0.000381818,0.00231349,-0.00392129,-0.00225358,8.06549,9.93469,4.05557,5.57062,-5.43976,-1.85605,-0.604661,0.345021,0,0,-12,0,0,0,0,0,6.20095,0,0,0,
0.492644,0.120926,0.84312,0.654518,0.466217,-0.509812,-0.307147,0,0,0,0,0,0,0.424742,0.396174,0.67933,0.0490537,0.976499,-0.208644,0.0226022,-0.178981,0.0799403,0.739144,0.694609,0.287715,0.609158,-0.25232,0,0,0,0,0,0,0,-0.00281041,0.00249607,-0.00383254,-0.00433138,7.79986,9.93383,3.9816,5.59055,-5.39891,-1.83734,-0.66022,0.362912,0,0,-12,0,0,0,0,0,6.20095,0,0,0,
0.492644,0.120926,0.84312,0.654518,0.466217,-0.509812,-0.307147,0,0,0,0,0,0,0.424742,0.396174,0.67933,0.0490537,0.976499,-0.208644,0.0226022,-0.178981,0.0799403,0.739144,0.694609,0.287715,0.609158,-0.25232,0,0,0,0,0,0,0,-0.00321791,0.00240584,-0.00387896,-0.00329827,8.02602,9.93444,4.05261,5.57185,-5.43444,-1.85356,-0.612843,0.347645,0,0,-12,0,0,0,0,0,6.20095,0,0,0,
0.492644,0.120926,0.84312,0.654518,0.466217,-0.509812,-0.307147,-1.68692e-06,-3.48929e-07,1.12974e-07,1.25535e-07,-2.17263e-06,-4.83587e-06,0.424742,0.396174,0.67933,0.049054,0.976499,-0.208644,0.0226023,-0.178981,0.0799403,0.739144,0.694609,0.287715,0.609158,-0.25232,0,0,0,0,0,0,0,0.000602708,0.00231307,-0.00392356,-0.00223533,7.80928,9.93402,3.97347,5.59221,-5.3994,-1.83746,-0.658242,0.362317,0,0,-12,0,0,0,0,0,6.20095,0,0,0,
0.492644,0.120926,0.84312,0.654518,0.466217,-0.509812,-0.307147,1.68692e-06,3.4893e-07,-1.12974e-07,-1.25535e-07,2.17263e-06,4.83587e-06,0.424742,0.396174,0.67933,0.0490537,0.976499,-0.208644,0.0226022,-0.178981,0.0799403,0.739144,0.694609,0.287715,0.609158,-0.25232,0,0,0,0,0,0,0,0.000376745,0.00249618,-0.00383728,-0.00431557,7.94153,9.93439,4.01489,5.58118,-5.42005,-1.84734,-0.630816,0.353409,0,0,-12,0,0,0,0,0,6.20095,0,0,0,
0.492644,0.120926,0.84312,0.654518,0.466217,-0.509812,-0.307147,-1.68692e-06,-3.48929e-07,1.12974e-07,1.25535e-07,-2.17263e-06,-4.83587e-06,0.424742,0.396174,0.67933,0.049054,0.976499,-0.208644,0.0226023,-0.178981,0.0799403,0.739144,0.694609,0.287715,0.609158,-0.25232,0,0,0,0,0,0,0,0.00298933,0.00231631,-0.00392554,-0.0022606,7.92042,9.93446,3.99995,5.58477,-5.41602,-1.84532,-0.635172,0.35486,0,0,-12,0,0,0,0,0,6.20095,0,0,0,
0.492644,0.120926,0.84312,0.654518,0.466217,-0.509812,-0.307147,1.68692e-06,3.4893e-07,-1.12974e-07,-1.25535e-07,2.17263e-06,4.83587e-06,0.424742,0.396174,0.67933,0.0490537,0.976499,-0.208644,0.0226022,-0.178981,0.0799403,0.739144,0.694609,0.287715,0.609158,-0.25232,0,0,0,0,0,0,0,0.00355791,0.002499,-0.00383633,-0.00433949,7.66915,9.93379,3.92067,5.6056,-5.37646,-1.82743,-0.687911,0.371831,0,0,-12,0,0,0,0,0,6.20095,0,0,0,
0.492644,0.120926,0.84312,0.654518,0.466217,-0.509812,-0.307147,-1.68692e-06,-3.48929e-07,1.12974e-07,1.25535e-07,-2.17263e-06,-4.83587e-06,0.424742,0.396174,0.67933,0.049054,0.976499,-0.208644,0.0226023,-0.178981,0.0799403,0.739144,0.694609,0.287715,0.609158,-0.25232,0,0,0,0,0,0,0,0.00292724,0.00231628,-0.00392626,-0.00225202,7.65678,9.93371,3.91895,5.60625,-5.37482,-1.82628,-0.690242,0.37264,0,0,-12,0,0,0,0,0,6.20095,0,0,0,
0.492644,0.120926,0.84312,0.654518,0.466217,-0.509812,-0.307147,0,0,0,0,0,0,0.424742,0.396174,0.67933,0.0490537,0.976499,-0.208644,0.0226022,-0.178981,0.0799403,0.739144,0.694609,0.287715,0.609158,-0.25232,0,0,0,0,0,0,0,0.00201353,0.00249846,-0.00384015,-0.00432144,7.81113,9.93411,3.96942,5.59295,-5.39914,-1.8378,-0.658155,0.36223,0,0,-12,0,0,0,0,0,6.20095,0,0,0,
0.492644,0.120926,0.84312,0.654518,0.466217,-0.509812,-0.307147,1.68309e-06,3.4814e-07,-1.12718e-07,-1.25251e-07,2.16771e-06,4.82491e-06,0.424742,0.396174,0.67933,0.0490537,0.976499,-0.208644,0.0226022,-0.178981,0.0799403,0.739144,0.694609,0.287715,0.609158,-0.25232,0,0,0,0,0,0,0,0.00196751,0.00240956,-0.00388601,-0.00330394,8.00451,9.93465,4.02915,5.57717,-5.42944,-1.85162,-0.61765,0.34918,0,0,-12,0,0,0,0,0,6.20095,0,0,0,
0.492644,0.120926,0.84312,0.654518,0.466217,-0.509812,-0.307147,0,0,0,0,0,0,0.424742,0.396174,0.67933,0.0490537,0.976499,-0.208644,0.0226022,-0.178981,0.0799403,0.739144,0.694609,0.287715,0.609158,-0.25232,0,0,0,0,0,0,0,0.00377258,0.0024101,-0.0038854,-0.00330666,7.78792,9.93414,3.95658,5.59609,-5.39501,-1.83584,-0.663006,0.363817,0,0,-12,0,0,0,0,0,6.20095,0,0,0,
0.492644,0.120926,0.84312,0.654518,0.466217,-0.509812,-0.307147,0,0,0,0,0,0,0.424742,0.396174,0.67933,0.049054,0.976499,-0.208644,0.0226023,-0.178981,0.0799403,0.739144,0.694609,0.287715,0.609158,-0.25232,0,0,0,0,0,0,0,-0.000603585,0.00231942,-0.00393217,-0.00226419,7.93365,9.93432,4.01569,5.58123,-5.41922,-1.84654,-0.632191,0.353911,0,0,-12,0,0,0,0,0,6.20095,0,0,0,
0.492644,0.120926,0.84312,0.654518,0.466217,-0.509812,-0.307147,0,0,0,0,0,0,0.424742,0.396174,0.67933,0.0490537,0.976499,-0.208644,0.0226022,-0.178981,0.0799403,0.739144,0.694609,0.287715,0.609158,-0.25232,0,0,0,0,0,0,0,-0.0012967,0.00250084,-0.00384364,-0.00432781,7.7687,9.93383,3.9671,5.59414,-5.39356,-1.83498,-0.666821,0.365039,0,0,-12,0,0,0,0,0,6.20095,0,0,0,
0.492644,0.120926,0.84312,0.654518,0.466217,-0.509812,-0.307147,0,0,0,0,0,0,0.424742,0.396174,0.67933,0.0490537,0.976499,-0.208644,0.0226022,-0.178981,0.0799403,0.739144,0.694609,0.287715,0.609158,-0.25232,0,0,0,0,0,0,0,0.001736,0.0024117,-0.00388664,-0.00331119,7.54377,9.93334,3.88799,5.61463,-5.35748,-1.81835,-0.713889,0.380252,0,0,-12,0,0,0,0,0,6.20095,0,0,0,
0.492644,0.120926,0.84312,0.654518,0.466217,-0.509812,-0.307147,-1.68437e-06,-3.48402e-07,1.12803e-07,1.25346e-07,-2.16935e-06,-4.82856e-06,0.424742,0.396174,0.67933,0.049054,0.976499,-0.208644,0.0226023,-0.178981,0.0799403,0.739144,0.694609,0.287715,0.609158,-0.25232,0,0,0,0,0,0,0,-0.00189878,0.00231896,-0.00393411,-0.00224584,7.62737,9.93339,3.92557,5.60535,-5.37175,-1.82451,-0.696095,0.374548,0,0,-12,0,0,0,0,0,6.20095,0,0,0,
0.492644,0.120926,0.84312,0.654518,0.466217,-0.509812,-0.307147,0,0,0,0,0,0,0.424742,0.396174,0.67933,0.0490537,0.976499,-0.208644,0.0226022,-0.178981,0.0799403,0.739144,0.694609,0.287715,0.609158,-0.25232,0,0,0,0,0,0,0,0.00130018,0.00250217,-0.00384523,-0.00432875,7.57264,9.93341,3.89828,5.61193,-5.36208,-1.82062,-0.707936,0.378305,0,0,-12,0,0,0,0,0,6.20095,0,0,0,
0.492644,0.120926,0.84312,0.654518,0.466217,-0.509812,-0.307147,1.68437e-06,3.48403e-07,-1.12804e-07,-1.25346e-07,2.16935e-06,4.82856e-06,0.424742,0.396174,0.67933,0.0490537,0.976499,-0.208644,0.0226022,-0.178981,0.0799403,0.739144,0.694609,0.287715,0.609158,-0.25232,0,0,0,0,0,0,0,0.00431343,0.00241329,-0.00389153,-0.00331143,7.78129,9.93415,3.95278,5.59701,-5.3938,-1.83533,-0.664423,0.364273,0,0,-12,0,0,0,0,0,6.20095,0,0,0,
0.492644,0.120926,0.84312,0.654518,0.466217,-0.509812,-0.307147,-1.68692e-06,-3.48929e-07,1.12974e-07,1.25535e-07,-2.17263e-06,-4.83587e-06,0.424742,0.396174,0.67933,0.049054,0.976499,-0.208644,0.0226023,-0.178981,0.0799403,0.739144,0.694609,0.287715,0.609158,-0.25232,0,0,0,0,0,0,0,0.00247011,0.00232061,-0.00393652,-0.00224987,7.52283,9.93332,3.87918,5.61688,-5.35403,-1.81663,-0.718198,0.381669,0,0,-12,0,0,0,0,0,6.20095,0,0,0,
0.492644,0.120926,0.84312,0.654518,0.466217,-0.509812,-0.307147,-1.68692e-06,-3.48929e-07,1.12974e-07,1.25535e-07,-2.17263e-06,-4.83587e-06,0.424742,0.396174,0.67933,0.049054,0.976499,-0.208644,0.0226023,-0.178981,0.0799403,0.739144,0.694609,0.287715,0.609158,-0.25232,0,0,0,0,0,0,0,0.00154372,0.00241306,-0.00389375,-0.00329421,7.6908,9.93375,3.93391,5.6025,-5.38053,-1.82899,-0.683158,0.370332,0,0,-12,0,0,0,0,0,6.20095,0,0,0,
0.492644,0.120926,0.84312,0.654518,0.466217,-0.509812,-0.307147,1.6869e-06,3.48927e-07,-1.12973e-07,-1.25534e-07,2.17261e-06,4.83582e-06,0.424742,0.396174,0.67933,0.0490537,0.976499,-0.208644,0.0226022,-0.178981,0.0799403,0.739144,0.694609,0.287715,0.609158,-0.25232,0,0,0,0,0,0,0,0.0023505,0.0025054,-0.00384804,-0.00434535,7.50811,9.93328,3.875,5.61792,-5.35166,-1.81588,-0.72148,0.382674,0,0,-12,0,0,0,0,0,6.20095,0,0,0,
0.492644,0.120926,0.84312,0.654518,0.466217,-0.509812,-0.307147,1.68693e-06,3.48934e-07,-1.12975e-07,-1.25537e-07,2.17265e-06,4.83592e-06,0.424742,0.396174,0.67933,0.0490537,0.976499,-0.208644,0.0226022,-0.178981,0.0799403,0.739144,0.694609,0.287715,0.609158,-0.25232,0,0,0,0,0,0,0,0.00266618,0.00241539,-0.00389325,-0.00331725,7.4708,9.93319,3.8625,5.62122,-5.34578,-1.81302,-0.729188,0.385189,0,0,-12,0,0,0,0,0,6.20095,0,0,0,
0.492644,0.120926,0.84312,0.654518,0.466217,-0.509812,-0.307147,-1.68564e-06,-3.48665e-07,1.12888e-07,1.2544e-07,-2.17099e-06,-4.83221e-06,0.424742,0.396174,0.67933,0.049054,0.976499,-0.208644,0.0226023,-0.178981,0.0799403,0.739144,0.694609,0.287715,0.609158,-0.25232,0,0,0,0,0,0,0,-0.000131473,0.00232368,-0.00393995,-0.00226435,7.46555,9.93303,3.86999,5.61978,-5.34589,-1.81269,-0.730008,0.385491,0,0,-12,0,0,0,0,0,6.20095,0,0,0,
0.492644,0.120926,0.84312,0.654518,0.466217,-0.509812,-0.307147,1.68692e-06,3.4893e-07,-1.12974e-07,-1.25535e-07,2.17263e-06,4.83587e-06,0.424742,0.396174,0.67933,0.0490537,0.976499,-0.208644,0.0226022,-0.178981,0.0799403,0.739144,0.694609,0.287715,0.609158,-0.25232,0,0,0,0,0,0,0,-0.00172752,0.00250827,-0.00384961,-0.00436309,7.41426,9.93281,3.85933,5.62279,-5.33828,-1.80941,-0.740844,0.388939,0,0,-12,0,0,0,0,0,6.20095,0,0,0,
0.492644,0.120926,0.84312,0.654518,0.466217,-0.509812,-0.307147,0,0,0,0,0,0,0.424742,0.396174,0.67933,0.0490537,0.976499,-0.208644,0.0226022,-0.178981,0.0799403,0.739144,0.694609,0.287715,0.609158,-0.25232,0,0,0,0,0,0,0,-0.000147295,0.00241699,-0.00389582,-0.0033202,7.39984,9.93285,3.84978,5.62509,-5.33557,-1.8081,-0.743844,0.38993,0,0,-12,0,0,0,0,0,6.20095,0,0,0,
0.492644,0.120926,0.84312,0.654518,0.466217,-0.509812,-0.307147,0,0,0,0,0,0,0.424742,0.396174,0.67933,0.0490537,0.976499,-0.208644,0.0226022,-0.178981,0.0799403,0.739144,0.694609,0.287715,0.609158,-0.25232,0,0,0,0,0,0,0,0.00326429,0.00241756,-0.00389705,-0.00332093,7.41388,9.93306,3.84303,5.62628,-5.33669,-1.80886,-0.741115,0.389038,0,0,-12,0,0,0,0,0,6.20095,0,0,0,
0.492644,0.120926,0.84312,0.654518,0.466217,-0.509812,-0.307147,0,0,0,0,0,0,0.424742,0.396174,0.67933,0.049054,0.976499,-0.208644,0.0226023,-0.178981,0.0799403,0.739144,0.694609,0.287715,0.609158,-0.25232,0,0,0,0,0,0,0,0.00371961,0.00233279,-0.00393951,-0.00234782,7.2555,9.93264,3.79279,5.63956,-5.31183,-1.79724,-0.77413,0.399721,0,0,-12,0,0,0,0,0,6.20095,0,0,0,
0.492644,0.120926,0.84312,0.654518,0.466217,-0.509812,-0.307147,1.68309e-06,3.4814e-07,-1.12718e-07,-1.25251e-07,2.16771e-06,4.82491e-06,0.424742,0.396174,0.67933,0.0490537,0.976499,-0.208644,0.0226022,-0.178981,0.0799403,0.739144,0.694609,0.287715,0.609158,-0.25232,0,0,0,0,0,0,0,-0.00121284,0.00250205,-0.00385664,-0.0042715,7.23642,9.93234,3.80289,5.63766,-5.31032,-1.79651,-0.778016,0.400941,0,0,-12,0,0,0,0,0,6.20095,0,0,0,
0.492644,0.120926,0.84312,0.654518,0.466217,-0.509812,-0.307147,0,0,0,0,0,0,0.424742,0.396174,0.67933,0.049054,0.976499,-0.208644,0.0226023,-0.178981,0.0799403,0.739144,0.694609,0.287715,0.609158,-0.25232,0,0,0,0,0,0,0,-0.00104301,0.00233401,-0.00393932,-0.00235334,6.91597,9.93143,3.70368,5.66402,-5.26026,-1.77307,-0.844773,0.422544,0,0,-12,0,0,0,0,0,6.20095,0,0,0,
0.492644,0.120926,0.84312,0.654518,0.466217,-0.509812,-0.307147,-1.68437e-06,-3.48402e-07,1.12803e-07,1.25346e-07,-2.16935e-06,-4.82856e-06,0.424742,0.396174,0.67933,0.049054,0.976499,-0.208644,0.0226023,-0.178981,0.0799403,0.739144,0.694609,0.287715,0.609158,-0.25232,0,0,0,0,0,0,0,-0.000218719,0.00241858,-0.00389893,-0.00330877,6.94269,9.93156,3.70921,5.66236,-5.26413,-1.77507,-0.839339,0.420762,0,0,-12,0,0,0,0,0,6.20095,0,0,0,
0.492644,0.120926,0.84312,0.654518,0.466217,-0.509812,-0.307147,1.68437e-06,3.48403e-07,-1.12804e-07,-1.25346e-07,2.16935e-06,4.82856e-06,0.424742,0.396174,0.67933,0.0490537,0.976499,-0.208644,0.0226022,-0.178981,0.0799403,0.739144,0.694609,0.287715,0.609158,-0.25232,0,0,0,0,0,0,0,0.00130807,0.00251033,-0.00385453,-0.00435116,6.98602,9.93176,3.71758,5.65983,-5.27037,-1.77824,-0.830486,0.417871,0,0,-12,0,0,0,0,0,6.20095,0,0,0,
0.492644,0.120926,0.84312,0.654518,0.466217,-0.509812,-0.307147,0,0,0,0,0,0,0.424742,0.396174,0.67933,0.0490537,0.976499,-0.208644,0.0226022,-0.178981,0.0799403,0.739144,0.694609,0.287715,0.609158,-0.25232,0,0,0,0,0,0,0,0.00206111,0.00242094,-0.00389727,-0.00333319,6.56165,9.9306,3.58445,5.69503,-5.20384,-1.74738,-0.919082,0.446499,0,0,-12,0,0,0,0,0,6.20095,0,0,0,
0.492644,0.120926,0.84312,0.654518,0.466217,-0.509812,-0.307147,0,0,0,0,0,0,0.424742,0.396174,0.67933,0.0490537,0.976499,-0.208644,0.0226022,-0.178981,0.0799403,0.739144,0.694609,0.287715,0.609158,-0.25232,0,0,0,0,0,0,0,0.00446647,0.00242152,-0.00389872,-0.0033337,6.59473,9.93082,3.58682,5.69398,-5.20825,-1.74959,-0.912316,0.444307,0,0,-12,0,0,0,0,0,6.20095,0,0,0,
0.492644,0.120926,0.84312,0.654518,0.466217,-0.509812,-0.307147,0,0,0,0,0,0,0.424742,0.396174,0.67933,0.0490537,0.976499,-0.208644,0.0226022,-0.178981,0.0799403,0.739144,0.694609,0.287715,0.609158,-0.25232,0,0,0,0,0,0,0,0.00365197,0.00242206,-0.00389914,-0.00333521,6.50577,9.93053,3.56207,5.70069,-5.1946,-1.74323,-0.930852,0.450294,0,0,-12,0,0,0,0,0,6.20095,0,0,0,
0.492644,0.120926,0.84312,0.654518,0.466217,-0.509812,-0.307147,1.68692e-06,3.4893e-07,-1.12974e-07,-1.25535e-07,2.17263e-06,4.83587e-06,0.424742,0.396174,0.67933,0.0490537,0.976499,-0.208644,0.0226022,-0.178981,0.0799403,0.739144,0.694609,0.287715,0.609158,-0.25232,0,0,0,0,0,0,0,0.00408372,0.00242261,-0.00389909,-0.00333729,6.35234,9.93012,3.51341,5.71351,-5.17047,-1.73211,-0.96293,0.460649,0,0,-12,0,0,0,0,0,6.20095,0,0,0,
0.492644,0.120926,0.84312,0.654518,0.466217,-0.509812,-0.307147,-1.68692e-06,-3.48929e-07,1.12974e-07,1.25535e-07,-2.17263e-06,-4.83587e-06,0.424742,0.396174,0.67933,0.049054,0.976499,-0.208644,0.0226023,-0.178981,0.0799403,0.739144,0.694609,0.287715,0.609158,-0.25232,0,0,0,0,0,0,0,0.00232538,0.00233118,-0.00394588,-0.00228878,6.21587,9.92964,3.47711,5.72349,-5.14975,-1.72223,-0.991225,0.469818,0,0,-12,0,0,0,0,0,6.20095,0,0,0,
0.492644,0.120926,0.84312,0.654518,0.466217,-0.509812,-0.307147,1.68819e-06,3.49194e-07,-1.1306e-07,-1.2563e-07,2.17428e-06,4.83953e-06,0.424742,0.396174,0.67933,0.0490537,0.976499,-0.208644,0.0226022,-0.178981,0.0799403,0.739144,0.694609,0.287715,0.609158,-0.25232,0,0,0,0,0,0,0,0.0027589,0.00251184,-0.0038534,-0.00434462,5.91272,9.92882,3.38229,5.74845,-5.10212,-1.70059,-1.05479,0.490284,0,0,-12,0,0,0,0,0,6.20095,0,0,0,
0.492644,0.120926,0.84312,0.654518,0.466217,-0.509812,-0.307147,1.68819e-06,3.49194e-07,-1.1306e-07,-1.2563e-07,2.17428e-06,4.83953e-06,0.424742,0.396174,0.67933,0.0490537,0.976499,-0.208644,0.0226022,-0.178981,0.0799403,0.739144,0.694609,0.287715,0.609158,-0.25232,0,0,0,0,0,0,0,-0.000354181,0.00242422,-0.00389846,-0.00334401,5.82678,9.92841,3.36595,5.75337,-5.08971,-1.69447,-1.07246,0.496025,0,0,-12,0,0,0,0,0,6.20095,0,0,0,
0.492644,0.120926,0.84312,0.654518,0.466217,-0.509812,-0.307147,0,0,0,0,0,0,0.424742,0.396174,0.67933,0.0490537,0.976499,-0.208644,0.0226022,-0.178981,0.0799403,0.739144,0.694609,0.287715,0.609158,-0.25232,0,0,0,0,0,0,0,-0.00348768,0.00242476,-0.00389979,-0.00334447,5.85233,9.92832,3.384,5.74914,-5.0947,-1.69655,-1.06693,0.494251,0,0,-12,0,0,0,0,0,6.20095,0,0,0,
0.492644,0.120926,0.84312,0.654518,0.466217,-0.509812,-0.307147,0,0,0,0,0,0,0.424742,0.396174,0.67933,0.0490537,0.976499,-0.208644,0.0226022,-0.178981,0.0799403,0.739144,0.694609,0.287715,0.609158,-0.25232,0,0,0,0,0,0,0,0.00096759,0.0024253,-0.00389705,-0.00334962,5.34194,9.92711,3.21232,5.79386,-5.0135,-1.65935,-1.17382,0.528747,0,0,-12,0,0,0,0,0,6.20095,0,0,0,
0.492644,0.120926,0.84312,0.654518,0.466217,-0.509812,-0.307147,-1.68692e-06,-3.48929e-07,1.12974e-07,1.25535e-07,-2.17263e-06,-4.83587e-06,0.424742,0.396174,0.67933,0.049054,0.976499,-0.208644,0.0226023,-0.178981,0.0799403,0.739144,0.694609,0.287715,0.609158,-0.25232,0,0,0,0,0,0,0,0.007768,0.00233394,-0.00394253,-0.00230436,4.92466,9.92628,3.06174,5.83263,-4.94616,-1.62855,-1.2613,0.556993,0,0,-12,0,0,0,0,0,6.20095,0,0,0,
0.492644,0.120926,0.84312,0.654518,0.466217,-0.509812,-0.307147,-1.68437e-06,-3.48402e-07,1.12803e-07,1.25346e-07,-2.16935e-06,-4.82856e-06,0.424742,0.396174,0.67933,0.049054,0.976499,-0.208644,0.0226023,-0.178981,0.0799403,0.739144,0.694609,0.287715,0.609158,-0.25232,0,0,0,0,0,0,0,0.00471724,0.00242508,-0.00389752,-0.00333467,4.95758,9.92622,3.08176,5.82781,-4.95223,-1.6313,-1.25434,0.554731,0,0,-12,0,0,0,0,0,6.20095,0,0,0,
0.492644,0.120926,0.84312,0.654518,0.466217,-0.509812,-0.307147,-1.68566e-06,-3.48669e-07,1.12889e-07,1.25442e-07,-2.17101e-06,-4.83226e-06,0.424742,0.396174,0.67933,0.049054,0.976499,-0.208644,0.0226023,-0.178981,0.0799403,0.739144,0.694609,0.287715,0.609158,-0.25232,0,0,0,0,0,0,0,0.00266953,0.00242562,-0.00389673,-0.00333756,4.6968,9.92538,3.00809,5.84769,-4.91211,-1.61261,-1.3087,0.572286,0,0,-12,0,0,0,0,0,6.20095,0,0,0,
0.492644,0.120926,0.84312,0.654518,0.466217,-0.509812,-0.307147,-9.20872e-07,-2.42529e-06,3.5254e-07,-3.44902e-07,-6.31012e-07,-5.24193e-06,0.424742,0.396173,0.67933,0.0490542,0.976499,-0.208644,0.0226023,-0.178981,0.0799403,0.739144,0.694609,0.287715,0.609158,-0.25232,0,0,0,0,0,0,0,0.00217733,0.00222644,-0.00378077,-0.00312582,4.87628,9.92556,3.06474,5.83247,-4.94029,-1.62559,-1.27115,0.5602,0,0,-12,0,0,0,0,0,6.20094,0,0,0,
0.492644,0.120926,0.84312,0.654518,0.466217,-0.509812,-0.307147,-9.21568e-07,-2.42712e-06,3.52807e-07,-3.45163e-07,-6.31488e-07,-5.24589e-06,0.424742,0.396173,0.67933,0.0490542,0.976499,-0.208644,0.0226023,-0.178981,0.0799403,0.739144,0.694609,0.287715,0.609158,-0.25232,0,0,0,0,0,0,0,-0.00654577,0.00242391,-0.0038946,-0.00333751,4.38762,9.92403,2.94278,5.86661,-4.86668,-1.59095,-1.37274,0.592991,0,0,-12,0,0,0,0,0,6.20094,0,0,0,
0.492644,0.120926,0.84312,0.654518,0.466217,-0.509812,-0.307147,-1.68438e-06,-3.48405e-07,1.12804e-07,1.25347e-07,-2.16937e-06,-4.82861e-06,0.424742,0.396174,0.67933,0.049054,0.976499,-0.208644,0.0226023,-0.178981,0.0799403,0.739144,0.694609,0.287715,0.609158,-0.25232,0,0,0,0,0,0,0,-0.00533013,0.0026254,-0.00401439,-0.00355089,4.31347,9.92419,2.91623,5.87374,-4.85473,-1.58553,-1.38832,0.597985,0,0,-12,0,0,0,0,0,6.20095,0,0,0,
0.492644,0.120926,0.84312,0.654518,0.466217,-0.509812,-0.307147,-7.61415e-07,2.08236e-06,-2.40534e-07,4.71028e-07,-1.53691e-06,4.25221e-07,0.424742,0.396174,0.67933,0.0490537,0.976499,-0.208644,0.0226023,-0.178981,0.0799403,0.739144,0.694609,0.287715,0.609158,-0.25232,0,0,0,0,0,0,0,-0.00388321,0.00266142,-0.00403566,-0.00359163,4.1255,9.92378,2.85367,5.89012,-4.82489,-1.57185,-1.42768,0.610683,0,0,-12,0,0,0,0,0,6.20095,0,0,0,
0.492645,0.120926,0.84312,0.654518,0.466217,-0.509812,-0.307147,8.20135e-07,3.32739e-06,1.12904e-06,-4.73901e-06,-7.86094e-07,5.75912e-06,0.424742,0.396174,0.67933,0.0490534,0.976499,-0.208644,0.0226023,-0.178981,0.0799403,0.739144,0.694609,0.287715,0.609158,-0.25232,0,0,0,0,0,0,0,-0.000213505,0.00167312,-0.00211477,-0.00394298,4.25708,9.9227,2.88083,5.88043,-4.84406,-1.58115,-1.40053,0.60177,0,0,-12,0,0,0,0,0,6.20095,0,0,0,
0.492645,0.120926,0.84312,0.654518,0.466217,-0.509812,-0.307147,8.20135e-07,3.32739e-06,1.12904e-06,-4.73901e-06,-7.86094e-07,5.75912e-06,0.424742,0.396174,0.67933,0.0490534,0.976499,-0.208644,0.0226023,-0.178981,0.0799403,0.739144,0.694609,0.287715,0.609158,-0.25232,0,0,0,0,0,0,0,-0.000904248,0.00242159,-0.00386713,-0.00336329,3.89256,9.92291,2.77197,5.91088,-4.7875,-1.55478,-1.4765,0.62647,0,0,-12,0,0,0,0,0,6.20095,0,0,0,
0.492644,0.120926,0.84312,0.654518,0.466217,-0.509812,-0.307147,8.20135e-07,3.32739e-06,1.12905e-06,-4.73906e-06,-7.86108e-07,5.75912e-06,0.424742,0.396174,0.67933,0.0490537,0.976499,-0.208644,0.0226024,-0.178981,0.0799403,0.739144,0.694609,0.287715,0.609158,-0.25232,0,0,0,0,0,0,0,-0.000867384,0.00233022,-0.00391587,-0.00231644,3.64419,9.92221,2.69537,5.93122,-4.74871,-1.53668,-1.52828,0.643216,0,0,-12,0,0,0,0,0,6.20095,0,0,0,
0.492644,0.120926,0.84312,0.654518,0.466217,-0.509812,-0.307147,0,0,0,0,0,0,0.424742,0.396174,0.67933,0.049054,0.976499,-0.208644,0.0226023,-0.178981,0.0799403,0.739144,0.694609,0.287715,0.609158,-0.25232,0,0,0,0,0,0,0,0.00612665,0.00302956,-0.00544232,-0.00356175,3.84652,9.92409,2.73585,5.92032,-4.7782,-1.55096,-1.48648,0.629851,0,0,-12,0,0,0,0,0,6.20095,0,0,0,
0.492644,0.120926,0.84312,0.654518,0.466217,-0.509812,-0.307147,2.60987e-06,2.7797e-06,-4.66311e-07,2.20146e-07,2.80507e-06,1.00896e-05,0.424742,0.396174,0.67933,0.0490537,0.976499,-0.208644,0.0226022,-0.178981,0.0799403,0.739144,0.694609,0.287715,0.609158,-0.25232,0,0,0,0,0,0,0,0.00323593,0.00252274,-0.00385077,-0.00440506,3.8249,9.92296,2.73768,5.91922,-4.77557,-1.54973,-1.49099,0.631109,0,0,-12,0,0,0,0,0,6.20095,0,0,0,
0.492644,0.120926,0.84312,0.654518,0.466217,-0.509812,-0.307147,2.60859e-06,2.77943e-06,-4.66226e-07,2.20241e-07,2.80342e-06,1.0086e-05,0.424742,0.396174,0.67933,0.0490537,0.976499,-0.208644,0.0226022,-0.178981,0.0799403,0.739144,0.694609,0.287715,0.609158,-0.25232,0,0,0,0,0,0,0,0.00858844,0.00243221,-0.00390081,-0.00337078,3.80428,9.92317,2.71397,5.92462,-4.7707,-1.5477,-1.49551,0.63258,0,0,-12,0,0,0,0,0,6.20095,0,0,0,
0.492644,0.120926,0.84312,0.654518,0.466217,-0.509812,-0.307147,1.68564e-06,3.48666e-07,-1.12889e-07,-1.2544e-07,2.17099e-06,4.83221e-06,0.424742,0.396174,0.67933,0.0490537,0.976499,-0.208644,0.0226022,-0.178981,0.0799403,0.739144,0.694609,0.287715,0.609158,-0.25232,0,0,0,0,0,0,0,0.0042233,0.00243273,-0.00389917,-0.00337458,3.4358,9.92191,2.61465,5.9517,-4.71447,-1.5214,-1.57223,0.657362,0,0,-12,0,0,0,0,0,6.20095,0,0,0,
0.492644,0.120926,0.84312,0.654518,0.466217,-0.509812,-0.307147,1.68566e-06,3.4867e-07,-1.1289e-07,-1.25442e-07,2.17101e-06,4.83226e-06,0.424742,0.396174,0.67933,0.0490537,0.976499,-0.208644,0.0226022,-0.178981,0.0799403,0.739144,0.694609,0.287715,0.609158,-0.25232,0,0,0,0,0,0,0,0.0035406,0.00243326,-0.00390494,-0.00336993,4.0356,9.92357,2.80162,5.90227,-4.80846,-1.56478,-1.44688,0.616898,0,0,-12,0,0,0,0,0,6.20095,0,0,0,
0.492644,0.120926,0.84312,0.654518,0.466217,-0.509812,-0.307147,-8.18202e-07,-3.32053e-06,-1.1276e-06,4.73211e-06,7.85381e-07,-5.74645e-06,0.424742,0.396174,0.67933,0.0490537,0.976499,-0.208644,0.0226022,-0.178981,0.0799403,0.739144,0.694609,0.287715,0.609158,-0.25232,0,0,0,0,0,0,0,0.000286395,0.00243379,-0.00390074,-0.00337668,3.33242,9.92142,2.5956,5.95745,-4.69955,-1.51422,-1.59359,0.664272,0,0,-12,0,0,0,0,0,6.20095,0,0,0,
0.492644,0.120926,0.84312,0.654518,0.466217,-0.509812,-0.307147,-2.50326e-06,-3.67076e-06,-1.01453e-06,4.8572e-06,-1.38444e-06,-1.0579e-05,0.424742,0.396174,0.67933,0.049054,0.976499,-0.208644,0.0226023,-0.178981,0.0799403,0.739144,0.694609,0.287715,0.609158,-0.25232,0,0,0,0,0,0,0,-0.00257948,0.00234095,-0.00395643,-0.00230796,3.69901,9.9223,2.71784,5.9256,-4.75782,-1.54076,-1.51672,0.639495,0,0,-12,0,0,0,0,0,6.20095,0,0,0,
0.492644,0.120926,0.84312,0.654518,0.466217,-0.509812,-0.307147,8.65468e-07,-2.97396e-06,-1.24014e-06,4.60651e-06,2.95425e-06,-9.21854e-07,0.424742,0.396174,0.67933,0.0490537,0.976499,-0.208644,0.0226022,-0.178981,0.0799403,0.739144,0.694609,0.287715,0.609158,-0.25232,0,0,0,0,0,0,0,-0.003747,0.00252787,-0.00384972,-0.00443754,3.0631,9.92045,2.52572,5.97662,-4.65867,-1.49522,-1.64972,0.682378,0,0,-12,0,0,0,0,0,6.20095,0,0,0,
0.492644,0.120926,0.84312,0.654518,0.466217,-0.509812,-0.307147,1.78591e-06,-5.48478e-07,-1.5951e-06,4.95944e-06,3.58624e-06,4.31958e-06,0.424742,0.396174,0.67933,0.0490537,0.976499,-0.208644,0.0226022,-0.178981,0.0799403,0.739144,0.694609,0.287715,0.609158,-0.25232,0,0,0,0,0,0,0,0.00158509,0.00243536,-0.00390437,-0.00337832,3.34462,9.92152,2.59514,5.95734,-4.70105,-1.51501,-1.59112,0.663471,0,0,-12,0,0,0,0,0,6.20095,0,0,0,
0.492644,0.120926,0.84312,0.654518,0.466217,-0.509812,-0.307147,0,0,0,0,0,0,0.424742,0.396174,0.67933,0.0490537,0.976499,-0.208644,0.0226022,-0.178981,0.0799403,0.739144,0.694609,0.287715,0.609158,-0.25232,0,0,0,0,0,0,0,0.000797182,0.00243589,-0.00390491,-0.00337965,3.25999,9.92124,2.57163,5.96371,-4.68807,-1.50895,-1.60875,0.669166,0,0,-12,0,0,0,0,0,6.20095,0,0,0,
0.492644,0.120926,0.84312,0.654518,0.466217,-0.509812,-0.307147,0,0,0,0,0,0,0.424742,0.396174,0.67933,0.0490537,0.976499,-0.208644,0.0226022,-0.178981,0.0799403,0.739144,0.694609,0.287715,0.609158,-0.25232,0,0,0,0,0,0,0,-0.000795762,0.00243642,-0.00390748,-0.00337865,3.44324,9.92168,2.63325,5.94766,-4.71722,-1.52231,-1.57037,0.656781,0,0,-12,0,0,0,0,0,6.20095,0,0,0,
0.492644,0.120926,0.84312,0.654518,0.466217,-0.509812,-0.307147,0,0,0,0,0,0,0.424742,0.396174,0.67933,0.0490537,0.976499,-0.208644,0.0226022,-0.178981,0.0799403,0.739144,0.694609,0.287715,0.609158,-0.25232,0,0,0,0,0,0,0,-0.00148567,0.00243694,-0.00390635,-0.00338188,3.14386,9.9208,2.54328,5.97163,-4.67063,-1.50073,-1.63287,0.676962,0,0,-12,0,0,0,0,0,6.20095,0,0,0,
0.492644,0.120926,0.84312,0.654518,0.466217,-0.509812,-0.307147,-1.68438e-06,-3.48405e-07,1.12804e-07,1.25347e-07,-2.16937e-06,-4.82861e-06,0.424742,0.396174,0.67933,0.049054,0.976499,-0.208644,0.0226023,-0.178981,0.0799403,0.739144,0.694609,0.287715,0.609158,-0.25232,0,0,0,0,0,0,0,0.00621678,0.00234608,-0.00395966,-0.00233855,3.17559,9.92128,2.52806,5.97436,-4.67321,-1.50231,-1.6266,0.67494,0,0,-12,0,0,0,0,0,6.20095,0,0,0,
0.492644,0.120926,0.84312,0.654518,0.466217,-0.509812,-0.307147,-1.68438e-06,-3.48405e-07,1.12804e-07,1.25347e-07,-2.16937e-06,-4.82861e-06,0.424742,0.396174,0.67933,0.049054,0.976499,-0.208644,0.0226023,-0.178981,0.0799403,0.739144,0.694609,0.287715,0.609158,-0.25232,0,0,0,0,0,0,0,0.00294208,0.00243673,-0.00390907,-0.0033645,3.03562,9.92072,2.49556,5.9835,-4.65232,-1.49258,-1.65575,0.684334,0,0,-12,0,0,0,0,0,6.20095,0,0,0,
0.492644,0.120926,0.84312,0.654518,0.466217,-0.509812,-0.307147,-1.68437e-06,-3.48402e-07,1.12803e-07,1.25346e-07,-2.16935e-06,-4.82856e-06,0.424742,0.396174,0.67933,0.049054,0.976499,-0.208644,0.0226023,-0.178981,0.0799403,0.739144,0.694609,0.287715,0.609158,-0.25232,0,0,0,0,0,0,0,0.00298489,0.00243727,-0.00391038,-0.00336497,3.05149,9.92077,2.50031,5.98224,-4.65478,-1.49373,-1.65244,0.683264,0,0,-12,0,0,0,0,0,6.20095,0,0,0,
0.492644,0.120926,0.84312,0.654518,0.466217,-0.509812,-0.307147,0,0,0,0,0,0,0.424742,0.396174,0.67933,0.049054,0.976499,-0.208644,0.0226023,-0.178981,0.0799403,0.739144,0.694609,0.287715,0.609158,-0.25232,0,0,0,0,0,0,0,0.00265679,0.0024378,-0.0039108,-0.00336644,2.95205,9.92047,2.47075,5.99013,-4.63934,-1.48657,-1.67319,0.689966,0,0,-12,0,0,0,0,0,6.20095,0,0,0,
0.492644,0.120926,0.84312,0.654518,0.466217,-0.509812,-0.307147,-1.68692e-06,-3.48929e-07,1.12974e-07,1.25535e-07,-2.17263e-06,-4.83587e-06,0.424742,0.396174,0.67933,0.049054,0.976499,-0.208644,0.0226023,-0.178981,0.0799403,0.739144,0.694609,0.287715,0.609158,-0.25232,0,0,0,0,0,0,0,-0.00483158,0.00243833,-0.00391247,-0.00336648,3.01751,9.92027,2.51523,5.97965,-4.65194,-1.49185,-1.65907,0.685431,0,0,-12,0,0,0,0,0,6.20095,0,0,0,
0.492644,0.120926,0.84312,0.654518,0.466217,-0.509812,-0.307147,-1.68819e-06,-3.49193e-07,1.13059e-07,1.2563e-07,-2.17428e-06,-4.83953e-06,0.424742,0.396174,0.67933,0.049054,0.976499,-0.208644,0.0226023,-0.178981,0.0799403,0.739144,0.694609,0.287715,0.609158,-0.25232,0,0,0,0,0,0,0,-0.000760206,0.00243885,-0.0039121,-0.0033688,2.81969,9.91992,2.44108,5.99859,-4.61973,-1.47726,-1.70064,0.698838,0,0,-12,0,0,0,0,0,6.20095,0,0,0,
0.492644,0.120926,0.84312,0.654518,0.466217,-0.509812,-0.307147,-1.68819e-06,-3.49193e-07,1.13059e-07,1.2563e-07,-2.17428e-06,-4.83953e-06,0.424742,0.396174,0.67933,0.049054,0.976499,-0.208644,0.0226023,-0.178981,0.0799403,0.739144,0.694609,0.287715,0.609158,-0.25232,0,0,0,0,0,0,0,-0.000480219,0.00243936,-0.00391481,-0.00336759,3.02789,9.92053,2.5043,5.98179,-4.65219,-1.49228,-1.65716,0.684801,0,0,-12,0,0,0,0,0,6.20095,0,0,0,
0.492644,0.120926,0.84312,0.654518,0.466217,-0.509812,-0.307147,-1.6869e-06,-3.48926e-07,1.12973e-07,1.25534e-07,-2.17261e-06,-4.83582e-06,0.424742,0.396174,0.67933,0.049054,0.976499,-0.208644,0.0226023,-0.178981,0.0799403,0.739144,0.694609,0.287715,0.609158,-0.25232,0,0,0,0,0,0,0,-0.00161544,0.00243989,-0.00391519,-0.0033691,2.92651,9.92018,2.47676,5.98929,-4.6367,-1.48504,-1.67827,0.69162,0,0,-12,0,0,0,0,0,6.20095,0,0,0,
0.492644,0.120926,0.84312,0.654518,0.466217,-0.509812,-0.307147,1.6869e-06,3.48927e-07,-1.12973e-07,-1.25534e-07,2.17261e-06,4.83582e-06,0.424742,0.396174,0.67933,0.0490537,0.976499,-0.208644,0.0226022,-0.178981,0.0799403,0.739144,0.694609,0.287715,0.609158,-0.25232,0,0,0,0,0,0,0,0.00341528,0.00253364,-0.00386179,-0.00443423,2.91171,9.92041,2.45584,5.9939,-4.63275,-1.48375,-1.68177,0.692704,0,0,-12,0,0,0,0,0,6.20095,0,0,0,
0.492644,0.120926,0.84312,0.654518,0.466217,-0.509812,-0.307147,0,0,0,0,0,0,0.424742,0.396174,0.67933,0.049054,0.976499,-0.208644,0.0226023,-0.178981,0.0799403,0.739144,0.694609,0.287715,0.609158,-0.25232,0,0,0,0,0,0,0,0.00211513,0.00234947,-0.00396947,-0.00233227,2.77303,9.91994,2.4174,6.00442,-4.61157,-1.47352,-1.71045,0.702027,0,0,-12,0,0,0,0,0,6.20095,0,0,0,
0.492644,0.120926,0.84312,0.654518,0.466217,-0.509812,-0.307147,1.68309e-06,3.4814e-07,-1.12718e-07,-1.25251e-07,2.16771e-06,4.82491e-06,0.424742,0.396174,0.67933,0.0490537,0.976499,-0.208644,0.0226022,-0.178981,0.0799403,0.739144,0.694609,0.287715,0.609158,-0.25232,0,0,0,0,0,0,0,0.00300841,0.00253216,-0.00386331,-0.00440882,2.66009,9.91968,2.37967,6.01417,-4.59354,-1.4656,-1.73431,0.709669,0,0,-12,0,0,0,0,0,6.20095,0,0,0,
0.492644,0.120926,0.84312,0.654518,0.466217,-0.509812,-0.307147,1.68309e-06,3.4814e-07,-1.12718e-07,-1.25251e-07,2.16771e-06,4.82491e-06,0.424742,0.396174,0.67933,0.0490537,0.976499,-0.208644,0.0226022,-0.178981,0.0799403,0.739144,0.694609,0.287715,0.609158,-0.25232,0,0,0,0,0,0,0,0.00496922,0.00244328,-0.00391737,-0.00339259,2.7632,9.92007,2.40508,6.00714,-4.60908,-1.47276,-1.71279,0.702741,0,0,-12,0,0,0,0,0,6.20095,0,0,0,
0.492644,0.120926,0.84312,0.654518,0.466217,-0.509812,-0.307147,1.68437e-06,3.48403e-07,-1.12804e-07,-1.25346e-07,2.16935e-06,4.82856e-06,0.424742,0.396174,0.67933,0.0490537,0.976499,-0.208644,0.0226022,-0.178981,0.0799403,0.739144,0.694609,0.287715,0.609158,-0.25232,0,0,0,0,0,0,0,0.0062018,0.0024438,-0.00391791,-0.00339392,2.68525,9.91991,2.37707,6.01435,-4.59651,-1.46704,-1.72914,0.708019,0,0,-12,0,0,0,0,0,6.20095,0,0,0,
0.492644,0.120926,0.84312,0.654518,0.466217,-0.509812,-0.307147,1.68437e-06,3.48403e-07,-1.12804e-07,-1.25346e-07,2.16935e-06,4.82856e-06,0.424742,0.396174,0.67933,0.0490537,0.976499,-0.208644,0.0226022,-0.178981,0.0799403,0.739144,0.694609,0.287715,0.609158,-0.25232,0,0,0,0,0,0,0,0.00299343,0.00244434,-0.00392013,-0.00339335,2.82557,9.92014,2.43071,6.00069,-4.61946,-1.47741,-1.69964,0.698503,0,0,-12,0,0,0,0,0,6.20095,0,0,0,
0.492644,0.120926,0.84312,0.654518,0.466217,-0.509812,-0.307147,1.68437e-06,3.48403e-07,-1.12804e-07,-1.25346e-07,2.16935e-06,4.82856e-06,0.424742,0.396174,0.67933,0.0490537,0.976499,-0.208644,0.0226022,-0.178981,0.0799403,0.739144,0.694609,0.287715,0.609158,-0.25232,0,0,0,0,0,0,0,-0.000179479,0.00244488,-0.00391875,-0.00339692,2.49294,9.91904,2.33856,6.02567,-4.56846,-1.45361,-1.76894,0.720887,0,0,-12,0,0,0,0,0,6.20095,0,0,0,
0.492644,0.120926,0.84312,0.654518,0.466217,-0.509812,-0.307147,1.68437e-06,3.48403e-07,-1.12804e-07,-1.25346e-07,2.16935e-06,4.82856e-06,0.424742,0.396174,0.67933,0.0490537,0.976499,-0.208644,0.0226022,-0.178981,0.0799403,0.739144,0.694609,0.287715,0.609158,-0.25232,0,0,0,0,0,0,0,-0.000740793,0.00244541,-0.00392015,-0.00339729,2.52465,9.9191,2.35015,6.0227,-4.57359,-1.45594,-1.76228,0.71874,0,0,-12,0,0,0,0,0,6.20095,0,0,0,
0.492644,0.120926,0.84312,0.654518,0.466217,-0.509812,-0.307147,0,0,0,0,0,0,0.424742,0.396174,0.67933,0.0490537,0.976499,-0.208644,0.0226022,-0.178981,0.0799403,0.739144,0.694609,0.287715,0.609158,-0.25232,0,0,0,0,0,0,0,0.0018513,0.00244595,-0.00392045,-0.00339893,2.41199,9.91892,2.30703,6.03367,-4.55516,-1.44761,-1.78597,0.726379,0,0,-12,0,0,0,0,0,6.20095,0,0,0,
0.492644,0.120926,0.84312,0.654518,0.466217,-0.509812,-0.307147,1.68438e-06,3.48406e-07,-1.12805e-07,-1.25347e-07,2.16937e-06,4.82861e-06,0.424742,0.396174,0.67933,0.0490537,0.976499,-0.208644,0.0226022,-0.178981,0.0799403,0.739144,0.694609,0.287715,0.609158,-0.25232,0,0,0,0,0,0,0,-0.00246766,0.00244648,-0.00392323,-0.0033977,2.62729,9.9193,2.38737,6.01313,-4.59019,-1.46349,-1.74073,0.711789,0,0,-12,0,0,0,0,0,6.20095,0,0,0,
0.492644,0.120926,0.84312,0.654518,0.466217,-0.509812,-0.307147,0,0,0,0,0,0,0.424742,0.396174,0.67933,0.0490537,0.976499,-0.208644,0.0226022,-0.178981,0.0799403,0.739144,0.694609,0.287715,0.609158,-0.25232,0,0,0,0,0,0,0,0.000786211,0.00244701,-0.00392445,-0.00339829,2.638,9.9195,2.38011,6.01449,-4.59083,-1.46402,-1.73869,0.711119,0,0,-12,0,0,0,0,0,6.20095,0,0,0,
0.492644,0.120926,0.84312,0.654518,0.466217,-0.509812,-0.307147,-1.6869e-06,-3.48926e-07,1.12973e-07,1.25534e-07,-2.17261e-06,-4.83582e-06,0.424742,0.396174,0.67933,0.049054,0.976499,-0.208644,0.0226023,-0.178981,0.0799403,0.739144,0.694609,0.287715,0.609158,-0.25232,0,0,0,0,0,0,0,0.000469423,0.00236108,-0.00397647,-0.00241279,2.44825,9.91894,2.32271,6.02981,-4.56132,-1.45019,-1.77821,0.723907,0,0,-12,0,0,0,0,0,6.20095,0,0,0,
0.492644,0.120926,0.84312,0.654518,0.466217,-0.509812,-0.307147,-1.68693e-06,-3.48933e-07,1.12975e-07,1.25537e-07,-2.17265e-06,-4.83592e-06,0.424742,0.396174,0.67933,0.049054,0.976499,-0.208644,0.0226023,-0.178981,0.0799403,0.739144,0.694609,0.287715,0.609158,-0.25232,0,0,0,0,0,0,0,0.00187289,0.00244684,-0.00392578,-0.00338264,2.35061,9.91875,2.28806,6.0387,-4.54556,-1.44318,-1.79879,0.73052,0,0,-12,0,0,0,0,0,6.20095,0,0,0,
0.492644,0.120926,0.84312,0.654518,0.466217,-0.509812,-0.307147,0,0,0,0,0,0,0.424742,0.396174,0.67933,0.0490537,0.976499,-0.208644,0.0226022,-0.178981,0.0799403,0.739144,0.694609,0.287715,0.609158,-0.25232,0,0,0,0,0,0,0,-0.00209321,0.00253671,-0.00386919,-0.00440725,1.89382,9.91726,2.16022,6.07323,-4.47535,-1.41062,-1.89409,0.76127,0,0,-12,0,0,0,0,0,6.20095,0,0,0,
0.492644,0.120926,0.84312,0.654518,0.466217,-0.509812,-0.307147,-1.68566e-06,-3.48669e-07,1.12889e-07,1.25442e-07,-2.17101e-06,-4.83226e-06,0.424742,0.396174,0.67933,0.049054,0.976499,-0.208644,0.0226023,-0.178981,0.0799403,0.739144,0.694609,0.287715,0.609158,-0.25232,0,0,0,0,0,0,0,-0.000996391,0.00235683,-0.0039836,-0.00234857,2.40224,9.91874,2.3133,6.03256,-4.55459,-1.44697,-1.78772,0.726987,0,0,-12,0,0,0,0,0,6.20095,0,0,0,
0.492644,0.120926,0.84312,0.654518,0.466217,-0.509812,-0.307147,-1.68564e-06,-3.48665e-07,1.12888e-07,1.2544e-07,-2.17099e-06,-4.83221e-06,0.424742,0.396174,0.67933,0.049054,0.976499,-0.208644,0.0226023,-0.178981,0.0799403,0.739144,0.694609,0.287715,0.609158,-0.25232,0,0,0,0,0,0,0,0.000748998,0.00244844,-0.00392663,-0.00338759,2.00761,9.91772,2.18607,6.06593,-4.4923,-1.41848,-1.87038,0.753636,0,0,-12,0,0,0,0,0,6.20095,0,0,0,
0.492644,0.120926,0.84312,0.654518,0.466217,-0.509812,-0.307147,-1.68564e-06,-3.48665e-07,1.12888e-07,1.2544e-07,-2.17099e-06,-4.83221e-06,0.424742,0.396174,0.67933,0.049054,0.976499,-0.208644,0.0226023,-0.178981,0.0799403,0.739144,0.694609,0.287715,0.609158,-0.25232,0,0,0,0,0,0,0,0.000816546,0.00244899,-0.00392807,-0.00338794,2.04304,9.91783,2.19676,6.06309,-4.49781,-1.42103,-1.86298,0.751248,0,0,-12,0,0,0,0,0,6.20095,0,0,0,
0.492644,0.120926,0.84312,0.654518,0.466217,-0.509812,-0.307147,-1.68564e-06,-3.48665e-07,1.12888e-07,1.2544e-07,-2.17099e-06,-4.83221e-06,0.424742,0.396174,0.67933,0.049054,0.976499,-0.208644,0.0226023,-0.178981,0.0799403,0.739144,0.694609,0.287715,0.609158,-0.25232,0,0,0,0,0,0,0,0.00247942,0.00244951,-0.00392799,-0.00338996,1.88406,9.91747,2.14239,6.07721,-4.47243,-1.40943,-1.89629,0.761997,0,0,-12,0,0,0,0,0,6.20095,0,0,0,
0.492644,0.120926,0.84312,0.654518,0.466217,-0.509812,-0.307147,0,0,0,0,0,0,0.424742,0.396174,0.67933,0.0490537,0.976499,-0.208644,0.0226022,-0.178981,0.0799403,0.739144,0.694609,0.287715,0.609158,-0.25232,0,0,0,0,0,0,0,0.00242586,0.00254094,-0.00387264,-0.00442888,1.82686,9.91731,2.12493,6.0818,-4.46346,-1.40545,-1.90835,0.765859,0,0,-12,0,0,0,0,0,6.20095,0,0,0,
0.492644,0.120926,0.84312,0.654518,0.466217,-0.509812,-0.307147,0,0,0,0,0,0,0.424742,0.396174,0.67933,0.049054,0.976499,-0.208644,0.0226023,-0.178981,0.0799403,0.739144,0.694609,0.287715,0.609158,-0.25232,0,0,0,0,0,0,0,0.00417964,0.00235874,-0.00398746,-0.00234703,1.99105,9.91785,2.16985,6.06968,-4.48867,-1.41688,-1.87394,0.754804,0,0,-12,0,0,0,0,0,6.20095,0,0,0,
0.492644,0.120926,0.84312,0.654518,0.466217,-0.509812,-0.307147,1.68311e-06,3.48143e-07,-1.12719e-07,-1.25252e-07,2.16773e-06,4.82496e-06,0.424742,0.396174,0.67933,0.0490537,0.976499,-0.208644,0.0226022,-0.178981,0.0799403,0.739144,0.694609,0.287715,0.609158,-0.25232,0,0,0,0,0,0,0,0.00298868,0.00254126,-0.0038757,-0.00442095,1.91005,9.91757,2.14872,6.0754,-4.47629,-1.41142,-1.891,0.760257,0,0,-12,0,0,0,0,0,6.20095,0,0,0,
0.492644,0.120926,0.84312,0.654518,0.466217,-0.509812,-0.307147,0,0,0,0,0,0,0.424742,0.396174,0.67933,0.0490537,0.976499,-0.208644,0.0226022,-0.178981,0.0799403,0.739144,0.694609,0.287715,0.609158,-0.25232,0,0,0,0,0,0,0,0.00409228,0.00245291,-0.00393008,-0.00341355,1.72168,9.9171,2.08714,6.09157,-4.44653,-1.39758,-1.93032,0.772976,0,0,-12,0,0,0,0,0,6.20095,0,0,0,
0.492644,0.120926,0.84312,0.654518,0.466217,-0.509812,-0.307147,-1.68311e-06,-3.48142e-07,1.12719e-07,1.25252e-07,-2.16773e-06,-4.82496e-06,0.424742,0.396174,0.67933,0.049054,0.976499,-0.208644,0.0226023,-0.178981,0.0799403,0.739144,0.694609,0.287715,0.609158,-0.25232,0,0,0,0,0,0,0,0.00169526,0.00236281,-0.00398792,-0.00237915,1.74039,9.91702,2.10071,6.08844,-4.45027,-1.39896,-1.92616,0.771671,0,0,-12,0,0,0,0,0,6.20095,0,0,0,
0.492644,0.120926,0.84312,0.654518,0.466217,-0.509812,-0.307147,1.68182e-06,3.47877e-07,-1.12633e-07,-1.25157e-07,2.16607e-06,4.82127e-06,0.424742,0.396174,0.67933,0.0490537,0.976499,-0.208644,0.0226022,-0.178981,0.0799403,0.739144,0.694609,0.287715,0.609158,-0.25232,0,0,0,0,0,0,0,0.00211161,0.0025441,-0.00387532,-0.00443991,1.57543,9.91659,2.04851,6.10211,-4.42425,-1.38731,-1.96086,0.782813,0,0,-12,0,0,0,0,0,6.20095,0,0,0,
0.492644,0.120926,0.84312,0.654518,0.466217,-0.509812,-0.307147,0,0,0,0,0,0,0.424742,0.396174,0.67933,0.049054,0.976499,-0.208644,0.0226023,-0.178981,0.0799403,0.739144,0.694609,0.287715,0.609158,-0.25232,0,0,0,0,0,0,0,0.00360283,0.00236176,-0.00399096,-0.00235751,1.62714,9.9168,2.05964,6.099,-4.43196,-1.39063,-1.94993,0.77934,0,0,-12,0,0,0,0,0,6.20095,0,0,0,
0.492644,0.120926,0.84312,0.654518,0.466217,-0.509812,-0.307147,1.68437e-06,3.48403e-07,-1.12804e-07,-1.25346e-07,2.16935e-06,4.82856e-06,0.424742,0.396174,0.67933,0.0490537,0.976499,-0.208644,0.0226022,-0.178981,0.0799403,0.739144,0.694609,0.287715,0.609158,-0.25232,0,0,0,0,0,0,0,0.00101293,0.00254437,-0.00387746,-0.00443264,1.53317,9.91641,2.03906,6.10481,-4.41799,-1.38433,-1.96962,0.785645,0,0,-12,0,0,0,0,0,6.20095,0,0,0,
0.492644,0.120926,0.84312,0.654518,0.466217,-0.509812,-0.307147,1.68692e-06,3.4893e-07,-1.12974e-07,-1.25535e-07,2.17263e-06,4.83587e-06,0.424742,0.396174,0.67933,0.0490537,0.976499,-0.208644,0.0226022,-0.178981,0.0799403,0.739144,0.694609,0.287715,0.609158,-0.25232,0,0,0,0,0,0,0,-0.000208021,0.00245558,-0.00393471,-0.00341809,1.58099,9.91648,2.05778,6.10011,-4.4259,-1.38773,-1.95945,0.782396,0,0,-12,0,0,0,0,0,6.20095,0,0,0,
0.492644,0.120926,0.84312,0.654518,0.466217,-0.509812,-0.307147,-1.68564e-06,-3.48665e-07,1.12888e-07,1.2544e-07,-2.17099e-06,-4.83221e-06,0.424742,0.396174,0.67933,0.049054,0.976499,-0.208644,0.0226023,-0.178981,0.0799403,0.739144,0.694609,0.287715,0.609158,-0.25232,0,0,0,0,0,0,0,0.000723976,0.00236257,-0.00399399,-0.00235217,1.45503,9.91617,2.01598,6.11107,-4.40596,-1.37841,-1.98571,0.790903,0,0,-12,0,0,0,0,0,6.20095,0,0,0,
0.492644,0.120926,0.84312,0.654518,0.466217,-0.509812,-0.307147,1.68692e-06,3.4893e-07,-1.12974e-07,-1.25535e-07,2.17263e-06,4.83587e-06,0.424742,0.396174,0.67933,0.0490537,0.976499,-0.208644,0.0226022,-0.178981,0.0799403,0.739144,0.694609,0.287715,0.609158,-0.25232,0,0,0,0,0,0,0,-0.00250062,0.00254682,-0.00387955,-0.00444476,1.4958,9.91613,2.03896,6.10545,-4.41326,-1.3819,-1.97721,0.788109,0,0,-12,0,0,0,0,0,6.20095,0,0,0,
0.492644,0.120926,0.84312,0.654518,0.466217,-0.509812,-0.307147,0,0,0,0,0,0,0.424742,0.396174,0.67933,0.0490537,0.976499,-0.208644,0.0226022,-0.178981,0.0799403,0.739144,0.694609,0.287715,0.609158,-0.25232,0,0,0,0,0,0,0,-0.00463731,0.00245716,-0.00393831,-0.00341983,1.61162,9.91634,2.0816,6.09457,-4.43209,-1.39027,-1.95278,0.78026,0,0,-12,0,0,0,0,0,6.20095,0,0,0,
0.492644,0.120926,0.84312,0.654518,0.466217,-0.509812,-0.307147,1.68692e-06,3.4893e-07,-1.12974e-07,-1.25535e-07,2.17263e-06,4.83587e-06,0.424742,0.396174,0.67933,0.0490537,0.976499,-0.208644,0.0226022,-0.178981,0.0799403,0.739144,0.694609,0.287715,0.609158,-0.25232,0,0,0,0,0,0,0,0.0011964,0.0024577,-0.00393613,-0.00342428,1.17938,9.91542,1.92952,6.13386,-4.36267,-1.35862,-2.04343,0.809506,0,0,-12,0,0,0,0,0,6.20095,0,0,0,
0.492644,0.120926,0.84312,0.654518,0.466217,-0.509812,-0.307147,-1.68562e-06,-3.48662e-07,1.12887e-07,1.25439e-07,-2.17097e-06,-4.83216e-06,0.424742,0.396174,0.67933,0.049054,0.976499,-0.208644,0.0226023,-0.178981,0.0799403,0.739144,0.694609,0.287715,0.609158,-0.25232,0,0,0,0,0,0,0,-2.92093e-05,0.00236603,-0.00399657,-0.002372,1.23141,9.9155,1.94955,6.12881,-4.37124,-1.36231,-2.03238,0.805974,0,0,-12,0,0,0,0,0,6.20095,0,0,0,
0.492644,0.120926,0.84312,0.654518,0.466217,-0.509812,-0.307147,-1.68562e-06,-3.48662e-07,1.12887e-07,1.25439e-07,-2.17097e-06,-4.83216e-06,0.424742,0.396174,0.67933,0.049054,0.976499,-0.208644,0.0226023,-0.178981,0.0799403,0.739144,0.694609,0.287715,0.609158,-0.25232,0,0,0,0,0,0,0,0.000419839,0.00245749,-0.00394047,-0.00340512,1.28823,9.91569,1.96557,6.12444,-4.37993,-1.36653,-2.02064,0.802153,0,0,-12,0,0,0,0,0,6.20095,0,0,0,
0.492644,0.120926,0.84312,0.654518,0.466217,-0.509812,-0.307147,1.68309e-06,3.4814e-07,-1.12718e-07,-1.25251e-07,2.16771e-06,4.82491e-06,0.424742,0.396174,0.67933,0.0490537,0.976499,-0.208644,0.0226022,-0.178981,0.0799403,0.739144,0.694609,0.287715,0.609158,-0.25232,0,0,0,0,0,0,0,0.00515323,0.00254979,-0.00388177,-0.00445432,1.17065,9.91561,1.91396,6.13725,-4.36001,-1.35784,-2.0456,0.810163,0,0,-12,0,0,0,0,0,6.20095,0,0,0,
0.492644,0.120926,0.84312,0.654518,0.466217,-0.509812,-0.307147,-1.68309e-06,-3.48139e-07,1.12718e-07,1.25251e-07,-2.16771e-06,-4.82491e-06,0.424742,0.396174,0.67933,0.049054,0.976499,-0.208644,0.0226023,-0.178981,0.0799403,0.739144,0.694609,0.287715,0.609158,-0.25232,0,0,0,0,0,0,0,0.000534006,0.0023683,-0.00400101,-0.00238048,1.3682,9.91592,1.98986,6.11804,-4.39245,-1.37216,-2.00384,0.796757,0,0,-12,0,0,0,0,0,6.20095,0,0,0,
0.492644,0.120926,0.84312,0.654518,0.466217,-0.509812,-0.307147,0,0,0,0,0,0,0.424742,0.396174,0.67933,0.0490537,0.976499,-0.208644,0.0226022,-0.178981,0.0799403,0.739144,0.694609,0.287715,0.609158,-0.25232,0,0,0,0,0,0,0,-0.000848022,0.00255108,-0.00388294,-0.00445901,1.08748,9.91507,1.90783,6.13992,-4.3489,-1.35228,-2.06261,0.815676,0,0,-12,0,0,0,0,0,6.20095,0,0,0,
0.492644,0.120926,0.84312,0.654518,0.466217,-0.509812,-0.307147,0,0,0,0,0,0,0.424742,0.396174,0.67933,0.049054,0.976499,-0.208644,0.0226023,-0.178981,0.0799403,0.739144,0.694609,0.287715,0.609158,-0.25232,0,0,0,0,0,0,0,0.00429947,0.0023731,-0.00399837,-0.00242725,0.995956,9.91506,1.86297,6.15101,-4.33306,-1.34499,-2.08183,0.821924,0,0,-12,0,0,0,0,0,6.20095,0,0,0,
0.492644,0.120926,0.84312,0.654518,0.466217,-0.509812,-0.307147,-1.68183e-06,-3.47876e-07,1.12633e-07,1.25157e-07,-2.16607e-06,-4.82127e-06,0.424742,0.396174,0.67933,0.049054,0.976499,-0.208644,0.0226023,-0.178981,0.0799403,0.739144,0.694609,0.287715,0.609158,-0.25232,0,0,0,0,0,0,0,0.000731257,0.0024602,-0.00394335,-0.00341183,0.912992,9.91465,1.84899,6.15529,-4.32117,-1.3394,-2.09905,0.827466,0,0,-12,0,0,0,0,0,6.20095,0,0,0,
0.492644,0.120926,0.84312,0.654518,0.466217,-0.509812,-0.307147,0,0,0,0,0,0,0.424742,0.396174,0.67933,0.0490537,0.976499,-0.208644,0.0226022,-0.178981,0.0799403,0.739144,0.694609,0.287715,0.609158,-0.25232,0,0,0,0,0,0,0,0.0027379,0.00255217,-0.00388529,-0.00445594,0.950374,9.91487,1.85396,6.15358,-4.32633,-1.34211,-2.09147,0.824981,0,0,-12,0,0,0,0,0,6.20095,0,0,0,
0.492644,0.120926,0.84312,0.654518,0.466217,-0.509812,-0.307147,1.68309e-06,3.4814e-07,-1.12718e-07,-1.25251e-07,2.16771e-06,4.82491e-06,0.424742,0.396174,0.67933,0.0490537,0.976499,-0.208644,0.0226022,-0.178981,0.0799403,0.739144,0.694609,0.287715,0.609158,-0.25232,0,0,0,0,0,0,0,0.00651246,0.00246253,-0.00394545,-0.00343143,1.05974,9.91537,1.87541,6.14728,-4.34229,-1.34958,-2.06875,0.817662,0,0,-12,0,0,0,0,0,6.20095,0,0,0,
0.492644,0.120926,0.84312,0.654518,0.466217,-0.509812,-0.307147,0,0,0,0,0,0,0.424742,0.396174,0.67933,0.049054,0.976499,-0.208644,0.0226023,-0.178981,0.0799403,0.739144,0.694609,0.287715,0.609158,-0.25232,0,0,0,0,0,0,0,0.00346005,0.00237122,-0.00400686,-0.00238344,1.09922,9.91531,1.89751,6.142,-4.34947,-1.35251,-2.06021,0.814947,0,0,-12,0,0,0,0,0,6.20095,0,0,0,
0.492644,0.120926,0.84312,0.654518,0.466217,-0.509812,-0.307147,0,0,0,0,0,0,0.424742,0.396174,0.67933,0.0490537,0.976499,-0.208644,0.0226022,-0.178981,0.0799403,0.739144,0.694609,0.287715,0.609158,-0.25232,0,0,0,0,0,0,0,0.00113339,0.00255324,-0.00388731,-0.00445338,0.787302,9.91433,1.80895,6.16579,-4.30135,-1.33044,-2.12544,0.835954,0,0,-12,0,0,0,0,0,6.20095,0,0,0,
0.492644,0.120926,0.84312,0.654518,0.466217,-0.509812,-0.307147,0,0,0,0,0,0,0.424742,0.396174,0.67933,0.049054,0.976499,-0.208644,0.0226023,-0.178981,0.0799403,0.739144,0.694609,0.287715,0.609158,-0.25232,0,0,0,0,0,0,0,0.000620961,0.00237145,-0.00400715,-0.00237845,0.73635,9.91414,1.79496,6.16968,-4.29364,-1.3265,-2.13584,0.839375,0,0,-12,0,0,0,0,0,6.20095,0,0,0,
0.492644,0.120926,0.84312,0.654518,0.466217,-0.509812,-0.307147,0,0,0,0,0,0,0.424742,0.396174,0.67933,0.0490537,0.976499,-0.208644,0.0226022,-0.178981,0.0799403,0.739144,0.694609,0.287715,0.609158,-0.25232,0,0,0,0,0,0,0,0.00210219,0.00255562,-0.00388642,-0.00447205,0.530336,9.91365,1.72665,6.18743,-4.26087,-1.31181,-2.17919,0.853301,0,0,-12,0,0,0,0,0,6.20095,0,0,0,
0.492644,0.120926,0.84312,0.654518,0.466217,-0.509812,-0.307147,0,0,0,0,0,0,0.424742,0.396174,0.67933,0.0490537,0.976499,-0.208644,0.0226022,-0.178981,0.0799403,0.739144,0.694609,0.287715,0.609158,-0.25232,0,0,0,0,0,0,0,0.00376906,0.00246519,-0.00394978,-0.00343629,0.894721,9.91476,1.8335,6.15887,-4.31735,-1.33786,-2.10306,0.828748,0,0,-12,0,0,0,0,0,6.20095,0,0,0,
0.492644,0.120926,0.84312,0.654518,0.466217,-0.509812,-0.307147,0,0,0,0,0,0,0.424742,0.396174,0.67933,0.049054,0.976499,-0.208644,0.0226023,-0.178981,0.0799403,0.739144,0.694609,0.287715,0.609158,-0.25232,0,0,0,0,0,0,0,-0.00415726,0.00237301,-0.00401003,-0.00238125,0.617304,9.91356,1.77382,6.17612,-4.27654,-1.31825,-2.16042,0.847328,0,0,-12,0,0,0,0,0,6.20095,0,0,0,
0.492644,0.120926,0.84312,0.654518,0.466217,-0.509812,-0.307147,-1.68564e-06,-3.48665e-07,1.12888e-07,1.2544e-07,-2.17099e-06,-4.83221e-06,0.424742,0.396174,0.67933,0.049054,0.976499,-0.208644,0.0226023,-0.178981,0.0799403,0.739144,0.694609,0.287715,0.609158,-0.25232,0,0,0,0,0,0,0,-0.0016283,0.00246498,-0.00395098,-0.00342072,0.596253,9.91364,1.7591,6.17954,-4.2724,-1.3167,-2.16508,0.848792,0,0,-12,0,0,0,0,0,6.20095,0,0,0,
0.492644,0.120926,0.84312,0.654518,0.466217,-0.509812,-0.307147,-1.68311e-06,-3.48142e-07,1.12719e-07,1.25252e-07,-2.16773e-06,-4.82496e-06,0.424742,0.396174,0.67933,0.049054,0.976499,-0.208644,0.0226023,-0.178981,0.0799403,0.739144,0.694609,0.287715,0.609158,-0.25232,0,0,0,0,0,0,0,0.0041796,0.00246551,-0.00395173,-0.00342179,0.549856,9.91381,1.72595,6.18731,-4.26331,-1.31292,-2.17512,0.852015,0,0,-12,0,0,0,0,0,6.20095,0,0,0,
0.492644,0.120926,0.84312,0.654518,0.466217,-0.509812,-0.307147,1.68437e-06,3.48403e-07,-1.12804e-07,-1.25346e-07,2.16935e-06,4.82856e-06,0.424742,0.396174,0.67933,0.0490537,0.976499,-0.208644,0.0226022,-0.178981,0.0799403,0.739144,0.694609,0.287715,0.609158,-0.25232,0,0,0,0,0,0,0,-0.000787529,0.00255948,-0.00389138,-0.00448819,0.649351,9.91384,1.7727,6.17574,-4.28039,-1.32062,-2.15415,0.845228,0,0,-12,0,0,0,0,0,6.20095,0,0,0,
0.492644,0.120926,0.84312,0.654518,0.466217,-0.509812,-0.307147,0,0,0,0,0,0,0.424742,0.396174,0.67933,0.0490537,0.976499,-0.208644,0.0226022,-0.178981,0.0799403,0.739144,0.694609,0.287715,0.609158,-0.25232,0,0,0,0,0,0,0,-0.00198112,0.00246783,-0.00395072,-0.00344489,0.297565,9.91278,1.66825,6.20368,-4.22581,-1.29515,-2.22746,0.868933,0,0,-12,0,0,0,0,0,6.20095,0,0,0,
0.492644,0.120926,0.84312,0.654518,0.466217,-0.509812,-0.307147,0,0,0,0,0,0,0.424742,0.396174,0.67933,0.049054,0.976499,-0.208644,0.0226023,-0.178981,0.0799403,0.739144,0.694609,0.287715,0.609158,-0.25232,0,0,0,0,0,0,0,-0.00161886,0.00237452,-0.00401659,-0.00237243,0.565137,9.91355,1.74951,6.18213,-4.26758,-1.3143,-2.17147,0.850888,0,0,-12,0,0,0,0,0,6.20095,0,0,0,
0.492644,0.120926,0.84312,0.654518,0.466217,-0.509812,-0.307147,1.68309e-06,3.4814e-07,-1.12718e-07,-1.25251e-07,2.16771e-06,4.82491e-06,0.424742,0.396174,0.67933,0.0490537,0.976499,-0.208644,0.0226022,-0.178981,0.0799403,0.739144,0.694609,0.287715,0.609158,-0.25232,0,0,0,0,0,0,0,-0.000460517,0.00255991,-0.00389493,-0.00447733,0.635377,9.91382,1.76733,6.17711,-4.2781,-1.31959,-2.15709,0.846176,0,0,-12,0,0,0,0,0,6.20095,0,0,0,
0.492644,0.120926,0.84312,0.654518,0.466217,-0.509812,-0.307147,0,0,0,0,0,0,0.424742,0.396174,0.67933,0.0490537,0.976499,-0.208644,0.0226022,-0.178981,0.0799403,0.739144,0.694609,0.287715,0.609158,-0.25232,0,0,0,0,0,0,0,-0.000288236,0.00246941,-0.00395401,-0.00344696,0.297614,9.91287,1.66277,6.20484,-4.22529,-1.29503,-2.22755,0.868957,0,0,-12,0,0,0,0,0,6.20095,0,0,0,
0.492644,0.120926,0.84312,0.654518,0.466217,-0.509812,-0.307147,-1.68309e-06,-3.48139e-07,1.12718e-07,1.25251e-07,-2.16771e-06,-4.82491e-06,0.424742,0.396174,0.67933,0.049054,0.976499,-0.208644,0.0226023,-0.178981,0.0799403,0.739144,0.694609,0.287715,0.609158,-0.25232,0,0,0,0,0,0,0,0.00239376,0.00237735,-0.00401752,-0.00239085,0.31294,9.91305,1.6588,6.20547,-4.22689,-1.29578,-2.2244,0.867963,0,0,-12,0,0,0,0,0,6.20095,0,0,0,
0.492644,0.120926,0.84312,0.654518,0.466217,-0.509812,-0.307147,1.68309e-06,3.4814e-07,-1.12718e-07,-1.25251e-07,2.16771e-06,4.82491e-06,0.424742,0.396174,0.67933,0.0490537,0.976499,-0.208644,0.0226022,-0.178981,0.0799403,0.739144,0.694609,0.287715,0.609158,-0.25232,0,0,0,0,0,0,0,0.00232209,0.00256133,-0.00389424,-0.00448164,0.149285,9.9126,1.60858,6.2187,-4.20123,-1.28427,-2.2588,0.879006,0,0,-12,0,0,0,0,0,6.20095,0,0,0,
0.492644,0.120926,0.84312,0.654518,0.466217,-0.509812,-0.307147,1.68309e-06,3.4814e-07,-1.12718e-07,-1.25251e-07,2.16771e-06,4.82491e-06,0.424742,0.396174,0.67933,0.0490537,0.976499,-0.208644,0.0226022,-0.178981,0.0799403,0.739144,0.694609,0.287715,0.609158,-0.25232,0,0,0,0,0,0,0,-0.000134101,0.002471,-0.0039552,-0.00345145,0.0169086,9.91209,1.57581,6.22786,-4.18135,-1.27474,-2.2862,0.887892,0,0,-12,0,0,0,0,0,6.20095,0,0,0,
0.492644,0.120926,0.84312,0.654518,0.466217,-0.509812,-0.307147,-1.68564e-06,-3.48665e-07,1.12888e-07,1.2544e-07,-2.17099e-06,-4.83221e-06,0.424742,0.396174,0.67933,0.049054,0.976499,-0.208644,0.0226023,-0.178981,0.0799403,0.739144,0.694609,0.287715,0.609158,-0.25232,0,0,0,0,0,0,0,0.000471365,0.00238087,-0.00401883,-0.00241606,0.155016,9.91251,1.6164,6.21704,-4.2028,-1.28452,-2.25728,0.878584,0,0,-12,0,0,0,0,0,6.20095,0,0,0,
0.492644,0.120926,0.84312,0.654518,0.466217,-0.509812,-0.307147,0,0,0,0,0,0,0.424742,0.396174,0.67933,0.0490537,0.976499,-0.208644,0.0226022,-0.178981,0.0799403,0.739144,0.694609,0.287715,0.609158,-0.25232,0,0,0,0,0,0,0,0.0017919,0.00256391,-0.00389744,-0.00449376,0.270042,9.91291,1.6475,6.20848,-4.22027,-1.29303,-2.23355,0.870853,0,0,-12,0,0,0,0,0,6.20095,0,0,0,
0.492644,0.120926,0.84312,0.654518,0.466217,-0.509812,-0.307147,1.68564e-06,3.48666e-07,-1.12889e-07,-1.2544e-07,2.17099e-06,4.83221e-06,0.424742,0.396174,0.67933,0.0490537,0.976499,-0.208644,0.0226022,-0.178981,0.0799403,0.739144,0.694609,0.287715,0.609158,-0.25232,0,0,0,0,0,0,0,0.00400502,0.0024726,-0.00395965,-0.00345229,0.161921,9.91272,1.60703,6.21886,-4.20272,-1.28491,-2.25616,0.878178,0,0,-12,0,0,0,0,0,6.20095,0,0,0,
0.492644,0.120926,0.84312,0.654518,0.466217,-0.509812,-0.307147,0,0,0,0,0,0,0.424742,0.396174,0.67933,0.049054,0.976499,-0.208644,0.0226023,-0.178981,0.0799403,0.739144,0.694609,0.287715,0.609158,-0.25232,0,0,0,0,0,0,0,0.000944236,0.00237989,-0.00402455,-0.00238861,0.197118,9.91265,1.62784,6.21393,-4.20924,-1.28752,-2.24851,0.875752,0,0,-12,0,0,0,0,0,6.20095,0,0,0,
0.492644,0.120926,0.84312,0.654518,0.466217,-0.509812,-0.307147,0,0,0,0,0,0,0.424742,0.396174,0.67933,0.0490537,0.976499,-0.208644,0.0226022,-0.178981,0.0799403,0.739144,0.694609,0.287715,0.609158,-0.25232,0,0,0,0,0,0,0,0.000234806,0.00256321,-0.00390326,-0.00446829,0.443731,9.91332,1.70605,6.19323,-4.24792,-1.30569,-2.19716,0.859114,0,0,-12,0,0,0,0,0,6.20095,0,0,0,
0.492644,0.120926,0.84312,0.654518,0.466217,-0.509812,-0.307147,1.68564e-06,3.48666e-07,-1.12889e-07,-1.2544e-07,2.17099e-06,4.83221e-06,0.424742,0.396174,0.67933,0.0490537,0.976499,-0.208644,0.0226022,-0.178981,0.0799403,0.739144,0.694609,0.287715,0.609158,-0.25232,0,0,0,0,0,0,0,0.000741217,0.00247422,-0.0039623,-0.00345521,0.0767394,9.91231,1.5914,6.22358,-4.19043,-1.27899,-2.27376,0.883871,0,0,-12,0,0,0,0,0,6.20095,0,0,0,
0.492644,0.120926,0.84312,0.654518,0.466217,-0.509812,-0.307147,1.68437e-06,3.48403e-07,-1.12804e-07,-1.25346e-07,2.16935e-06,4.82856e-06,0.424742,0.396174,0.67933,0.0490537,0.976499,-0.208644,0.0226022,-0.178981,0.0799403,0.739144,0.694609,0.287715,0.609158,-0.25232,0,0,0,0,0,0,0,0.000241781,0.00247477,-0.00396264,-0.00345683,-0.0259146,9.912,1.5614,6.23162,-4.17454,-1.27161,-2.29517,0.890787,0,0,-12,0,0,0,0,0,6.20095,0,0,0,
0.492644,0.120926,0.84312,0.654518,0.466217,-0.509812,-0.307147,0,0,0,0,0,0,0.424742,0.396174,0.67933,0.0490537,0.976499,-0.208644,0.0226022,-0.178981,0.0799403,0.739144,0.694609,0.287715,0.609158,-0.25232,0,0,0,0,0,0,0,-0.0016293,0.00247529,-0.00396444,-0.00345675,0.0650041,9.91216,1.59548,6.22291,-4.18935,-1.27832,-2.27607,0.884625,0,0,-12,0,0,0,0,0,6.20095,0,0,0,
0.492644,0.120926,0.84312,0.654518,0.466217,-0.509812,-0.307147,1.68437e-06,3.48403e-07,-1.12804e-07,-1.25346e-07,2.16935e-06,4.82856e-06,0.424742,0.396174,0.67933,0.0490537,0.976499,-0.208644,0.0226022,-0.178981,0.0799403,0.739144,0.694609,0.287715,0.609158,-0.25232,0,0,0,0,0,0,0,0.00182357,0.00247584,-0.00396493,-0.00345819,-0.0163923,9.91211,1.5592,6.23193,-4.17553,-1.27219,-2.29328,0.89017,0,0,-12,0,0,0,0,0,6.20095,0,0,0,
0.492644,0.120926,0.84312,0.654518,0.466217,-0.509812,-0.307147,-1.68437e-06,-3.48402e-07,1.12803e-07,1.25346e-07,-2.16935e-06,-4.82856e-06,0.424742,0.396174,0.67933,0.049054,0.976499,-0.208644,0.0226023,-0.178981,0.0799403,0.739144,0.694609,0.287715,0.609158,-0.25232,0,0,0,0,0,0,0,0.00199145,0.00238534,-0.00402915,-0.00241943,0.0295204,9.91224,1.57282,6.22834,-4.18271,-1.27534,-2.28359,0.887074,0,0,-12,0,0,0,0,0,6.20095,0,0,0,
0.492644,0.120926,0.84312,0.654518,0.466217,-0.509812,-0.307147,0,0,0,0,0,0,0.424742,0.396174,0.67933,0.0490537,0.976499,-0.208644,0.0226022,-0.178981,0.0799403,0.739144,0.694609,0.287715,0.609158,-0.25232,0,0,0,0,0,0,0,-0.000810905,0.00256532,-0.00390635,-0.00446377,-0.0375049,9.91192,1.56123,6.23181,-4.17302,-1.271,-2.29763,0.891555,0,0,-12,0,0,0,0,0,6.20095,0,0,0,
0.492644,0.120926,0.84312,0.654518,0.466217,-0.509812,-0.307147,1.68437e-06,3.48403e-07,-1.12804e-07,-1.25346e-07,2.16935e-06,4.82856e-06,0.424742,0.396174,0.67933,0.0490537,0.976499,-0.208644,0.0226022,-0.178981,0.0799403,0.739144,0.694609,0.287715,0.609158,-0.25232,0,0,0,0,0,0,0,0.00168316,0.00247745,-0.00396756,-0.00346112,-0.103227,9.91186,1.53291,6.23892,-4.162,-1.26592,-2.31141,0.896025,0,0,-12,0,0,0,0,0,6.20095,0,0,0,
0.492644,0.120926,0.84312,0.654518,0.466217,-0.509812,-0.307147,0,0,0,0,0,0,0.424742,0.396174,0.67933,0.049054,0.976499,-0.208644,0.0226023,-0.178981,0.0799403,0.739144,0.694609,0.287715,0.609158,-0.25232,0,0,0,0,0,0,0,-0.00232217,0.00238613,-0.00403202,-0.00241387,-0.141943,9.91153,1.53402,6.23938,-4.15726,-1.26327,-2.31915,0.898569,0,0,-12,0,0,0,0,0,6.20095,0,0,0,
0.492644,0.120926,0.84312,0.654518,0.466217,-0.509812,-0.307147,0,0,0,0,0,0,0.424742,0.396174,0.67933,0.0490537,0.976499,-0.208644,0.0226022,-0.178981,0.0799403,0.739144,0.694609,0.287715,0.609158,-0.25232,0,0,0,0,0,0,0,-0.00358404,0.00256966,-0.00390727,-0.00449733,-0.0502969,9.91174,1.5663,6.23095,-4.17189,-1.27029,-2.30014,0.892374,0,0,-12,0,0,0,0,0,6.20095,0,0,0,
0.492645,0.120926,0.84312,0.654518,0.466217,-0.509812,-0.307147,2.60664e-06,2.77734e-06,-4.65875e-07,2.20073e-07,2.80133e-06,1.00784e-05,0.424742,0.396174,0.67933,0.0490534,0.976499,-0.208644,0.0226022,-0.178981,0.0799403,0.739144,0.694609,0.287715,0.609158,-0.25232,0,0,0,0,0,0,0,0.00182168,0.00271227,-0.00410573,-0.00371114,-0.0660364,9.91232,1.54418,6.23626,-4.1678,-1.26863,-2.30368,0.893488,0,0,-12,0,0,0,0,0,6.20095,0,0,0,
0.492644,0.120926,0.84312,0.654518,0.466217,-0.509812,-0.307147,-7.63964e-07,2.08184e-06,-2.40363e-07,4.71218e-07,-1.54019e-06,4.17914e-07,0.424742,0.396174,0.67933,0.0490537,0.976499,-0.208644,0.0226023,-0.178981,0.0799403,0.739144,0.694609,0.287715,0.609158,-0.25232,0,0,0,0,0,0,0,0.00138511,0.002392,-0.00403601,-0.00243457,-0.304715,9.91127,1.47185,6.25521,-4.13064,-1.25124,-2.35338,0.909609,0,0,-12,0,0,0,0,0,6.20095,0,0,0,
0.492644,0.120926,0.84312,0.654518,0.466217,-0.509812,-0.307147,-1.68692e-06,-3.48929e-07,1.12974e-07,1.25535e-07,-2.17263e-06,-4.83587e-06,0.424742,0.396174,0.67933,0.049054,0.976499,-0.208644,0.0226023,-0.178981,0.0799403,0.739144,0.694609,0.287715,0.609158,-0.25232,0,0,0,0,0,0,0,0.00458039,0.00225847,-0.00384557,-0.00321428,-0.38639,9.91088,1.43604,6.26376,-4.11679,-1.24522,-2.37071,0.915201,0,0,-12,0,0,0,0,0,6.20095,0,0,0,
0.492644,0.120926,0.84312,0.654518,0.466217,-0.509812,-0.307147,0,0,0,0,0,0,0.424742,0.396174,0.67933,0.049054,0.976499,-0.208644,0.0226023,-0.178981,0.0799403,0.739144,0.694609,0.287715,0.609158,-0.25232,0,0,0,0,0,0,0,0.00466556,0.0024794,-0.00397477,-0.00344671,-0.190558,9.91177,1.49633,6.2481,-4.14741,-1.25939,-2.32983,0.901964,0,0,-12,0,0,0,0,0,6.20095,0,0,0,
0.492644,0.120926,0.84312,0.654518,0.466217,-0.509812,-0.307147,0,0,0,0,0,0,0.424742,0.396174,0.67933,0.049054,0.976499,-0.208644,0.0226023,-0.178981,0.0799403,0.739144,0.694609,0.287715,0.609158,-0.25232,0,0,0,0,0,0,0,0.00433781,0.00247994,-0.00397504,-0.00344839,-0.299105,9.91144,1.46396,6.25674,-4.13054,-1.25158,-2.35249,0.909279,0,0,-12,0,0,0,0,0,6.20095,0,0,0,
0.492644,0.120926,0.84312,0.654518,0.466217,-0.509812,-0.307147,-1.68564e-06,-3.48665e-07,1.12888e-07,1.2544e-07,-2.17099e-06,-4.83221e-06,0.424742,0.396174,0.67933,0.049054,0.976499,-0.208644,0.0226023,-0.178981,0.0799403,0.739144,0.694609,0.287715,0.609158,-0.25232,0,0,0,0,0,0,0,0.000804078,0.00248049,-0.00397648,-0.00344875,-0.255364,9.91139,1.48891,6.25074,-4.1385,-1.255,-2.34314,0.906273,0,0,-12,0,0,0,0,0,6.20095,0,0,0,
0.492644,0.120926,0.84312,0.654518,0.466217,-0.509812,-0.307147,-1.68564e-06,-3.48665e-07,1.12888e-07,1.2544e-07,-2.17099e-06,-4.83221e-06,0.424742,0.396174,0.67933,0.049054,0.976499,-0.208644,0.0226023,-0.178981,0.0799403,0.739144,0.694609,0.287715,0.609158,-0.25232,0,0,0,0,0,0,0,0.0026198,0.00248102,-0.00397676,-0.00345041,-0.361144,9.91118,1.45044,6.26063,-4.12139,-1.24722,-2.36535,0.913436,0,0,-12,0,0,0,0,0,6.20095,0,0,0,
0.492644,0.120926,0.84312,0.654518,0.466217,-0.509812,-0.307147,0,0,0,0,0,0,0.424742,0.396174,0.67933,0.0490537,0.976499,-0.208644,0.0226022,-0.178981,0.0799403,0.739144,0.694609,0.287715,0.609158,-0.25232,0,0,0,0,0,0,0,-0.000428066,0.00256832,-0.00391785,-0.0044401,-0.229148,9.9114,1.50097,6.24772,-4.14294,-1.25712,-2.33769,0.904488,0,0,-12,0,0,0,0,0,6.20095,0,0,0,
0.492644,0.120926,0.84312,0.654518,0.466217,-0.509812,-0.307147,-2.60466e-06,-2.77526e-06,4.65525e-07,-2.19912e-07,-2.7992e-06,-1.00708e-05,0.424742,0.396174,0.67933,0.049054,0.976499,-0.208644,0.0226023,-0.178981,0.0799403,0.739144,0.694609,0.287715,0.609158,-0.25232,0,0,0,0,0,0,0,-0.000250716,0.00239324,-0.00404045,-0.00244341,-0.465089,9.91074,1.42777,6.26718,-4.10609,-1.23978,-2.38678,0.920399,0,0,-12,0,0,0,0,0,6.20095,0,0,0,
0.492644,0.120926,0.84312,0.654518,0.466217,-0.509812,-0.307147,-9.21567e-07,-2.42712e-06,3.52807e-07,-3.45163e-07,-6.31488e-07,-5.24589e-06,0.424742,0.396174,0.67933,0.049054,0.976499,-0.208644,0.0226023,-0.178981,0.0799403,0.739144,0.694609,0.287715,0.609158,-0.25232,0,0,0,0,0,0,0,0.00130234,0.00248265,-0.00397812,-0.00345485,-0.615845,9.9104,1.37627,6.28052,-4.08198,-1.22892,-2.41848,0.930594,0,0,-12,0,0,0,0,0,6.20095,0,0,0,
0.492644,0.120926,0.84312,0.654518,0.466217,-0.509812,-0.307147,1.68311e-06,3.48143e-07,-1.12719e-07,-1.25252e-07,2.16773e-06,4.82496e-06,0.424742,0.396174,0.67933,0.0490537,0.976499,-0.208644,0.0226022,-0.178981,0.0799403,0.739144,0.694609,0.287715,0.609158,-0.25232,0,0,0,0,0,0,0,-0.000199941,0.00257602,-0.00391347,-0.00451499,-0.622749,9.91031,1.379,6.28001,-4.08133,-1.22868,-2.41994,0.931038,0,0,-12,0,0,0,0,0,6.20095,0,0,0,
0.492644,0.120926,0.84312,0.654518,0.466217,-0.509812,-0.307147,1.68311e-06,3.48143e-07,-1.12719e-07,-1.25252e-07,2.16773e-06,4.82496e-06,0.424742,0.396174,0.67933,0.0490537,0.976499,-0.208644,0.0226022,-0.178981,0.0799403,0.739144,0.694609,0.287715,0.609158,-0.25232,0,0,0,0,0,0,0,0.00440116,0.00248498,-0.00398054,-0.00347403,-0.409525,9.91114,1.42975,6.2658,-4.11326,-1.2436,-2.37556,0.916729,0,0,-12,0,0,0,0,0,6.20095,0,0,0,
0.492644,0.120926,0.84312,0.654518,0.466217,-0.509812,-0.307147,0,0,0,0,0,0,0.424742,0.396174,0.67933,0.0490537,0.976499,-0.208644,0.0226022,-0.178981,0.0799403,0.739144,0.694609,0.287715,0.609158,-0.25232,0,0,0,0,0,0,0,0.00501575,0.00248553,-0.00398093,-0.0034756,-0.501898,9.91091,1.39931,6.27376,-4.09862,-1.23688,-2.3949,0.922969,0,0,-12,0,0,0,0,0,6.20095,0,0,0,
0.492644,0.120926,0.84312,0.654518,0.466217,-0.509812,-0.307147,1.68437e-06,3.48403e-07,-1.12804e-07,-1.25346e-07,2.16935e-06,4.82856e-06,0.424742,0.396174,0.67933,0.0490537,0.976499,-0.208644,0.0226022,-0.178981,0.0799403,0.739144,0.694609,0.287715,0.609158,-0.25232,0,0,0,0,0,0,0,0.00163699,0.00248605,-0.0039806,-0.0034779,-0.682887,9.91023,1.35453,6.28622,-4.07139,-1.22405,-2.4325,0.935122,0,0,-12,0,0,0,0,0,6.20095,0,0,0,
0.492644,0.120926,0.84312,0.654518,0.466217,-0.509812,-0.307147,2.09833e-06,-5.01092e-07,-2.45203e-06,3.58392e-06,5.87862e-06,4.13792e-06,0.424742,0.396174,0.67933,0.0490537,0.976499,-0.208644,0.022602,-0.178981,0.0799403,0.739144,0.694609,0.287715,0.609158,-0.25232,0,0,0,0,0,0,0,0.00185047,0.00401553,-0.00541484,-0.00492328,-0.579021,9.91286,1.38764,6.27979,-4.08779,-1.23171,-2.41095,0.928023,0,0,-12,0,0,0,0,0,6.20098,0,0,0,
0.492644,0.120926,0.84312,0.654518,0.466217,-0.509812,-0.307147,4.13984e-07,-8.495e-07,-2.33925e-06,3.7093e-06,3.70934e-06,-6.906e-07,0.424742,0.396174,0.67933,0.0490537,0.976499,-0.208644,0.022602,-0.178981,0.0799403,0.739144,0.694609,0.287715,0.609158,-0.25232,0,0,0,0,0,0,0,0.0013102,0.0025082,-0.00401127,-0.0035041,-0.421488,9.91099,1.43612,6.26467,-4.11236,-1.24296,-2.37787,0.917492,0,0,-12,0,0,0,0,0,6.20098,0,0,0,
0.492644,0.120926,0.84312,0.654518,0.466217,-0.509812,-0.307147,2.09866e-06,-5.0173e-07,-2.4538e-06,3.58672e-06,5.88145e-06,4.13745e-06,0.424742,0.396174,0.67933,0.0490537,0.976499,-0.208644,0.022602,-0.178981,0.0799403,0.739144,0.694609,0.287715,0.609158,-0.25232,0,0,0,0,0,0,0,0.00360937,0.00250874,-0.00400977,-0.00350776,-0.751485,9.91018,1.32702,6.29319,-4.06005,-1.21896,-2.44695,0.939786,0,0,-12,0,0,0,0,0,6.20098,0,0,0,
0.492644,0.120926,0.84312,0.654518,0.466217,-0.509812,-0.307147,4.14297e-07,-8.50142e-07,-2.34102e-06,3.7121e-06,3.71214e-06,-6.91122e-07,0.424742,0.396174,0.67933,0.049054,0.976499,-0.208644,0.0226021,-0.178981,0.0799403,0.739144,0.694609,0.287715,0.609158,-0.25232,0,0,0,0,0,0,0,0.0014314,0.00241784,-0.00407536,-0.00246603,-0.866555,9.90973,1.29867,6.30113,-4.0428,-1.21065,-2.47075,0.94751,0,0,-12,0,0,0,0,0,6.20098,0,0,0,
0.492644,0.120926,0.84312,0.654518,0.466217,-0.509812,-0.307147,4.14297e-07,-8.50142e-07,-2.34102e-06,3.7121e-06,3.71214e-06,-6.91122e-07,0.424742,0.396174,0.67933,0.0490537,0.976499,-0.208644,0.022602,-0.178981,0.0799403,0.739144,0.694609,0.287715,0.609158,-0.25232,0,0,0,0,0,0,0,0.00141993,0.00259681,-0.00394914,-0.0044979,-0.879062,9.90971,1.29481,6.30206,-4.04075,-1.21004,-2.47358,0.948358,0,0,-12,0,0,0,0,0,6.20098,0,0,0,
0.492644,0.120926,0.84312,0.654518,0.466217,-0.509812,-0.307147,-1.27262e-06,-1.19906e-06,-2.22802e-06,3.8376e-06,1.53947e-06,-5.52698e-06,0.424742,0.396174,0.67933,0.049054,0.976499,-0.208644,0.0226021,-0.178981,0.0799403,0.739144,0.694609,0.287715,0.609158,-0.25232,0,0,0,0,0,0,0,0.00167354,0.00242432,-0.00407501,-0.00252718,-0.746647,9.91009,1.33482,6.29151,-4.06146,-1.21931,-2.44572,0.939427,0,0,-12,0,0,0,0,0,6.20098,0,0,0,
0.492644,0.120926,0.84312,0.654518,0.466217,-0.509812,-0.307147,-1.272e-06,-1.20035e-06,-2.23156e-06,3.84322e-06,1.54509e-06,-5.52803e-06,0.424742,0.396174,0.67933,0.049054,0.976499,-0.208644,0.0226021,-0.178981,0.0799403,0.739144,0.694609,0.287715,0.609158,-0.25232,0,0,0,0,0,0,0,0.00304224,0.00250969,-0.0040149,-0.00349204,-0.83948,9.9099,1.30176,6.29999,-4.04647,-1.21264,-2.4653,0.945712,0,0,-12,0,0,0,0,0,6.20098,0,0,0,
0.492644,0.120926,0.84312,0.654518,0.466217,-0.509812,-0.307147,4.1492e-07,-8.5142e-07,-2.34454e-06,3.71768e-06,3.71772e-06,-6.92161e-07,0.424742,0.396174,0.67933,0.0490537,0.976499,-0.208644,0.022602,-0.178981,0.0799403,0.739144,0.694609,0.287715,0.609158,-0.25232,0,0,0,0,0,0,0,0.000417339,0.0026024,-0.00395083,-0.00454319,-0.690366,9.9102,1.35619,6.28597,-4.07056,-1.22376,-2.4341,0.935616,0,0,-12,0,0,0,0,0,6.20098,0,0,0,
0.492644,0.120926,0.84312,0.654518,0.466217,-0.509812,-0.307147,0,0,0,0,0,0,0.424742,0.396174,0.67933,0.0490537,0.976499,-0.208644,0.022602,-0.178981,0.0799403,0.739144,0.694609,0.287715,0.609158,-0.25232,0,0,0,0,0,0,0,0.00499884,0.00251204,-0.00401645,-0.00351228,-0.747641,9.91026,1.32369,6.29383,-4.06021,-1.21913,-2.44623,0.93955,0,0,-12,0,0,0,0,0,6.20098,0,0,0,
0.492644,0.120926,0.84312,0.654518,0.466217,-0.509812,-0.307147,-1.68311e-06,-3.48142e-07,1.12719e-07,1.25251e-07,-2.16773e-06,-4.82496e-06,0.424742,0.396174,0.67933,0.049054,0.976499,-0.208644,0.0226021,-0.178981,0.0799403,0.739144,0.694609,0.287715,0.609158,-0.25232,0,0,0,0,0,0,0,0.000587207,0.00241983,-0.00408435,-0.00245488,-0.753631,9.91001,1.3362,6.29134,-4.06072,-1.21887,-2.44711,0.939881,0,0,-12,0,0,0,0,0,6.20098,0,0,0,
0.492644,0.120926,0.84312,0.654518,0.466217,-0.509812,-0.307147,-1.68438e-06,-3.48405e-07,1.12805e-07,1.25345e-07,-2.16937e-06,-4.82861e-06,0.424742,0.396174,0.67933,0.049054,0.976499,-0.208644,0.0226021,-0.178981,0.0799403,0.739144,0.694609,0.287715,0.609158,-0.25232,0,0,0,0,0,0,0,0.00332252,0.00251183,-0.00401783,-0.00349657,-1.01291,9.90943,1.24743,6.31434,-4.01927,-1.20009,-2.50155,0.957414,0,0,-12,0,0,0,0,0,6.20098,0,0,0,
0.492644,0.120926,0.84312,0.654518,0.466217,-0.509812,-0.307147,-4.14607e-07,8.50777e-07,2.34276e-06,-3.71487e-06,-3.71491e-06,6.91638e-07,0.424742,0.396174,0.67933,0.049054,0.976499,-0.208644,0.0226023,-0.178981,0.0799403,0.739144,0.694609,0.287715,0.609158,-0.25232,0,0,0,0,0,0,0,0.00298474,0.000986853,-0.00259028,-0.00205457,-1.13532,9.90675,1.20903,6.32221,-4.00002,-1.1911,-2.52697,0.965762,0,0,-12,0,0,0,0,0,6.20095,0,0,0,
0.492644,0.120926,0.84312,0.654518,0.466217,-0.509812,-0.307147,-2.09929e-06,5.03018e-07,2.45734e-06,-3.59234e-06,-5.88707e-06,-4.1364e-06,0.424742,0.396174,0.67933,0.049054,0.976499,-0.208644,0.0226023,-0.178981,0.0799403,0.739144,0.694609,0.287715,0.609158,-0.25232,0,0,0,0,0,0,0,0.00283757,0.00249181,-0.00399197,-0.00347276,-1.21685,9.90879,1.18618,6.33064,-3.98754,-1.18539,-2.54412,0.971156,0,0,-12,0,0,0,0,0,6.20095,0,0,0,
0.492644,0.120926,0.84312,0.654518,0.466217,-0.509812,-0.307147,-2.09929e-06,5.03018e-07,2.45734e-06,-3.59234e-06,-5.88707e-06,-4.1364e-06,0.424742,0.396174,0.67933,0.049054,0.976499,-0.208644,0.0226023,-0.178981,0.0799403,0.739144,0.694609,0.287715,0.609158,-0.25232,0,0,0,0,0,0,0,-0.00192762,0.00249234,-0.00399231,-0.00347432,-1.31413,9.90827,1.17169,6.33532,-3.97384,-1.17871,-2.56416,0.977641,0,0,-12,0,0,0,0,0,6.20095,0,0,0,
0.492644,0.120926,0.84312,0.654518,0.466217,-0.509812,-0.307147,-4.14294e-07,8.50134e-07,2.34099e-06,-3.71207e-06,-3.7121e-06,6.91115e-07,0.424742,0.396174,0.67933,0.049054,0.976499,-0.208644,0.0226023,-0.178981,0.0799403,0.739144,0.694609,0.287715,0.609158,-0.25232,0,0,0,0,0,0,0,0.000417158,0.00249288,-0.00399118,-0.0034776,-1.60972,9.90756,1.07303,6.36106,-3.92688,-1.15718,-2.62605,0.997615,0,0,-12,0,0,0,0,0,6.20095,0,0,0,
0.492644,0.120926,0.84312,0.654518,0.466217,-0.509812,-0.307147,-4.14298e-07,8.50142e-07,2.34102e-06,-3.7121e-06,-3.71214e-06,6.91122e-07,0.424742,0.396174,0.67933,0.049054,0.976499,-0.208644,0.0226023,-0.178981,0.0799403,0.739144,0.694609,0.287715,0.609158,-0.25232,0,0,0,0,0,0,0,0.00193207,0.00249342,-0.00399264,-0.00347788,-1.56244,9.90777,1.08268,6.35824,-3.9338,-1.16049,-2.61627,0.994451,0,0,-12,0,0,0,0,0,6.20095,0,0,0,
0.492644,0.120926,0.84312,0.654518,0.466217,-0.509812,-0.307147,-2.09739e-06,5.02003e-07,2.45373e-06,-3.58685e-06,-5.87985e-06,-4.13379e-06,0.424742,0.396174,0.67933,0.049054,0.976499,-0.208644,0.0226023,-0.178981,0.0799403,0.739144,0.694609,0.287715,0.609158,-0.25232,0,0,0,0,0,0,0,0.00161239,0.00249396,-0.00399488,-0.00347733,-1.41555,9.90817,1.12896,6.34603,-3.95686,-1.17112,-2.58556,0.984539,0,0,-12,0,0,0,0,0,6.20095,0,0,0,
0.492644,0.120926,0.84312,0.654518,0.466217,-0.509812,-0.307147,-4.14294e-07,8.50134e-07,2.34099e-06,-3.71207e-06,-3.7121e-06,6.91115e-07,0.424742,0.396174,0.67933,0.0490537,0.976499,-0.208644,0.0226022,-0.178981,0.0799403,0.739144,0.694609,0.287715,0.609158,-0.25232,0,0,0,0,0,0,0,-0.00251661,0.00258694,-0.00392566,-0.00453592,-1.76426,9.90698,1.03494,6.37162,-3.9036,-1.14639,-2.65827,1.00799,0,0,-12,0,0,0,0,0,6.20095,0,0,0,
0.492644,0.120926,0.84312,0.654518,0.466217,-0.509812,-0.307147,-4.14294e-07,8.50134e-07,2.34099e-06,-3.71207e-06,-3.7121e-06,6.91115e-07,0.424742,0.396174,0.67933,0.049054,0.976499,-0.208644,0.0226023,-0.178981,0.0799403,0.739144,0.694609,0.287715,0.609158,-0.25232,0,0,0,0,0,0,0,-0.000538606,0.00240497,-0.00405999,-0.00245933,-1.76153,9.90708,1.02941,6.37284,-3.9035,-1.14614,-2.6576,1.00784,0,0,-12,0,0,0,0,0,6.20095,0,0,0,
0.492644,0.120926,0.84312,0.654518,0.466217,-0.509812,-0.307147,1.27135e-06,1.1988e-06,2.22811e-06,-3.83751e-06,-1.54111e-06,5.52333e-06,0.424742,0.396174,0.67933,0.0490537,0.976499,-0.208644,0.0226022,-0.178981,0.0799403,0.739144,0.694609,0.287715,0.609158,-0.25232,0,0,0,0,0,0,0,0.00124624,0.00258945,-0.00392535,-0.00455513,-1.91689,9.90675,0.975709,6.38666,-3.87855,-1.13509,-2.69038,1.01835,0,0,-12,0,0,0,0,0,6.20095,0,0,0,
0.492644,0.120926,0.84312,0.654518,0.466217,-0.509812,-0.307147,1.68564e-06,3.48666e-07,-1.12889e-07,-1.2544e-07,2.17099e-06,4.83221e-06,0.424742,0.396174,0.67933,0.0490537,0.976499,-0.208644,0.0226022,-0.178981,0.0799403,0.739144,0.694609,0.287715,0.609158,-0.25232,0,0,0,0,0,0,0,0.0027259,0.00249734,-0.00399317,-0.00350495,-2.03061,9.9065,0.935903,6.397,-3.86035,-1.12661,-2.71412,1.02604,0,0,-12,0,0,0,0,0,6.20095,0,0,0,
0.492644,0.120926,0.84312,0.654518,0.466217,-0.509812,-0.307147,0,0,0,0,0,0,0.424742,0.396174,0.67933,0.049054,0.976499,-0.208644,0.0226023,-0.178981,0.0799403,0.739144,0.694609,0.287715,0.609158,-0.25232,0,0,0,0,0,0,0,-0.000580157,0.00240615,-0.00406106,-0.00246017,-2.14687,9.90599,0.910853,6.40427,-3.84327,-1.1183,-2.7381,1.03383,0,0,-12,0,0,0,0,0,6.20095,0,0,0,
0.492644,0.120926,0.84312,0.654518,0.466217,-0.509812,-0.307147,1.68692e-06,3.4893e-07,-1.12974e-07,-1.25535e-07,2.17263e-06,4.83587e-06,0.424742,0.396174,0.67933,0.0490537,0.976499,-0.208644,0.0226022,-0.178981,0.0799403,0.739144,0.694609,0.287715,0.609158,-0.25232,0,0,0,0,0,0,0,0.000166265,0.00258751,-0.00393019,-0.00451781,-2.00713,9.90644,0.951424,6.39329,-3.86479,-1.12864,-2.70917,1.02442,0,0,-12,0,0,0,0,0,6.20095,0,0,0,
0.492644,0.120926,0.84312,0.654518,0.466217,-0.509812,-0.307147,1.6869e-06,3.48927e-07,-1.12973e-07,-1.25534e-07,2.17261e-06,4.83582e-06,0.424742,0.396174,0.67933,0.0490537,0.976499,-0.208644,0.0226022,-0.178981,0.0799403,0.739144,0.694609,0.287715,0.609158,-0.25232,0,0,0,0,0,0,0,0.00101428,0.00249894,-0.00399643,-0.00350716,-2.04501,9.90637,0.937028,6.397,-3.85864,-1.1257,-2.71702,1.02698,0,0,-12,0,0,0,0,0,6.20095,0,0,0,
0.492644,0.120926,0.84312,0.654518,0.466217,-0.509812,-0.307147,0,0,0,0,0,0,0.424742,0.396174,0.67933,0.049054,0.976499,-0.208644,0.0226023,-0.178981,0.0799403,0.739144,0.694609,0.287715,0.609158,-0.25232,0,0,0,0,0,0,0,0.00250993,0.00240825,-0.00406188,-0.00247076,-2.48728,9.9052,0.795972,6.43418,-3.78908,-1.09348,-2.8094,1.05684,0,0,-12,0,0,0,0,0,6.20095,0,0,0,
0.492644,0.120926,0.84312,0.654518,0.466217,-0.509812,-0.307147,-1.68437e-06,-3.48402e-07,1.12803e-07,1.25346e-07,-2.16935e-06,-4.82856e-06,0.424742,0.396174,0.67933,0.049054,0.976499,-0.208644,0.0226023,-0.178981,0.0799403,0.739144,0.694609,0.287715,0.609158,-0.25232,0,0,0,0,0,0,0,-0.00464539,0.00249873,-0.00399682,-0.00349266,-2.46965,9.90488,0.824616,6.42779,-3.79405,-1.09543,-2.80539,1.05553,0,0,-12,0,0,0,0,0,6.20095,0,0,0,
0.492644,0.120926,0.84312,0.654518,0.466217,-0.509812,-0.307147,0,0,0,0,0,0,0.424742,0.396174,0.67933,0.0490537,0.976499,-0.208644,0.0226022,-0.178981,0.0799403,0.739144,0.694609,0.287715,0.609158,-0.25232,0,0,0,0,0,0,0,0.000354279,0.00259116,-0.00392769,-0.00454369,-2.69416,9.90451,0.739206,6.4495,-3.75732,-1.079,-2.85271,1.07076,0,0,-12,0,0,0,0,0,6.20095,0,0,0,
0.492644,0.120926,0.84312,0.654518,0.466217,-0.509812,-0.307147,0,0,0,0,0,0,0.424742,0.396174,0.67933,0.049054,0.976499,-0.208644,0.0226023,-0.178981,0.0799403,0.739144,0.694609,0.287715,0.609158,-0.25232,0,0,0,0,0,0,0,0.00176718,0.00240943,-0.00406581,-0.00246838,-2.51815,9.90507,0.788879,6.43619,-3.78449,-1.09131,-2.8158,1.05891,0,0,-12,0,0,0,0,0,6.20095,0,0,0,
0.492644,0.120926,0.84312,0.654518,0.466217,-0.509812,-0.307147,-1.26975e-06,-1.19917e-06,-2.22994e-06,3.84018e-06,1.54555e-06,-5.52014e-06,0.424742,0.396174,0.67933,0.049054,0.976499,-0.208644,0.0226021,-0.178981,0.0799403,0.739144,0.694609,0.287715,0.609158,-0.25232,0,0,0,0,0,0,0,-0.000176253,0.0040173,-0.00541574,-0.00493474,-2.59813,9.90706,0.772323,6.44323,-3.77277,-1.08599,-2.83263,1.06417,0,0,-12,0,0,0,0,0,6.20098,0,0,0,
0.492644,0.120926,0.84312,0.654518,0.466217,-0.509812,-0.307147,2.09897e-06,-5.02373e-07,-2.45557e-06,3.58953e-06,5.88425e-06,4.13692e-06,0.424742,0.396174,0.67933,0.0490537,0.976499,-0.208644,0.022602,-0.178981,0.0799403,0.739144,0.694609,0.287715,0.609158,-0.25232,0,0,0,0,0,0,0,0.00782254,0.00261423,-0.00395718,-0.00457663,-2.62928,9.90512,0.734953,6.44935,-3.7651,-1.08314,-2.8396,1.06651,0,0,-12,0,0,0,0,0,6.20098,0,0,0,
0.492644,0.120926,0.84312,0.654518,0.466217,-0.509812,-0.307147,2.09835e-06,-5.01089e-07,-2.45203e-06,3.58392e-06,5.87864e-06,4.13797e-06,0.424742,0.396174,0.67933,0.0490537,0.976499,-0.208644,0.022602,-0.178981,0.0799403,0.739144,0.694609,0.287715,0.609158,-0.25232,0,0,0,0,0,0,0,0.0063819,0.00252376,-0.00402565,-0.00354469,-2.69612,9.90485,0.719069,6.45386,-3.75515,-1.07827,-2.85337,1.07099,0,0,-12,0,0,0,0,0,6.20098,0,0,0,
0.492644,0.120926,0.84312,0.654518,0.466217,-0.509812,-0.307147,0,0,0,0,0,0,0.424742,0.396174,0.67933,0.0490537,0.976499,-0.208644,0.0226022,-0.178981,0.0799403,0.739144,0.694609,0.287715,0.609158,-0.25232,0,0,0,0,0,0,0,0.00238441,0.000997806,-0.00260131,-0.00209765,-2.79302,9.90206,0.700404,6.45713,-3.74105,-1.07139,-2.87325,1.07756,0,0,-12,0,0,0,0,0,6.20095,0,0,0,
0.492644,0.120926,0.84312,0.654518,0.466217,-0.509812,-0.307147,0,0,0,0,0,0,0.424742,0.396174,0.67933,0.0490537,0.976499,-0.208644,0.0226022,-0.178981,0.0799403,0.739144,0.694609,0.287715,0.609158,-0.25232,0,0,0,0,0,0,0,0.000361632,0.00250375,-0.00400075,-0.00351985,-2.80604,9.9042,0.704748,6.45869,-3.73987,-1.07076,-2.87597,1.0783,0,0,-12,0,0,0,0,0,6.20095,0,0,0,
0.492644,0.120926,0.84312,0.654518,0.466217,-0.509812,-0.307147,1.68692e-06,3.4893e-07,-1.12974e-07,-1.25535e-07,2.17263e-06,4.83587e-06,0.424742,0.396174,0.67933,0.0490537,0.976499,-0.208644,0.0226022,-0.178981,0.0799403,0.739144,0.694609,0.287715,0.609158,-0.25232,0,0,0,0,0,0,0,0.00186107,0.00250428,-0.00400101,-0.00352148,-2.91719,9.90396,0.665645,6.46879,-3.72202,-1.06262,-2.89928,1.08582,0,0,-12,0,0,0,0,0,6.20095,0,0,0,
0.492644,0.120926,0.84312,0.654518,0.466217,-0.509812,-0.307147,0,0,0,0,0,0,0.424742,0.396174,0.67933,0.0490537,0.976499,-0.208644,0.0226022,-0.178981,0.0799403,0.739144,0.694609,0.287715,0.609158,-0.25232,0,0,0,0,0,0,0,-0.00070392,0.00250482,-0.00400006,-0.00352449,-3.18702,9.90307,0.590866,6.48906,-3.68065,-1.04332,-2.9555,1.10398,0,0,-12,0,0,0,0,0,6.20095,0,0,0,
0.492644,0.120926,0.84312,0.654518,0.466217,-0.509812,-0.307147,-1.68819e-06,-3.49193e-07,1.13059e-07,1.2563e-07,-2.17428e-06,-4.83953e-06,0.424742,0.396174,0.67933,0.049054,0.976499,-0.208644,0.0226023,-0.178981,0.0799403,0.739144,0.694609,0.287715,0.609158,-0.25232,0,0,0,0,0,0,0,0.00100117,0.00241478,-0.00407101,-0.00249081,-3.07707,9.90346,0.619218,6.48129,-3.69735,-1.05099,-2.93252,1.09659,0,0,-12,0,0,0,0,0,6.20095,0,0,0,
0.492644,0.120926,0.84312,0.654518,0.466217,-0.509812,-0.307147,1.27422e-06,1.19868e-06,2.22614e-06,-3.83486e-06,-1.53499e-06,5.53012e-06,0.424742,0.396174,0.67933,0.0490537,0.976499,-0.208644,0.0226022,-0.178981,0.0799403,0.739144,0.694609,0.287715,0.609158,-0.25232,0,0,0,0,0,0,0,0.000358606,0.00259572,-0.00393447,-0.00454547,-3.1676,9.90319,0.593373,6.48816,-3.6833,-1.04479,-2.95161,1.10269,0,0,-12,0,0,0,0,0,6.20095,0,0,0,
0.492644,0.120926,0.84312,0.654518,0.466217,-0.509812,-0.307147,-4.13981e-07,8.49492e-07,2.33923e-06,-3.70926e-06,-3.7093e-06,6.90594e-07,0.424742,0.396174,0.67933,0.0490537,0.976499,-0.208644,0.0226022,-0.178981,0.0799403,0.739144,0.694609,0.287715,0.609158,-0.25232,0,0,0,0,0,0,0,0.00401944,0.00250642,-0.00400264,-0.00352746,-3.298,9.903,0.541347,6.50136,-3.66181,-1.03496,-2.97897,1.11154,0,0,-12,0,0,0,0,0,6.20095,0,0,0,
0.492644,0.120926,0.84312,0.654518,0.466217,-0.509812,-0.307147,-2.1009e-06,5.00571e-07,2.45222e-06,-3.58376e-06,-5.88197e-06,-4.14527e-06,0.424742,0.396174,0.67933,0.049054,0.976499,-0.208644,0.0226023,-0.178981,0.0799403,0.739144,0.694609,0.287715,0.609158,-0.25232,0,0,0,0,0,0,0,0.00161199,0.00241446,-0.0040758,-0.00247173,-3.14701,9.9033,0.595697,6.48743,-3.68622,-1.04589,-2.94717,1.10132,0,0,-12,0,0,0,0,0,6.20095,0,0,0,
0.492644,0.120926,0.84312,0.654518,0.466217,-0.509812,-0.307147,-2.10152e-06,5.01848e-07,2.45574e-06,-3.58934e-06,-5.88754e-06,-4.14423e-06,0.424742,0.396174,0.67933,0.049054,0.976499,-0.208644,0.0226023,-0.178981,0.0799403,0.739144,0.694609,0.287715,0.609158,-0.25232,0,0,0,0,0,0,0,0.00210324,0.00250621,-0.00400656,-0.00350903,-3.27047,9.90298,0.556049,6.4978,-3.66672,-1.03708,-2.9731,1.10966,0,0,-12,0,0,0,0,0,6.20095,0,0,0,
0.492644,0.120926,0.84312,0.654518,0.466217,-0.509812,-0.307147,-1.68692e-06,-3.48929e-07,1.12974e-07,1.25535e-07,-2.17263e-06,-4.83587e-06,0.424742,0.396174,0.67933,0.049054,0.976499,-0.208644,0.0226023,-0.178981,0.0799403,0.739144,0.694609,0.287715,0.609158,-0.25232,0,0,0,0,0,0,0,-0.000912197,0.00250675,-0.0040054,-0.00351232,-3.57226,9.90198,0.47289,6.52037,-3.62049,-1.0155,-3.03596,1.12996,0,0,-12,0,0,0,0,0,6.20095,0,0,0,
0.492644,0.120926,0.84312,0.654518,0.466217,-0.509812,-0.307147,-1.68438e-06,-3.48405e-07,1.12804e-07,1.25347e-07,-2.16937e-06,-4.82861e-06,0.424742,0.396174,0.67933,0.049054,0.976499,-0.208644,0.0226023,-0.178981,0.0799403,0.739144,0.694609,0.287715,0.609158,-0.25232,0,0,0,0,0,0,0,0.00496952,0.00250728,-0.00400687,-0.0035126,-3.52896,9.9024,0.467126,6.52087,-3.6254,-1.0182,-3.02727,1.12714,0,0,-12,0,0,0,0,0,6.20095,0,0,0,
0.492644,0.120926,0.84312,0.654518,0.466217,-0.509812,-0.307147,0,0,0,0,0,0,0.424742,0.396174,0.67933,0.0490537,0.976499,-0.208644,0.0226022,-0.178981,0.0799403,0.739144,0.694609,0.287715,0.609158,-0.25232,0,0,0,0,0,0,0,0.00597789,0.00259928,-0.00393693,-0.00455708,-3.57442,9.90233,0.449827,6.52523,-3.61793,-1.01499,-3.03694,1.13022,0,0,-12,0,0,0,0,0,6.20095,0,0,0,
0.492644,0.120926,0.84312,0.654518,0.466217,-0.509812,-0.307147,0,0,0,0,0,0,0.424742,0.396174,0.67933,0.049054,0.976499,-0.208644,0.0226023,-0.178981,0.0799403,0.739144,0.694609,0.287715,0.609158,-0.25232,0,0,0,0,0,0,0,-0.000240833,0.00241684,-0.00407967,-0.00247513,-3.5128,9.90217,0.489049,6.51602,-3.62962,-1.0196,-3.02347,1.12596,0,0,-12,0,0,0,0,0,6.20095,0,0,0,
0.492644,0.120926,0.84312,0.654518,0.466217,-0.509812,-0.307147,0,0,0,0,0,0,0.424742,0.396174,0.67933,0.049054,0.976499,-0.208644,0.0226023,-0.178981,0.0799403,0.739144,0.694609,0.287715,0.609158,-0.25232,0,0,0,0,0,0,0,0.00137031,0.00250887,-0.00401056,-0.00351424,-3.48831,9.90233,0.491337,6.51508,-3.63289,-1.0214,-3.01856,1.12434,0,0,-12,0,0,0,0,0,6.20095,0,0,0,
0.492644,0.120926,0.84312,0.654518,0.466217,-0.509812,-0.307147,0,0,0,0,0,0,0.424742,0.396174,0.67933,0.0490537,0.976499,-0.208644,0.0226022,-0.178981,0.0799403,0.739144,0.694609,0.287715,0.609158,-0.25232,0,0,0,0,0,0,0,-0.00139784,0.00260237,-0.00393667,-0.00457846,-3.83104,9.90123,0.394738,6.54112,-3.58014,-0.996996,-3.09011,1.14741,0,0,-12,0,0,0,0,0,6.20095,0,0,0,
0.492644,0.120926,0.84312,0.654518,0.466217,-0.509812,-0.307147,0,0,0,0,0,0,0.424742,0.396174,0.67933,0.049054,0.976499,-0.208644,0.0226023,-0.178981,0.0799403,0.739144,0.694609,0.287715,0.609158,-0.25232,0,0,0,0,0,0,0,0.00332444,0.00241958,-0.00408051,-0.0024926,-3.78583,9.90159,0.393378,6.54075,-3.58581,-0.999613,-3.08073,1.14443,0,0,-12,0,0,0,0,0,6.20095,0,0,0,
0.492644,0.120926,0.84312,0.654518,0.466217,-0.509812,-0.307147,1.68437e-06,3.48403e-07,-1.12804e-07,-1.25346e-07,2.16935e-06,4.82856e-06,0.424742,0.396174,0.67933,0.0490537,0.976499,-0.208644,0.0226022,-0.178981,0.0799403,0.739144,0.694609,0.287715,0.609158,-0.25232,0,0,0,0,0,0,0,-0.00193203,0.00260048,-0.00394034,-0.00454679,-3.9105,9.90098,0.372002,6.54724,-3.56788,-0.991291,-3.10667,1.15276,0,0,-12,0,0,0,0,0,6.20095,0,0,0,
0.492644,0.120926,0.84312,0.654518,0.466217,-0.509812,-0.307147,0,0,0,0,0,0,0.424742,0.396174,0.67933,0.0490537,0.976499,-0.208644,0.0226022,-0.178981,0.0799403,0.739144,0.694609,0.287715,0.609158,-0.25232,0,0,0,0,0,0,0,0.00446978,0.00251231,-0.00401091,-0.00353961,-3.85064,9.90147,0.369675,6.54679,-3.57527,-0.994998,-3.09445,1.14883,0,0,-12,0,0,0,0,0,6.20095,0,0,0,
0.492644,0.120926,0.84312,0.654518,0.466217,-0.509812,-0.307147,0,0,0,0,0,0,0.424742,0.396174,0.67933,0.049054,0.976499,-0.208644,0.0226023,-0.178981,0.0799403,0.739144,0.694609,0.287715,0.609158,-0.25232,0,0,0,0,0,0,0,0.00473917,0.0024224,-0.00408376,-0.00250776,-3.76397,9.90173,0.395519,6.53994,-3.58878,-1.00109,-3.07625,1.14298,0,0,-12,0,0,0,0,0,6.20095,0,0,0,
0.492644,0.120926,0.84312,0.654518,0.466217,-0.509812,-0.307147,-1.68564e-06,-3.48665e-07,1.12888e-07,1.2544e-07,-2.17099e-06,-4.83221e-06,0.424742,0.396174,0.67933,0.049054,0.976499,-0.208644,0.0226023,-0.178981,0.0799403,0.739144,0.694609,0.287715,0.609158,-0.25232,0,0,0,0,0,0,0,0.000821969,0.0025121,-0.00401417,-0.003522,-3.9136,9.90111,0.362131,6.54943,-3.56658,-0.990716,-3.10738,1.15301,0,0,-12,0,0,0,0,0,6.20095,0,0,0,
0.492644,0.120926,0.84312,0.654518,0.466217,-0.509812,-0.307147,-1.6869e-06,-3.48926e-07,1.12973e-07,1.25534e-07,-2.17261e-06,-4.83582e-06,0.424742,0.396174,0.67933,0.049054,0.976499,-0.208644,0.0226023,-0.178981,0.0799403,0.739144,0.694609,0.287715,0.609158,-0.25232,0,0,0,0,0,0,0,0.00120863,0.00251264,-0.00401476,-0.0035233,-3.98516,9.90093,0.338834,6.55554,-3.55527,-0.985517,-3.12235,1.15785,0,0,-12,0,0,0,0,0,6.20095,0,0,0,
0.492644,0.120926,0.84312,0.654518,0.466217,-0.509812,-0.307147,0,0,0,0,0,0,0.424742,0.396174,0.67933,0.049054,0.976499,-0.208644,0.0226023,-0.178981,0.0799403,0.739144,0.694609,0.287715,0.609158,-0.25232,0,0,0,0,0,0,0,0.00346928,0.00251317,-0.00401532,-0.0035246,-4.05779,9.90084,0.309123,6.56302,-3.5432,-0.980104,-3.13766,1.16278,0,0,-12,0,0,0,0,0,6.20095,0,0,0,
0.492644,0.120926,0.84312,0.654518,0.466217,-0.509812,-0.307147,0,0,0,0,0,0,0.424742,0.396174,0.67933,0.0490537,0.976499,-0.208644,0.0226022,-0.178981,0.0799403,0.739144,0.694609,0.287715,0.609158,-0.25232,0,0,0,0,0,0,0,0.00141271,0.00260618,-0.00394217,-0.00458123,-4.1923,9.90036,0.274345,6.57255,-3.52277,-0.97069,-3.16575,1.17182,0,0,-12,0,0,0,0,0,6.20095,0,0,0,
0.492644,0.120926,0.84312,0.654518,0.466217,-0.509812,-0.307147,-1.6869e-06,-3.48926e-07,1.12973e-07,1.25534e-07,-2.17261e-06,-4.83582e-06,0.424742,0.396174,0.67933,0.049054,0.976499,-0.208644,0.0226023,-0.178981,0.0799403,0.739144,0.694609,0.287715,0.609158,-0.25232,0,0,0,0,0,0,0,0.00292479,0.00242487,-0.00408832,-0.00251118,-4.01872,9.90092,0.32295,6.5595,-3.54953,-0.98282,-3.12936,1.16014,0,0,-12,0,0,0,0,0,6.20095,0,0,0,
0.492644,0.120926,0.84312,0.654518,0.466217,-0.509812,-0.307147,0,0,0,0,0,0,0.424742,0.396174,0.67933,0.0490537,0.976499,-0.208644,0.0226022,-0.178981,0.0799403,0.739144,0.694609,0.287715,0.609158,-0.25232,0,0,0,0,0,0,0,0.00219912,0.00260777,-0.00394229,-0.00459018,-4.37514,9.89989,0.215478,6.58801,-3.49394,-0.957425,-3.20399,1.18417,0,0,-12,0,0,0,0,0,6.20095,0,0,0,
0.492644,0.120926,0.84312,0.654518,0.466217,-0.509812,-0.307147,-1.68437e-06,-3.48402e-07,1.12803e-07,1.25346e-07,-2.16935e-06,-4.82856e-06,0.424742,0.396174,0.67933,0.049054,0.976499,-0.208644,0.0226023,-0.178981,0.0799403,0.739144,0.694609,0.287715,0.609158,-0.25232,0,0,0,0,0,0,0,0.00145004,0.00243177,-0.00408422,-0.00258091,-4.29611,9.90006,0.242301,6.58113,-3.50662,-0.962899,-3.18722,1.17882,0,0,-12,0,0,0,0,0,6.20095,0,0,0,
0.492644,0.120926,0.84312,0.654518,0.466217,-0.509812,-0.307147,0,0,0,0,0,0,0.424742,0.396174,0.67933,0.049054,0.976499,-0.208644,0.0226023,-0.178981,0.0799403,0.739144,0.694609,0.287715,0.609158,-0.25232,0,0,0,0,0,0,0,-0.00120263,0.00251595,-0.0040199,-0.00352958,-4.22644,9.90013,0.272351,6.57359,-3.51831,-0.968264,-3.17261,1.17408,0,0,-12,0,0,0,0,0,6.20095,0,0,0,
0.492644,0.120926,0.84312,0.654518,0.466217,-0.509812,-0.307147,2.09929e-06,-5.03017e-07,-2.45734e-06,3.59234e-06,5.88706e-06,4.1364e-06,0.424742,0.396174,0.67933,0.0490537,0.976499,-0.208644,0.022602,-0.178981,0.0799403,0.739144,0.694609,0.287715,0.609158,-0.25232,0,0,0,0,0,0,0,0.001193,0.00404218,-0.00528647,-0.00589408,-4.62809,9.90131,0.142534,6.60976,-3.45492,-0.939379,-3.25689,1.20112,0,0,-12,0,0,0,0,0,6.20098,0,0,0,
0.492644,0.120926,0.84312,0.654518,0.466217,-0.509812,-0.307147,4.1492e-07,-8.5142e-07,-2.34454e-06,3.71768e-06,3.71772e-06,-6.92161e-07,0.424742,0.396174,0.67933,0.049054,0.976499,-0.208644,0.0226021,-0.178981,0.0799403,0.739144,0.694609,0.287715,0.609158,-0.25232,0,0,0,0,0,0,0,-2.58285e-05,0.00244876,-0.00411724,-0.00254657,-4.54561,9.89932,0.170266,6.6005,-3.46809,-0.944977,-3.23925,1.19563,0,0,-12,0,0,0,0,0,6.20098,0,0,0,
0.492644,0.120926,0.84312,0.654518,0.466217,-0.509812,-0.307147,2.09899e-06,-5.0237e-07,-2.45557e-06,3.58953e-06,5.88427e-06,4.13697e-06,0.424742,0.396174,0.67933,0.0490537,0.976499,-0.208644,0.022602,-0.178981,0.0799403,0.739144,0.694609,0.287715,0.609158,-0.25232,0,0,0,0,0,0,0,0.00020955,0.00262493,-0.00398058,-0.00454235,-4.19952,9.90032,0.276051,6.57233,-3.52203,-0.970252,-3.16717,1.1723,0,0,-12,0,0,0,0,0,6.20098,0,0,0,
0.492644,0.120926,0.84312,0.654518,0.466217,-0.509812,-0.307147,4.1398e-07,-8.49491e-07,-2.33923e-06,3.70926e-06,3.7093e-06,-6.90594e-07,0.424742,0.396174,0.67933,0.0490537,0.976499,-0.208644,0.022602,-0.178981,0.0799403,0.739144,0.694609,0.287715,0.609158,-0.25232,0,0,0,0,0,0,0,0.00120829,0.00254053,-0.00404778,-0.00358093,-4.42253,9.89974,0.204143,6.59126,-3.48689,-0.953928,-3.21372,1.18735,0,0,-12,0,0,0,0,0,6.20098,0,0,0,
0.492644,0.120926,0.84312,0.654518,0.466217,-0.509812,-0.307147,4.13984e-07,-8.495e-07,-2.33925e-06,3.7093e-06,3.70934e-06,-6.906e-07,0.424742,0.396174,0.67933,0.049054,0.976499,-0.208644,0.0226021,-0.178981,0.0799403,0.739144,0.694609,0.287715,0.609158,-0.25232,0,0,0,0,0,0,0,0.0013498,0.00245201,-0.00412014,-0.0025664,-4.51097,9.89949,0.176471,6.59862,-3.47307,-0.947382,-3.2321,1.19332,0,0,-12,0,0,0,0,0,6.20098,0,0,0,
0.492644,0.120926,0.84312,0.654518,0.466217,-0.509812,-0.307147,4.13984e-07,-8.495e-07,-2.33925e-06,3.7093e-06,3.70934e-06,-6.906e-07,0.424742,0.396174,0.67933,0.0490537,0.976499,-0.208644,0.022602,-0.178981,0.0799403,0.739144,0.694609,0.287715,0.609158,-0.25232,0,0,0,0,0,0,0,0.000232298,0.00262979,-0.00398033,-0.00458174,-4.29097,9.90007,0.247813,6.57981,-3.50772,-0.963649,-3.18628,1.17846,0,0,-12,0,0,0,0,0,6.20098,0,0,0,
0.492644,0.120926,0.84312,0.654518,0.466217,-0.509812,-0.307147,2.09993e-06,-5.01467e-07,-2.45388e-06,3.58663e-06,5.88309e-06,4.1411e-06,0.424742,0.396174,0.67933,0.0490537,0.976499,-0.208644,0.022602,-0.178981,0.0799403,0.739144,0.694609,0.287715,0.609158,-0.25232,0,0,0,0,0,0,0,0.00320646,0.00254221,-0.00404928,-0.00358535,-4.67538,9.89913,0.119777,6.61328,-3.44673,-0.935514,-3.26666,1.20444,0,0,-12,0,0,0,0,0,6.20098,0,0,0,
0.492644,0.120926,0.84312,0.654518,0.466217,-0.509812,-0.307147,4.1398e-07,-8.49491e-07,-2.33923e-06,3.70926e-06,3.7093e-06,-6.90594e-07,0.424742,0.396174,0.67933,0.049054,0.976499,-0.208644,0.0226021,-0.178981,0.0799403,0.739144,0.694609,0.287715,0.609158,-0.25232,0,0,0,0,0,0,0,0.00414126,0.00245612,-0.00412241,-0.0025957,-4.47334,9.89974,0.178998,6.59746,-3.47807,-0.949899,-3.22441,1.19083,0,0,-12,0,0,0,0,0,6.20098,0,0,0,
0.492644,0.120926,0.84312,0.654518,0.466217,-0.509812,-0.307147,4.14293e-07,-8.50133e-07,-2.34099e-06,3.71207e-06,3.7121e-06,-6.91115e-07,0.424742,0.396174,0.67933,0.0490537,0.976499,-0.208644,0.022602,-0.178981,0.0799403,0.739144,0.694609,0.287715,0.609158,-0.25232,0,0,0,0,0,0,0,0.00336461,0.00262975,-0.00398171,-0.00456761,-4.69613,9.89909,0.112849,6.61504,-3.44339,-0.934145,-3.27111,1.20584,0,0,-12,0,0,0,0,0,6.20098,0,0,0,
0.492644,0.120926,0.84312,0.654518,0.466217,-0.509812,-0.307147,1.68564e-06,3.48666e-07,-1.12889e-07,-1.25439e-07,2.17099e-06,4.83221e-06,0.424742,0.396174,0.67933,0.0490537,0.976499,-0.208644,0.022602,-0.178981,0.0799403,0.739144,0.694609,0.287715,0.609158,-0.25232,0,0,0,0,0,0,0,0.00154962,0.00254388,-0.00405347,-0.00358674,-4.58355,9.89931,0.153444,6.60464,-3.46161,-0.942271,-3.24738,1.19822,0,0,-12,0,0,0,0,0,6.20098,0,0,0,
0.492644,0.120926,0.84312,0.654518,0.466217,-0.509812,-0.307147,-1.68564e-06,-3.48665e-07,1.12889e-07,1.25439e-07,-2.17099e-06,-4.83221e-06,0.424742,0.396174,0.67933,0.049054,0.976499,-0.208644,0.0226021,-0.178981,0.0799403,0.739144,0.694609,0.287715,0.609158,-0.25232,0,0,0,0,0,0,0,0.00325961,0.00245443,-0.00412752,-0.00256153,-4.65072,9.8992,0.127229,6.61134,-3.45062,-0.937144,-3.26141,1.20278,0,0,-12,0,0,0,0,0,6.20098,0,0,0,
0.492644,0.120926,0.84312,0.654518,0.466217,-0.509812,-0.307147,0,0,0,0,0,0,0.424742,0.396174,0.67933,0.0490537,0.976499,-0.208644,0.022602,-0.178981,0.0799403,0.739144,0.694609,0.287715,0.609158,-0.25232,0,0,0,0,0,0,0,0.00207516,0.00263646,-0.00398068,-0.00462746,-4.6769,9.89908,0.122962,6.61259,-3.4468,-0.935639,-3.26702,1.20452,0,0,-12,0,0,0,0,0,6.20098,0,0,0,
0.492644,0.120926,0.84312,0.654518,0.466217,-0.509812,-0.307147,1.68692e-06,3.4893e-07,-1.12975e-07,-1.25534e-07,2.17263e-06,4.83587e-06,0.424742,0.396174,0.67933,0.0490537,0.976499,-0.208644,0.022602,-0.178981,0.0799403,0.739144,0.694609,0.287715,0.609158,-0.25232,0,0,0,0,0,0,0,0.00212105,0.00254551,-0.00405507,-0.00359088,-4.80811,9.89871,0.082424,6.62337,-3.42632,-0.926006,-3.29433,1.21337,0,0,-12,0,0,0,0,0,6.20098,0,0,0,
0.492644,0.120926,0.84312,0.654518,0.466217,-0.509812,-0.307147,-2.09929e-06,5.03018e-07,2.45734e-06,-3.59234e-06,-5.88707e-06,-4.1364e-06,0.424742,0.396174,0.67933,0.049054,0.976499,-0.208644,0.0226023,-0.178981,0.0799403,0.739144,0.694609,0.287715,0.609158,-0.25232,0,0,0,0,0,0,0,-0.00285743,0.000918583,-0.00270809,-0.00107197,-4.76868,9.89622,0.108954,6.61488,-3.43389,-0.928893,-3.28555,1.21073,0,0,-12,0,0,0,0,0,6.20095,0,0,0,
0.492644,0.120926,0.84312,0.654518,0.466217,-0.509812,-0.307147,-2.09929e-06,5.03018e-07,2.45734e-06,-3.59234e-06,-5.88707e-06,-4.1364e-06,0.424742,0.396174,0.67933,0.049054,0.976499,-0.208644,0.0226023,-0.178981,0.0799403,0.739144,0.694609,0.287715,0.609158,-0.25232,0,0,0,0,0,0,0,-0.000262206,0.00252422,-0.00403317,-0.00354486,-4.7357,9.89875,0.112454,6.61581,-3.4384,-0.931406,-3.27906,1.20845,0,0,-12,0,0,0,0,0,6.20095,0,0,0,
0.492644,0.120926,0.84312,0.654518,0.466217,-0.509812,-0.307147,1.26978e-06,1.19918e-06,2.22996e-06,-3.84022e-06,-1.54554e-06,5.52025e-06,0.424742,0.396174,0.67933,0.0490537,0.976499,-0.208644,0.0226022,-0.178981,0.0799403,0.739144,0.694609,0.287715,0.609158,-0.25232,0,0,0,0,0,0,0,0.00158763,0.00261714,-0.00395613,-0.00460157,-5.00932,9.89808,0.0221435,6.63938,-3.39499,-0.911655,-3.33644,1.22693,0,0,-12,0,0,0,0,0,6.20095,0,0,0,
0.492644,0.120926,0.84312,0.654518,0.466217,-0.509812,-0.307147,-2.0996e-06,5.03663e-07,2.45911e-06,-3.59515e-06,-5.88988e-06,-4.13588e-06,0.424742,0.396174,0.67933,0.049054,0.976499,-0.208644,0.0226023,-0.178981,0.0799403,0.739144,0.694609,0.287715,0.609158,-0.25232,0,0,0,0,0,0,0,0.000603387,0.0024354,-0.00410687,-0.00252862,-5.00928,9.89802,0.0254037,6.63878,-3.3954,-0.911431,-3.33615,1.22691,0,0,-12,0,0,0,0,0,6.20095,0,0,0,
0.492644,0.120926,0.84312,0.654518,0.466217,-0.509812,-0.307147,-2.09739e-06,5.01995e-07,2.45371e-06,-3.58682e-06,-5.87981e-06,-4.1338e-06,0.424742,0.396174,0.67933,0.049054,0.976499,-0.208644,0.0226023,-0.178981,0.0799403,0.739144,0.694609,0.287715,0.609158,-0.25232,0,0,0,0,0,0,0,0.000602466,0.0025258,-0.00403538,-0.00354815,-4.8738,9.89841,0.0671101,6.62768,-3.41653,-0.921365,-3.30796,1.21777,0,0,-12,0,0,0,0,0,6.20095,0,0,0,
0.492644,0.120926,0.84312,0.654518,0.466217,-0.509812,-0.307147,1.2688e-06,1.19827e-06,2.22828e-06,-3.83732e-06,-1.54439e-06,5.51603e-06,0.424742,0.396174,0.67933,0.0490537,0.976499,-0.208644,0.0226022,-0.178981,0.0799403,0.739144,0.694609,0.287715,0.609158,-0.25232,0,0,0,0,0,0,0,0.000386426,0.00261429,-0.00396401,-0.00455164,-4.84626,9.89848,0.0762718,6.62524,-3.42086,-0.923517,-3.3023,1.21591,0,0,-12,0,0,0,0,0,6.20095,0,0,0,
0.492644,0.120926,0.84312,0.654518,0.466217,-0.509812,-0.307147,-2.09866e-06,5.01723e-07,2.45377e-06,-3.58668e-06,-5.88141e-06,-4.13745e-06,0.424742,0.396174,0.67933,0.049054,0.976499,-0.208644,0.0226023,-0.178981,0.0799403,0.739144,0.694609,0.287715,0.609158,-0.25232,0,0,0,0,0,0,0,0.00170477,0.00243679,-0.00411058,-0.00252847,-5.02497,9.89803,0.0169954,6.64082,-3.3926,-0.910216,-3.3395,1.22799,0,0,-12,0,0,0,0,0,6.20095,0,0,0,
0.492644,0.120926,0.84312,0.654518,0.466217,-0.509812,-0.307147,-2.09739e-06,5.01995e-07,2.45371e-06,-3.58682e-06,-5.87981e-06,-4.1338e-06,0.424742,0.396174,0.67933,0.049054,0.976499,-0.208644,0.0226023,-0.178981,0.0799403,0.739144,0.694609,0.287715,0.609158,-0.25232,0,0,0,0,0,0,0,0.000149394,0.00252743,-0.0040389,-0.00355013,-4.84885,9.89846,0.0762695,6.62534,-3.42058,-0.923202,-3.30272,1.21608,0,0,-12,0,0,0,0,0,6.20095,0,0,0,
0.492644,0.120926,0.84312,0.654518,0.466217,-0.509812,-0.307147,1.68564e-06,3.48666e-07,-1.12889e-07,-1.2544e-07,2.17099e-06,4.83221e-06,0.424742,0.396174,0.67933,0.0490537,0.976499,-0.208644,0.0226022,-0.178981,0.0799403,0.739144,0.694609,0.287715,0.609158,-0.25232,0,0,0,0,0,0,0,0.00248239,0.00261976,-0.00396307,-0.0045985,-4.93541,9.89834,0.0420058,6.63396,-3.40626,-0.916928,-3.32105,1.22196,0,0,-12,0,0,0,0,0,6.20095,0,0,0,
0.492644,0.120926,0.84312,0.654518,0.466217,-0.509812,-0.307147,1.68564e-06,3.48666e-07,-1.12889e-07,-1.2544e-07,2.17099e-06,4.83221e-06,0.424742,0.396174,0.67933,0.0490537,0.976499,-0.208644,0.0226022,-0.178981,0.0799403,0.739144,0.694609,0.287715,0.609158,-0.25232,0,0,0,0,0,0,0,-0.000979264,0.00252979,-0.0040362,-0.00357491,-5.287,9.89716,-0.0550193,6.66033,-3.35243,-0.891634,-3.39419,1.24562,0,0,-12,0,0,0,0,0,6.20095,0,0,0,
0.492644,0.120926,0.84312,0.654518,0.466217,-0.509812,-0.307147,-1.68564e-06,-3.48665e-07,1.12888e-07,1.2544e-07,-2.17099e-06,-4.83221e-06,0.424742,0.396174,0.67933,0.049054,0.976499,-0.208644,0.0226023,-0.178981,0.0799403,0.739144,0.694609,0.287715,0.609158,-0.25232,0,0,0,0,0,0,0,0.000817463,0.00243944,-0.00411273,-0.00253958,-5.33026,9.89713,-0.0741518,6.66514,-3.34515,-0.888227,-3.40322,1.24857,0,0,-12,0,0,0,0,0,6.20095,0,0,0,
0.492644,0.120926,0.84312,0.654518,0.466217,-0.509812,-0.307147,2.09962e-06,-5.00825e-07,-2.45212e-06,3.58382e-06,5.88028e-06,4.14162e-06,0.424742,0.396174,0.67933,0.0490537,0.976499,-0.208644,0.022602,-0.178981,0.0799403,0.739144,0.694609,0.287715,0.609158,-0.25232,0,0,0,0,0,0,0,0.002459,0.0041451,-0.00537539,-0.00605932,-5.27428,9.8997,-0.0604929,6.6635,-3.35351,-0.892624,-3.39197,1.24472,0,0,-12,0,0,0,0,0,6.20098,0,0,0,
0.492644,0.120926,0.84312,0.654518,0.466217,-0.509812,-0.307147,2.09994e-06,-5.01475e-07,-2.45391e-06,3.58666e-06,5.88312e-06,4.14109e-06,0.424742,0.396174,0.67933,0.0490537,0.976499,-0.208644,0.022602,-0.178981,0.0799403,0.739144,0.694609,0.287715,0.609158,-0.25232,0,0,0,0,0,0,0,0.00221752,0.00255251,-0.00406493,-0.00360532,-5.39082,9.89708,-0.0973603,6.67101,-3.33519,-0.883903,-3.41607,1.25268,0,0,-12,0,0,0,0,0,6.20098,0,0,0,
0.492644,0.120926,0.84312,0.654518,0.466217,-0.509812,-0.307147,4.14606e-07,-8.50776e-07,-2.34276e-06,3.71487e-06,3.71491e-06,-6.91638e-07,0.424742,0.396174,0.67933,0.0490537,0.976499,-0.208644,0.022602,-0.178981,0.0799403,0.739144,0.694609,0.287715,0.609158,-0.25232,0,0,0,0,0,0,0,0.00244505,0.00255307,-0.00406553,-0.0036067,-5.46291,9.89689,-0.1203,6.67705,-3.32385,-0.878679,-3.43114,1.25754,0,0,-12,0,0,0,0,0,6.20098,0,0,0,
0.492644,0.120926,0.84312,0.654518,0.466217,-0.509812,-0.307147,4.14606e-07,-8.50776e-07,-2.34276e-06,3.71487e-06,3.71491e-06,-6.91638e-07,0.424742,0.396174,0.67933,0.0490537,0.976499,-0.208644,0.022602,-0.178981,0.0799403,0.739144,0.694609,0.287715,0.609158,-0.25232,0,0,0,0,0,0,0,0.00204888,0.00255362,-0.00406722,-0.00360681,-5.3908,9.89707,-0.0968031,6.6709,-3.33525,-0.883917,-3.41605,1.25267,0,0,-12,0,0,0,0,0,6.20098,0,0,0,
0.492644,0.120926,0.84312,0.654518,0.466217,-0.509812,-0.307147,2.09803e-06,-5.03277e-07,-2.45726e-06,3.59243e-06,5.88545e-06,4.1328e-06,0.424742,0.396174,0.67933,0.0490537,0.976499,-0.208644,0.022602,-0.178981,0.0799403,0.739144,0.694609,0.287715,0.609158,-0.25232,0,0,0,0,0,0,0,0.00111611,0.00255414,-0.00406781,-0.00360806,-5.45294,9.89685,-0.112914,6.67533,-3.32583,-0.879497,-3.42898,1.25685,0,0,-12,0,0,0,0,0,6.20098,0,0,0,
0.492644,0.120926,0.84312,0.654518,0.466217,-0.509812,-0.307147,4.1492e-07,-8.5142e-07,-2.34454e-06,3.71768e-06,3.71772e-06,-6.92161e-07,0.424742,0.396174,0.67933,0.0490537,0.976499,-0.208644,0.022602,-0.178981,0.0799403,0.739144,0.694609,0.287715,0.609158,-0.25232,0,0,0,0,0,0,0,0.00197404,0.00255467,-0.00406652,-0.00361141,-5.75623,9.89604,-0.209114,6.70068,-3.27814,-0.857523,-3.49239,1.27732,0,0,-12,0,0,0,0,0,6.20098,0,0,0,
0.492644,0.120926,0.84312,0.654518,0.466217,-0.509812,-0.307147,-1.26976e-06,-1.19918e-06,-2.22996e-06,3.84022e-06,1.54556e-06,-5.5202e-06,0.424742,0.396174,0.67933,0.049054,0.976499,-0.208644,0.0226021,-0.178981,0.0799403,0.739144,0.694609,0.287715,0.609158,-0.25232,0,0,0,0,0,0,0,0.00216303,0.0024659,-0.00414306,-0.00259333,-5.75215,9.89605,-0.208447,6.70052,-3.27877,-0.857656,-3.49144,1.27705,0,0,-12,0,0,0,0,0,6.20098,0,0,0,
0.492644,0.120926,0.84312,0.654518,0.466217,-0.509812,-0.307147,2.09897e-06,-5.02373e-07,-2.45557e-06,3.58953e-06,5.88425e-06,4.13692e-06,0.424742,0.396174,0.67933,0.0490537,0.976499,-0.208644,0.022602,-0.178981,0.0799403,0.739144,0.694609,0.287715,0.609158,-0.25232,0,0,0,0,0,0,0,-0.000771081,0.00264642,-0.00399144,-0.00464291,-5.91805,9.89545,-0.250067,6.71197,-3.25367,-0.846183,-3.52614,1.28819,0,0,-12,0,0,0,0,0,6.20098,0,0,0,
0.492644,0.120926,0.84312,0.654518,0.466217,-0.509812,-0.307147,4.14606e-07,-8.50776e-07,-2.34276e-06,3.71487e-06,3.71491e-06,-6.91638e-07,0.424742,0.396174,0.67933,0.0490537,0.976499,-0.208644,0.022602,-0.178981,0.0799403,0.739144,0.694609,0.287715,0.609158,-0.25232,0,0,0,0,0,0,0,0.00299957,0.00255635,-0.00406857,-0.00361521,-5.941,9.89557,-0.269354,6.71647,-3.24893,-0.844099,-3.53105,1.2898,0,0,-12,0,0,0,0,0,6.20098,0,0,0,
0.492644,0.120926,0.84312,0.654518,0.466217,-0.509812,-0.307147,-1.68437e-06,-3.48402e-07,1.12804e-07,1.25344e-07,-2.16935e-06,-4.82856e-06,0.424742,0.396174,0.67933,0.049054,0.976499,-0.208644,0.0226021,-0.178981,0.0799403,0.739144,0.694609,0.287715,0.609158,-0.25232,0,0,0,0,0,0,0,0.00414527,0.00246886,-0.0041456,-0.00261039,-5.79361,9.89604,-0.227652,6.70526,-3.27166,-0.854518,-3.50022,1.27988,0,0,-12,0,0,0,0,0,6.20098,0,0,0,
0.492644,0.120926,0.84312,0.654518,0.466217,-0.509812,-0.307147,-1.68437e-06,-3.48402e-07,1.12804e-07,1.25344e-07,-2.16935e-06,-4.82856e-06,0.424742,0.396174,0.67933,0.049054,0.976499,-0.208644,0.0226021,-0.178981,0.0799403,0.739144,0.694609,0.287715,0.609158,-0.25232,0,0,0,0,0,0,0,0.00316069,0.00255619,-0.00407382,-0.00359565,-5.7673,9.89607,-0.216374,6.7024,-3.27604,-0.856633,-3.49477,1.27809,0,0,-12,0,0,0,0,0,6.20098,0,0,0,
0.492644,0.120926,0.84312,0.654518,0.466217,-0.509812,-0.307147,-1.68309e-06,-3.48139e-07,1.12718e-07,1.25249e-07,-2.16771e-06,-4.82492e-06,0.424742,0.396174,0.67933,0.049054,0.976499,-0.208644,0.0226021,-0.178981,0.0799403,0.739144,0.694609,0.287715,0.609158,-0.25232,0,0,0,0,0,0,0,0.00257015,0.00255673,-0.0040726,-0.00359896,-6.06543,9.8952,-0.306282,6.72633,-3.22962,-0.835139,-3.55702,1.29818,0,0,-12,0,0,0,0,0,6.20098,0,0,0,
0.492644,0.120926,0.84312,0.654518,0.466217,-0.509812,-0.307147,-1.68692e-06,-3.48929e-07,1.12974e-07,1.25534e-07,-2.17263e-06,-4.83587e-06,0.424742,0.396174,0.67933,0.049054,0.976499,-0.208644,0.0226021,-0.178981,0.0799403,0.739144,0.694609,0.287715,0.609158,-0.25232,0,0,0,0,0,0,0,-0.00190697,0.00255727,-0.00407271,-0.0036008,-6.1957,9.8946,-0.331867,6.7339,-3.21067,-0.826057,-3.58396,1.3069,0,0,-12,0,0,0,0,0,6.20098,0,0,0,
0.492644,0.120926,0.84312,0.654518,0.466217,-0.509812,-0.307147,-4.14294e-07,8.50134e-07,2.34099e-06,-3.71207e-06,-3.7121e-06,6.91115e-07,0.424742,0.396174,0.67933,0.0490537,0.976499,-0.208644,0.0226022,-0.178981,0.0799403,0.739144,0.694609,0.287715,0.609158,-0.25232,0,0,0,0,0,0,0,0.00193237,0.00114605,-0.00260492,-0.00319747,-6.44443,9.89182,-0.422741,6.75493,-3.1703,-0.807782,-3.63614,1.32383,0,0,-12,0,0,0,0,0,6.20095,0,0,0,
0.492644,0.120926,0.84312,0.654518,0.466217,-0.509812,-0.307147,1.27262e-06,1.19907e-06,2.22804e-06,-3.83764e-06,-1.53951e-06,5.52699e-06,0.424742,0.396174,0.67933,0.0490537,0.976499,-0.208644,0.0226022,-0.178981,0.0799403,0.739144,0.694609,0.287715,0.609158,-0.25232,0,0,0,0,0,0,0,0.00499742,0.00253853,-0.00404367,-0.00359831,-6.66312,9.8936,-0.498272,6.77678,-3.13541,-0.79178,-3.68203,1.33853,0,0,-12,0,0,0,0,0,6.20095,0,0,0,
0.492644,0.120926,0.84312,0.654518,0.466217,-0.509812,-0.307147,-2.10121e-06,5.01213e-07,2.45399e-06,-3.58657e-06,-5.88477e-06,-4.14474e-06,0.424742,0.396174,0.67933,0.049054,0.976499,-0.208644,0.0226023,-0.178981,0.0799403,0.739144,0.694609,0.287715,0.609158,-0.25232,0,0,0,0,0,0,0,0.00374708,0.00244741,-0.00412577,-0.00255128,-6.3626,9.89438,-0.401622,6.75143,-3.18284,-0.813432,-3.61906,1.31824,0,0,-12,0,0,0,0,0,6.20095,0,0,0,
0.492644,0.120926,0.84312,0.654518,0.466217,-0.509812,-0.307147,-4.14294e-07,8.50134e-07,2.34099e-06,-3.71207e-06,-3.7121e-06,6.91115e-07,0.424742,0.396174,0.67933,0.0490537,0.976499,-0.208644,0.0226022,-0.178981,0.0799403,0.739144,0.694609,0.287715,0.609158,-0.25232,0,0,0,0,0,0,0,0.00342323,0.00262861,-0.00396906,-0.00461057,-6.78059,9.8932,-0.529366,6.78525,-3.11749,-0.783556,-3.70658,1.34643,0,0,-12,0,0,0,0,0,6.20095,0,0,0,
0.492644,0.120926,0.84312,0.654518,0.466217,-0.509812,-0.307147,-4.14921e-07,8.5142e-07,2.34454e-06,-3.71768e-06,-3.71772e-06,6.92161e-07,0.424742,0.396174,0.67933,0.049054,0.976499,-0.208644,0.0226023,-0.178981,0.0799403,0.739144,0.694609,0.287715,0.609158,-0.25232,0,0,0,0,0,0,0,0.00137475,0.00244655,-0.00412614,-0.00253515,-6.86277,9.89285,-0.547972,6.79063,-3.10539,-0.77747,-3.72341,1.35194,0,0,-12,0,0,0,0,0,6.20095,0,0,0,
0.492644,0.120926,0.84312,0.654518,0.466217,-0.509812,-0.307147,1.27198e-06,1.20035e-06,2.23156e-06,-3.84322e-06,-1.54511e-06,5.52798e-06,0.424742,0.396174,0.67933,0.0490537,0.976499,-0.208644,0.0226022,-0.178981,0.0799403,0.739144,0.694609,0.287715,0.609158,-0.25232,0,0,0,0,0,0,0,-0.000173046,0.00263231,-0.00396714,-0.00464363,-6.9827,9.89244,-0.579938,6.79928,-3.08703,-0.769224,-3.74859,1.36,0,0,-12,0,0,0,0,0,6.20095,0,0,0,
0.492644,0.120926,0.84312,0.654518,0.466217,-0.509812,-0.307147,-4.14921e-07,8.5142e-07,2.34454e-06,-3.71768e-06,-3.71772e-06,6.92161e-07,0.424742,0.396174,0.67933,0.0490537,0.976499,-0.208644,0.0226022,-0.178981,0.0799403,0.739144,0.694609,0.287715,0.609158,-0.25232,0,0,0,0,0,0,0,0.00410023,0.0025412,-0.00404614,-0.00360521,-7.08041,9.89238,-0.623882,6.81023,-3.07046,-0.761701,-3.76915,1.36666,0,0,-12,0,0,0,0,0,6.20095,0,0,0,
0.492644,0.120926,0.84312,0.654518,0.466217,-0.509812,-0.307147,0,0,0,0,0,0,0.424742,0.396174,0.67933,0.049054,0.976499,-0.208644,0.0226021,-0.178981,0.0799403,0.739144,0.694609,0.287715,0.609158,-0.25232,0,0,0,0,0,0,0,0.00113233,0.00392614,-0.00548515,-0.00400636,-7.13504,9.8943,-0.62931,6.81452,-3.06311,-0.757995,-3.7804,1.3702,0,0,-12,0,0,0,0,0,6.20098,0,0,0,
0.492644,0.120926,0.84312,0.654518,0.466217,-0.509812,-0.307147,1.68438e-06,3.48406e-07,-1.12805e-07,-1.25345e-07,2.16937e-06,4.82861e-06,0.424742,0.396174,0.67933,0.0490537,0.976499,-0.208644,0.022602,-0.178981,0.0799403,0.739144,0.694609,0.287715,0.609158,-0.25232,0,0,0,0,0,0,0,0.000351722,0.00264671,-0.00400145,-0.00458037,-7.24314,9.89177,-0.661839,6.82092,-3.04616,-0.750361,-3.80302,1.37758,0,0,-12,0,0,0,0,0,6.20098,0,0,0,
0.492644,0.120926,0.84312,0.654518,0.466217,-0.509812,-0.307147,4.1492e-07,-8.5142e-07,-2.34454e-06,3.71768e-06,3.71772e-06,-6.92161e-07,0.424742,0.396174,0.67933,0.0490537,0.976499,-0.208644,0.022602,-0.178981,0.0799403,0.739144,0.694609,0.287715,0.609158,-0.25232,0,0,0,0,0,0,0,0.00193938,0.00256397,-0.00407405,-0.00363668,-7.30352,9.89168,-0.685568,6.82698,-3.03626,-0.745746,-3.81563,1.38168,0,0,-12,0,0,0,0,0,6.20098,0,0,0,
0.492644,0.120926,0.84312,0.654518,0.466217,-0.509812,-0.307147,2.09929e-06,-5.03017e-07,-2.45734e-06,3.59234e-06,5.88706e-06,4.1364e-06,0.424742,0.396174,0.67933,0.0490537,0.976499,-0.208644,0.022602,-0.178981,0.0799403,0.739144,0.694609,0.287715,0.609158,-0.25232,0,0,0,0,0,0,0,0.000656617,0.00256453,-0.00407342,-0.00363938,-7.53635,9.89096,-0.753115,6.8451,-3.00026,-0.729019,-3.86419,1.39736,0,0,-12,0,0,0,0,0,6.20098,0,0,0,
0.492644,0.120926,0.84312,0.654518,0.466217,-0.509812,-0.307147,4.1398e-07,-8.49491e-07,-2.33923e-06,3.70926e-06,3.7093e-06,-6.90594e-07,0.424742,0.396174,0.67933,0.0490537,0.976499,-0.208644,0.022602,-0.178981,0.0799403,0.739144,0.694609,0.287715,0.609158,-0.25232,0,0,0,0,0,0,0,0.00134803,0.00256512,-0.00407556,-0.00363917,-7.42919,9.8913,-0.722353,6.83683,-3.0168,-0.73671,-3.84185,1.39015,0,0,-12,0,0,0,0,0,6.20098,0,0,0,
0.492644,0.120926,0.84312,0.654518,0.466217,-0.509812,-0.307147,4.1398e-07,-8.49491e-07,-2.33923e-06,3.70926e-06,3.7093e-06,-6.90594e-07,0.424742,0.396174,0.67933,0.049054,0.976499,-0.208644,0.0226021,-0.178981,0.0799403,0.739144,0.694609,0.287715,0.609158,-0.25232,0,0,0,0,0,0,0,0.00103171,0.00247357,-0.00415628,-0.00259143,-7.59204,9.89081,-0.771459,6.84995,-2.99149,-0.724817,-3.87574,1.40113,0,0,-12,0,0,0,0,0,6.20098,0,0,0,
0.492644,0.120926,0.84312,0.654518,0.466217,-0.509812,-0.307147,-1.27007e-06,-1.19854e-06,-2.22821e-06,3.83745e-06,1.54279e-06,-5.51968e-06,0.424742,0.396174,0.67933,0.049054,0.976499,-0.208644,0.0226021,-0.178981,0.0799403,0.739144,0.694609,0.287715,0.609158,-0.25232,0,0,0,0,0,0,0,0.000627641,0.00256493,-0.00407898,-0.00362164,-7.50533,9.89105,-0.743465,6.84256,-3.00512,-0.73126,-3.85771,1.39527,0,0,-12,0,0,0,0,0,6.20098,0,0,0,
0.492644,0.120926,0.84312,0.654518,0.466217,-0.509812,-0.307147,4.14293e-07,-8.50133e-07,-2.34099e-06,3.71207e-06,3.7121e-06,-6.91115e-07,0.424742,0.396174,0.67933,0.0490537,0.976499,-0.208644,0.022602,-0.178981,0.0799403,0.739144,0.694609,0.287715,0.609158,-0.25232,0,0,0,0,0,0,0,0.00130652,0.0026599,-0.00399409,-0.00470185,-7.85739,9.8901,-0.854134,6.87172,-2.94982,-0.705931,-3.93141,1.41903,0,0,-12,0,0,0,0,0,6.20098,0,0,0,
0.492644,0.120926,0.84312,0.654518,0.466217,-0.509812,-0.307147,1.68692e-06,3.4893e-07,-1.12975e-07,-1.25534e-07,2.17263e-06,4.83587e-06,0.424742,0.396174,0.67933,0.0490537,0.976499,-0.208644,0.022602,-0.178981,0.0799403,0.739144,0.694609,0.287715,0.609158,-0.25232,0,0,0,0,0,0,0,0.0018002,0.00256726,-0.00407756,-0.00364469,-7.7652,9.89038,-0.827312,6.86457,-2.96413,-0.712403,-3.91207,1.41282,0,0,-12,0,0,0,0,0,6.20098,0,0,0,
0.492644,0.120926,0.84312,0.654518,0.466217,-0.509812,-0.307147,0,0,0,0,0,0,0.424742,0.396174,0.67933,0.0490537,0.976499,-0.208644,0.022602,-0.178981,0.0799403,0.739144,0.694609,0.287715,0.609158,-0.25232,0,0,0,0,0,0,0,0.00143287,0.0025678,-0.00407673,-0.00364754,-8.01796,9.88964,-0.903973,6.88496,-2.92473,-0.694169,-3.96485,1.42986,0,0,-12,0,0,0,0,0,6.20098,0,0,0,
0.492644,0.120926,0.84312,0.654518,0.466217,-0.509812,-0.307147,-1.68692e-06,-3.48929e-07,1.12974e-07,1.25534e-07,-2.17263e-06,-4.83587e-06,0.424742,0.396174,0.67933,0.049054,0.976499,-0.208644,0.0226021,-0.178981,0.0799403,0.739144,0.694609,0.287715,0.609158,-0.25232,0,0,0,0,0,0,0,-0.000950789,0.00247681,-0.00416077,-0.00260295,-7.8151,9.89009,-0.833722,6.8668,-2.95724,-0.708849,-3.92222,1.41614,0,0,-12,0,0,0,0,0,6.20098,0,0,0,
0.492644,0.120926,0.84312,0.654518,0.466217,-0.509812,-0.307147,-1.68692e-06,-3.48929e-07,1.12974e-07,1.25534e-07,-2.17263e-06,-4.83587e-06,0.424742,0.396174,0.67933,0.049054,0.976499,-0.208644,0.0226021,-0.178981,0.0799403,0.739144,0.694609,0.287715,0.609158,-0.25232,0,0,0,0,0,0,0,0.0033653,0.00256761,-0.00407994,-0.00363026,-8.12512,9.88944,-0.943252,6.89503,-2.90736,-0.686283,-3.98735,1.43712,0,0,-12,0,0,0,0,0,6.20098,0,0,0,
0.492644,0.120926,0.84312,0.654518,0.466217,-0.509812,-0.307147,0,0,0,0,0,0,0.424742,0.396174,0.67933,0.0490537,0.976499,-0.208644,0.022602,-0.178981,0.0799403,0.739144,0.694609,0.287715,0.609158,-0.25232,0,0,0,0,0,0,0,-0.00373972,0.00265932,-0.00400072,-0.00466922,-8.00971,9.88941,-0.884656,6.8807,-2.9276,-0.695294,-3.96292,1.42922,0,0,-12,0,0,0,0,0,6.20098,0,0,0,
0.492644,0.120926,0.84312,0.654518,0.466217,-0.509812,-0.307147,0,0,0,0,0,0,0.424742,0.396174,0.67933,0.049054,0.976499,-0.208644,0.0226021,-0.178981,0.0799403,0.739144,0.694609,0.287715,0.609158,-0.25232,0,0,0,0,0,0,0,0.00621714,0.00247819,-0.00416326,-0.00260425,-8.04006,9.88982,-0.926284,6.89009,-2.91981,-0.69207,-3.96965,1.43143,0,0,-12,0,0,0,0,0,6.20098,0,0,0,
0.492644,0.120926,0.84312,0.654518,0.466217,-0.509812,-0.307147,0,0,0,0,0,0,0.424742,0.396174,0.67933,0.049054,0.976499,-0.208644,0.0226021,-0.178981,0.0799403,0.739144,0.694609,0.287715,0.609158,-0.25232,0,0,0,0,0,0,0,-0.00171726,0.00256924,-0.00408285,-0.00363295,-8.20545,9.88896,-0.951485,6.89811,-2.89641,-0.680854,-4.00383,1.44245,0,0,-12,0,0,0,0,0,6.20098,0,0,0,
0.492644,0.120926,0.84312,0.654518,0.466217,-0.509812,-0.307147,-1.68437e-06,-3.48402e-07,1.12804e-07,1.25344e-07,-2.16935e-06,-4.82856e-06,0.424742,0.396174,0.67933,0.049054,0.976499,-0.208644,0.0226021,-0.178981,0.0799403,0.739144,0.694609,0.287715,0.609158,-0.25232,0,0,0,0,0,0,0,0.00116676,0.00256978,-0.0040832,-0.00363449,-8.30871,9.88881,-0.992657,6.90852,-2.87936,-0.673182,-4.02558,1.44947,0,0,-12,0,0,0,0,0,6.20098,0,0,0,
0.492645,0.120926,0.84312,0.654518,0.466217,-0.509812,-0.307147,9.22262e-07,2.42895e-06,-3.53073e-07,3.45426e-07,6.31964e-07,5.24986e-06,0.424742,0.396174,0.67933,0.0490534,0.976499,-0.208644,0.0226021,-0.178981,0.0799403,0.739144,0.694609,0.287715,0.609158,-0.25232,0,0,0,0,0,0,0,0.00375721,0.00289394,-0.00412966,-0.00493758,-8.39042,9.88907,-1.026,6.9172,-2.86575,-0.66727,-4.04294,1.45498,0,0,-12,0,0,0,0,0,6.20098,0,0,0,
0.492645,0.120926,0.84312,0.654518,0.466217,-0.509812,-0.307147,9.22262e-07,2.42895e-06,-3.53073e-07,3.45426e-07,6.31964e-07,5.24986e-06,0.424742,0.396174,0.67933,0.0490534,0.976499,-0.208644,0.0226021,-0.178981,0.0799403,0.739144,0.694609,0.287715,0.609158,-0.25232,0,0,0,0,0,0,0,0.00700183,0.0025753,-0.00408739,-0.00365858,-8.15417,9.88956,-0.964002,6.8999,-2.90167,-0.683921,-3.99364,1.43914,0,0,-12,0,0,0,0,0,6.20098,0,0,0,
0.492644,0.120926,0.84312,0.654518,0.466217,-0.509812,-0.307147,-1.68437e-06,-3.48402e-07,1.12804e-07,1.25344e-07,-2.16935e-06,-4.82856e-06,0.424742,0.396174,0.67933,0.049054,0.976499,-0.208644,0.0226021,-0.178981,0.0799403,0.739144,0.694609,0.287715,0.609158,-0.25232,0,0,0,0,0,0,0,0.00242082,0.00225126,-0.00404033,-0.00235648,-8.47804,9.88805,-1.04911,6.92296,-2.85251,-0.660679,-4.06089,1.46094,0,0,-12,0,0,0,0,0,6.20098,0,0,0,
0.492644,0.120926,0.84312,0.654518,0.466217,-0.509812,-0.307147,7.61536e-07,-2.07896e-06,2.40084e-07,-4.7041e-07,1.53623e-06,-4.20928e-07,0.424742,0.396173,0.67933,0.0490539,0.976499,-0.208644,0.022602,-0.178981,0.0799403,0.739144,0.694609,0.287715,0.609158,-0.25232,0,0,0,0,0,0,0,0.0048098,0.00246192,-0.00388862,-0.00447654,-8.63428,9.88779,-1.10501,6.93731,-2.82723,-0.64952,-4.0939,1.47151,0,0,-12,0,0,0,0,0,6.20097,0,0,0,
0.492644,0.120926,0.84312,0.654518,0.466217,-0.509812,-0.307147,-9.21559e-07,-2.42709e-06,3.52803e-07,-3.45161e-07,-6.3148e-07,-5.24584e-06,0.424742,0.396173,0.67933,0.0490539,0.976499,-0.208644,0.022602,-0.178981,0.0799403,0.739144,0.694609,0.287715,0.609158,-0.25232,0,0,0,0,0,0,0,0.00610637,0.00257095,-0.00408164,-0.00365716,-8.76372,9.88779,-1.14884,6.94905,-2.80666,-0.63995,-4.12093,1.48023,0,0,-12,0,0,0,0,0,6.20097,0,0,0,
0.492644,0.120926,0.84312,0.654518,0.466217,-0.509812,-0.307147,7.62824e-07,-2.07869e-06,2.39998e-07,-4.70506e-07,1.53789e-06,-4.17234e-07,0.424742,0.396173,0.67933,0.0490539,0.976499,-0.208644,0.022602,-0.178981,0.0799403,0.739144,0.694609,0.287715,0.609158,-0.25232,0,0,0,0,0,0,0,0.00384091,0.00257149,-0.00408401,-0.00365652,-8.61399,9.88809,-1.09537,6.93527,-2.83078,-0.650934,-4.08951,1.4701,0,0,-12,0,0,0,0,0,6.20097,0,0,0,
0.492644,0.120926,0.84312,0.654518,0.466217,-0.509812,-0.307147,1.68437e-06,3.48403e-07,-1.12804e-07,-1.25344e-07,2.16935e-06,4.82856e-06,0.424742,0.396174,0.67933,0.0490537,0.976499,-0.208644,0.022602,-0.178981,0.0799403,0.739144,0.694609,0.287715,0.609158,-0.25232,0,0,0,0,0,0,0,-0.000654635,0.00276762,-0.00419438,-0.00386725,-8.58793,9.88823,-1.07252,6.9303,-2.83631,-0.653172,-4.08382,1.46824,0,0,-12,0,0,0,0,0,6.20098,0,0,0,
0.492644,0.120926,0.84312,0.654518,0.466217,-0.509812,-0.307147,1.68438e-06,3.48406e-07,-1.12805e-07,-1.25345e-07,2.16937e-06,4.82861e-06,0.424742,0.396174,0.67933,0.0490537,0.976499,-0.208644,0.022602,-0.178981,0.0799403,0.739144,0.694609,0.287715,0.609158,-0.25232,0,0,0,0,0,0,0,-0.00459387,0.00257536,-0.00408746,-0.00366297,-8.73368,9.88732,-1.10484,6.93926,-2.81474,-0.642908,-4.11401,1.47804,0,0,-12,0,0,0,0,0,6.20098,0,0,0,
0.492644,0.120926,0.84312,0.654518,0.466217,-0.509812,-0.307147,-9.22943e-07,-2.43074e-06,3.53333e-07,-3.4568e-07,-6.3243e-07,-5.25373e-06,0.424742,0.396174,0.67933,0.0490537,0.976499,-0.208644,0.022602,-0.178981,0.0799403,0.739144,0.694609,0.287715,0.609158,-0.25232,0,0,0,0,0,0,0,0.000184156,0.0025759,-0.00407913,-0.00367402,-9.93437,9.88418,-1.49018,7.04055,-2.62552,-0.555814,-4.36513,1.55909,0,0,-12,0,0,0,0,0,6.20098,0,0,0,
0.492644,0.120926,0.84312,0.654518,0.466217,-0.509812,-0.307147,-9.22943e-07,-2.43074e-06,3.53333e-07,-3.4568e-07,-6.3243e-07,-5.25373e-06,0.424742,0.396174,0.67933,0.0490537,0.976499,-0.208644,0.022602,-0.178981,0.0799403,0.739144,0.694609,0.287715,0.609158,-0.25232,0,0,0,0,0,0,0,-0.00135675,0.00257666,-0.00409438,-0.00366004,-8.21791,9.88895,-0.956487,6.89938,-2.89435,-0.679931,-4.00646,1.4433,0,0,-12,0,0,0,0,0,6.20098,0,0,0,
0.492644,0.120926,0.84312,0.654518,0.466217,-0.509812,-0.307147,0,0,0,0,0,0,0.424742,0.396174,0.67933,0.049054,0.976499,-0.208644,0.0226021,-0.178981,0.0799403,0.739144,0.694609,0.287715,0.609158,-0.25232,0,0,0,0,0,0,0,0.00305862,0.00248612,-0.00417555,-0.0026267,-8.68669,9.88785,-1.11519,6.94072,-2.81971,-0.64559,-4.10454,1.47499,0,0,-12,0,0,0,0,0,6.20098,0,0,0,
0.492644,0.120926,0.84312,0.654518,0.466217,-0.509812,-0.307147,-7.63972e-07,2.08181e-06,-2.40359e-07,4.71214e-07,-1.5402e-06,4.17861e-07,0.424742,0.396174,0.67933,0.049054,0.976499,-0.208644,0.0226021,-0.178981,0.0799403,0.739144,0.694609,0.287715,0.609158,-0.25232,0,0,0,0,0,0,0,-0.00137119,0.00257647,-0.00409098,-0.00365007,-9.15572,9.8863,-1.24529,6.97593,-2.74774,-0.612179,-4.20237,1.50655,0,0,-12,0,0,0,0,0,6.20098,0,0,0,
0.492644,0.120926,0.84312,0.654518,0.466217,-0.509812,-0.307147,-7.63963e-07,2.08184e-06,-2.40362e-07,4.71217e-07,-1.54019e-06,4.17913e-07,0.424742,0.396174,0.67933,0.049054,0.976499,-0.208644,0.0226021,-0.178981,0.0799403,0.739144,0.694609,0.287715,0.609158,-0.25232,0,0,0,0,0,0,0,-0.00423354,0.002577,-0.00409141,-0.00365154,-9.24979,9.88589,-1.26497,6.98164,-2.73394,-0.605593,-4.22185,1.51285,0,0,-12,0,0,0,0,0,6.20098,0,0,0,
0.492644,0.120926,0.84312,0.654518,0.466217,-0.509812,-0.307147,9.22952e-07,2.43077e-06,-3.53337e-07,3.45684e-07,6.32436e-07,5.25378e-06,0.424742,0.396174,0.67933,0.0490537,0.976499,-0.208644,0.022602,-0.178981,0.0799403,0.739144,0.694609,0.287715,0.609158,-0.25232,0,0,0,0,0,0,0,0.00204427,0.00266908,-0.00400569,-0.00469777,-9.52561,9.88544,-1.37034,7.00842,-2.68879,-0.585356,-4.27996,1.53155,0,0,-12,0,0,0,0,0,6.20098,0,0,0,
0.492645,0.120926,0.84312,0.654518,0.466217,-0.509812,-0.307147,9.22951e-07,2.43077e-06,-3.53337e-07,3.45684e-07,6.32436e-07,5.25378e-06,0.424742,0.396174,0.67933,0.0490534,0.976499,-0.208644,0.0226021,-0.178981,0.0799403,0.739144,0.694609,0.287715,0.609158,-0.25232,0,0,0,0,0,0,0,-0.00301606,0.00280327,-0.00421596,-0.0039138,-9.31226,9.88611,-1.28792,6.98785,-2.72382,-0.601022,-4.235,1.51705,0,0,-12,0,0,0,0,0,6.20098,0,0,0,
0.492645,0.120926,0.84312,0.654518,0.466217,-0.509812,-0.307147,9.21556e-07,2.4271e-06,-3.52803e-07,3.45161e-07,6.3148e-07,5.24584e-06,0.424742,0.396174,0.67933,0.0490534,0.976499,-0.208644,0.0226021,-0.178981,0.0799403,0.739144,0.694609,0.287715,0.609158,-0.25232,0,0,0,0,0,0,0,-0.00180425,0.00258308,-0.0040936,-0.00367975,-9.49398,9.88533,-1.34807,7.00324,-2.695,-0.587777,-4.27301,1.52936,0,0,-12,0,0,0,0,0,6.20098,0,0,0,
0.492644,0.120926,0.84312,0.654518,0.466217,-0.509812,-0.307147,-1.68438e-06,-3.48405e-07,1.12805e-07,1.25345e-07,-2.16937e-06,-4.82861e-06,0.424742,0.396174,0.67933,0.049054,0.976499,-0.208644,0.0226021,-0.178981,0.0799403,0.739144,0.694609,0.287715,0.609158,-0.25232,0,0,0,0,0,0,0,0.000381443,0.00226369,-0.00405424,-0.00239191,-9.33537,9.88554,-1.30654,6.99156,-2.71912,-0.598896,-4.23987,1.51873,0,0,-12,0,0,0,0,0,6.20098,0,0,0,
0.492644,0.120926,0.84312,0.654518,0.466217,-0.509812,-0.307147,-2.09929e-06,5.03018e-07,2.45734e-06,-3.59234e-06,-5.88707e-06,-4.1364e-06,0.424742,0.396174,0.67933,0.049054,0.976499,-0.208644,0.0226023,-0.178981,0.0799403,0.739144,0.694609,0.287715,0.609158,-0.25232,0,0,0,0,0,0,0,0.00270572,0.00103643,-0.002677,-0.00217118,-9.63998,9.88281,-1.4095,7.01635,-2.67052,-0.576716,-4.30365,1.53938,0,0,-12,0,0,0,0,0,6.20095,0,0,0,
0.492644,0.120926,0.84312,0.654518,0.466217,-0.509812,-0.307147,-4.14298e-07,8.50142e-07,2.34102e-06,-3.7121e-06,-3.71214e-06,6.91122e-07,0.424742,0.396174,0.67933,0.049054,0.976499,-0.208644,0.0226023,-0.178981,0.0799403,0.739144,0.694609,0.287715,0.609158,-0.25232,0,0,0,0,0,0,0,0.000923262,0.00255916,-0.00406981,-0.00363091,-9.60455,9.88512,-1.391,7.01413,-2.67685,-0.579581,-4.29627,1.53686,0,0,-12,0,0,0,0,0,6.20095,0,0,0,
0.492644,0.120926,0.84312,0.654518,0.466217,-0.509812,-0.307147,1.27007e-06,1.19855e-06,2.22821e-06,-3.83745e-06,-1.54279e-06,5.51968e-06,0.424742,0.396174,0.67933,0.0490537,0.976499,-0.208644,0.0226022,-0.178981,0.0799403,0.739144,0.694609,0.287715,0.609158,-0.25232,0,0,0,0,0,0,0,0.00415543,0.00265338,-0.00398135,-0.00470121,-9.82963,9.88466,-1.47085,7.03468,-2.64059,-0.563237,-4.3436,1.55209,0,0,-12,0,0,0,0,0,6.20095,0,0,0,
0.492644,0.120926,0.84312,0.654518,0.466217,-0.509812,-0.307147,-4.14607e-07,8.50777e-07,2.34276e-06,-3.71487e-06,-3.71491e-06,6.91638e-07,0.424742,0.396174,0.67933,0.049054,0.976499,-0.208644,0.0226023,-0.178981,0.0799403,0.739144,0.694609,0.287715,0.609158,-0.25232,0,0,0,0,0,0,0,0.00426291,0.00247086,-0.00415422,-0.0026202,-9.77016,9.88482,-1.45282,7.02998,-2.64995,-0.567225,-4.33096,1.54808,0,0,-12,0,0,0,0,0,6.20095,0,0,0,
0.492644,0.120926,0.84312,0.654518,0.466217,-0.509812,-0.307147,-2.09897e-06,5.02375e-07,2.45557e-06,-3.58953e-06,-5.88426e-06,-4.13692e-06,0.424742,0.396174,0.67933,0.049054,0.976499,-0.208644,0.0226023,-0.178981,0.0799403,0.739144,0.694609,0.287715,0.609158,-0.25232,0,0,0,0,0,0,0,0.0034059,0.00256075,-0.00407095,-0.00363541,-9.90542,9.8844,-1.49173,7.0404,-2.62903,-0.557663,-4.35928,1.55719,0,0,-12,0,0,0,0,0,6.20095,0,0,0,
0.492644,0.120926,0.84312,0.654518,0.466217,-0.509812,-0.307147,-3.02023e-06,-1.92539e-06,2.8066e-06,-3.93188e-06,-6.51294e-06,-9.38334e-06,0.424742,0.396174,0.67933,0.049054,0.976499,-0.208644,0.0226023,-0.178981,0.0799403,0.739144,0.694609,0.287715,0.609158,-0.25232,0,0,0,0,0,0,0,0.00419401,0.00256129,-0.00407229,-0.00363588,-9.88379,9.88451,-1.48762,7.03917,-2.63216,-0.559167,-4.35481,1.55574,0,0,-12,0,0,0,0,0,6.20095,0,0,0,
0.492644,0.120926,0.84312,0.654518,0.466217,-0.509812,-0.307147,-1.33585e-06,-1.57696e-06,2.6938e-06,-4.05723e-06,-4.34358e-06,-4.55473e-06,0.424742,0.396174,0.67933,0.0490537,0.976499,-0.208644,0.0226022,-0.178981,0.0799403,0.739144,0.694609,0.287715,0.609158,-0.25232,0,0,0,0,0,0,0,0.00475642,0.00265465,-0.0039843,-0.00469577,-10.0574,9.88405,-1.54296,7.05369,-2.60479,-0.546735,-4.39123,1.56746,0,0,-12,0,0,0,0,0,6.20095,0,0,0,
0.492644,0.120926,0.84312,0.654518,0.466217,-0.509812,-0.307147,0,0,0,0,0,0,0.424742,0.396174,0.67933,0.0490537,0.976499,-0.208644,0.022602,-0.178981,0.0799403,0.739144,0.694609,0.287715,0.609158,-0.25232,0,0,0,0,0,0,0,0.00369679,0.00411832,-0.00549598,-0.00515929,-10.2197,9.88589,-1.58764,7.06818,-2.58002,-0.53512,-4.42509,1.57829,0,0,-12,0,0,0,0,0,6.20098,0,0,0,
0.492644,0.120926,0.84312,0.654518,0.466217,-0.509812,-0.307147,4.14293e-07,-8.50133e-07,-2.34099e-06,3.71207e-06,3.7121e-06,-6.91115e-07,0.424742,0.396174,0.67933,0.049054,0.976499,-0.208644,0.0226021,-0.178981,0.0799403,0.739144,0.694609,0.287715,0.609158,-0.25232,0,0,0,0,0,0,0,0.00146237,0.00249311,-0.0041874,-0.00263505,-9.86698,9.88445,-1.47353,7.03598,-2.6357,-0.560438,-4.35102,1.55458,0,0,-12,0,0,0,0,0,6.20098,0,0,0,
0.492644,0.120926,0.84312,0.654518,0.466217,-0.509812,-0.307147,1.17826e-06,-2.93198e-06,-2.10066e-06,3.24089e-06,5.25233e-06,-1.10904e-06,0.424742,0.396173,0.67933,0.0490539,0.976499,-0.208644,0.022602,-0.178981,0.0799403,0.739144,0.694609,0.287715,0.609158,-0.25232,0,0,0,0,0,0,0,0.0013567,0.0024785,-0.00390683,-0.00447529,-10.2753,9.88301,-1.59923,7.06893,-2.57177,-0.531218,-4.43651,1.58214,0,0,-12,0,0,0,0,0,6.20097,0,0,0,
0.492644,0.120926,0.84312,0.654518,0.466217,-0.509812,-0.307147,4.14924e-07,-8.51428e-07,-2.34456e-06,3.71772e-06,3.71776e-06,-6.92168e-07,0.424742,0.396174,0.67933,0.0490537,0.976499,-0.208644,0.022602,-0.178981,0.0799403,0.739144,0.694609,0.287715,0.609158,-0.25232,0,0,0,0,0,0,0,-0.0028933,0.0027825,-0.00420923,-0.00389758,-10.0032,9.88414,-1.50116,7.04431,-2.61575,-0.551093,-4.37936,1.56366,0,0,-12,0,0,0,0,0,6.20098,0,0,0,
0.492644,0.120926,0.84312,0.654518,0.466217,-0.509812,-0.307147,4.14606e-07,-8.50776e-07,-2.34276e-06,3.71487e-06,3.71491e-06,-6.91638e-07,0.424742,0.396174,0.67933,0.0490537,0.976499,-0.208644,0.022602,-0.178981,0.0799403,0.739144,0.694609,0.287715,0.609158,-0.25232,0,0,0,0,0,0,0,-0.000378914,0.00258687,-0.00410058,-0.00368996,-10.2272,9.88334,-1.57851,7.06408,-2.57992,-0.534706,-4.42626,1.57884,0,0,-12,0,0,0,0,0,6.20098,0,0,0,
0.492644,0.120926,0.84312,0.654518,0.466217,-0.509812,-0.307147,2.10152e-06,-5.01846e-07,-2.45574e-06,3.58934e-06,5.88754e-06,4.14423e-06,0.424742,0.396174,0.67933,0.0490537,0.976499,-0.208644,0.022602,-0.178981,0.0799403,0.739144,0.694609,0.287715,0.609158,-0.25232,0,0,0,0,0,0,0,-0.00251483,0.00258742,-0.00410017,-0.00369238,-10.4279,9.88267,-1.63342,7.07901,-2.54921,-0.520358,-4.46808,1.59234,0,0,-12,0,0,0,0,0,6.20098,0,0,0,
0.492644,0.120926,0.84312,0.654518,0.466217,-0.509812,-0.307147,4.14606e-07,-8.50776e-07,-2.34276e-06,3.71487e-06,3.71491e-06,-6.91638e-07,0.424742,0.396174,0.67933,0.049054,0.976499,-0.208644,0.0226021,-0.178981,0.0799403,0.739144,0.694609,0.287715,0.609158,-0.25232,0,0,0,0,0,0,0,0.00173239,0.00249701,-0.00418813,-0.00265712,-10.4877,9.88271,-1.66559,7.08684,-2.53857,-0.515578,-4.48071,1.59645,0,0,-12,0,0,0,0,0,6.20098,0,0,0,
0.492644,0.120926,0.84312,0.654518,0.466217,-0.509812,-0.307147,4.14602e-07,-8.50767e-07,-2.34274e-06,3.71484e-06,3.71487e-06,-6.91631e-07,0.424742,0.396174,0.67933,0.0490537,0.976499,-0.208644,0.022602,-0.178981,0.0799403,0.739144,0.694609,0.287715,0.609158,-0.25232,0,0,0,0,0,0,0,0.00585043,0.00267796,-0.00401665,-0.0047085,-10.4901,9.88293,-1.67974,7.08978,-2.53681,-0.515401,-4.48167,1.59666,0,0,-12,0,0,0,0,0,6.20098,0,0,0,
0.492644,0.120926,0.84312,0.654518,0.466217,-0.509812,-0.307147,0,0,0,0,0,0,0.424742,0.396174,0.67933,0.0490537,0.976499,-0.208644,0.022602,-0.178981,0.0799403,0.739144,0.694609,0.287715,0.609158,-0.25232,0,0,0,0,0,0,0,0.00254553,0.00258906,-0.00410403,-0.00369405,-10.388,9.88304,-1.63754,7.07922,-2.55386,-0.522874,-4.46003,1.58973,0,0,-12,0,0,0,0,0,6.20098,0,0,0,
0.492644,0.120926,0.84312,0.654518,0.466217,-0.509812,-0.307147,-1.68437e-06,-3.48402e-07,1.12804e-07,1.25344e-07,-2.16935e-06,-4.82856e-06,0.424742,0.396174,0.67933,0.049054,0.976499,-0.208644,0.0226021,-0.178981,0.0799403,0.739144,0.694609,0.287715,0.609158,-0.25232,0,0,0,0,0,0,0,0.00165244,0.0024975,-0.00419104,-0.00264863,-10.7698,9.88191,-1.75223,7.10982,-2.49449,-0.495199,-4.53965,1.61547,0,0,-12,0,0,0,0,0,6.20098,0,0,0,
0.492644,0.120926,0.84312,0.654518,0.466217,-0.509812,-0.307147,9.21567e-07,2.42712e-06,-3.52806e-07,3.45165e-07,6.31487e-07,5.24589e-06,0.424742,0.396174,0.67933,0.049054,0.976499,-0.208644,0.0226021,-0.178981,0.0799403,0.739144,0.694609,0.287715,0.609158,-0.25232,0,0,0,0,0,0,0,0.000519631,0.00258887,-0.00410465,-0.00367975,-10.8355,9.88168,-1.76881,7.11437,-2.48453,-0.490686,-4.55341,1.61988,0,0,-12,0,0,0,0,0,6.20098,0,0,0,
0.492644,0.120926,0.84312,0.654518,0.466217,-0.509812,-0.307147,-1.68438e-06,-3.48405e-07,1.12805e-07,1.25345e-07,-2.16937e-06,-4.82861e-06,0.424742,0.396174,0.67933,0.049054,0.976499,-0.208644,0.0226021,-0.178981,0.0799403,0.739144,0.694609,0.287715,0.609158,-0.25232,0,0,0,0,0,0,0,0.000526153,0.00258942,-0.00410556,-0.00368073,-10.8721,9.88157,-1.7801,7.11736,-2.4788,-0.488041,-4.56106,1.62235,0,0,-12,0,0,0,0,0,6.20098,0,0,0,
0.492644,0.120926,0.84312,0.654518,0.466217,-0.509812,-0.307147,-1.68309e-06,-3.48139e-07,1.12718e-07,1.25249e-07,-2.16771e-06,-4.82492e-06,0.424742,0.396174,0.67933,0.049054,0.976499,-0.208644,0.0226021,-0.178981,0.0799403,0.739144,0.694609,0.287715,0.609158,-0.25232,0,0,0,0,0,0,0,0.00489194,0.00258995,-0.00410806,-0.0036799,-10.7009,9.88228,-1.74156,7.10638,-2.50419,-0.500087,-4.52556,1.61088,0,0,-12,0,0,0,0,0,6.20098,0,0,0,
0.492644,0.120926,0.84312,0.654518,0.466217,-0.509812,-0.307147,0,0,0,0,0,0,0.424742,0.396174,0.67933,0.0490537,0.976499,-0.208644,0.022602,-0.178981,0.0799403,0.739144,0.694609,0.287715,0.609158,-0.25232,0,0,0,0,0,0,0,0.00345107,0.00268363,-0.00401709,-0.00474334,-10.8917,9.88168,-1.79567,7.12093,-2.47477,-0.486564,-4.56544,1.62372,0,0,-12,0,0,0,0,0,6.20098,0,0,0,
0.492644,0.120926,0.84312,0.654518,0.466217,-0.509812,-0.307147,0,0,0,0,0,0,0.424742,0.396174,0.67933,0.049054,0.976499,-0.208644,0.0226021,-0.178981,0.0799403,0.739144,0.694609,0.287715,0.609158,-0.25232,0,0,0,0,0,0,0,0.00293578,0.00250081,-0.00419378,-0.00266267,-11.2004,9.88077,-1.88901,7.14585,-2.42677,-0.464001,-4.62967,1.64454,0,0,-12,0,0,0,0,0,6.20098,0,0,0,
0.492644,0.120926,0.84312,0.654518,0.466217,-0.509812,-0.307147,-2.09993e-06,5.01469e-07,2.45388e-06,-3.58663e-06,-5.88309e-06,-4.1411e-06,0.424742,0.396174,0.67933,0.049054,0.976499,-0.208644,0.0226023,-0.178981,0.0799403,0.739144,0.694609,0.287715,0.609158,-0.25232,0,0,0,0,0,0,0,0.00098923,0.00105341,-0.00269855,-0.002201,-11.4739,9.87757,-1.96878,7.16491,-2.38435,-0.444351,-4.68668,1.66305,0,0,-12,0,0,0,0,0,6.20095,0,0,0,
0.492644,0.120926,0.84312,0.654518,0.466217,-0.509812,-0.307147,-2.09994e-06,5.01477e-07,2.45391e-06,-3.58666e-06,-5.88313e-06,-4.14109e-06,0.424742,0.396174,0.67933,0.049054,0.976499,-0.208644,0.0226023,-0.178981,0.0799403,0.739144,0.694609,0.287715,0.609158,-0.25232,0,0,0,0,0,0,0,0.00311346,0.00257101,-0.00408183,-0.00366042,-11.3584,9.8803,-1.9383,7.15882,-2.40196,-0.452715,-4.66281,1.65519,0,0,-12,0,0,0,0,0,6.20095,0,0,0,
0.492644,0.120926,0.84312,0.654518,0.466217,-0.509812,-0.307147,-4.14294e-07,8.50134e-07,2.34099e-06,-3.71207e-06,-3.7121e-06,6.91115e-07,0.424742,0.396174,0.67933,0.049054,0.976499,-0.208644,0.0226023,-0.178981,0.0799403,0.739144,0.694609,0.287715,0.609158,-0.25232,0,0,0,0,0,0,0,0.00200511,0.00257155,-0.00408109,-0.00366317,-11.6062,9.87955,-2.011,7.17829,-2.36358,-0.4349,-4.71449,1.67188,0,0,-12,0,0,0,0,0,6.20095,0,0,0,
0.492644,0.120926,0.84312,0.654518,0.466217,-0.509812,-0.307147,-4.15235e-07,8.52065e-07,2.34631e-06,-3.7205e-06,-3.72053e-06,6.92685e-07,0.424742,0.396174,0.67933,0.0490537,0.976499,-0.208644,0.0226022,-0.178981,0.0799403,0.739144,0.694609,0.287715,0.609158,-0.25232,0,0,0,0,0,0,0,-0.00174875,0.00266455,-0.00399049,-0.00471816,-11.7075,9.87908,-2.03004,7.18394,-2.34888,-0.428011,-4.73554,1.67865,0,0,-12,0,0,0,0,0,6.20095,0,0,0,
0.492644,0.120926,0.84312,0.654518,0.466217,-0.509812,-0.307147,1.2704e-06,1.20073e-06,2.23342e-06,-3.84594e-06,-1.54955e-06,5.5249e-06,0.424742,0.396174,0.67933,0.0490537,0.976499,-0.208644,0.0226022,-0.178981,0.0799403,0.739144,0.694609,0.287715,0.609158,-0.25232,0,0,0,0,0,0,0,-0.000683367,0.00257388,-0.00407941,-0.00368622,-11.8794,9.87864,-2.08642,7.19874,-2.32172,-0.415364,-4.77141,1.69026,0,0,-12,0,0,0,0,0,6.20095,0,0,0,
0.492644,0.120926,0.84312,0.654518,0.466217,-0.509812,-0.307147,1.27168e-06,1.201e-06,2.23334e-06,-3.84603e-06,-1.5479e-06,5.52855e-06,0.424742,0.396174,0.67933,0.0490537,0.976499,-0.208644,0.0226022,-0.178981,0.0799403,0.739144,0.694609,0.287715,0.609158,-0.25232,0,0,0,0,0,0,0,-0.00227384,0.00257441,-0.00408067,-0.00368676,-11.8702,9.87859,-2.07842,7.1969,-2.32366,-0.416146,-4.76939,1.68962,0,0,-12,0,0,0,0,0,6.20095,0,0,0,
0.492644,0.120926,0.84312,0.654518,0.466217,-0.509812,-0.307147,-4.14921e-07,8.5142e-07,2.34454e-06,-3.71768e-06,-3.71772e-06,6.92161e-07,0.424742,0.396174,0.67933,0.0490537,0.976499,-0.208644,0.0226022,-0.178981,0.0799403,0.739144,0.694609,0.287715,0.609158,-0.25232,0,0,0,0,0,0,0,0.00312749,0.00257497,-0.00408029,-0.00368918,-12.0774,9.87828,-2.15978,7.21752,-2.28956,-0.400779,-4.813,1.70368,0,0,-12,0,0,0,0,0,6.20095,0,0,0,
0.492644,0.120926,0.84312,0.654518,0.466217,-0.509812,-0.307147,1.26819e-06,1.19956e-06,2.23182e-06,-3.84294e-06,-1.54999e-06,5.51712e-06,0.424742,0.396174,0.67933,0.0490537,0.976499,-0.208644,0.0226022,-0.178981,0.0799403,0.739144,0.694609,0.287715,0.609158,-0.25232,0,0,0,0,0,0,0,-0.00156067,0.00257553,-0.0040822,-0.00368911,-11.9931,9.87828,-2.11859,7.20743,-2.30422,-0.407214,-4.79511,1.69792,0,0,-12,0,0,0,0,0,6.20095,0,0,0,
0.492644,0.120926,0.84312,0.654518,0.466217,-0.509812,-0.307147,1.26819e-06,1.19956e-06,2.23182e-06,-3.84294e-06,-1.54999e-06,5.51712e-06,0.424742,0.396174,0.67933,0.0490537,0.976499,-0.208644,0.0226022,-0.178981,0.0799403,0.739144,0.694609,0.287715,0.609158,-0.25232,0,0,0,0,0,0,0,-0.00435388,0.00257606,-0.00408028,-0.0036931,-12.3879,9.87702,-2.23113,7.23774,-2.24338,-0.378897,-4.87742,1.7245,0,0,-12,0,0,0,0,0,6.20095,0,0,0,
0.492644,0.120926,0.84312,0.654518,0.466217,-0.509812,-0.307147,2.09929e-06,-5.03017e-07,-2.45734e-06,3.59234e-06,5.88706e-06,4.1364e-06,0.424742,0.396174,0.67933,0.0490537,0.976499,-0.208644,0.022602,-0.178981,0.0799403,0.739144,0.694609,0.287715,0.609158,-0.25232,0,0,0,0,0,0,0,0.00122905,0.00407471,-0.00545019,-0.00514431,-12.2769,9.87989,-2.21332,7.23437,-2.25918,-0.386677,-4.85471,1.717,0,0,-12,0,0,0,0,0,6.20098,0,0,0,
0.492644,0.120926,0.84312,0.654518,0.466217,-0.509812,-0.307147,2.09739e-06,-5.01994e-07,-2.45371e-06,3.58682e-06,5.87981e-06,4.1338e-06,0.424742,0.396174,0.67933,0.0490537,0.976499,-0.208644,0.022602,-0.178981,0.0799403,0.739144,0.694609,0.287715,0.609158,-0.25232,0,0,0,0,0,0,0,0.00407702,0.00259823,-0.00410859,-0.00372192,-12.3581,9.87758,-2.24931,7.24111,-2.24538,-0.380435,-4.8717,1.72263,0,0,-12,0,0,0,0,0,6.20098,0,0,0,
0.492644,0.120926,0.84312,0.654518,0.466217,-0.509812,-0.307147,4.14297e-07,-8.50142e-07,-2.34102e-06,3.7121e-06,3.71214e-06,-6.91122e-07,0.424742,0.396174,0.67933,0.0490537,0.976499,-0.208644,0.022602,-0.178981,0.0799403,0.739144,0.694609,0.287715,0.609158,-0.25232,0,0,0,0,0,0,0,0.000562984,0.00259877,-0.00410702,-0.00372558,-12.7088,9.87641,-2.34594,7.26733,-2.19165,-0.355353,-4.94477,1.74623,0,0,-12,0,0,0,0,0,6.20098,0,0,0,
0.492644,0.120926,0.84312,0.654518,0.466217,-0.509812,-0.307147,4.13984e-07,-8.495e-07,-2.33925e-06,3.7093e-06,3.70934e-06,-6.906e-07,0.424742,0.396174,0.67933,0.0490537,0.976499,-0.208644,0.022602,-0.178981,0.0799403,0.739144,0.694609,0.287715,0.609158,-0.25232,0,0,0,0,0,0,0,-0.000692637,0.00259932,-0.0041098,-0.00372452,-12.5141,9.87689,-2.28189,7.25058,-2.22248,-0.369511,-4.90402,1.73308,0,0,-12,0,0,0,0,0,6.20098,0,0,0,
0.492644,0.120926,0.84312,0.654518,0.466217,-0.509812,-0.307147,4.14293e-07,-8.50133e-07,-2.34099e-06,3.71207e-06,3.7121e-06,-6.91115e-07,0.424742,0.396174,0.67933,0.0490537,0.976499,-0.208644,0.022602,-0.178981,0.0799403,0.739144,0.694609,0.287715,0.609158,-0.25232,0,0,0,0,0,0,0,0.00296926,0.00259988,-0.00411032,-0.00372594,-12.6043,9.87683,-2.32153,7.26045,-2.20724,-0.362732,-4.92306,1.73922,0,0,-12,0,0,0,0,0,6.20098,0,0,0,
0.492644,0.120926,0.84312,0.654518,0.466217,-0.509812,-0.307147,4.14297e-07,-8.50142e-07,-2.34102e-06,3.7121e-06,3.71214e-06,-6.91122e-07,0.424742,0.396174,0.67933,0.0490537,0.976499,-0.208644,0.022602,-0.178981,0.0799403,0.739144,0.694609,0.287715,0.609158,-0.25232,0,0,0,0,0,0,0,0.00167757,0.00260041,-0.00410911,-0.00372914,-12.9042,9.87591,-2.40973,7.28405,-2.16075,-0.341157,-4.98565,1.75943,0,0,-12,0,0,0,0,0,6.20098,0,0,0,
0.492644,0.120926,0.84312,0.654518,0.466217,-0.509812,-0.307147,4.13664e-07,-8.48842e-07,-2.33744e-06,3.70643e-06,3.70646e-06,-6.90066e-07,0.424742,0.396174,0.67933,0.0490537,0.976499,-0.208644,0.022602,-0.178981,0.0799403,0.739144,0.694609,0.287715,0.609158,-0.25232,0,0,0,0,0,0,0,0.00523006,0.00260095,-0.00411025,-0.00372986,-12.9158,9.87607,-2.42483,7.28743,-2.15782,-0.340059,-4.98828,1.76027,0,0,-12,0,0,0,0,0,6.20098,0,0,0,
0.492644,0.120926,0.84312,0.654518,0.466217,-0.509812,-0.307147,4.13668e-07,-8.4885e-07,-2.33746e-06,3.70647e-06,3.7065e-06,-6.90073e-07,0.424742,0.396174,0.67933,0.0490537,0.976499,-0.208644,0.022602,-0.178981,0.0799403,0.739144,0.694609,0.287715,0.609158,-0.25232,0,0,0,0,0,0,0,0.000224973,0.00260149,-0.00411445,-0.00372723,-12.5388,9.87687,-2.29245,7.25322,-2.21834,-0.367665,-4.90922,1.73476,0,0,-12,0,0,0,0,0,6.20098,0,0,0,
0.492644,0.120926,0.84312,0.654518,0.466217,-0.509812,-0.307147,4.13668e-07,-8.4885e-07,-2.33746e-06,3.70647e-06,3.7065e-06,-6.90073e-07,0.424742,0.396174,0.67933,0.0490537,0.976499,-0.208644,0.022602,-0.178981,0.0799403,0.739144,0.694609,0.287715,0.609158,-0.25232,0,0,0,0,0,0,0,0.00159425,0.00260203,-0.00411098,-0.00373293,-13.1234,9.87529,-2.47697,7.30189,-2.12651,-0.325327,-5.03144,1.77421,0,0,-12,0,0,0,0,0,6.20098,0,0,0,
0.492644,0.120926,0.84312,0.654518,0.466217,-0.509812,-0.307147,-1.68692e-06,-3.48929e-07,1.12974e-07,1.25534e-07,-2.17263e-06,-4.83587e-06,0.424742,0.396174,0.67933,0.049054,0.976499,-0.208644,0.0226021,-0.178981,0.0799403,0.739144,0.694609,0.287715,0.609158,-0.25232,0,0,0,0,0,0,0,0.00311292,0.00250918,-0.0042061,-0.00267136,-13.2836,9.87491,-2.5312,7.31605,-2.10104,-0.313492,-5.06487,1.78504,0,0,-12,0,0,0,0,0,6.20098,0,0,0,
0.492644,0.120926,0.84312,0.654518,0.466217,-0.509812,-0.307147,-1.6869e-06,-3.48926e-07,1.12973e-07,1.25532e-07,-2.17261e-06,-4.83582e-06,0.424742,0.396174,0.67933,0.049054,0.976499,-0.208644,0.0226021,-0.178981,0.0799403,0.739144,0.694609,0.287715,0.609158,-0.25232,0,0,0,0,0,0,0,0.00182011,0.00260184,-0.0041149,-0.00371516,-13.1825,9.87514,-2.4959,7.30687,-2.1172,-0.32104,-5.04379,1.7782,0,0,-12,0,0,0,0,0,6.20098,0,0,0,
0.492644,0.120926,0.84312,0.654518,0.466217,-0.509812,-0.307147,0,0,0,0,0,0,0.424742,0.396174,0.67933,0.0490537,0.976499,-0.208644,0.022602,-0.178981,0.0799403,0.739144,0.694609,0.287715,0.609158,-0.25232,0,0,0,0,0,0,0,0.00379531,0.00269496,-0.00402331,-0.00476799,-12.9263,9.87597,-2.42343,7.28726,-2.15658,-0.339555,-4.9905,1.76095,0,0,-12,0,0,0,0,0,6.20098,0,0,0,
0.492644,0.120926,0.84312,0.654518,0.466217,-0.509812,-0.307147,-1.6869e-06,-3.48926e-07,1.12973e-07,1.25532e-07,-2.17261e-06,-4.83582e-06,0.424742,0.396174,0.67933,0.049054,0.976499,-0.208644,0.0226021,-0.178981,0.0799403,0.739144,0.694609,0.287715,0.609158,-0.25232,0,0,0,0,0,0,0,0.000612883,0.00251493,-0.00420639,-0.0027197,-13.2558,9.87487,-2.51454,7.31207,-2.10617,-0.315687,-5.05893,1.78313,0,0,-12,0,0,0,0,0,6.20098,0,0,0,
0.492644,0.120926,0.84312,0.654518,0.466217,-0.509812,-0.307147,-1.68437e-06,-3.48402e-07,1.12804e-07,1.25344e-07,-2.16935e-06,-4.82856e-06,0.424742,0.396174,0.67933,0.049054,0.976499,-0.208644,0.0226021,-0.178981,0.0799403,0.739144,0.694609,0.287715,0.609158,-0.25232,0,0,0,0,0,0,0,-0.000414951,0.00260346,-0.00411527,-0.00372057,-13.5902,9.87388,-2.61423,7.33862,-2.05417,-0.291748,-5.12883,1.80567,0,0,-12,0,0,0,0,0,6.20098,0,0,0,
0.492644,0.120926,0.84312,0.654518,0.466217,-0.509812,-0.307147,-1.68437e-06,-3.48402e-07,1.12804e-07,1.25344e-07,-2.16935e-06,-4.82856e-06,0.424742,0.396174,0.67933,0.049054,0.976499,-0.208644,0.0226021,-0.178981,0.0799403,0.739144,0.694609,0.287715,0.609158,-0.25232,0,0,0,0,0,0,0,0.00756839,0.002604,-0.00411659,-0.00372104,-13.5752,9.87433,-2.63552,7.34287,-2.05399,-0.292245,-5.12618,1.80478,0,0,-12,0,0,0,0,0,6.20098,0,0,0,
0.492644,0.120926,0.84312,0.654518,0.466217,-0.509812,-0.307147,0,0,0,0,0,0,0.424742,0.396174,0.67933,0.0490537,0.976499,-0.208644,0.022602,-0.178981,0.0799403,0.739144,0.694609,0.287715,0.609158,-0.25232,0,0,0,0,0,0,0,0.00397501,0.00269671,-0.0040226,-0.0047713,-13.5664,9.87418,-2.62117,7.33965,-2.05645,-0.293297,-5.12424,1.80413,0,0,-12,0,0,0,0,0,6.20098,0,0,0,
0.492644,0.120926,0.84312,0.654518,0.466217,-0.509812,-0.307147,0,0,0,0,0,0,0.424742,0.396174,0.67933,0.0490537,0.976499,-0.208644,0.022602,-0.178981,0.0799403,0.739144,0.694609,0.287715,0.609158,-0.25232,0,0,0,0,0,0,0,-0.00632947,0.00260634,-0.00411674,-0.00374207,-13.6098,9.87352,-2.60104,7.33616,-2.05297,-0.290773,-5.13257,1.80689,0,0,-12,0,0,0,0,0,6.20098,0,0,0,
0.492644,0.120926,0.84312,0.654518,0.466217,-0.509812,-0.307147,1.68309e-06,3.4814e-07,-1.12719e-07,-1.25249e-07,2.16771e-06,4.82492e-06,0.424742,0.396174,0.67933,0.0490537,0.976499,-0.208644,0.022602,-0.178981,0.0799403,0.739144,0.694609,0.287715,0.609158,-0.25232,0,0,0,0,0,0,0,-0.00200569,0.00260691,-0.004116,-0.00374489,-13.8614,9.87303,-2.69257,7.35966,-2.01228,-0.272281,-5.18538,1.82393,0,0,-12,0,0,0,0,0,6.20098,0,0,0,
0.492644,0.120926,0.84312,0.654518,0.466217,-0.509812,-0.307147,1.68309e-06,3.4814e-07,-1.12719e-07,-1.25249e-07,2.16771e-06,4.82492e-06,0.424742,0.396174,0.67933,0.0490537,0.976499,-0.208644,0.022602,-0.178981,0.0799403,0.739144,0.694609,0.287715,0.609158,-0.25232,0,0,0,0,0,0,0,0.00110289,0.00260748,-0.00411949,-0.00374314,-13.5818,9.87398,-2.61656,7.33898,-2.055,-0.292248,-5.12717,1.80512,0,0,-12,0,0,0,0,0,6.20098,0,0,0,
0.492644,0.120926,0.84312,0.654518,0.466217,-0.509812,-0.307147,0,0,0,0,0,0,0.424742,0.396174,0.67933,0.0490537,0.976499,-0.208644,0.022602,-0.178981,0.0799403,0.739144,0.694609,0.287715,0.609158,-0.25232,0,0,0,0,0,0,0,0.00658835,0.00260803,-0.00411884,-0.00374582,-13.8154,9.87361,-2.70633,7.36181,-2.01675,-0.274967,-5.1763,1.82097,0,0,-12,0,0,0,0,0,6.20098,0,0,0,
0.492644,0.120926,0.84312,0.654518,0.466217,-0.509812,-0.307147,0,0,0,0,0,0,0.424742,0.396174,0.67933,0.049054,0.976499,-0.208644,0.0226021,-0.178981,0.0799403,0.739144,0.694609,0.287715,0.609158,-0.25232,0,0,0,0,0,0,0,-0.00280601,0.00251816,-0.00421102,-0.0027206,-14.2643,9.87185,-2.81404,7.39205,-1.94959,-0.243083,-5.2694,1.85109,0,0,-12,0,0,0,0,0,6.20098,0,0,0,
0.492644,0.120926,0.84312,0.654518,0.466217,-0.509812,-0.307147,0,0,0,0,0,0,0.424742,0.396174,0.67933,0.049054,0.976499,-0.208644,0.0226021,-0.178981,0.0799403,0.739144,0.694609,0.287715,0.609158,-0.25232,0,0,0,0,0,0,0,-0.00287804,0.00260786,-0.0041192,-0.00373206,-14.3346,9.87165,-2.83549,7.3977,-1.93857,-0.238155,-5.28419,1.85583,0,0,-12,0,0,0,0,0,6.20098,0,0,0,
0.492644,0.120926,0.84312,0.654518,0.466217,-0.509812,-0.307147,1.68564e-06,3.48666e-07,-1.12889e-07,-1.25439e-07,2.17099e-06,4.83221e-06,0.424742,0.396174,0.67933,0.0490537,0.976499,-0.208644,0.022602,-0.178981,0.0799403,0.739144,0.694609,0.287715,0.609158,-0.25232,0,0,0,0,0,0,0,0.000251411,0.00269754,-0.00402945,-0.00474487,-14.0018,9.87276,-2.74317,7.37264,-1.98957,-0.262114,-5.21496,1.83343,0,0,-12,0,0,0,0,0,6.20098,0,0,0,
0.492644,0.120926,0.84312,0.654518,0.466217,-0.509812,-0.307147,1.68692e-06,3.4893e-07,-1.12975e-07,-1.25534e-07,2.17263e-06,4.83587e-06,0.424742,0.396174,0.67933,0.0490537,0.976499,-0.208644,0.022602,-0.178981,0.0799403,0.739144,0.694609,0.287715,0.609158,-0.25232,0,0,0,0,0,0,0,0.00386374,0.00261024,-0.00411746,-0.00375517,-14.6086,9.87123,-2.94177,7.42469,-1.89361,-0.217869,-5.34183,1.87442,0,0,-12,0,0,0,0,0,6.20098,0,0,0,
0.492644,0.120926,0.84312,0.654518,0.466217,-0.509812,-0.307147,0,0,0,0,0,0,0.424742,0.396174,0.67933,0.0490537,0.976499,-0.208644,0.022602,-0.178981,0.0799403,0.739144,0.694609,0.287715,0.609158,-0.25232,0,0,0,0,0,0,0,0.00415697,0.0026108,-0.00412184,-0.00375245,-14.2193,9.87235,-2.82283,7.39312,-1.95437,-0.245967,-5.26054,1.84817,0,0,-12,0,0,0,0,0,6.20098,0,0,0,
0.492644,0.120926,0.84312,0.654518,0.466217,-0.509812,-0.307147,0,0,0,0,0,0,0.424742,0.396174,0.67933,0.0490537,0.976499,-0.208644,0.022602,-0.178981,0.0799403,0.739144,0.694609,0.287715,0.609158,-0.25232,0,0,0,0,0,0,0,0.00375264,0.00261133,-0.00412074,-0.00375552,-14.5037,9.87152,-2.9091,7.41605,-1.91004,-0.225454,-5.31992,1.86734,0,0,-12,0,0,0,0,0,6.20098,0,0,0,
0.492644,0.120926,0.84312,0.654518,0.466217,-0.509812,-0.307147,-1.68693e-06,-3.48933e-07,1.12975e-07,1.25535e-07,-2.17265e-06,-4.83592e-06,0.424742,0.396174,0.67933,0.049054,0.976499,-0.208644,0.0226021,-0.178981,0.0799403,0.739144,0.694609,0.287715,0.609158,-0.25232,0,0,0,0,0,0,0,0.00057719,0.0025209,-0.00421785,-0.00272075,-14.5734,9.87116,-2.92024,7.41961,-1.90019,-0.220501,-5.33418,1.872,0,0,-12,0,0,0,0,0,6.20098,0,0,0,
0.492644,0.120926,0.84312,0.654518,0.466217,-0.509812,-0.307147,-2.09929e-06,5.03018e-07,2.45734e-06,-3.59234e-06,-5.88707e-06,-4.1364e-06,0.424742,0.396174,0.67933,0.049054,0.976499,-0.208644,0.0226023,-0.178981,0.0799403,0.739144,0.694609,0.287715,0.609158,-0.25232,0,0,0,0,0,0,0,0.00345899,0.0010692,-0.00272429,-0.00223722,-14.7065,9.8686,-2.97244,7.43051,-1.8782,-0.210636,-5.36214,1.88113,0,0,-12,0,0,0,0,0,6.20095,0,0,0,
0.492644,0.120926,0.84312,0.654518,0.466217,-0.509812,-0.307147,-4.14917e-07,8.51412e-07,2.34451e-06,-3.71765e-06,-3.71768e-06,6.92154e-07,0.424742,0.396174,0.67933,0.0490537,0.976499,-0.208644,0.0226022,-0.178981,0.0799403,0.739144,0.694609,0.287715,0.609158,-0.25232,0,0,0,0,0,0,0,0.00474039,0.0026809,-0.00400296,-0.00474024,-14.7257,9.87092,-2.98074,7.43481,-1.87497,-0.209481,-5.36647,1.88232,0,0,-12,0,0,0,0,0,6.20095,0,0,0,
0.492644,0.120926,0.84312,0.654518,0.466217,-0.509812,-0.307147,1.26818e-06,1.19955e-06,2.23179e-06,-3.8429e-06,-1.54997e-06,5.51707e-06,0.424742,0.396174,0.67933,0.0490537,0.976499,-0.208644,0.0226022,-0.178981,0.0799403,0.739144,0.694609,0.287715,0.609158,-0.25232,0,0,0,0,0,0,0,-0.00162957,0.00259239,-0.00409759,-0.00373267,-14.814,9.87034,-2.98721,7.43768,-1.86324,-0.20343,-5.38441,1.88818,0,0,-12,0,0,0,0,0,6.20095,0,0,0,
0.492644,0.120926,0.84312,0.654518,0.466217,-0.509812,-0.307147,-4.14921e-07,8.5142e-07,2.34454e-06,-3.71768e-06,-3.71772e-06,6.92161e-07,0.424742,0.396174,0.67933,0.0490537,0.976499,-0.208644,0.0226022,-0.178981,0.0799403,0.739144,0.694609,0.287715,0.609158,-0.25232,0,0,0,0,0,0,0,0.000307812,0.00259294,-0.00409758,-0.00373463,-14.9703,9.87,-3.04166,7.45178,-1.83818,-0.19199,-5.4172,1.89876,0,0,-12,0,0,0,0,0,6.20095,0,0,0,
0.492644,0.120926,0.84312,0.654518,0.466217,-0.509812,-0.307147,-2.09866e-06,5.01732e-07,2.4538e-06,-3.58672e-06,-5.88145e-06,-4.13744e-06,0.424742,0.396174,0.67933,0.049054,0.976499,-0.208644,0.0226023,-0.178981,0.0799403,0.739144,0.694609,0.287715,0.609158,-0.25232,0,0,0,0,0,0,0,0.00518106,0.00250086,-0.00419896,-0.00267987,-14.8503,9.87058,-3.02047,7.44536,-1.85546,-0.200154,-5.39229,1.89074,0,0,-12,0,0,0,0,0,6.20095,0,0,0,
0.492644,0.120926,0.84312,0.654518,0.466217,-0.509812,-0.307147,-2.09708e-06,5.01353e-07,2.45194e-06,-3.58401e-06,-5.87701e-06,-4.13432e-06,0.424742,0.396174,0.67933,0.049054,0.976499,-0.208644,0.0226023,-0.178981,0.0799403,0.739144,0.694609,0.287715,0.609158,-0.25232,0,0,0,0,0,0,0,0.00332333,0.00259272,-0.00410085,-0.0037176,-15.1148,9.86975,-3.09594,7.46564,-1.81464,-0.181331,-5.44755,1.90855,0,0,-12,0,0,0,0,0,6.20095,0,0,0,
0.492644,0.120926,0.84312,0.654518,0.466217,-0.509812,-0.307147,-2.09836e-06,5.01087e-07,2.45203e-06,-3.58392e-06,-5.87867e-06,-4.13801e-06,0.424742,0.396174,0.67933,0.049054,0.976499,-0.208644,0.0226023,-0.178981,0.0799403,0.739144,0.694609,0.287715,0.609158,-0.25232,0,0,0,0,0,0,0,0.00101429,0.00259325,-0.0041041,-0.00371594,-14.8486,9.87038,-3.00645,7.44233,-1.85699,-0.200731,-5.3918,1.89056,0,0,-12,0,0,0,0,0,6.20095,0,0,0,
0.492644,0.120926,0.84312,0.654518,0.466217,-0.509812,-0.307147,-4.14294e-07,8.50134e-07,2.34099e-06,-3.71207e-06,-3.7121e-06,6.91115e-07,0.424742,0.396174,0.67933,0.049054,0.976499,-0.208644,0.0226023,-0.178981,0.0799403,0.739144,0.694609,0.287715,0.609158,-0.25232,0,0,0,0,0,0,0,0.00184241,0.00259378,-0.00410272,-0.00371937,-15.1764,9.8695,-3.11011,7.46965,-1.80548,-0.176988,-5.46034,1.91268,0,0,-12,0,0,0,0,0,6.20095,0,0,0,
0.492644,0.120926,0.84312,0.654518,0.466217,-0.509812,-0.307147,-4.14294e-07,8.50134e-07,2.34099e-06,-3.71207e-06,-3.7121e-06,6.91115e-07,0.424742,0.396174,0.67933,0.049054,0.976499,-0.208644,0.0226023,-0.178981,0.0799403,0.739144,0.694609,0.287715,0.609158,-0.25232,0,0,0,0,0,0,0,0.00124345,0.00259431,-0.00410355,-0.00372033,-15.2182,9.86935,-3.12103,7.47265,-1.79914,-0.174015,-5.46903,1.91549,0,0,-12,0,0,0,0,0,6.20095,0,0,0,
0.492644,0.120926,0.84312,0.654518,0.466217,-0.509812,-0.307147,0,0,0,0,0,0,0.424742,0.396174,0.67933,0.049054,0.976499,-0.208644,0.0226023,-0.178981,0.0799403,0.739144,0.694609,0.287715,0.609158,-0.25232,0,0,0,0,0,0,0,0.00358807,0.00259485,-0.00410379,-0.003722,-15.3414,9.86912,-3.1666,7.48432,-1.77913,-0.16494,-5.49491,1.92384,0,0,-12,0,0,0,0,0,6.20095,0,0,0,
0.492644,0.120926,0.84312,0.654518,0.466217,-0.509812,-0.307147,0,0,0,0,0,0,0.424742,0.396174,0.67933,0.0490537,0.976499,-0.208644,0.0226022,-0.178981,0.0799403,0.739144,0.694609,0.287715,0.609158,-0.25232,0,0,0,0,0,0,0,0.00197552,0.00268685,-0.00400764,-0.00476188,-15.0923,9.86975,-3.08467,7.46284,-1.81853,-0.183204,-5.44289,1.90701,0,0,-12,0,0,0,0,0,6.20095,0,0,0,
0.492644,0.120926,0.84312,0.654518,0.466217,-0.509812,-0.307147,-1.27262e-06,-1.19906e-06,-2.22802e-06,3.8376e-06,1.53947e-06,-5.52698e-06,0.424742,0.396174,0.67933,0.049054,0.976499,-0.208644,0.0226021,-0.178981,0.0799403,0.739144,0.694609,0.287715,0.609158,-0.25232,0,0,0,0,0,0,0,-0.000787674,0.00401907,-0.00557065,-0.00418474,-15.6561,9.8703,-3.24752,7.50892,-1.73157,-0.142557,-5.56042,1.94489,0,0,-12,0,0,0,0,0,6.20098,0,0,0,
0.492644,0.120926,0.84312,0.654518,0.466217,-0.509812,-0.307147,-1.27135e-06,-1.1988e-06,-2.22811e-06,3.8375e-06,1.54112e-06,-5.52333e-06,0.424742,0.396174,0.67933,0.049054,0.976499,-0.208644,0.0226021,-0.178981,0.0799403,0.739144,0.694609,0.287715,0.609158,-0.25232,0,0,0,0,0,0,0,-0.00347588,0.00261754,-0.00412978,-0.00375518,-15.7245,9.86772,-3.26164,7.51077,-1.72147,-0.137789,-5.57452,1.94957,0,0,-12,0,0,0,0,0,6.20098,0,0,0,
0.492644,0.120926,0.84312,0.654518,0.466217,-0.509812,-0.307147,2.10056e-06,-5.02754e-07,-2.45743e-06,3.59224e-06,5.8887e-06,4.14005e-06,0.424742,0.396174,0.67933,0.0490537,0.976499,-0.208644,0.022602,-0.178981,0.0799403,0.739144,0.694609,0.287715,0.609158,-0.25232,0,0,0,0,0,0,0,0.000968479,0.00271005,-0.00403131,-0.00480188,-15.6237,9.86824,-3.24506,7.50555,-1.73577,-0.144893,-5.55385,1.94284,0,0,-12,0,0,0,0,0,6.20098,0,0,0,
0.492644,0.120926,0.84312,0.654518,0.466217,-0.509812,-0.307147,2.10184e-06,-5.0249e-07,-2.45751e-06,3.59215e-06,5.89035e-06,4.14371e-06,0.424742,0.396174,0.67933,0.0490537,0.976499,-0.208644,0.022602,-0.178981,0.0799403,0.739144,0.694609,0.287715,0.609158,-0.25232,0,0,0,0,0,0,0,0.0037028,0.00261988,-0.00413207,-0.00377376,-15.4747,9.86879,-3.208,7.4953,-1.75826,-0.155311,-5.52276,1.93283,0,0,-12,0,0,0,0,0,6.20098,0,0,0,
0.492644,0.120926,0.84312,0.654518,0.466217,-0.509812,-0.307147,2.10215e-06,-5.03134e-07,-2.45929e-06,3.59496e-06,5.89316e-06,4.14318e-06,0.424742,0.396174,0.67933,0.0490537,0.976499,-0.208644,0.022602,-0.178981,0.0799403,0.739144,0.694609,0.287715,0.609158,-0.25232,0,0,0,0,0,0,0,0.00169778,0.00262042,-0.00413165,-0.00377612,-15.6738,9.86813,-3.26284,7.51018,-1.72775,-0.14107,-5.56425,1.94623,0,0,-12,0,0,0,0,0,6.20098,0,0,0,
0.492644,0.120926,0.84312,0.654518,0.466217,-0.509812,-0.307147,2.09801e-06,-5.0328e-07,-2.45726e-06,3.59243e-06,5.88543e-06,4.13275e-06,0.424742,0.396174,0.67933,0.0490537,0.976499,-0.208644,0.022602,-0.178981,0.0799403,0.739144,0.694609,0.287715,0.609158,-0.25232,0,0,0,0,0,0,0,-0.000635961,0.00262096,-0.00413096,-0.00377879,-15.9095,9.86734,-3.32784,7.52782,-1.69165,-0.124218,-5.61334,1.96209,0,0,-12,0,0,0,0,0,6.20098,0,0,0,
0.492644,0.120926,0.84312,0.654518,0.466217,-0.509812,-0.307147,2.09803e-06,-5.03277e-07,-2.45726e-06,3.59243e-06,5.88545e-06,4.1328e-06,0.424742,0.396174,0.67933,0.0490537,0.976499,-0.208644,0.022602,-0.178981,0.0799403,0.739144,0.694609,0.287715,0.609158,-0.25232,0,0,0,0,0,0,0,0.00542848,0.00262151,-0.00412963,-0.00378216,-16.2276,9.86676,-3.44551,7.55794,-1.64001,-0.100791,-5.68016,1.98364,0,0,-12,0,0,0,0,0,6.20098,0,0,0,
0.492644,0.120926,0.84312,0.654518,0.466217,-0.509812,-0.307147,4.1492e-07,-8.5142e-07,-2.34454e-06,3.71768e-06,3.71772e-06,-6.92161e-07,0.424742,0.396174,0.67933,0.0490537,0.976499,-0.208644,0.022602,-0.178981,0.0799403,0.739144,0.694609,0.287715,0.609158,-0.25232,0,0,0,0,0,0,0,0.0062458,0.00262204,-0.0041317,-0.00378183,-16.1183,9.86711,-3.41449,7.54958,-1.65684,-0.108629,-5.65737,1.97628,0,0,-12,0,0,0,0,0,6.20098,0,0,0,
0.492644,0.120926,0.84312,0.654518,0.466217,-0.509812,-0.307147,0,0,0,0,0,0,0.424742,0.396174,0.67933,0.0490537,0.976499,-0.208644,0.022602,-0.178981,0.0799403,0.739144,0.694609,0.287715,0.609158,-0.25232,0,0,0,0,0,0,0,0.00385374,0.0026226,-0.00413268,-0.00378276,-16.1513,9.8669,-3.41689,7.55064,-1.65243,-0.10642,-5.66412,1.97847,0,0,-12,0,0,0,0,0,6.20098,0,0,0,
0.492644,0.120926,0.84312,0.654518,0.466217,-0.509812,-0.307147,0,0,0,0,0,0,0.424742,0.396174,0.67933,0.049054,0.976499,-0.208644,0.0226021,-0.178981,0.0799403,0.739144,0.694609,0.287715,0.609158,-0.25232,0,0,0,0,0,0,0,-0.00391444,0.002534,-0.00423002,-0.0027714,-16.4956,9.86552,-3.49768,7.57346,-1.6011,-0.081971,-5.73547,2.00157,0,0,-12,0,0,0,0,0,6.20098,0,0,0,
0.492644,0.120926,0.84312,0.654518,0.466217,-0.509812,-0.307147,-1.68438e-06,-3.48405e-07,1.12805e-07,1.25345e-07,-2.16937e-06,-4.82861e-06,0.424742,0.396174,0.67933,0.049054,0.976499,-0.208644,0.0226021,-0.178981,0.0799403,0.739144,0.694609,0.287715,0.609158,-0.25232,0,0,0,0,0,0,0,-0.000417612,0.00262243,-0.00413488,-0.00376712,-16.45,9.86583,-3.49502,7.57209,-1.60708,-0.0851519,-5.72626,1.99855,0,0,-12,0,0,0,0,0,6.20098,0,0,0,
0.492644,0.120926,0.84312,0.654518,0.466217,-0.509812,-0.307147,-1.68437e-06,-3.48402e-07,1.12804e-07,1.25344e-07,-2.16935e-06,-4.82856e-06,0.424742,0.396174,0.67933,0.049054,0.976499,-0.208644,0.0226021,-0.178981,0.0799403,0.739144,0.694609,0.287715,0.609158,-0.25232,0,0,0,0,0,0,0,0.00117036,0.00262297,-0.00413609,-0.00376772,-16.4486,9.86592,-3.49974,7.57307,-1.6068,-0.0851367,-5.72606,1.99848,0,0,-12,0,0,0,0,0,6.20098,0,0,0,
0.492644,0.120926,0.84312,0.654518,0.466217,-0.509812,-0.307147,0,0,0,0,0,0,0.424742,0.396174,0.67933,0.0490537,0.976499,-0.208644,0.022602,-0.178981,0.0799403,0.739144,0.694609,0.287715,0.609158,-0.25232,0,0,0,0,0,0,0,0.000168854,0.00271343,-0.0040356,-0.00479325,-16.6238,9.86538,-3.5505,7.58665,-1.57967,-0.0726969,-5.76273,2.01028,0,0,-12,0,0,0,0,0,6.20098,0,0,0,
0.492644,0.120926,0.84312,0.654518,0.466217,-0.509812,-0.307147,-1.68692e-06,-3.48929e-07,1.12974e-07,1.25534e-07,-2.17263e-06,-4.83587e-06,0.424742,0.396174,0.67933,0.049054,0.976499,-0.208644,0.0226021,-0.178981,0.0799403,0.739144,0.694609,0.287715,0.609158,-0.25232,0,0,0,0,0,0,0,-6.74892e-05,0.0025348,-0.00423488,-0.00276089,-16.8005,9.86486,-3.60409,7.60099,-1.55222,-0.0596576,-5.7994,2.0222,0,0,-12,0,0,0,0,0,6.20098,0,0,0,
0.492644,0.120926,0.84312,0.654518,0.466217,-0.509812,-0.307147,-1.68692e-06,-3.48929e-07,1.12974e-07,1.25534e-07,-2.17263e-06,-4.83587e-06,0.424742,0.396174,0.67933,0.049054,0.976499,-0.208644,0.0226021,-0.178981,0.0799403,0.739144,0.694609,0.287715,0.609158,-0.25232,0,0,0,0,0,0,0,-0.00275232,0.00262459,-0.00413733,-0.00377215,-16.7485,9.86487,-3.57937,7.59486,-1.56116,-0.0637608,-5.78848,2.01864,0,0,-12,0,0,0,0,0,6.20098,0,0,0,
0.492644,0.120926,0.84312,0.654518,0.466217,-0.509812,-0.307147,-1.68692e-06,-3.48929e-07,1.12974e-07,1.25534e-07,-2.17263e-06,-4.83587e-06,0.424742,0.396174,0.67933,0.049054,0.976499,-0.208644,0.0226021,-0.178981,0.0799403,0.739144,0.694609,0.287715,0.609158,-0.25232,0,0,0,0,0,0,0,0.00222801,0.00262512,-0.00413634,-0.00377512,-17.0229,9.86436,-3.68006,7.62068,-1.51668,-0.0435702,-5.8461,2.03723,0,0,-12,0,0,0,0,0,6.20098,0,0,0,
0.492644,0.120926,0.84312,0.654518,0.466217,-0.509812,-0.307147,-1.68692e-06,-3.48929e-07,1.12974e-07,1.25534e-07,-2.17263e-06,-4.83587e-06,0.424742,0.396174,0.67933,0.049054,0.976499,-0.208644,0.0226021,-0.178981,0.0799403,0.739144,0.694609,0.287715,0.609158,-0.25232,0,0,0,0,0,0,0,0.00408485,0.00262567,-0.00413844,-0.00377478,-16.9121,9.86477,-3.65197,7.61291,-1.53341,-0.0514355,-5.82308,2.02979,0,0,-12,0,0,0,0,0,6.20098,0,0,0,
0.492644,0.120926,0.84312,0.654518,0.466217,-0.509812,-0.307147,0,0,0,0,0,0,0.424742,0.396174,0.67933,0.049054,0.976499,-0.208644,0.0226021,-0.178981,0.0799403,0.739144,0.694609,0.287715,0.609158,-0.25232,0,0,0,0,0,0,0,0.00351165,0.0026262,-0.00413901,-0.00377608,-16.9912,9.86452,-3.67447,7.61898,-1.52123,-0.0457647,-5.83956,2.03512,0,0,-12,0,0,0,0,0,6.20098,0,0,0,
0.492644,0.120926,0.84312,0.654518,0.466217,-0.509812,-0.307147,0,0,0,0,0,0,0.424742,0.396174,0.67933,0.049054,0.976499,-0.208644,0.0226021,-0.178981,0.0799403,0.739144,0.694609,0.287715,0.609158,-0.25232,0,0,0,0,0,0,0,0.00128919,0.00262673,-0.00413911,-0.00377786,-17.1273,9.86402,-3.70917,7.62856,-1.50066,-0.0360961,-5.86786,2.04426,0,0,-12,0,0,0,0,0,6.20098,0,0,0,
0.492644,0.120926,0.84312,0.654518,0.466217,-0.509812,-0.307147,1.68564e-06,3.48666e-07,-1.12889e-07,-1.25439e-07,2.17099e-06,4.83221e-06,0.424742,0.396174,0.67933,0.0490537,0.976499,-0.208644,0.022602,-0.178981,0.0799403,0.739144,0.694609,0.287715,0.609158,-0.25232,0,0,0,0,0,0,0,0.00213252,0.00271882,-0.00403534,-0.0048217,-17.2905,9.86361,-3.7622,7.64242,-1.47483,-0.0243965,-5.90211,2.05527,0,0,-12,0,0,0,0,0,6.20098,0,0,0,
0.492644,0.120926,0.84312,0.654518,0.466217,-0.509812,-0.307147,0,0,0,0,0,0,0.424742,0.396174,0.67933,0.0490537,0.976499,-0.208644,0.022602,-0.178981,0.0799403,0.739144,0.694609,0.287715,0.609158,-0.25232,0,0,0,0,0,0,0,0.00417599,0.0026291,-0.00413904,-0.00379897,-17.1725,9.86404,-3.73247,7.63423,-1.49268,-0.0326202,-5.87748,2.04735,0,0,-12,0,0,0,0,0,6.20098,0,0,0,
0.492644,0.120926,0.84312,0.654518,0.466217,-0.509812,-0.307147,1.68437e-06,3.48403e-07,-1.12804e-07,-1.25344e-07,2.16935e-06,4.82856e-06,0.424742,0.396174,0.67933,0.0490537,0.976499,-0.208644,0.022602,-0.178981,0.0799403,0.739144,0.694609,0.287715,0.609158,-0.25232,0,0,0,0,0,0,0,0.000877215,0.00262965,-0.00414048,-0.0037994,-17.146,9.86395,-3.71359,7.6298,-1.49787,-0.0347796,-5.87174,2.04551,0,0,-12,0,0,0,0,0,6.20098,0,0,0,
0.492644,0.120926,0.84312,0.654518,0.466217,-0.509812,-0.307147,1.68437e-06,3.48403e-07,-1.12804e-07,-1.25344e-07,2.16935e-06,4.82856e-06,0.424742,0.396174,0.67933,0.0490537,0.976499,-0.208644,0.022602,-0.178981,0.0799403,0.739144,0.694609,0.287715,0.609158,-0.25232,0,0,0,0,0,0,0,0.000236769,0.00263018,-0.00413999,-0.00380181,-17.3533,9.86333,-3.77538,7.64629,-1.46565,-0.019846,-5.91502,2.05949,0,0,-12,0,0,0,0,0,6.20098,0,0,0,
0.492644,0.120926,0.84312,0.654518,0.466217,-0.509812,-0.307147,0,0,0,0,0,0,0.424742,0.396174,0.67933,0.049054,0.976499,-0.208644,0.0226021,-0.178981,0.0799403,0.739144,0.694609,0.287715,0.609158,-0.25232,0,0,0,0,0,0,0,0.000163084,0.00253801,-0.00424485,-0.00274984,-17.6243,9.86255,-3.85857,7.66841,-1.42336,-0.000122297,-5.97152,2.07777,0,0,-12,0,0,0,0,0,6.20098,0,0,0,
0.492644,0.120926,0.84312,0.654518,0.466217,-0.509812,-0.307147,0,0,0,0,0,0,0.424742,0.396174,0.67933,0.049054,0.976499,-0.208644,0.0226021,-0.178981,0.0799403,0.739144,0.694609,0.287715,0.609158,-0.25232,0,0,0,0,0,0,0,0.00212145,0.00262999,-0.00414409,-0.00378408,-17.4103,9.86327,-3.79905,7.65224,-1.45614,-0.0155861,-5.92704,2.06336,0,0,-12,0,0,0,0,0,6.20098,0,0,0,
0.492644,0.120926,0.84312,0.654518,0.466217,-0.509812,-0.307147,1.68437e-06,3.48403e-07,-1.12804e-07,-1.25344e-07,2.16935e-06,4.82856e-06,0.424742,0.396174,0.67933,0.0490537,0.976499,-0.208644,0.022602,-0.178981,0.0799403,0.739144,0.694609,0.287715,0.609158,-0.25232,0,0,0,0,0,0,0,0.00643354,0.00272329,-0.0040386,-0.00484062,-17.4533,9.86338,-3.82632,7.65867,-1.44802,-0.0123178,-5.93639,2.06632,0,0,-12,0,0,0,0,0,6.20098,0,0,0,
0.492644,0.120926,0.84312,0.654518,0.466217,-0.509812,-0.307147,1.68437e-06,3.48403e-07,-1.12804e-07,-1.25344e-07,2.16935e-06,4.82856e-06,0.424742,0.396174,0.67933,0.0490537,0.976499,-0.208644,0.022602,-0.178981,0.0799403,0.739144,0.694609,0.287715,0.609158,-0.25232,0,0,0,0,0,0,0,0.00505901,0.00263234,-0.00414449,-0.00380464,-17.3865,9.86349,-3.80124,7.65231,-1.45895,-0.0170987,-5.92223,2.0618,0,0,-12,0,0,0,0,0,6.20098,0,0,0,
0.492644,0.120926,0.84312,0.654518,0.466217,-0.509812,-0.307147,0,0,0,0,0,0,0.424742,0.396174,0.67933,0.0490537,0.976499,-0.208644,0.022602,-0.178981,0.0799403,0.739144,0.694609,0.287715,0.609158,-0.25232,0,0,0,0,0,0,0,0.00150538,0.00263287,-0.00414216,-0.00380901,-17.8209,9.86208,-3.92352,7.68534,-1.39215,0.0140285,-6.01279,2.09105,0,0,-12,0,0,0,0,0,6.20098,0,0,0,
0.492644,0.120926,0.84312,0.654518,0.466217,-0.509812,-0.307147,0,0,0,0,0,0,0.424742,0.396174,0.67933,0.0490537,0.976499,-0.208644,0.022602,-0.178981,0.0799403,0.739144,0.694609,0.287715,0.609158,-0.25232,0,0,0,0,0,0,0,0.00546923,0.0026334,-0.00414322,-0.00380975,-17.8352,9.86224,-3.94078,7.68922,-1.38867,0.0153495,-6.016,2.09207,0,0,-12,0,0,0,0,0,6.20098,0,0,0,
0.492644,0.120926,0.84312,0.654518,0.466217,-0.509812,-0.307147,0,0,0,0,0,0,0.424742,0.396174,0.67933,0.0490537,0.976499,-0.208644,0.022602,-0.178981,0.0799403,0.739144,0.694609,0.287715,0.609158,-0.25232,0,0,0,0,0,0,0,0.00652063,0.00263392,-0.00414357,-0.00381125,-17.937,9.86201,-3.97556,7.69826,-1.37241,0.0227845,-6.03734,2.09896,0,0,-12,0,0,0,0,0,6.20098,0,0,0,
0.492644,0.120926,0.84312,0.654518,0.466217,-0.509812,-0.307147,0,0,0,0,0,0,0.424742,0.396174,0.67933,0.0490537,0.976499,-0.208644,0.022602,-0.178981,0.0799403,0.739144,0.694609,0.287715,0.609158,-0.25232,0,0,0,0,0,0,0,0.00784744,0.00263445,-0.00414564,-0.00381091,-17.8249,9.8624,-3.94533,7.69001,-1.38953,0.0147793,-6.01399,2.09141,0,0,-12,0,0,0,0,0,6.20098,0,0,0,
0.492644,0.120926,0.84312,0.654518,0.466217,-0.509812,-0.307147,-3.02417e-06,-1.92955e-06,2.80733e-06,-3.93225e-06,-6.51721e-06,-9.39853e-06,0.424742,0.396173,0.67933,0.0490542,0.976499,-0.208644,0.0226023,-0.178981,0.0799403,0.739144,0.694609,0.287715,0.609158,-0.25232,0,0,0,0,0,0,0,0.00247043,0.000822581,-0.00277657,-0.00106117,-18.0908,9.85876,-4.01175,7.70596,-1.34945,0.0339523,-6.06895,2.10941,0,0,-12,0,0,0,0,0,6.20094,0,0,0,
0.492644,0.120926,0.84312,0.654518,0.466217,-0.509812,-0.307147,-1.33694e-06,-1.58127e-06,2.69259e-06,-4.05498e-06,-4.34177e-06,-4.56318e-06,0.424742,0.396173,0.67933,0.0490542,0.976499,-0.208644,0.0226023,-0.178981,0.0799403,0.739144,0.694609,0.287715,0.609158,-0.25232,0,0,0,0,0,0,0,-0.00209848,0.00261038,-0.00411971,-0.00376392,-18.2335,9.86069,-4.03889,7.71654,-1.32879,0.0435726,-6.09875,2.11881,0,0,-12,0,0,0,0,0,6.20094,0,0,0,
0.492644,0.120926,0.84312,0.654518,0.466217,-0.509812,-0.307147,-3.02448e-06,-1.92892e-06,2.80907e-06,-3.93502e-06,-6.51998e-06,-9.39801e-06,0.424742,0.396173,0.67933,0.0490542,0.976499,-0.208644,0.0226023,-0.178981,0.0799403,0.739144,0.694609,0.287715,0.609158,-0.25232,0,0,0,0,0,0,0,-0.00114251,0.00261091,-0.00412271,-0.00376254,-17.9987,9.86141,-3.96967,7.69802,-1.3652,0.0266791,-6.04975,2.10299,0,0,-12,0,0,0,0,0,6.20094,0,0,0,
0.492644,0.120926,0.84312,0.654518,0.466217,-0.509812,-0.307147,-2.10152e-06,5.01848e-07,2.45574e-06,-3.58934e-06,-5.88754e-06,-4.14423e-06,0.424742,0.396174,0.67933,0.049054,0.976499,-0.208644,0.0226023,-0.178981,0.0799403,0.739144,0.694609,0.287715,0.609158,-0.25232,0,0,0,0,0,0,0,-0.00429678,0.00281149,-0.00422944,-0.00398191,-18.1377,9.86115,-4.00204,7.70745,-1.34448,0.0364693,-6.07864,2.11229,0,0,-12,0,0,0,0,0,6.20095,0,0,0,
0.492644,0.120926,0.84312,0.654518,0.466217,-0.509812,-0.307147,-2.10152e-06,5.01848e-07,2.45574e-06,-3.58934e-06,-5.88754e-06,-4.14423e-06,0.424742,0.396174,0.67933,0.049054,0.976499,-0.208644,0.0226023,-0.178981,0.0799403,0.739144,0.694609,0.287715,0.609158,-0.25232,0,0,0,0,0,0,0,-0.00886292,0.00261475,-0.00412525,-0.00376979,-18.2205,9.86038,-4.01292,7.71084,-1.33296,0.0421361,-6.09563,2.11782,0,0,-12,0,0,0,0,0,6.20095,0,0,0,
0.492645,0.120926,0.84312,0.654518,0.466217,-0.509812,-0.307147,5.0803e-07,3.28219e-06,1.9912e-06,-3.372e-06,-3.08528e-06,5.94594e-06,0.424742,0.396174,0.67933,0.0490534,0.976499,-0.208644,0.0226022,-0.178981,0.0799403,0.739144,0.694609,0.287715,0.609158,-0.25232,0,0,0,0,0,0,0,-0.00583039,0.00293303,-0.0041388,-0.00505225,-18.5226,9.86004,-4.1156,7.73781,-1.28475,0.0640076,-6.15907,2.13821,0,0,-12,0,0,0,0,0,6.20095,0,0,0,
0.492645,0.120926,0.84312,0.654518,0.466217,-0.509812,-0.307147,5.07332e-07,3.28035e-06,1.99147e-06,-3.37226e-06,-3.08576e-06,5.94197e-06,0.424742,0.396174,0.67933,0.0490534,0.976499,-0.208644,0.0226022,-0.178981,0.0799403,0.739144,0.694609,0.287715,0.609158,-0.25232,0,0,0,0,0,0,0,0.00744569,0.00262028,-0.00412598,-0.00379704,-18.4359,9.86062,-4.13222,7.7396,-1.29414,0.0588921,-6.1416,2.13261,0,0,-12,0,0,0,0,0,6.20095,0,0,0,
0.492644,0.120926,0.84312,0.654518,0.466217,-0.509812,-0.307147,0,0,0,0,0,0,0.424742,0.396174,0.67933,0.0490537,0.976499,-0.208644,0.022602,-0.178981,0.0799403,0.739144,0.694609,0.287715,0.609158,-0.25232,0,0,0,0,0,0,0,0.00779738,0.00391226,-0.00537167,-0.00504219,-18.314,9.86295,-4.09429,7.7315,-1.31326,0.0499627,-6.11627,2.12432,0,0,-12,0,0,0,0,0,6.20098,0,0,0,
0.492644,0.120926,0.84312,0.654518,0.466217,-0.509812,-0.307147,2.60592e-06,2.7755e-06,-4.65607e-07,2.19817e-07,2.80083e-06,1.00744e-05,0.424742,0.396174,0.67933,0.0490537,0.976499,-0.208644,0.022602,-0.178981,0.0799403,0.739144,0.694609,0.287715,0.609158,-0.25232,0,0,0,0,0,0,0,0.00203899,0.00263925,-0.00415185,-0.00382129,-18.3696,9.86057,-4.09425,7.7305,-1.3062,0.0537056,-6.12744,2.12806,0,0,-12,0,0,0,0,0,6.20098,0,0,0,
0.492644,0.120926,0.84312,0.654518,0.466217,-0.509812,-0.307147,4.1492e-07,-8.5142e-07,-2.34454e-06,3.71768e-06,3.71772e-06,-6.92161e-07,0.424742,0.396173,0.67933,0.0490542,0.976499,-0.208644,0.0226021,-0.178981,0.0799403,0.739144,0.694609,0.287715,0.609158,-0.25232,0,0,0,0,0,0,0,0.00101002,0.00234832,-0.00415432,-0.0025645,-18.3665,9.86022,-4.09012,7.72935,-1.30704,0.0535766,-6.12658,2.12787,0,0,-12,0,0,0,0,0,6.20097,0,0,0,
0.492644,0.120926,0.84312,0.654518,0.466217,-0.509812,-0.307147,3.02022e-06,1.92536e-06,-2.8066e-06,3.93188e-06,6.51293e-06,9.38329e-06,0.424742,0.396174,0.67933,0.0490537,0.976499,-0.208644,0.022602,-0.178981,0.0799403,0.739144,0.694609,0.287715,0.609158,-0.25232,0,0,0,0,0,0,0,-0.00643749,0.00293032,-0.00415123,-0.00506933,-18.5783,9.85985,-4.1308,7.74193,-1.27623,0.0679842,-6.17067,2.14197,0,0,-12,0,0,0,0,0,6.20098,0,0,0,
0.492644,0.120926,0.84312,0.654518,0.466217,-0.509812,-0.307147,3.02023e-06,1.92538e-06,-2.80663e-06,3.93192e-06,6.51297e-06,9.38333e-06,0.424742,0.396174,0.67933,0.0490537,0.976499,-0.208644,0.022602,-0.178981,0.0799403,0.739144,0.694609,0.287715,0.609158,-0.25232,0,0,0,0,0,0,0,-0.00629436,0.00264087,-0.00415347,-0.0038253,-18.6039,9.85948,-4.13934,7.74392,-1.2722,0.0700176,-6.17589,2.14373,0,0,-12,0,0,0,0,0,6.20098,0,0,0,
0.492644,0.120926,0.84312,0.654518,0.466217,-0.509812,-0.307147,2.09835e-06,-5.01089e-07,-2.45203e-06,3.58392e-06,5.87864e-06,4.13797e-06,0.424742,0.396174,0.67933,0.0490537,0.976499,-0.208644,0.022602,-0.178981,0.0799403,0.739144,0.694609,0.287715,0.609158,-0.25232,0,0,0,0,0,0,0,-0.00623796,0.00264141,-0.00415479,-0.00382582,-18.5857,9.85953,-4.13393,7.74247,-1.27503,0.0687092,-6.17209,2.14251,0,0,-12,0,0,0,0,0,6.20098,0,0,0,
0.492644,0.120926,0.84312,0.654518,0.466217,-0.509812,-0.307147,1.18035e-06,-2.92647e-06,-2.10143e-06,3.24163e-06,5.25373e-06,-1.09713e-06,0.424742,0.396174,0.67933,0.0490537,0.976499,-0.208644,0.022602,-0.178981,0.0799403,0.739144,0.694609,0.287715,0.609158,-0.25232,0,0,0,0,0,0,0,0.000691279,0.00264196,-0.00415491,-0.00382764,-18.7181,9.85952,-4.19718,7.75803,-1.25215,0.0787771,-6.20015,2.15154,0,0,-12,0,0,0,0,0,6.20098,0,0,0,
0.492644,0.120926,0.84312,0.654518,0.466217,-0.509812,-0.307147,-5.07581e-07,-3.27658e-06,-1.9864e-06,3.36407e-06,3.07778e-06,-5.93643e-06,0.424742,0.396174,0.67933,0.0490537,0.976499,-0.208644,0.022602,-0.178981,0.0799403,0.739144,0.694609,0.287715,0.609158,-0.25232,0,0,0,0,0,0,0,0.0027039,0.00264252,-0.0041565,-0.00382794,-18.6708,9.85976,-4.18917,7.75555,-1.2589,0.0755123,-6.1904,2.14839,0,0,-12,0,0,0,0,0,6.20098,0,0,0,
0.492644,0.120926,0.84312,0.654518,0.466217,-0.509812,-0.307147,-9.21558e-07,-2.4271e-06,3.52803e-07,-3.45161e-07,-6.3148e-07,-5.24584e-06,0.424742,0.396174,0.67933,0.0490537,0.976499,-0.208644,0.022602,-0.178981,0.0799403,0.739144,0.694609,0.287715,0.609158,-0.25232,0,0,0,0,0,0,0,0.00295334,0.00264307,-0.0041565,-0.00382987,-18.8162,9.85936,-4.23476,7.76759,-1.23609,0.0860349,-6.22079,2.1582,0,0,-12,0,0,0,0,0,6.20098,0,0,0,
0.492644,0.120926,0.84312,0.654518,0.466217,-0.509812,-0.307147,0,0,0,0,0,0,0.424742,0.396174,0.67933,0.0490537,0.976499,-0.208644,0.022602,-0.178981,0.0799403,0.739144,0.694609,0.287715,0.609158,-0.25232,0,0,0,0,0,0,0,0.00590732,0.00264361,-0.00415524,-0.00383311,-19.1167,9.85866,-4.33691,7.79415,-1.18818,0.107962,-6.28375,2.17851,0,0,-12,0,0,0,0,0,6.20098,0,0,0,
0.492644,0.120926,0.84312,0.654518,0.466217,-0.509812,-0.307147,9.22952e-07,2.43077e-06,-3.53337e-07,3.45684e-07,6.32436e-07,5.25378e-06,0.424742,0.396174,0.67933,0.049054,0.976499,-0.208644,0.0226021,-0.178981,0.0799403,0.739144,0.694609,0.287715,0.609158,-0.25232,0,0,0,0,0,0,0,0.00268153,0.0025525,-0.00426865,-0.00278827,-18.7721,9.85946,-4.22025,7.76385,-1.24313,0.0829767,-6.21144,2.15523,0,0,-12,0,0,0,0,0,6.20098,0,0,0,
0.492644,0.120926,0.84312,0.654518,0.466217,-0.509812,-0.307147,-7.63963e-07,2.08184e-06,-2.40362e-07,4.71217e-07,-1.54019e-06,4.17913e-07,0.424742,0.396174,0.67933,0.049054,0.976499,-0.208644,0.0226021,-0.178981,0.0799403,0.739144,0.694609,0.287715,0.609158,-0.25232,0,0,0,0,0,0,0,0.00454739,0.00264341,-0.0041603,-0.00381445,-19.0527,9.85878,-4.31278,7.788,-1.19861,0.103241,-6.2703,2.17418,0,0,-12,0,0,0,0,0,6.20098,0,0,0,
0.492644,0.120926,0.84312,0.654518,0.466217,-0.509812,-0.307147,0,0,0,0,0,0,0.424742,0.396174,0.67933,0.0490537,0.976499,-0.208644,0.022602,-0.178981,0.0799403,0.739144,0.694609,0.287715,0.609158,-0.25232,0,0,0,0,0,0,0,0.00710652,0.0027335,-0.00405627,-0.00483148,-18.7933,9.85965,-4.24122,7.76853,-1.23831,0.0845422,-6.21637,2.15671,0,0,-12,0,0,0,0,0,6.20098,0,0,0,
0.492644,0.120926,0.84312,0.654518,0.466217,-0.509812,-0.307147,0,0,0,0,0,0,0.424742,0.396174,0.67933,0.0490537,0.976499,-0.208644,0.022602,-0.178981,0.0799403,0.739144,0.694609,0.287715,0.609158,-0.25232,0,0,0,0,0,0,0,0.0015512,0.00264576,-0.00416075,-0.00383488,-19.0052,9.85876,-4.28842,7.78206,-1.20699,0.0995866,-6.2602,2.17093,0,0,-12,0,0,0,0,0,6.20098,0,0,0,
0.492644,0.120926,0.84312,0.654518,0.466217,-0.509812,-0.307147,0,0,0,0,0,0,0.424742,0.396174,0.67933,0.0490537,0.976499,-0.208644,0.022602,-0.178981,0.0799403,0.739144,0.694609,0.287715,0.609158,-0.25232,0,0,0,0,0,0,0,0.0010012,0.00264632,-0.00416144,-0.0038361,-19.0649,9.85856,-4.30502,7.78656,-1.19783,0.103858,-6.27263,2.17494,0,0,-12,0,0,0,0,0,6.20098,0,0,0,
0.492644,0.120926,0.84312,0.654518,0.466217,-0.509812,-0.307147,-1.68437e-06,-3.48402e-07,1.12804e-07,1.25344e-07,-2.16935e-06,-4.82856e-06,0.424742,0.396174,0.67933,0.049054,0.976499,-0.208644,0.0226021,-0.178981,0.0799403,0.739144,0.694609,0.287715,0.609158,-0.25232,0,0,0,0,0,0,0,-0.00437647,0.0025559,-0.00427191,-0.00280233,-19.0849,9.85822,-4.29368,7.78455,-1.19645,0.105055,-6.27637,2.17621,0,0,-12,0,0,0,0,0,6.20098,0,0,0,
0.492644,0.120926,0.84312,0.654518,0.466217,-0.509812,-0.307147,0,0,0,0,0,0,0.424742,0.396174,0.67933,0.0490537,0.976499,-0.208644,0.022602,-0.178981,0.0799403,0.739144,0.694609,0.287715,0.609158,-0.25232,0,0,0,0,0,0,0,-0.000278498,0.00273935,-0.00405178,-0.00488025,-19.2911,9.85787,-4.37057,7.80411,-1.16282,0.119956,-6.31993,2.19017,0,0,-12,0,0,0,0,0,6.20098,0,0,0,
0.492644,0.120926,0.84312,0.654518,0.466217,-0.509812,-0.307147,-1.68309e-06,-3.48139e-07,1.12718e-07,1.25249e-07,-2.16771e-06,-4.82492e-06,0.424742,0.396174,0.67933,0.049054,0.976499,-0.208644,0.0226021,-0.178981,0.0799403,0.739144,0.694609,0.287715,0.609158,-0.25232,0,0,0,0,0,0,0,-0.00128733,0.00255445,-0.00427688,-0.00277594,-19.1621,9.85816,-4.32749,7.79297,-1.18341,0.110863,-6.29268,2.18147,0,0,-12,0,0,0,0,0,6.20098,0,0,0,
0.492644,0.120926,0.84312,0.654518,0.466217,-0.509812,-0.307147,-1.68435e-06,-3.48398e-07,1.12802e-07,1.25343e-07,-2.16932e-06,-4.82851e-06,0.424742,0.396174,0.67933,0.049054,0.976499,-0.208644,0.0226021,-0.178981,0.0799403,0.739144,0.694609,0.287715,0.609158,-0.25232,0,0,0,0,0,0,0,-0.00278779,0.00264721,-0.00416788,-0.00381979,-19.1101,9.85824,-4.30664,7.78766,-1.19196,0.106849,-6.28185,2.17793,0,0,-12,0,0,0,0,0,6.20098,0,0,0,
0.492644,0.120926,0.84312,0.654518,0.466217,-0.509812,-0.307147,1.68311e-06,3.48143e-07,-1.1272e-07,-1.25251e-07,2.16773e-06,4.82496e-06,0.424742,0.396174,0.67933,0.0490537,0.976499,-0.208644,0.022602,-0.178981,0.0799403,0.739144,0.694609,0.287715,0.609158,-0.25232,0,0,0,0,0,0,0,-0.00321102,0.00274037,-0.00405424,-0.00487679,-19.4417,9.85729,-4.40743,7.81439,-1.1402,0.130621,-6.35121,2.20028,0,0,-12,0,0,0,0,0,6.20098,0,0,0,
0.492644,0.120926,0.84312,0.654518,0.466217,-0.509812,-0.307147,-1.68309e-06,-3.48139e-07,1.12718e-07,1.25249e-07,-2.16771e-06,-4.82492e-06,0.424742,0.396174,0.67933,0.049054,0.976499,-0.208644,0.0226021,-0.178981,0.0799403,0.739144,0.694609,0.287715,0.609158,-0.25232,0,0,0,0,0,0,0,0.00092236,0.00255705,-0.0042763,-0.00279266,-19.5788,9.8571,-4.463,7.8285,-1.11757,0.141126,-6.37986,2.20961,0,0,-12,0,0,0,0,0,6.20098,0,0,0,
0.492644,0.120926,0.84312,0.654518,0.466217,-0.509812,-0.307147,0,0,0,0,0,0,0.424742,0.396174,0.67933,0.049054,0.976499,-0.208644,0.0226021,-0.178981,0.0799403,0.739144,0.694609,0.287715,0.609158,-0.25232,0,0,0,0,0,0,0,-0.00136266,0.00264882,-0.00416841,-0.00382495,-19.4736,9.85729,-4.4232,7.8183,-1.13469,0.133208,-6.35786,2.20247,0,0,-12,0,0,0,0,0,6.20098,0,0,0,
0.492644,0.120926,0.84312,0.654518,0.466217,-0.509812,-0.307147,0,0,0,0,0,0,0.424742,0.396174,0.67933,0.0490537,0.976499,-0.208644,0.022602,-0.178981,0.0799403,0.739144,0.694609,0.287715,0.609158,-0.25232,0,0,0,0,0,0,0,0.000406957,0.00274197,-0.00406003,-0.00487566,-19.088,9.85848,-4.31021,7.788,-1.19437,0.10533,-6.27752,2.17648,0,0,-12,0,0,0,0,0,6.20098,0,0,0,
0.492644,0.120926,0.84312,0.654518,0.466217,-0.509812,-0.307147,1.68692e-06,3.4893e-07,-1.12975e-07,-1.25534e-07,2.17263e-06,4.83587e-06,0.424742,0.396174,0.67933,0.0490537,0.976499,-0.208644,0.022602,-0.178981,0.0799403,0.739144,0.694609,0.287715,0.609158,-0.25232,0,0,0,0,0,0,0,-0.00160485,0.00265117,-0.00416917,-0.00384504,-19.3798,9.85754,-4.39353,7.81048,-1.14943,0.126412,-6.33825,2.19614,0,0,-12,0,0,0,0,0,6.20098,0,0,0,
0.492644,0.120926,0.84312,0.654518,0.466217,-0.509812,-0.307147,0,0,0,0,0,0,0.424742,0.396174,0.67933,0.049054,0.976499,-0.208644,0.0226021,-0.178981,0.0799403,0.739144,0.694609,0.287715,0.609158,-0.25232,0,0,0,0,0,0,0,-0.00108928,0.0025584,-0.00428268,-0.00278614,-19.5409,9.85711,-4.4448,7.82403,-1.12412,0.138243,-6.37183,2.20702,0,0,-12,0,0,0,0,0,6.20098,0,0,0,
0.492644,0.120926,0.84312,0.654518,0.466217,-0.509812,-0.307147,0,0,0,0,0,0,0.424742,0.396174,0.67933,0.0490537,0.976499,-0.208644,0.022602,-0.178981,0.0799403,0.739144,0.694609,0.287715,0.609158,-0.25232,0,0,0,0,0,0,0,-0.000358324,0.00274303,-0.00405923,-0.00487614,-19.6363,9.85689,-4.47661,7.83223,-1.10889,0.144885,-6.39202,2.21345,0,0,-12,0,0,0,0,0,6.20098,0,0,0,
0.492644,0.120926,0.84312,0.654518,0.466217,-0.509812,-0.307147,1.68692e-06,3.4893e-07,-1.12975e-07,-1.25534e-07,2.17263e-06,4.83587e-06,0.424742,0.396174,0.67933,0.0490537,0.976499,-0.208644,0.022602,-0.178981,0.0799403,0.739144,0.694609,0.287715,0.609158,-0.25232,0,0,0,0,0,0,0,-0.00313407,0.00265278,-0.00416877,-0.00385116,-19.8504,9.85614,-4.53351,7.84785,-1.07634,0.160296,-6.43647,2.22785,0,0,-12,0,0,0,0,0,6.20098,0,0,0,
0.492644,0.120926,0.84312,0.654518,0.466217,-0.509812,-0.307147,0,0,0,0,0,0,0.424742,0.396174,0.67933,0.0490537,0.976499,-0.208644,0.022602,-0.178981,0.0799403,0.739144,0.694609,0.287715,0.609158,-0.25232,0,0,0,0,0,0,0,-0.00233609,0.00265332,-0.00417046,-0.00385127,-19.7818,9.85638,-4.51499,7.8428,-1.0868,0.155404,-6.4222,2.22324,0,0,-12,0,0,0,0,0,6.20098,0,0,0,
0.492644,0.120926,0.84312,0.654518,0.466217,-0.509812,-0.307147,1.68692e-06,3.4893e-07,-1.12975e-07,-1.25534e-07,2.17263e-06,4.83587e-06,0.424742,0.396174,0.67933,0.0490537,0.976499,-0.208644,0.022602,-0.178981,0.0799403,0.739144,0.694609,0.287715,0.609158,-0.25232,0,0,0,0,0,0,0,-0.000917405,0.00265386,-0.00417317,-0.00385031,-19.5865,9.857,-4.45942,7.82783,-1.1169,0.141394,-6.38148,2.21009,0,0,-12,0,0,0,0,0,6.20098,0,0,0,
0.492644,0.120926,0.84312,0.654518,0.466217,-0.509812,-0.307147,1.68437e-06,3.48403e-07,-1.12804e-07,-1.25344e-07,2.16935e-06,4.82856e-06,0.424742,0.396174,0.67933,0.0490537,0.976499,-0.208644,0.022602,-0.178981,0.0799403,0.739144,0.694609,0.287715,0.609158,-0.25232,0,0,0,0,0,0,0,-0.000419732,0.00265439,-0.0041718,-0.00385365,-19.8943,9.85616,-4.55585,7.8533,-1.06862,0.163669,-6.44581,2.23086,0,0,-12,0,0,0,0,0,6.20098,0,0,0,
0.492644,0.120926,0.84312,0.654518,0.466217,-0.509812,-0.307147,-1.68564e-06,-3.48665e-07,1.12889e-07,1.25439e-07,-2.17099e-06,-4.83221e-06,0.424742,0.396174,0.67933,0.049054,0.976499,-0.208644,0.0226021,-0.178981,0.0799403,0.739144,0.694609,0.287715,0.609158,-0.25232,0,0,0,0,0,0,0,0.0012095,0.00256116,-0.0042907,-0.00278545,-19.5689,9.85715,-4.46087,7.8279,-1.11903,0.140432,-6.37781,2.20895,0,0,-12,0,0,0,0,0,6.20098,0,0,0,
0.492644,0.120926,0.84312,0.654518,0.466217,-0.509812,-0.307147,0,0,0,0,0,0,0.424742,0.396174,0.67933,0.0490537,0.976499,-0.208644,0.022602,-0.178981,0.0799403,0.739144,0.694609,0.287715,0.609158,-0.25232,0,0,0,0,0,0,0,0.00223412,0.00274906,-0.00405953,-0.00491451,-19.8928,9.85631,-4.56405,7.85496,-1.06796,0.163606,-6.44578,2.2308,0,0,-12,0,0,0,0,0,6.20098,0,0,0,
0.492644,0.120926,0.84312,0.654518,0.466217,-0.509812,-0.307147,1.68437e-06,3.48403e-07,-1.12804e-07,-1.25344e-07,2.16935e-06,4.82856e-06,0.424742,0.396174,0.67933,0.0490537,0.976499,-0.208644,0.022602,-0.178981,0.0799403,0.739144,0.694609,0.287715,0.609158,-0.25232,0,0,0,0,0,0,0,0.00444029,0.00265597,-0.00417453,-0.00385635,-19.964,9.85622,-4.59309,7.86232,-1.05619,0.169059,-6.46066,2.23564,0,0,-12,0,0,0,0,0,6.20098,0,0,0,
0.492644,0.120926,0.84312,0.654518,0.466217,-0.509812,-0.307147,-1.68437e-06,-3.48402e-07,1.12804e-07,1.25344e-07,-2.16935e-06,-4.82856e-06,0.424742,0.396174,0.67933,0.049054,0.976499,-0.208644,0.0226021,-0.178981,0.0799403,0.739144,0.694609,0.287715,0.609158,-0.25232,0,0,0,0,0,0,0,0.0110713,0.00256369,-0.00429084,-0.00280089,-19.8708,9.85681,-4.58591,7.85931,-1.0687,0.162972,-6.44149,2.22947,0,0,-12,0,0,0,0,0,6.20098,0,0,0,
0.492644,0.120926,0.84312,0.654518,0.466217,-0.509812,-0.307147,0,0,0,0,0,0,0.424742,0.396174,0.67933,0.0490537,0.976499,-0.208644,0.022602,-0.178981,0.0799403,0.739144,0.694609,0.287715,0.609158,-0.25232,0,0,0,0,0,0,0,0.00371524,0.00274796,-0.00406708,-0.00488455,-19.729,9.85685,-4.51841,7.84261,-1.0931,0.151886,-6.41165,2.21977,0,0,-12,0,0,0,0,0,6.20098,0,0,0,
0.492644,0.120926,0.84312,0.654518,0.466217,-0.509812,-0.307147,0,0,0,0,0,0,0.424742,0.396174,0.67933,0.0490537,0.976499,-0.208644,0.022602,-0.178981,0.0799403,0.739144,0.694609,0.287715,0.609158,-0.25232,0,0,0,0,0,0,0,0.0119627,0.00265761,-0.00417758,-0.00385891,-20.0055,9.85649,-4.63031,7.87088,-1.04732,0.172615,-6.46979,2.23856,0,0,-12,0,0,0,0,0,6.20098,0,0,0,
0.492644,0.120926,0.84312,0.654518,0.466217,-0.509812,-0.307147,-1.68437e-06,-3.48402e-07,1.12804e-07,1.25344e-07,-2.16935e-06,-4.82856e-06,0.424742,0.396174,0.67933,0.049054,0.976499,-0.208644,0.0226021,-0.178981,0.0799403,0.739144,0.694609,0.287715,0.609158,-0.25232,0,0,0,0,0,0,0,0.00527516,0.00257009,-0.00428988,-0.00285556,-19.7429,9.85688,-4.52769,7.8449,-1.09052,0.153298,-6.41443,2.22075,0,0,-12,0,0,0,0,0,6.20098,0,0,0,
0.492644,0.120926,0.84312,0.654518,0.466217,-0.509812,-0.307147,0,0,0,0,0,0,0.424742,0.396174,0.67933,0.0490537,0.976499,-0.208644,0.022602,-0.178981,0.0799403,0.739144,0.694609,0.287715,0.609158,-0.25232,0,0,0,0,0,0,0,0.00533082,0.00274561,-0.0040726,-0.0048438,-20.0453,9.85604,-4.62106,7.86954,-1.04315,0.174859,-6.47781,2.24113,0,0,-12,0,0,0,0,0,6.20098,0,0,0,
0.492644,0.120926,0.84312,0.654518,0.466217,-0.509812,-0.307147,1.68692e-06,3.4893e-07,-1.12975e-07,-1.25534e-07,2.17263e-06,4.83587e-06,0.424742,0.396174,0.67933,0.0490537,0.976499,-0.208644,0.022602,-0.178981,0.0799403,0.739144,0.694609,0.287715,0.609158,-0.25232,0,0,0,0,0,0,0,0.0057722,0.0026593,-0.00417906,-0.00386329,-20.2511,9.85548,-4.68586,7.88668,-1.01087,0.189903,-6.52073,2.25503,0,0,-12,0,0,0,0,0,6.20098,0,0,0,
0.492644,0.120926,0.84312,0.654518,0.466217,-0.509812,-0.307147,7.6466e-07,-2.08e-06,2.40095e-07,-4.70955e-07,1.54067e-06,-4.13941e-07,0.424742,0.396173,0.67933,0.0490539,0.976499,-0.208644,0.022602,-0.178981,0.0799403,0.739144,0.694609,0.287715,0.609158,-0.25232,0,0,0,0,0,0,0,6.24387e-05,0.00247361,-0.0040841,-0.00365882,-20.0233,9.85555,-4.59734,7.86394,-1.04828,0.173044,-6.47276,2.23959,0,0,-12,0,0,0,0,0,6.20097,0,0,0,
0.492644,0.120926,0.84312,0.654518,0.466217,-0.509812,-0.307147,-1.33654e-06,-1.57876e-06,2.69408e-06,-4.05752e-06,-4.34409e-06,-4.55863e-06,0.424742,0.396173,0.67933,0.0490539,0.976499,-0.208644,0.0226022,-0.178981,0.0799403,0.739144,0.694609,0.287715,0.609158,-0.25232,0,0,0,0,0,0,0,-0.00378333,0.00127995,-0.0029514,-0.00249637,-20.0451,9.85348,-4.59299,7.86162,-1.0459,0.174483,-6.47699,2.24108,0,0,-12,0,0,0,0,0,6.20094,0,0,0,
0.492644,0.120926,0.84312,0.654518,0.466217,-0.509812,-0.307147,-1.33687e-06,-1.57814e-06,2.69586e-06,-4.06033e-06,-4.3469e-06,-4.55816e-06,0.424742,0.396173,0.67933,0.0490542,0.976499,-0.208644,0.0226023,-0.178981,0.0799403,0.739144,0.694609,0.287715,0.609158,-0.25232,0,0,0,0,0,0,0,-0.0028571,0.00255345,-0.0042618,-0.00287866,-20.0046,9.85569,-4.58189,7.86067,-1.05218,0.171599,-6.4686,2.23826,0,0,-12,0,0,0,0,0,6.20094,0,0,0,
0.492644,0.120926,0.84312,0.654518,0.466217,-0.509812,-0.307147,-2.10025e-06,5.0212e-07,2.45568e-06,-3.58947e-06,-5.88593e-06,-4.14057e-06,0.424742,0.396174,0.67933,0.049054,0.976499,-0.208644,0.0226023,-0.178981,0.0799403,0.739144,0.694609,0.287715,0.609158,-0.25232,0,0,0,0,0,0,0,-0.00746522,0.00283093,-0.00426206,-0.0040259,-20.1343,9.85538,-4.60669,7.86829,-1.03335,0.180472,-6.49555,2.2469,0,0,-12,0,0,0,0,0,6.20095,0,0,0,
0.492644,0.120926,0.84312,0.654518,0.466217,-0.509812,-0.307147,-2.10056e-06,5.02755e-07,2.45742e-06,-3.59224e-06,-5.88871e-06,-4.14005e-06,0.424742,0.396174,0.67933,0.049054,0.976499,-0.208644,0.0226023,-0.178981,0.0799403,0.739144,0.694609,0.287715,0.609158,-0.25232,0,0,0,0,0,0,0,-0.0026221,0.0026398,-0.00416366,-0.00381772,-20.0404,9.85561,-4.5937,7.86371,-1.04647,0.174067,-6.4762,2.24068,0,0,-12,0,0,0,0,0,6.20095,0,0,0,
0.492644,0.120926,0.84312,0.654518,0.466217,-0.509812,-0.307147,9.22253e-07,2.42893e-06,-3.5307e-07,3.45422e-07,6.31958e-07,5.24981e-06,0.424742,0.396174,0.67933,0.0490537,0.976499,-0.208644,0.0226021,-0.178981,0.0799403,0.739144,0.694609,0.287715,0.609158,-0.25232,0,0,0,0,0,0,0,-0.00240363,0.00431699,-0.0055785,-0.00550077,-20.1907,9.85773,-4.63877,7.87819,-1.02314,0.184744,-6.50778,2.25068,0,0,-12,0,0,0,0,0,6.20098,0,0,0,
0.492645,0.120926,0.84312,0.654518,0.466217,-0.509812,-0.307147,9.2087e-07,2.42529e-06,-3.5254e-07,3.44904e-07,6.3101e-07,5.24193e-06,0.424742,0.396174,0.67933,0.0490534,0.976499,-0.208644,0.0226021,-0.178981,0.0799403,0.739144,0.694609,0.287715,0.609158,-0.25232,0,0,0,0,0,0,0,-0.000705835,0.00275131,-0.0040852,-0.00483214,-20.1054,9.85557,-4.61996,7.87031,-1.03566,0.17876,-6.49001,2.24509,0,0,-12,0,0,0,0,0,6.20098,0,0,0,
0.492644,0.120926,0.84312,0.654518,0.466217,-0.509812,-0.307147,-7.62241e-07,2.07714e-06,-2.3982e-07,4.70155e-07,-1.53672e-06,4.16971e-07,0.424742,0.396174,0.67933,0.0490537,0.976499,-0.208644,0.0226021,-0.178981,0.0799403,0.739144,0.694609,0.287715,0.609158,-0.25232,0,0,0,0,0,0,0,0.00154221,0.0025827,-0.00429698,-0.00291393,-20.1566,9.85553,-4.64298,7.87611,-1.02703,0.182902,-6.50063,2.2486,0,0,-12,0,0,0,0,0,6.20098,0,0,0,
0.492645,0.120926,0.84312,0.654518,0.466217,-0.509812,-0.307147,1.38129e-06,3.63789e-06,-5.28805e-07,5.17351e-07,9.46505e-07,7.86282e-06,0.424742,0.396174,0.67933,0.0490534,0.976499,-0.208644,0.0226021,-0.178981,0.0799403,0.739144,0.694609,0.287715,0.609158,-0.25232,0,0,0,0,0,0,0,-0.00476792,0.00275666,-0.00407926,-0.00488434,-20.4462,9.8544,-4.71172,7.89534,-0.983671,0.20307,-6.56095,2.26801,0,0,-12,0,0,0,0,0,6.20098,0,0,0,
0.492644,0.120926,0.84312,0.654518,0.466217,-0.509812,-0.307147,1.11953e-07,2.44274e-06,-2.75565e-06,4.35239e-06,2.48721e-06,2.3496e-06,0.424742,0.396174,0.67933,0.0490537,0.976499,-0.208644,0.0226021,-0.178981,0.0799403,0.739144,0.694609,0.287715,0.609158,-0.25232,0,0,0,0,0,0,0,-0.00232406,0.00258498,-0.00429772,-0.00292878,-20.2033,9.8552,-4.64481,7.87727,-1.02095,0.185988,-6.51015,2.25168,0,0,-12,0,0,0,0,0,6.20098,0,0,0,
0.492645,0.120926,0.84312,0.654518,0.466217,-0.509812,-0.307147,3.47974e-06,3.13869e-06,-2.98292e-06,4.10456e-06,6.82704e-06,1.20026e-05,0.424742,0.396174,0.67933,0.0490534,0.976499,-0.208644,0.0226021,-0.178981,0.0799403,0.739144,0.694609,0.287715,0.609158,-0.25232,0,0,0,0,0,0,0,-0.00713096,0.00275803,-0.00408322,-0.00488614,-20.1795,9.85503,-4.62192,7.87195,-1.02611,0.183632,-6.5051,2.24998,0,0,-12,0,0,0,0,0,6.20098,0,0,0,
0.492644,0.120926,0.84312,0.654518,0.466217,-0.509812,-0.307147,2.09835e-06,-5.01089e-07,-2.45203e-06,3.58392e-06,5.87864e-06,4.13797e-06,0.424742,0.396174,0.67933,0.0490537,0.976499,-0.208644,0.022602,-0.178981,0.0799403,0.739144,0.694609,0.287715,0.609158,-0.25232,0,0,0,0,0,0,0,0.00327152,0.00246237,-0.00408595,-0.00365212,-20.3294,9.85483,-4.70207,7.89112,-0.999401,0.195399,-6.53691,2.2603,0,0,-12,0,0,0,0,0,6.20098,0,0,0,
0.492644,0.120926,0.84312,0.654518,0.466217,-0.509812,-0.307147,2.09835e-06,-5.01097e-07,-2.45205e-06,3.58396e-06,5.87868e-06,4.13796e-06,0.424742,0.396174,0.67933,0.0490537,0.976499,-0.208644,0.022602,-0.178981,0.0799403,0.739144,0.694609,0.287715,0.609158,-0.25232,0,0,0,0,0,0,0,0.00301418,0.00266674,-0.00419337,-0.00387446,-20.3447,9.85508,-4.70572,7.89244,-0.997118,0.196459,-6.54011,2.2613,0,0,-12,0,0,0,0,0,6.20098,0,0,0,
0.492644,0.120926,0.84312,0.654518,0.466217,-0.509812,-0.307147,7.66053e-07,-2.07633e-06,2.39562e-07,-4.70434e-07,1.54162e-06,-4.06015e-07,0.424742,0.396174,0.67933,0.0490537,0.976499,-0.208644,0.022602,-0.178981,0.0799403,0.739144,0.694609,0.287715,0.609158,-0.25232,0,0,0,0,0,0,0,0.0110371,0.00266735,-0.00419476,-0.00387515,-20.3229,9.85556,-4.72505,7.89616,-0.997993,0.195473,-6.53604,2.25995,0,0,-12,0,0,0,0,0,6.20098,0,0,0,
0.492644,0.120926,0.84312,0.654518,0.466217,-0.509812,-0.307147,7.64661e-07,-2.08e-06,2.40095e-07,-4.70956e-07,1.54067e-06,-4.13941e-07,0.424742,0.396174,0.67933,0.0490537,0.976499,-0.208644,0.022602,-0.178981,0.0799403,0.739144,0.694609,0.287715,0.609158,-0.25232,0,0,0,0,0,0,0,0.00471751,0.0026679,-0.00419762,-0.00387409,-20.1046,9.85585,-4.63731,7.87401,-1.03411,0.179241,-6.49007,2.24513,0,0,-12,0,0,0,0,0,6.20098,0,0,0,
0.492644,0.120926,0.84312,0.654518,0.466217,-0.509812,-0.307147,7.63963e-07,-2.08184e-06,2.40362e-07,-4.71217e-07,1.54019e-06,-4.17913e-07,0.424742,0.396174,0.67933,0.0490537,0.976499,-0.208644,0.022602,-0.178981,0.0799403,0.739144,0.694609,0.287715,0.609158,-0.25232,0,0,0,0,0,0,0,0.00600495,0.00266848,-0.00420324,-0.00387021,-19.5463,9.85749,-4.46952,7.82932,-1.12099,0.139001,-6.37351,2.2075,0,0,-12,0,0,0,0,0,6.20098,0,0,0,
0.492644,0.120926,0.84312,0.654518,0.466217,-0.509812,-0.307147,-9.22952e-07,-2.43077e-06,3.53337e-07,-3.45684e-07,-6.32436e-07,-5.25378e-06,0.424742,0.396174,0.67933,0.0490537,0.976499,-0.208644,0.022602,-0.178981,0.0799403,0.739144,0.694609,0.287715,0.609158,-0.25232,0,0,0,0,0,0,0,0.00595102,0.00266905,-0.00420746,-0.00386775,-19.1525,9.8586,-4.34805,7.79713,-1.18257,0.110546,-6.29123,2.18093,0,0,-12,0,0,0,0,0,6.20098,0,0,0,
0.492644,0.120926,0.84312,0.654518,0.466217,-0.509812,-0.307147,7.63954e-07,-2.08186e-06,2.40366e-07,-4.71221e-07,1.54019e-06,-4.17966e-07,0.424742,0.396174,0.67933,0.0490537,0.976499,-0.208644,0.022602,-0.178981,0.0799403,0.739144,0.694609,0.287715,0.609158,-0.25232,0,0,0,0,0,0,0,0.0066711,0.00266959,-0.00420869,-0.00386839,-19.1217,9.85873,-4.3409,7.79511,-1.18716,0.108374,-6.28484,2.17887,0,0,-12,0,0,0,0,0,6.20098,0,0,0,
0.492644,0.120926,0.84312,0.654518,0.466217,-0.509812,-0.307147,-2.60987e-06,-2.7797e-06,4.66311e-07,-2.2015e-07,-2.80506e-06,-1.00896e-05,0.424742,0.396174,0.67933,0.049054,0.976499,-0.208644,0.0226021,-0.178981,0.0799403,0.739144,0.694609,0.287715,0.609158,-0.25232,0,0,0,0,0,0,0,0.00547002,0.00258147,-0.00432141,-0.00286098,-19.1221,9.85866,-4.33709,7.79437,-1.18752,0.10846,-6.28474,2.17889,0,0,-12,0,0,0,0,0,6.20098,0,0,0,
0.492644,0.120926,0.84312,0.654518,0.466217,-0.509812,-0.307147,0,0,0,0,0,0,0.424742,0.396174,0.67933,0.0490537,0.976499,-0.208644,0.022602,-0.178981,0.0799403,0.739144,0.694609,0.287715,0.609158,-0.25232,0,0,0,0,0,0,0,0.00411912,0.00275249,-0.00410813,-0.00479532,-19.1391,9.85855,-4.33799,7.79475,-1.18521,0.109308,-6.28842,2.17999,0,0,-12,0,0,0,0,0,6.20098,0,0,0,
0.492644,0.120926,0.84312,0.654518,0.466217,-0.509812,-0.307147,0,0,0,0,0,0,0.424742,0.396174,0.67933,0.0490537,0.976499,-0.208644,0.022602,-0.178981,0.0799403,0.739144,0.694609,0.287715,0.609158,-0.25232,0,0,0,0,0,0,0,0.00982612,0.00267131,-0.00421163,-0.00387138,-19.1396,9.85884,-4.35666,7.79874,-1.18336,0.1099,-6.28877,2.18013,0,0,-12,0,0,0,0,0,6.20098,0,0,0,
0.492644,0.120926,0.84312,0.654518,0.466217,-0.509812,-0.307147,-1.68438e-06,-3.48405e-07,1.12805e-07,1.25345e-07,-2.16937e-06,-4.82861e-06,0.424742,0.396174,0.67933,0.049054,0.976499,-0.208644,0.0226021,-0.178981,0.0799403,0.739144,0.694609,0.287715,0.609158,-0.25232,0,0,0,0,0,0,0,0.00225877,0.00258946,-0.00431673,-0.00293429,-19.1284,9.85847,-4.32861,7.79268,-1.18755,0.108669,-6.28588,2.17926,0,0,-12,0,0,0,0,0,6.20098,0,0,0,
0.492644,0.120926,0.84312,0.654518,0.466217,-0.509812,-0.307147,-1.68437e-06,-3.48402e-07,1.12804e-07,1.25344e-07,-2.16935e-06,-4.82856e-06,0.424742,0.396174,0.67933,0.049054,0.976499,-0.208644,0.0226021,-0.178981,0.0799403,0.739144,0.694609,0.287715,0.609158,-0.25232,0,0,0,0,0,0,0,-0.0008224,0.00267123,-0.00421583,-0.00385392,-19.1481,9.85827,-4.32469,7.79213,-1.1854,0.109731,-6.2899,2.18053,0,0,-12,0,0,0,0,0,6.20098,0,0,0,
0.492644,0.120926,0.84312,0.654518,0.466217,-0.509812,-0.307147,-1.68437e-06,-3.48402e-07,1.12804e-07,1.25344e-07,-2.16935e-06,-4.82856e-06,0.424742,0.396174,0.67933,0.049054,0.976499,-0.208644,0.0226021,-0.178981,0.0799403,0.739144,0.694609,0.287715,0.609158,-0.25232,0,0,0,0,0,0,0,-0.00142403,0.00267178,-0.00421685,-0.0038548,-19.1449,9.85825,-4.32175,7.79146,-1.18609,0.109456,-6.2892,2.18031,0,0,-12,0,0,0,0,0,6.20098,0,0,0,
0.492644,0.120926,0.84312,0.654518,0.466217,-0.509812,-0.307147,-1.68311e-06,-3.48142e-07,1.12719e-07,1.25251e-07,-2.16773e-06,-4.82496e-06,0.424742,0.396174,0.67933,0.049054,0.976499,-0.208644,0.0226021,-0.178981,0.0799403,0.739144,0.694609,0.287715,0.609158,-0.25232,0,0,0,0,0,0,0,-0.00373967,0.00267233,-0.00421789,-0.00385564,-19.1383,9.85815,-4.31219,7.78933,-1.18786,0.108809,-6.28768,2.17982,0,0,-12,0,0,0,0,0,6.20098,0,0,0,
0.492644,0.120926,0.84312,0.654518,0.466217,-0.509812,-0.307147,-1.68311e-06,-3.48142e-07,1.12719e-07,1.25251e-07,-2.16773e-06,-4.82496e-06,0.424742,0.396174,0.67933,0.049054,0.976499,-0.208644,0.0226021,-0.178981,0.0799403,0.739144,0.694609,0.287715,0.609158,-0.25232,0,0,0,0,0,0,0,-0.00229508,0.00267288,-0.00421875,-0.00385668,-19.154,9.85818,-4.32171,7.7916,-1.18495,0.110046,-6.29104,2.1809,0,0,-12,0,0,0,0,0,6.20098,0,0,0,
0.492644,0.120926,0.84312,0.654518,0.466217,-0.509812,-0.307147,0,0,0,0,0,0,0.424742,0.396174,0.67933,0.049054,0.976499,-0.208644,0.0226021,-0.178981,0.0799403,0.739144,0.694609,0.287715,0.609158,-0.25232,0,0,0,0,0,0,0,-0.00233621,0.00267342,-0.00421972,-0.00385756,-19.1535,9.85818,-4.32143,7.79154,-1.18504,0.110009,-6.29094,2.18087,0,0,-12,0,0,0,0,0,6.20098,0,0,0,
0.492644,0.120926,0.84312,0.654518,0.466217,-0.509812,-0.307147,-1.68437e-06,-3.48402e-07,1.12804e-07,1.25344e-07,-2.16935e-06,-4.82856e-06,0.424742,0.396174,0.67933,0.049054,0.976499,-0.208644,0.0226021,-0.178981,0.0799403,0.739144,0.694609,0.287715,0.609158,-0.25232,0,0,0,0,0,0,0,0.00146422,0.00267396,-0.00422074,-0.00385839,-19.1471,9.85839,-4.33181,7.79363,-1.18483,0.10983,-6.28984,2.1805,0,0,-12,0,0,0,0,0,6.20098,0,0,0,
0.492644,0.120926,0.84312,0.654518,0.466217,-0.509812,-0.307147,-1.68437e-06,-3.48402e-07,1.12804e-07,1.25344e-07,-2.16935e-06,-4.82856e-06,0.424742,0.396174,0.67933,0.049054,0.976499,-0.208644,0.0226021,-0.178981,0.0799403,0.739144,0.694609,0.287715,0.609158,-0.25232,0,0,0,0,0,0,0,0.000739701,0.00267451,-0.00422162,-0.00385939,-19.1594,9.85832,-4.33323,7.79413,-1.18315,0.11066,-6.29235,2.18132,0,0,-12,0,0,0,0,0,6.20098,0,0,0,
0.492644,0.120926,0.84312,0.654518,0.466217,-0.509812,-0.307147,-1.68692e-06,-3.48929e-07,1.12974e-07,1.25534e-07,-2.17263e-06,-4.83587e-06,0.424742,0.396174,0.67933,0.049054,0.976499,-0.208644,0.0226021,-0.178981,0.0799403,0.739144,0.694609,0.287715,0.609158,-0.25232,0,0,0,0,0,0,0,-7.43484e-05,0.00267505,-0.0042226,-0.00386027,-19.1587,9.85828,-4.33036,7.79351,-1.18352,0.110547,-6.29215,2.18125,0,0,-12,0,0,0,0,0,6.20098,0,0,0,
0.492644,0.120926,0.84312,0.654518,0.466217,-0.509812,-0.307147,0,0,0,0,0,0,0.424742,0.396174,0.67933,0.049054,0.976499,-0.208644,0.0226021,-0.178981,0.0799403,0.739144,0.694609,0.287715,0.609158,-0.25232,0,0,0,0,0,0,0,0.00298804,0.0026756,-0.00422363,-0.00386112,-19.1527,9.85846,-4.33848,7.79513,-1.18348,0.110344,-6.29109,2.1809,0,0,-12,0,0,0,0,0,6.20098,0,0,0,
0.492644,0.120926,0.84312,0.654518,0.466217,-0.509812,-0.307147,1.68692e-06,3.4893e-07,-1.12975e-07,-1.25534e-07,2.17263e-06,4.83587e-06,0.424742,0.396174,0.67933,0.0490537,0.976499,-0.208644,0.022602,-0.178981,0.0799403,0.739144,0.694609,0.287715,0.609158,-0.25232,0,0,0,0,0,0,0,0.00158665,0.00276593,-0.0041114,-0.00488295,-19.1678,9.85835,-4.3386,7.79536,-1.18152,0.111182,-6.29427,2.18189,0,0,-12,0,0,0,0,0,6.20098,0,0,0,
0.492644,0.120926,0.84312,0.654518,0.466217,-0.509812,-0.307147,1.68692e-06,3.4893e-07,-1.12975e-07,-1.25534e-07,2.17263e-06,4.83587e-06,0.424742,0.396174,0.67933,0.0490537,0.976499,-0.208644,0.022602,-0.178981,0.0799403,0.739144,0.694609,0.287715,0.609158,-0.25232,0,0,0,0,0,0,0,-0.00146766,0.00267797,-0.00422337,-0.00388246,-19.1607,9.85821,-4.32645,7.79272,-1.18364,0.110587,-6.29249,2.18137,0,0,-12,0,0,0,0,0,6.20098,0,0,0,
0.492644,0.120926,0.84312,0.654518,0.466217,-0.509812,-0.307147,1.68692e-06,3.4893e-07,-1.12975e-07,-1.25534e-07,2.17263e-06,4.83587e-06,0.424742,0.396174,0.67933,0.0490537,0.976499,-0.208644,0.022602,-0.178981,0.0799403,0.739144,0.694609,0.287715,0.609158,-0.25232,0,0,0,0,0,0,0,0.00179649,0.00267853,-0.00422435,-0.00388342,-19.1642,9.85837,-4.33815,7.79525,-1.18205,0.111086,-6.29343,2.18166,0,0,-12,0,0,0,0,0,6.20098,0,0,0,
0.492644,0.120926,0.84312,0.654518,0.466217,-0.509812,-0.307147,1.68692e-06,3.4893e-07,-1.12975e-07,-1.25534e-07,2.17263e-06,4.83587e-06,0.424742,0.396174,0.67933,0.0490537,0.976499,-0.208644,0.022602,-0.178981,0.0799403,0.739144,0.694609,0.287715,0.609158,-0.25232,0,0,0,0,0,0,0,-0.00154241,0.00267908,-0.0042253,-0.00388437,-19.1688,9.85818,-4.32872,7.79334,-1.18239,0.11117,-6.29419,2.18191,0,0,-12,0,0,0,0,0,6.20098,0,0,0,
0.492644,0.120926,0.84312,0.654518,0.466217,-0.509812,-0.307147,1.68692e-06,3.4893e-07,-1.12975e-07,-1.25534e-07,2.17263e-06,4.83587e-06,0.424742,0.396174,0.67933,0.0490537,0.976499,-0.208644,0.022602,-0.178981,0.0799403,0.739144,0.694609,0.287715,0.609158,-0.25232,0,0,0,0,0,0,0,-0.00482599,0.00267963,-0.00422628,-0.00388528,-19.1691,9.85801,-4.31815,7.79111,-1.18339,0.110949,-6.29405,2.18188,0,0,-12,0,0,0,0,0,6.20098,0,0,0,
0.492644,0.120926,0.84312,0.654518,0.466217,-0.509812,-0.307147,1.68437e-06,3.48403e-07,-1.12804e-07,-1.25344e-07,2.16935e-06,4.82856e-06,0.424742,0.396174,0.67933,0.0490537,0.976499,-0.208644,0.022602,-0.178981,0.0799403,0.739144,0.694609,0.287715,0.609158,-0.25232,0,0,0,0,0,0,0,0.00077727,0.00268018,-0.00422717,-0.00388626,-19.1785,9.85828,-4.33925,7.79572,-1.18014,0.112043,-6.29636,2.18261,0,0,-12,0,0,0,0,0,6.20098,0,0,0,
0.492644,0.120926,0.84312,0.654518,0.466217,-0.509812,-0.307147,1.68437e-06,3.48403e-07,-1.12804e-07,-1.25344e-07,2.16935e-06,4.82856e-06,0.424742,0.396174,0.67933,0.0490537,0.976499,-0.208644,0.022602,-0.178981,0.0799403,0.739144,0.694609,0.287715,0.609158,-0.25232,0,0,0,0,0,0,0,0.00200577,0.00268071,-0.00422819,-0.00388708,-19.1715,9.85836,-4.34106,7.79599,-1.18085,0.111624,-6.29496,2.18215,0,0,-12,0,0,0,0,0,6.20098,0,0,0,
0.492644,0.120926,0.84312,0.654518,0.466217,-0.509812,-0.307147,1.68311e-06,3.48143e-07,-1.1272e-07,-1.25251e-07,2.16773e-06,4.82496e-06,0.424742,0.396174,0.67933,0.0490537,0.976499,-0.208644,0.022602,-0.178981,0.0799403,0.739144,0.694609,0.287715,0.609158,-0.25232,0,0,0,0,0,0,0,0.00445198,0.00268126,-0.00422916,-0.00388797,-19.1702,9.85849,-4.3486,7.79756,-1.18029,0.111707,-6.29483,2.1821,0,0,-12,0,0,0,0,0,6.20098,0,0,0,
0.492644,0.120926,0.84312,0.654518,0.466217,-0.509812,-0.307147,0,0,0,0,0,0,0.424742,0.396174,0.67933,0.0490537,0.976499,-0.208644,0.022602,-0.178981,0.0799403,0.739144,0.694609,0.287715,0.609158,-0.25232,0,0,0,0,0,0,0,0.00481391,0.0026818,-0.00422996,-0.00388904,-19.191,9.85845,-4.3562,7.79951,-1.17691,0.113243,-6.29921,2.18352,0,0,-12,0,0,0,0,0,6.20098,0,0,0,
0.492644,0.120926,0.84312,0.654518,0.466217,-0.509812,-0.307147,0,0,0,0,0,0,0.424742,0.396174,0.67933,0.0490537,0.976499,-0.208644,0.022602,-0.178981,0.0799403,0.739144,0.694609,0.287715,0.609158,-0.25232,0,0,0,0,0,0,0,0.00183989,0.00268233,-0.00423095,-0.0038899,-19.1881,9.85831,-4.34564,7.79723,-1.17831,0.112811,-6.29842,2.18327,0,0,-12,0,0,0,0,0,6.20098,0,0,0,
0.492644,0.120926,0.84312,0.654518,0.466217,-0.509812,-0.307147,0,0,0,0,0,0,0.424742,0.396174,0.67933,0.0490537,0.976499,-0.208644,0.022602,-0.178981,0.0799403,0.739144,0.694609,0.287715,0.609158,-0.25232,0,0,0,0,0,0,0,0.0014039,0.00268287,-0.00423194,-0.00389076,-19.1843,9.8583,-4.34306,7.79663,-1.17904,0.112506,-6.2976,2.18301,0,0,-12,0,0,0,0,0,6.20098,0,0,0,
0.492644,0.120926,0.84312,0.654518,0.466217,-0.509812,-0.307147,0,0,0,0,0,0,0.424742,0.396174,0.67933,0.0490537,0.976499,-0.208644,0.022602,-0.178981,0.0799403,0.739144,0.694609,0.287715,0.609158,-0.25232,0,0,0,0,0,0,0,-0.000371691,0.00268342,-0.00423293,-0.00389166,-19.1832,9.85821,-4.33696,7.79532,-1.17977,0.112297,-6.29727,2.18291,0,0,-12,0,0,0,0,0,6.20098,0,0,0,
0.492644,0.120926,0.84312,0.654518,0.466217,-0.509812,-0.307147,0,0,0,0,0,0,0.424742,0.396174,0.67933,0.0490537,0.976499,-0.208644,0.022602,-0.178981,0.0799403,0.739144,0.694609,0.287715,0.609158,-0.25232,0,0,0,0,0,0,0,0.000260077,0.00268398,-0.00423383,-0.00389266,-19.1939,9.85821,-4.34229,7.79662,-1.17791,0.113112,-6.29953,2.18364,0,0,-12,0,0,0,0,0,6.20098,0,0,0,
0.492644,0.120926,0.84312,0.654518,0.466217,-0.509812,-0.307147,0,0,0,0,0,0,0.424742,0.396174,0.67933,0.0490537,0.976499,-0.208644,0.022602,-0.178981,0.0799403,0.739144,0.694609,0.287715,0.609158,-0.25232,0,0,0,0,0,0,0,-0.00218501,0.00268473,-0.00423512,-0.00389397,-19.2009,9.85807,-4.33651,7.79552,-1.17758,0.113439,-6.30085,2.18407,0,0,-12,0,0,0,0,0,6.20098,0,0,0,
0.492644,0.120926,0.84312,0.654518,0.466217,-0.509812,-0.307147,0,0,0,0,0,0,0.424742,0.396174,0.67933,0.0490537,0.976499,-0.208644,0.022602,-0.178981,0.0799403,0.739144,0.694609,0.287715,0.609158,-0.25232,0,0,0,0,0,0,0,0.00568591,0.00268525,-0.00423603,-0.00389487,-19.2049,9.85846,-4.36331,7.80125,-1.17446,0.114311,-6.30217,2.18447,0,0,-12,0,0,0,0,0,6.20098,0,0,0,
0.492644,0.120926,0.84312,0.654518,0.466217,-0.509812,-0.307147,0,0,0,0,0,0,0.424742,0.396174,0.67933,0.0490537,0.976499,-0.208644,0.022602,-0.178981,0.0799403,0.739144,0.694609,0.287715,0.609158,-0.25232,0,0,0,0,0,0,0,0.0021961,0.00268579,-0.00423697,-0.00389577,-19.2069,9.85828,-4.3526,7.79902,-1.17525,0.114198,-6.30238,2.18455,0,0,-12,0,0,0,0,0,6.20098,0,0,0,
0.492644,0.120926,0.84312,0.654518,0.466217,-0.509812,-0.307147,0,0,0,0,0,0,0.424742,0.396174,0.67933,0.0490537,0.976499,-0.208644,0.022602,-0.178981,0.0799403,0.739144,0.694609,0.287715,0.609158,-0.25232,0,0,0,0,0,0,0,0.00469234,0.00268634,-0.00423791,-0.00389671,-19.2115,9.85839,-4.36211,7.80111,-1.17375,0.114713,-6.30348,2.1849,0,0,-12,0,0,0,0,0,6.20098,0,0,0,
0.492644,0.120926,0.84312,0.654518,0.466217,-0.509812,-0.307147,0,0,0,0,0,0,0.424742,0.396174,0.67933,0.0490537,0.976499,-0.208644,0.022602,-0.178981,0.0799403,0.739144,0.694609,0.287715,0.609158,-0.25232,0,0,0,0,0,0,0,0.00500583,0.00268688,-0.00423889,-0.0038976,-19.2105,9.85841,-4.36281,7.80124,-1.17381,0.114662,-6.30329,2.18483,0,0,-12,0,0,0,0,0,6.20098,0,0,0,
0.492644,0.120926,0.84312,0.654518,0.466217,-0.509812,-0.307147,0,0,0,0,0,0,0.424742,0.396174,0.67933,0.0490537,0.976499,-0.208644,0.022602,-0.178981,0.0799403,0.739144,0.694609,0.287715,0.609158,-0.25232,0,0,0,0,0,0,0,0.00356178,0.00268742,-0.00423982,-0.00389851,-19.2139,9.85833,-4.35917,7.80053,-1.17374,0.1148,-6.30391,2.18504,0,0,-12,0,0,0,0,0,6.20098,0,0,0,
0.492644,0.120926,0.84312,0.654518,0.466217,-0.509812,-0.307147,0,0,0,0,0,0,0.424742,0.396174,0.67933,0.0490537,0.976499,-0.208644,0.022602,-0.178981,0.0799403,0.739144,0.694609,0.287715,0.609158,-0.25232,0,0,0,0,0,0,0,0.00236886,0.00268796,-0.00424071,-0.00389949,-19.2234,9.85824,-4.35823,7.80049,-1.17262,0.115401,-6.30583,2.18566,0,0,-12,0,0,0,0,0,6.20098,0,0,0,
0.492644,0.120926,0.84312,0.654518,0.466217,-0.509812,-0.307147,0,0,0,0,0,0,0.424742,0.396174,0.67933,0.0490537,0.976499,-0.208644,0.022602,-0.178981,0.0799403,0.739144,0.694609,0.287715,0.609158,-0.25232,0,0,0,0,0,0,0,0.00382935,0.0026885,-0.00424171,-0.00390035,-19.2192,9.85833,-4.36167,7.80114,-1.17282,0.115203,-6.30504,2.1854,0,0,-12,0,0,0,0,0,6.20098,0,0,0,
0.492644,0.120926,0.84312,0.654518,0.466217,-0.509812,-0.307147,0,0,0,0,0,0,0.424742,0.396174,0.67933,0.0490537,0.976499,-0.208644,0.022602,-0.178981,0.0799403,0.739144,0.694609,0.287715,0.609158,-0.25232,0,0,0,0,0,0,0,0.00263518,0.00268904,-0.00424265,-0.00390125,-19.2212,9.85826,-4.35842,7.80049,-1.17288,0.115263,-6.30539,2.18552,0,0,-12,0,0,0,0,0,6.20098,0,0,0,
0.492644,0.120926,0.84312,0.654518,0.466217,-0.509812,-0.307147,0,0,0,0,0,0,0.424742,0.396174,0.67933,0.0490537,0.976499,-0.208644,0.022602,-0.178981,0.0799403,0.739144,0.694609,0.287715,0.609158,-0.25232,0,0,0,0,0,0,0,0.00416269,0.00268958,-0.00424362,-0.00390215,-19.2214,9.85834,-4.36343,7.80155,-1.17237,0.115386,-6.30551,2.18555,0,0,-12,0,0,0,0,0,6.20098,0,0,0,
0.492644,0.120926,0.84312,0.654518,0.466217,-0.509812,-0.307147,0,0,0,0,0,0,0.424742,0.396174,0.67933,0.0490537,0.976499,-0.208644,0.022602,-0.178981,0.0799403,0.739144,0.694609,0.287715,0.609158,-0.25232,0,0,0,0,0,0,0,0.00175901,0.00269012,-0.00424447,-0.00390316,-19.235,9.85818,-4.3598,7.80101,-1.17101,0.116188,-6.3082,2.18643,0,0,-12,0,0,0,0,0,6.20098,0,0,0,
0.492644,0.120926,0.84312,0.654518,0.466217,-0.509812,-0.307147,0,0,0,0,0,0,0.424742,0.396174,0.67933,0.0490537,0.976499,-0.208644,0.022602,-0.178981,0.0799403,0.739144,0.694609,0.287715,0.609158,-0.25232,0,0,0,0,0,0,0,0.000917431,0.00269066,-0.00424539,-0.00390412,-19.242,9.85812,-4.35923,7.80101,-1.17018,0.116633,-6.30962,2.18689,0,0,-12,0,0,0,0,0,6.20098,0,0,0,
0.492644,0.120926,0.84312,0.654518,0.466217,-0.509812,-0.307147,0,0,0,0,0,0,0.424742,0.396174,0.67933,0.0490537,0.976499,-0.208644,0.022602,-0.178981,0.0799403,0.739144,0.694609,0.287715,0.609158,-0.25232,0,0,0,0,0,0,0,0.00389703,0.00269123,-0.00424635,-0.00390509,-19.2474,9.85826,-4.37056,7.80349,-1.1684,0.117243,-6.31093,2.1873,0,0,-12,0,0,0,0,0,6.20098,0,0,0,
0.492644,0.120926,0.84312,0.654518,0.466217,-0.509812,-0.307147,0,0,0,0,0,0,0.424742,0.396174,0.67933,0.0490537,0.976499,-0.208644,0.022602,-0.178981,0.0799403,0.739144,0.694609,0.287715,0.609158,-0.25232,0,0,0,0,0,0,0,0.000774491,0.00269178,-0.00424736,-0.003906,-19.2465,9.8581,-4.36016,7.80128,-1.16952,0.116951,-6.31056,2.18719,0,0,-12,0,0,0,0,0,6.20098,0,0,0,
0.492644,0.120926,0.84312,0.654518,0.466217,-0.509812,-0.307147,0,0,0,0,0,0,0.424742,0.396174,0.67933,0.0490537,0.976499,-0.208644,0.022602,-0.178981,0.0799403,0.739144,0.694609,0.287715,0.609158,-0.25232,0,0,0,0,0,0,0,0.00175034,0.00269234,-0.00424829,-0.00390697,-19.253,9.85813,-4.36534,7.80249,-1.16819,0.117494,-6.31198,2.18765,0,0,-12,0,0,0,0,0,6.20098,0,0,0,
0.492644,0.120926,0.84312,0.654518,0.466217,-0.509812,-0.307147,0,0,0,0,0,0,0.424742,0.396174,0.67933,0.0490537,0.976499,-0.208644,0.022602,-0.178981,0.0799403,0.739144,0.694609,0.287715,0.609158,-0.25232,0,0,0,0,0,0,0,0.00173378,0.00269289,-0.00424924,-0.00390794,-19.2588,9.85812,-4.36707,7.80295,-1.16729,0.117911,-6.31319,2.18804,0,0,-12,0,0,0,0,0,6.20098,0,0,0,
0.492644,0.120926,0.84312,0.654518,0.466217,-0.509812,-0.307147,0,0,0,0,0,0,0.424742,0.396174,0.67933,0.0490537,0.976499,-0.208644,0.022602,-0.178981,0.0799403,0.739144,0.694609,0.287715,0.609158,-0.25232,0,0,0,0,0,0,0,0.00145903,0.00269345,-0.00425019,-0.0039089,-19.2641,9.85809,-4.36781,7.80319,-1.16654,0.118275,-6.31428,2.1884,0,0,-12,0,0,0,0,0,6.20098,0,0,0,
0.492644,0.120926,0.84312,0.654518,0.466217,-0.509812,-0.307147,0,0,0,0,0,0,0.424742,0.396174,0.67933,0.0490537,0.976499,-0.208644,0.022602,-0.178981,0.0799403,0.739144,0.694609,0.287715,0.609158,-0.25232,0,0,0,0,0,0,0,-0.00568788,0.00269399,-0.00425114,-0.00390982,-19.2668,9.85771,-4.34542,7.79851,-1.16839,0.11794,-6.31441,2.18846,0,0,-12,0,0,0,0,0,6.20098,0,0,0,
0.492644,0.120926,0.84312,0.654518,0.466217,-0.509812,-0.307147,0,0,0,0,0,0,0.424742,0.396174,0.67933,0.0490537,0.976499,-0.208644,0.022602,-0.178981,0.0799403,0.739144,0.694609,0.287715,0.609158,-0.25232,0,0,0,0,0,0,0,0.00213998,0.00269454,-0.00425205,-0.00391078,-19.2747,9.8581,-4.37326,7.80452,-1.16468,0.119084,-6.31652,2.18912,0,0,-12,0,0,0,0,0,6.20098,0,0,0,
0.492644,0.120926,0.84312,0.654518,0.466217,-0.509812,-0.307147,0,0,0,0,0,0,0.424742,0.396174,0.67933,0.0490537,0.976499,-0.208644,0.022602,-0.178981,0.0799403,0.739144,0.694609,0.287715,0.609158,-0.25232,0,0,0,0,0,0,0,0.00209329,0.00269507,-0.00425303,-0.00391164,-19.272,9.8581,-4.37229,7.80427,-1.16512,0.118888,-6.31596,2.18893,0,0,-12,0,0,0,0,0,6.20098,0,0,0,
0.492644,0.120926,0.84312,0.654518,0.466217,-0.509812,-0.307147,0,0,0,0,0,0,0.424742,0.396174,0.67933,0.0490537,0.976499,-0.208644,0.022602,-0.178981,0.0799403,0.739144,0.694609,0.287715,0.609158,-0.25232,0,0,0,0,0,0,0,-0.00178552,0.0026956,-0.00425391,-0.00391259,-19.2805,9.85788,-4.36232,7.80231,-1.16501,0.11922,-6.31751,2.18945,0,0,-12,0,0,0,0,0,6.20098,0,0,0,
0.492644,0.120926,0.84312,0.654518,0.466217,-0.509812,-0.307147,0,0,0,0,0,0,0.424742,0.396174,0.67933,0.0490537,0.976499,-0.208644,0.022602,-0.178981,0.0799403,0.739144,0.694609,0.287715,0.609158,-0.25232,0,0,0,0,0,0,0,0.00373457,0.00269615,-0.00425489,-0.00391348,-19.2798,9.85817,-4.38002,7.80604,-1.16338,0.119573,-6.31769,2.18949,0,0,-12,0,0,0,0,0,6.20098,0,0,0,
0.492644,0.120926,0.84312,0.654518,0.466217,-0.509812,-0.307147,0,0,0,0,0,0,0.424742,0.396174,0.67933,0.0490537,0.976499,-0.208644,0.022602,-0.178981,0.0799403,0.739144,0.694609,0.287715,0.609158,-0.25232,0,0,0,0,0,0,0,0.00264317,0.00269669,-0.00425588,-0.00391437,-19.2779,9.85812,-4.37588,7.80513,-1.16402,0.119353,-6.31722,2.18934,0,0,-12,0,0,0,0,0,6.20098,0,0,0,
0.492644,0.120926,0.84312,0.654518,0.466217,-0.509812,-0.307147,0,0,0,0,0,0,0.424742,0.396174,0.67933,0.0490537,0.976499,-0.208644,0.022602,-0.178981,0.0799403,0.739144,0.694609,0.287715,0.609158,-0.25232,0,0,0,0,0,0,0,0.00223096,0.00269722,-0.00425679,-0.00391528,-19.2828,9.85808,-4.37606,7.80525,-1.16339,0.119677,-6.31822,2.18967,0,0,-12,0,0,0,0,0,6.20098,0,0,0,
0.492644,0.120926,0.84312,0.654518,0.466217,-0.509812,-0.307147,0,0,0,0,0,0,0.424742,0.396174,0.67933,0.0490537,0.976499,-0.208644,0.022602,-0.178981,0.0799403,0.739144,0.694609,0.287715,0.609158,-0.25232,0,0,0,0,0,0,0,0.00425587,0.00269776,-0.00425767,-0.00391626,-19.2933,9.85816,-4.38588,7.8075,-1.1611,0.120588,-6.32055,2.19041,0,0,-12,0,0,0,0,0,6.20098,0,0,0,
0.492644,0.120926,0.84312,0.654518,0.466217,-0.509812,-0.307147,0,0,0,0,0,0,0.424742,0.396174,0.67933,0.0490537,0.976499,-0.208644,0.022602,-0.178981,0.0799403,0.739144,0.694609,0.287715,0.609158,-0.25232,0,0,0,0,0,0,0,0.00208155,0.00269832,-0.00425864,-0.00391721,-19.2963,9.85804,-4.37972,7.80625,-1.16133,0.120639,-6.32103,2.19057,0,0,-12,0,0,0,0,0,6.20098,0,0,0,
0.492644,0.120926,0.84312,0.654518,0.466217,-0.509812,-0.307147,0,0,0,0,0,0,0.424742,0.396174,0.67933,0.0490537,0.976499,-0.208644,0.022602,-0.178981,0.0799403,0.739144,0.694609,0.287715,0.609158,-0.25232,0,0,0,0,0,0,0,0.000571692,0.00269885,-0.00425956,-0.00391811,-19.3001,9.85795,-4.37599,7.80553,-1.16121,0.120805,-6.32174,2.19081,0,0,-12,0,0,0,0,0,6.20098,0,0,0,
0.492644,0.120926,0.84312,0.654518,0.466217,-0.509812,-0.307147,0,0,0,0,0,0,0.424742,0.396174,0.67933,0.0490537,0.976499,-0.208644,0.022602,-0.178981,0.0799403,0.739144,0.694609,0.287715,0.609158,-0.25232,0,0,0,0,0,0,0,0.00195591,0.0026994,-0.00426049,-0.00391907,-19.3064,9.858,-4.38242,7.80699,-1.15979,0.121359,-6.32313,2.19125,0,0,-12,0,0,0,0,0,6.20098,0,0,0,
0.492644,0.120926,0.84312,0.654518,0.466217,-0.509812,-0.307147,0,0,0,0,0,0,0.424742,0.396174,0.67933,0.0490537,0.976499,-0.208644,0.022602,-0.178981,0.0799403,0.739144,0.694609,0.287715,0.609158,-0.25232,0,0,0,0,0,0,0,0.00281857,0.00269993,-0.0042614,-0.00391998,-19.311,9.85804,-4.38666,7.80796,-1.15878,0.121761,-6.32416,2.19158,0,0,-12,0,0,0,0,0,6.20098,0,0,0,
0.492644,0.120926,0.84312,0.654518,0.466217,-0.509812,-0.307147,0,0,0,0,0,0,0.424742,0.396174,0.67933,0.0490537,0.976499,-0.208644,0.022602,-0.178981,0.0799403,0.739144,0.694609,0.287715,0.609158,-0.25232,0,0,0,0,0,0,0,0.00594471,0.00270048,-0.00426236,-0.00392091,-19.3135,9.85819,-4.39756,7.8103,-1.15742,0.122166,-6.32486,2.19179,0,0,-12,0,0,0,0,0,6.20098,0,0,0,
0.492644,0.120926,0.84312,0.654518,0.466217,-0.509812,-0.307147,0,0,0,0,0,0,0.424742,0.396174,0.67933,0.0490537,0.976499,-0.208644,0.022602,-0.178981,0.0799403,0.739144,0.694609,0.287715,0.609158,-0.25232,0,0,0,0,0,0,0,0.00549202,0.002701,-0.00426328,-0.00392181,-19.3167,9.85816,-4.39708,7.81026,-1.15706,0.122366,-6.3255,2.192,0,0,-12,0,0,0,0,0,6.20098,0,0,0,
0.492644,0.120926,0.84312,0.654518,0.466217,-0.509812,-0.307147,0,0,0,0,0,0,0.424742,0.396174,0.67933,0.0490537,0.976499,-0.208644,0.022602,-0.178981,0.0799403,0.739144,0.694609,0.287715,0.609158,-0.25232,0,0,0,0,0,0,0,0.00465544,0.00270155,-0.00426422,-0.00392275,-19.3219,9.8581,-4.39596,7.81011,-1.15651,0.122678,-6.32654,2.19234,0,0,-12,0,0,0,0,0,6.20098,0,0,0,
0.492644,0.120926,0.84312,0.654518,0.466217,-0.509812,-0.307147,0,0,0,0,0,0,0.424742,0.396174,0.67933,0.0490537,0.976499,-0.208644,0.022602,-0.178981,0.0799403,0.739144,0.694609,0.287715,0.609158,-0.25232,0,0,0,0,0,0,0,0.00560539,0.0027021,-0.00426517,-0.00392369,-19.3253,9.85814,-4.4001,7.81104,-1.15567,0.122996,-6.32731,2.19259,0,0,-12,0,0,0,0,0,6.20098,0,0,0,
0.492644,0.120926,0.84312,0.654518,0.466217,-0.509812,-0.307147,0,0,0,0,0,0,0.424742,0.396174,0.67933,0.0490537,0.976499,-0.208644,0.022602,-0.178981,0.0799403,0.739144,0.694609,0.287715,0.609158,-0.25232,0,0,0,0,0,0,0,0.00386948,0.00270264,-0.00426611,-0.0039246,-19.3285,9.85804,-4.39544,7.81011,-1.15573,0.123097,-6.32787,2.19277,0,0,-12,0,0,0,0,0,6.20098,0,0,0,
0.492644,0.120926,0.84312,0.654518,0.466217,-0.509812,-0.307147,0,0,0,0,0,0,0.424742,0.396174,0.67933,0.0490537,0.976499,-0.208644,0.022602,-0.178981,0.0799403,0.739144,0.694609,0.287715,0.609158,-0.25232,0,0,0,0,0,0,0,-0.000912043,0.00270317,-0.00426703,-0.00392551,-19.3325,9.85779,-4.38114,7.80716,-1.15661,0.123033,-6.32841,2.19297,0,0,-12,0,0,0,0,0,6.20098,0,0,0,
0.492644,0.120926,0.84312,0.654518,0.466217,-0.509812,-0.307147,0,0,0,0,0,0,0.424742,0.396174,0.67933,0.0490537,0.976499,-0.208644,0.022602,-0.178981,0.0799403,0.739144,0.694609,0.287715,0.609158,-0.25232,0,0,0,0,0,0,0,0.0019112,0.00270371,-0.00426794,-0.00392646,-19.339,9.85791,-4.39233,7.80963,-1.15469,0.123715,-6.32996,2.19345,0,0,-12,0,0,0,0,0,6.20098,0,0,0,
0.492644,0.120926,0.84312,0.654518,0.466217,-0.509812,-0.307147,0,0,0,0,0,0,0.424742,0.396174,0.67933,0.0490537,0.976499,-0.208644,0.022602,-0.178981,0.0799403,0.739144,0.694609,0.287715,0.609158,-0.25232,0,0,0,0,0,0,0,-7.8134e-05,0.00270425,-0.00426888,-0.00392738,-19.3424,9.8578,-4.3869,7.80854,-1.1548,0.123811,-6.33054,2.19365,0,0,-12,0,0,0,0,0,6.20098,0,0,0,
0.492644,0.120926,0.84312,0.654518,0.466217,-0.509812,-0.307147,0,0,0,0,0,0,0.424742,0.396174,0.67933,0.0490537,0.976499,-0.208644,0.022602,-0.178981,0.0799403,0.739144,0.694609,0.287715,0.609158,-0.25232,0,0,0,0,0,0,0,0.00282319,0.0027048,-0.00426986,-0.0039283,-19.3437,9.85795,-4.39674,7.81064,-1.15367,0.124121,-6.33099,2.19379,0,0,-12,0,0,0,0,0,6.20098,0,0,0,
0.492644,0.120926,0.84312,0.654518,0.466217,-0.509812,-0.307147,0,0,0,0,0,0,0.424742,0.396174,0.67933,0.0490537,0.976499,-0.208644,0.022602,-0.178981,0.0799403,0.739144,0.694609,0.287715,0.609158,-0.25232,0,0,0,0,0,0,0,0.00275785,0.00270534,-0.00427077,-0.00392924,-19.3498,9.85793,-4.39839,7.81109,-1.15275,0.124553,-6.33225,2.19419,0,0,-12,0,0,0,0,0,6.20098,0,0,0,
0.492644,0.120926,0.84312,0.654518,0.466217,-0.509812,-0.307147,0,0,0,0,0,0,0.424742,0.396174,0.67933,0.0490537,0.976499,-0.208644,0.022602,-0.178981,0.0799403,0.739144,0.694609,0.287715,0.609158,-0.25232,0,0,0,0,0,0,0,0.000240187,0.00270588,-0.0042717,-0.00393017,-19.3548,9.85779,-4.39175,7.80977,-1.15276,0.124729,-6.33314,2.19449,0,0,-12,0,0,0,0,0,6.20098,0,0,0,
0.492644,0.120926,0.84312,0.654518,0.466217,-0.509812,-0.307147,0,0,0,0,0,0,0.424742,0.396174,0.67933,0.0490537,0.976499,-0.208644,0.022602,-0.178981,0.0799403,0.739144,0.694609,0.287715,0.609158,-0.25232,0,0,0,0,0,0,0,-0.00175548,0.00270641,-0.00427266,-0.00393102,-19.3531,9.85769,-4.38477,7.80827,-1.15365,0.124464,-6.33268,2.19435,0,0,-12,0,0,0,0,0,6.20098,0,0,0,
0.492644,0.120926,0.84312,0.654518,0.466217,-0.509812,-0.307147,-1.68184e-06,-3.4788e-07,1.12634e-07,1.25156e-07,-2.16609e-06,-4.82132e-06,0.424742,0.396174,0.67933,0.049054,0.976499,-0.208644,0.0226021,-0.178981,0.0799403,0.739144,0.694609,0.287715,0.609158,-0.25232,0,0,0,0,0,0,0,0.00169192,0.00261391,-0.00439073,-0.00287424,-19.3535,9.85786,-4.39603,7.81071,-1.15255,0.124895,-6.33285,2.19444,0,0,-12,0,0,0,0,0,6.20098,0,0,0,
0.492644,0.120926,0.84312,0.654518,0.466217,-0.509812,-0.307147,-1.68184e-06,-3.4788e-07,1.12634e-07,1.25156e-07,-2.16609e-06,-4.82132e-06,0.424742,0.396174,0.67933,0.049054,0.976499,-0.208644,0.0226021,-0.178981,0.0799403,0.739144,0.694609,0.287715,0.609158,-0.25232,0,0,0,0,0,0,0,0.000658132,0.00270622,-0.00427666,-0.00391342,-19.3641,9.85778,-4.39597,7.81082,-1.15117,0.125435,-6.33511,2.19513,0,0,-12,0,0,0,0,0,6.20098,0,0,0,
0.492644,0.120926,0.84312,0.654518,0.466217,-0.509812,-0.307147,0,0,0,0,0,0,0.424742,0.396174,0.67933,0.0490537,0.976499,-0.208644,0.022602,-0.178981,0.0799403,0.739144,0.694609,0.287715,0.609158,-0.25232,0,0,0,0,0,0,0,0.00193042,0.0027958,-0.00416547,-0.00492677,-19.3739,9.85783,-4.40317,7.81246,-1.14919,0.126095,-6.33736,2.1958,0,0,-12,0,0,0,0,0,6.20098,0,0,0,
0.492644,0.120926,0.84312,0.654518,0.466217,-0.509812,-0.307147,0,0,0,0,0,0,0.424742,0.396174,0.67933,0.0490537,0.976499,-0.208644,0.022602,-0.178981,0.0799403,0.739144,0.694609,0.287715,0.609158,-0.25232,0,0,0,0,0,0,0,0.000233591,0.00270859,-0.00427641,-0.00393475,-19.3714,9.85774,-4.39685,7.81113,-1.15017,0.125928,-6.33661,2.19561,0,0,-12,0,0,0,0,0,6.20098,0,0,0,
0.492644,0.120926,0.84312,0.654518,0.466217,-0.509812,-0.307147,0,0,0,0,0,0,0.424742,0.396174,0.67933,0.0490537,0.976499,-0.208644,0.022602,-0.178981,0.0799403,0.739144,0.694609,0.287715,0.609158,-0.25232,0,0,0,0,0,0,0,0.000454779,0.00270916,-0.0042774,-0.00393573,-19.3756,9.85774,-4.39886,7.81162,-1.14944,0.126249,-6.33751,2.1959,0,0,-12,0,0,0,0,0,6.20098,0,0,0,
0.492644,0.120926,0.84312,0.654518,0.466217,-0.509812,-0.307147,0,0,0,0,0,0,0.424742,0.396174,0.67933,0.0490537,0.976499,-0.208644,0.022602,-0.178981,0.0799403,0.739144,0.694609,0.287715,0.609158,-0.25232,0,0,0,0,0,0,0,0.0079852,0.00270969,-0.00427832,-0.00393663,-19.3791,9.85812,-4.42441,7.81708,-1.1465,0.12706,-6.3387,2.19626,0,0,-12,0,0,0,0,0,6.20098,0,0,0,
0.492644,0.120926,0.84312,0.654518,0.466217,-0.509812,-0.307147,0,0,0,0,0,0,0.424742,0.396174,0.67933,0.0490537,0.976499,-0.208644,0.022602,-0.178981,0.0799403,0.739144,0.694609,0.287715,0.609158,-0.25232,0,0,0,0,0,0,0,0.00792447,0.00271022,-0.00427924,-0.00393754,-19.3831,9.85811,-4.42542,7.81736,-1.14591,0.127339,-6.33952,2.19652,0,0,-12,0,0,0,0,0,6.20098,0,0,0,
0.492644,0.120926,0.84312,0.654518,0.466217,-0.509812,-0.307147,0,0,0,0,0,0,0.424742,0.396174,0.67933,0.0490537,0.976499,-0.208644,0.022602,-0.178981,0.0799403,0.739144,0.694609,0.287715,0.609158,-0.25232,0,0,0,0,0,0,0,0.00655619,0.00271075,-0.00428016,-0.00393846,-19.3878,9.85803,-4.42243,7.81681,-1.1456,0.12758,-6.34043,2.19682,0,0,-12,0,0,0,0,0,6.20098,0,0,0,
0.492644,0.120926,0.84312,0.654518,0.466217,-0.509812,-0.307147,1.68564e-06,3.48666e-07,-1.12889e-07,-1.25439e-07,2.17099e-06,4.83221e-06,0.424742,0.396174,0.67933,0.0490537,0.976499,-0.208644,0.022602,-0.178981,0.0799403,0.739144,0.694609,0.287715,0.609158,-0.25232,0,0,0,0,0,0,0,0.00398457,0.00271129,-0.0042811,-0.00393936,-19.3893,9.85789,-4.41455,7.81517,-1.14618,0.127499,-6.34059,2.19688,0,0,-12,0,0,0,0,0,6.20098,0,0,0,
0.492644,0.120926,0.84312,0.654518,0.466217,-0.509812,-0.307147,7.63263e-07,-2.08368e-06,2.4063e-07,-4.71478e-07,1.53971e-06,-4.21892e-07,0.424742,0.396173,0.67933,0.0490539,0.976499,-0.208644,0.022602,-0.178981,0.0799403,0.739144,0.694609,0.287715,0.609158,-0.25232,0,0,0,0,0,0,0,0.00396309,0.00251953,-0.00418125,-0.00373025,-19.3904,9.8576,-4.41503,7.81501,-1.14598,0.127603,-6.34079,2.19698,0,0,-12,0,0,0,0,0,6.20097,0,0,0,
0.492644,0.120926,0.84312,0.654518,0.466217,-0.509812,-0.307147,-2.61057e-06,-2.78154e-06,4.66578e-07,-2.20412e-07,-2.80554e-06,-1.00936e-05,0.424742,0.396173,0.67933,0.0490542,0.976499,-0.208644,0.0226021,-0.178981,0.0799403,0.739144,0.694609,0.287715,0.609158,-0.25232,0,0,0,0,0,0,0,0.00131652,0.00261735,-0.00439724,-0.00288824,-19.3906,9.85774,-4.40623,7.81348,-1.14687,0.127544,-6.34057,2.19693,0,0,-12,0,0,0,0,0,6.20097,0,0,0,
0.492644,0.120926,0.84312,0.654518,0.466217,-0.509812,-0.307147,0,0,0,0,0,0,0.424742,0.396174,0.67933,0.0490537,0.976499,-0.208644,0.022602,-0.178981,0.0799403,0.739144,0.694609,0.287715,0.609158,-0.25232,0,0,0,0,0,0,0,-0.00197597,0.00300649,-0.00427366,-0.00520261,-19.4113,9.85784,-4.40175,7.81307,-1.14461,0.12847,-6.34495,2.19823,0,0,-12,0,0,0,0,0,6.20098,0,0,0,
0.492645,0.120926,0.84312,0.654518,0.466217,-0.509812,-0.307147,9.23641e-07,2.43258e-06,-3.53601e-07,3.45942e-07,6.32908e-07,5.25771e-06,0.424742,0.396174,0.67933,0.0490534,0.976499,-0.208644,0.0226021,-0.178981,0.0799403,0.739144,0.694609,0.287715,0.609158,-0.25232,0,0,0,0,0,0,0,-0.00399796,0.00294261,-0.00440498,-0.0041933,-19.4082,9.85777,-4.39419,7.81151,-1.14578,0.128248,-6.34409,2.19799,0,0,-12,0,0,0,0,0,6.20098,0,0,0,
0.492645,0.120926,0.84312,0.654518,0.466217,-0.509812,-0.307147,9.22951e-07,2.43077e-06,-3.53337e-07,3.45684e-07,6.32436e-07,5.25378e-06,0.424742,0.396174,0.67933,0.0490534,0.976499,-0.208644,0.0226021,-0.178981,0.0799403,0.739144,0.694609,0.287715,0.609158,-0.25232,0,0,0,0,0,0,0,-0.00670064,0.00271717,-0.00428804,-0.00394865,-19.4082,9.85729,-4.38565,7.80938,-1.14661,0.128073,-6.34388,2.19798,0,0,-12,0,0,0,0,0,6.20098,0,0,0,
0.492645,0.120926,0.84312,0.654518,0.466217,-0.509812,-0.307147,9.22951e-07,2.43077e-06,-3.53337e-07,3.45684e-07,6.32436e-07,5.25378e-06,0.424742,0.396174,0.67933,0.0490534,0.976499,-0.208644,0.0226021,-0.178981,0.0799403,0.739144,0.694609,0.287715,0.609158,-0.25232,0,0,0,0,0,0,0,5.95503e-05,0.00271771,-0.00428898,-0.00394957,-19.4123,9.85763,-4.40887,7.81435,-1.14383,0.128868,-6.34515,2.19837,0,0,-12,0,0,0,0,0,6.20098,0,0,0,
0.492644,0.120926,0.84312,0.654518,0.466217,-0.509812,-0.307147,0,0,0,0,0,0,0.424742,0.396174,0.67933,0.0490537,0.976499,-0.208644,0.022602,-0.178981,0.0799403,0.739144,0.694609,0.287715,0.609158,-0.25232,0,0,0,0,0,0,0,0.0107479,0.00248722,-0.00416881,-0.0036982,-19.4121,9.85784,-4.44379,7.82139,-1.14044,0.129674,-6.34573,2.19856,0,0,-12,0,0,0,0,0,6.20098,0,0,0,
0.492644,0.120926,0.84312,0.654518,0.466217,-0.509812,-0.307147,0,0,0,0,0,0,0.424742,0.396174,0.67933,0.0490537,0.976499,-0.208644,0.022602,-0.178981,0.0799403,0.739144,0.694609,0.287715,0.609158,-0.25232,0,0,0,0,0,0,0,0.00846517,0.00271561,-0.00428859,-0.00394674,-19.4206,9.85804,-4.43874,7.8208,-1.13987,0.130091,-6.3474,2.19907,0,0,-12,0,0,0,0,0,6.20098,0,0,0,
0.492644,0.120926,0.84312,0.654518,0.466217,-0.509812,-0.307147,0,0,0,0,0,0,0.424742,0.396173,0.67933,0.0490539,0.976499,-0.208644,0.022602,-0.178981,0.0799403,0.739144,0.694609,0.287715,0.609158,-0.25232,0,0,0,0,0,0,0,0.00168812,0.00251872,-0.00418605,-0.00373202,-19.4195,9.8574,-4.41659,7.81582,-1.14216,0.129534,-6.34673,2.19891,0,0,-12,0,0,0,0,0,6.20097,0,0,0,
0.492644,0.120926,0.84312,0.654518,0.466217,-0.509812,-0.307147,1.68309e-06,3.48139e-07,-1.12719e-07,-1.25249e-07,2.16771e-06,4.82492e-06,0.424742,0.396173,0.67933,0.0490539,0.976499,-0.208644,0.022602,-0.178981,0.0799403,0.739144,0.694609,0.287715,0.609158,-0.25232,0,0,0,0,0,0,0,0.00208619,0.00271392,-0.00428852,-0.00394449,-19.4268,9.85769,-4.41993,7.81693,-1.14091,0.130069,-6.34831,2.19938,0,0,-12,0,0,0,0,0,6.20097,0,0,0,
0.492644,0.120926,0.84312,0.654518,0.466217,-0.509812,-0.307147,9.21558e-07,2.4271e-06,-3.52803e-07,3.45161e-07,6.3148e-07,5.24584e-06,0.424742,0.396174,0.67933,0.0490537,0.976499,-0.208644,0.022602,-0.178981,0.0799403,0.739144,0.694609,0.287715,0.609158,-0.25232,0,0,0,0,0,0,0,-0.0039492,0.00291675,-0.00439548,-0.00416632,-19.434,9.85766,-4.4023,7.81362,-1.14173,0.130113,-6.34946,2.19973,0,0,-12,0,0,0,0,0,6.20098,0,0,0,
0.492644,0.120926,0.84312,0.654518,0.466217,-0.509812,-0.307147,-9.21558e-07,-2.4271e-06,3.52803e-07,-3.45161e-07,-6.3148e-07,-5.24584e-06,0.424742,0.396174,0.67933,0.0490537,0.976499,-0.208644,0.022602,-0.178981,0.0799403,0.739144,0.694609,0.287715,0.609158,-0.25232,0,0,0,0,0,0,0,-0.00454537,0.00271778,-0.00429236,-0.00395042,-19.4339,9.85733,-4.40056,7.81296,-1.14191,0.130089,-6.34938,2.19975,0,0,-12,0,0,0,0,0,6.20098,0,0,0,
0.492645,0.120926,0.84312,0.654518,0.466217,-0.509812,-0.307147,0,0,0,0,0,0,0.424742,0.396174,0.67933,0.0490534,0.976499,-0.208644,0.0226021,-0.178981,0.0799403,0.739144,0.694609,0.287715,0.609158,-0.25232,0,0,0,0,0,0,0,-0.00531335,0.00294564,-0.00441246,-0.00419961,-19.4409,9.85761,-4.39999,7.81328,-1.14108,0.130514,-6.35084,2.20018,0,0,-12,0,0,0,0,0,6.20098,0,0,0,
0.492645,0.120926,0.84312,0.654518,0.466217,-0.509812,-0.307147,0,0,0,0,0,0,0.424742,0.396174,0.67933,0.0490534,0.976499,-0.208644,0.0226021,-0.178981,0.0799403,0.739144,0.694609,0.287715,0.609158,-0.25232,0,0,0,0,0,0,0,-0.0025076,0.00272203,-0.00429648,-0.00395694,-19.4409,9.85742,-4.40934,7.81493,-1.14017,0.130745,-6.35097,2.20026,0,0,-12,0,0,0,0,0,6.20098,0,0,0,
0.492644,0.120926,0.84312,0.654518,0.466217,-0.509812,-0.307147,-2.6093e-06,-2.78125e-06,4.66491e-07,-2.20502e-07,-2.80392e-06,-1.009e-05,0.424742,0.396174,0.67933,0.049054,0.976499,-0.208644,0.0226021,-0.178981,0.0799403,0.739144,0.694609,0.287715,0.609158,-0.25232,0,0,0,0,0,0,0,0.00317501,0.00240496,-0.00429272,-0.00267879,-19.4349,9.85738,-4.42616,7.81811,-1.13933,0.130907,-6.34992,2.19999,0,0,-12,0,0,0,0,0,6.20098,0,0,0,
0.492644,0.120926,0.84312,0.654518,0.466217,-0.509812,-0.307147,-1.68564e-06,-3.48665e-07,1.12889e-07,1.25439e-07,-2.17099e-06,-4.83221e-06,0.424742,0.396174,0.67933,0.049054,0.976499,-0.208644,0.0226021,-0.178981,0.0799403,0.739144,0.694609,0.287715,0.609158,-0.25232,0,0,0,0,0,0,0,0.00742193,0.00271867,-0.00429828,-0.00393464,-19.4483,9.85791,-4.44388,7.82235,-1.13586,0.132017,-6.35312,2.20092,0,0,-12,0,0,0,0,0,6.20098,0,0,0,
0.492644,0.120926,0.84312,0.654518,0.466217,-0.509812,-0.307147,-7.60142e-07,2.08263e-06,-2.40618e-07,4.70933e-07,-1.53527e-06,4.28866e-07,0.424742,0.396174,0.67933,0.049054,0.976499,-0.208644,0.0226021,-0.178981,0.0799403,0.739144,0.694609,0.287715,0.609158,-0.25232,0,0,0,0,0,0,0,0.0102982,0.0027192,-0.00429919,-0.00393554,-19.4527,9.85805,-4.45455,7.82468,-1.13428,0.132542,-6.3542,2.20126,0,0,-12,0,0,0,0,0,6.20098,0,0,0,
0.492644,0.120926,0.84312,0.654518,0.466217,-0.509812,-0.307147,-7.60142e-07,2.08263e-06,-2.40618e-07,4.70933e-07,-1.53527e-06,4.28866e-07,0.424742,0.396174,0.67933,0.049054,0.976499,-0.208644,0.0226021,-0.178981,0.0799403,0.739144,0.694609,0.287715,0.609158,-0.25232,0,0,0,0,0,0,0,0.00368895,0.00271975,-0.00430014,-0.00393646,-19.4556,9.8577,-4.434,7.82039,-1.1359,0.132269,-6.35442,2.20135,0,0,-12,0,0,0,0,0,6.20098,0,0,0,
0.492644,0.120926,0.84312,0.654518,0.466217,-0.509812,-0.307147,9.22952e-07,2.43077e-06,-3.53337e-07,3.45684e-07,6.32436e-07,5.25378e-06,0.424742,0.396174,0.67933,0.0490537,0.976499,-0.208644,0.022602,-0.178981,0.0799403,0.739144,0.694609,0.287715,0.609158,-0.25232,0,0,0,0,0,0,0,0.00150594,0.00281184,-0.00418575,-0.00497835,-19.4665,9.85757,-4.43028,7.81973,-1.13485,0.132742,-6.35667,2.20204,0,0,-12,0,0,0,0,0,6.20098,0,0,0,
0.492644,0.120926,0.84312,0.654518,0.466217,-0.509812,-0.307147,0,0,0,0,0,0,0.424742,0.396174,0.67933,0.0490537,0.976499,-0.208644,0.022602,-0.178981,0.0799403,0.739144,0.694609,0.287715,0.609158,-0.25232,0,0,0,0,0,0,0,-0.00193239,0.0027221,-0.00429986,-0.00395776,-19.4631,9.85739,-4.41805,7.81714,-1.13651,0.132392,-6.35565,2.20176,0,0,-12,0,0,0,0,0,6.20098,0,0,0,
0.492644,0.120926,0.84312,0.654518,0.466217,-0.509812,-0.307147,0,0,0,0,0,0,0.424742,0.396174,0.67933,0.0490537,0.976499,-0.208644,0.022602,-0.178981,0.0799403,0.739144,0.694609,0.287715,0.609158,-0.25232,0,0,0,0,0,0,0,-0.00114721,0.00272263,-0.00430078,-0.00395869,-19.4686,9.85742,-4.4223,7.81813,-1.1354,0.13285,-6.35685,2.20215,0,0,-12,0,0,0,0,0,6.20098,0,0,0,
0.492644,0.120926,0.84312,0.654518,0.466217,-0.509812,-0.307147,-9.22254e-07,-2.42893e-06,3.5307e-07,-3.45422e-07,-6.31958e-07,-5.24981e-06,0.424742,0.396174,0.67933,0.0490537,0.976499,-0.208644,0.022602,-0.178981,0.0799403,0.739144,0.694609,0.287715,0.609158,-0.25232,0,0,0,0,0,0,0,-0.00255133,0.00272318,-0.00430174,-0.0039596,-19.4703,9.85734,-4.41824,7.8173,-1.13559,0.132864,-6.35711,2.20224,0,0,-12,0,0,0,0,0,6.20098,0,0,0,
0.492644,0.120926,0.84312,0.654518,0.466217,-0.509812,-0.307147,1.68437e-06,3.48403e-07,-1.12804e-07,-1.25344e-07,2.16935e-06,4.82856e-06,0.424742,0.396174,0.67933,0.0490537,0.976499,-0.208644,0.022602,-0.178981,0.0799403,0.739144,0.694609,0.287715,0.609158,-0.25232,0,0,0,0,0,0,0,-0.000996556,0.00272372,-0.00430268,-0.00396053,-19.4736,9.85741,-4.42432,7.81864,-1.13457,0.13322,-6.3579,2.20249,0,0,-12,0,0,0,0,0,6.20098,0,0,0,
0.492644,0.120926,0.84312,0.654518,0.466217,-0.509812,-0.307147,1.68438e-06,3.48406e-07,-1.12805e-07,-1.25345e-07,2.16937e-06,4.82861e-06,0.424742,0.396174,0.67933,0.0490537,0.976499,-0.208644,0.022602,-0.178981,0.0799403,0.739144,0.694609,0.287715,0.609158,-0.25232,0,0,0,0,0,0,0,0.00350553,0.00272426,-0.00430362,-0.00396146,-19.4779,9.85763,-4.44026,7.82208,-1.13248,0.13386,-6.35906,2.20285,0,0,-12,0,0,0,0,0,6.20098,0,0,0,
0.492644,0.120926,0.84312,0.654518,0.466217,-0.509812,-0.307147,1.68438e-06,3.48406e-07,-1.12805e-07,-1.25345e-07,2.16937e-06,4.82861e-06,0.424742,0.396174,0.67933,0.0490537,0.976499,-0.208644,0.022602,-0.178981,0.0799403,0.739144,0.694609,0.287715,0.609158,-0.25232,0,0,0,0,0,0,0,0.0083626,0.0027248,-0.00430454,-0.00396236,-19.4815,9.85787,-4.45714,7.82571,-1.13039,0.134477,-6.36011,2.20317,0,0,-12,0,0,0,0,0,6.20098,0,0,0,
0.492644,0.120926,0.84312,0.654518,0.466217,-0.509812,-0.307147,1.68692e-06,3.4893e-07,-1.12975e-07,-1.25534e-07,2.17263e-06,4.83587e-06,0.424742,0.396174,0.67933,0.0490537,0.976499,-0.208644,0.022602,-0.178981,0.0799403,0.739144,0.694609,0.287715,0.609158,-0.25232,0,0,0,0,0,0,0,0.00685584,0.00272534,-0.00430548,-0.00396328,-19.4852,9.85779,-4.45337,7.82497,-1.13029,0.134631,-6.36078,2.20339,0,0,-12,0,0,0,0,0,6.20098,0,0,0,
0.492644,0.120926,0.84312,0.654518,0.466217,-0.509812,-0.307147,0,0,0,0,0,0,0.424742,0.396174,0.67933,0.0490537,0.976499,-0.208644,0.022602,-0.178981,0.0799403,0.739144,0.694609,0.287715,0.609158,-0.25232,0,0,0,0,0,0,0,0.00457688,0.00272587,-0.00430641,-0.00396421,-19.4894,9.85766,-4.44728,7.82376,-1.13034,0.134771,-6.36153,2.20364,0,0,-12,0,0,0,0,0,6.20098,0,0,0,
0.492644,0.120926,0.84312,0.654518,0.466217,-0.509812,-0.307147,0,0,0,0,0,0,0.424742,0.396174,0.67933,0.0490537,0.976499,-0.208644,0.022602,-0.178981,0.0799403,0.739144,0.694609,0.287715,0.609158,-0.25232,0,0,0,0,0,0,0,0.00169707,0.00272642,-0.00430736,-0.00396514,-19.4925,9.8575,-4.43889,7.82204,-1.13076,0.134785,-6.36202,2.20381,0,0,-12,0,0,0,0,0,6.20098,0,0,0,
0.492644,0.120926,0.84312,0.654518,0.466217,-0.509812,-0.307147,0,0,0,0,0,0,0.424742,0.396174,0.67933,0.0490537,0.976499,-0.208644,0.022602,-0.178981,0.0799403,0.739144,0.694609,0.287715,0.609158,-0.25232,0,0,0,0,0,0,0,0.0018392,0.00272695,-0.00430829,-0.00396604,-19.4958,9.8575,-4.44035,7.8224,-1.13021,0.135029,-6.3627,2.20403,0,0,-12,0,0,0,0,0,6.20098,0,0,0,
0.492644,0.120926,0.84312,0.654518,0.466217,-0.509812,-0.307147,0,0,0,0,0,0,0.424742,0.396174,0.67933,0.0490537,0.976499,-0.208644,0.022602,-0.178981,0.0799403,0.739144,0.694609,0.287715,0.609158,-0.25232,0,0,0,0,0,0,0,-0.00146058,0.0027275,-0.00430924,-0.00396698,-19.4999,9.85732,-4.43089,7.82047,-1.13062,0.135081,-6.36336,2.20425,0,0,-12,0,0,0,0,0,6.20098,0,0,0,
0.492644,0.120926,0.84312,0.654518,0.466217,-0.509812,-0.307147,0,0,0,0,0,0,0.424742,0.396174,0.67933,0.0490537,0.976499,-0.208644,0.022602,-0.178981,0.0799403,0.739144,0.694609,0.287715,0.609158,-0.25232,0,0,0,0,0,0,0,-0.000588411,0.00272804,-0.00431015,-0.00396792,-19.506,9.85735,-4.43562,7.82157,-1.12938,0.135589,-6.36469,2.20468,0,0,-12,0,0,0,0,0,6.20098,0,0,0,
0.492644,0.120926,0.84312,0.654518,0.466217,-0.509812,-0.307147,0,0,0,0,0,0,0.424742,0.396174,0.67933,0.0490537,0.976499,-0.208644,0.022602,-0.178981,0.0799403,0.739144,0.694609,0.287715,0.609158,-0.25232,0,0,0,0,0,0,0,0.00198226,0.00272857,-0.0043111,-0.00396881,-19.5071,9.85748,-4.4443,7.82343,-1.1284,0.135856,-6.36507,2.20479,0,0,-12,0,0,0,0,0,6.20098,0,0,0,
0.492644,0.120926,0.84312,0.654518,0.466217,-0.509812,-0.307147,0,0,0,0,0,0,0.424742,0.396174,0.67933,0.0490537,0.976499,-0.208644,0.022602,-0.178981,0.0799403,0.739144,0.694609,0.287715,0.609158,-0.25232,0,0,0,0,0,0,0,-4.0902e-05,0.00272912,-0.00431204,-0.00396974,-19.5109,9.85736,-4.4389,7.82235,-1.12845,0.135982,-6.36574,2.20502,0,0,-12,0,0,0,0,0,6.20098,0,0,0,
0.492644,0.120926,0.84312,0.654518,0.466217,-0.509812,-0.307147,0,0,0,0,0,0,0.424742,0.396174,0.67933,0.0490537,0.976499,-0.208644,0.022602,-0.178981,0.0799403,0.739144,0.694609,0.287715,0.609158,-0.25232,0,0,0,0,0,0,0,0.000859811,0.00272966,-0.00431297,-0.00397066,-19.5149,9.8574,-4.44305,7.82329,-1.12754,0.136336,-6.36663,2.2053,0,0,-12,0,0,0,0,0,6.20098,0,0,0,
0.492644,0.120926,0.84312,0.654518,0.466217,-0.509812,-0.307147,0,0,0,0,0,0,0.424742,0.396174,0.67933,0.0490537,0.976499,-0.208644,0.022602,-0.178981,0.0799403,0.739144,0.694609,0.287715,0.609158,-0.25232,0,0,0,0,0,0,0,0.00436686,0.00273026,-0.00431402,-0.0039717,-19.5193,9.85757,-4.45581,7.82606,-1.12574,0.136915,-6.36777,2.20566,0,0,-12,0,0,0,0,0,6.20098,0,0,0,
0.492644,0.120926,0.84312,0.654518,0.466217,-0.509812,-0.307147,0,0,0,0,0,0,0.424742,0.396174,0.67933,0.0490537,0.976499,-0.208644,0.022602,-0.178981,0.0799403,0.739144,0.694609,0.287715,0.609158,-0.25232,0,0,0,0,0,0,0,0.00296204,0.00273084,-0.00431501,-0.00397267,-19.523,9.85749,-4.45239,7.8254,-1.1256,0.13708,-6.36846,2.20589,0,0,-12,0,0,0,0,0,6.20098,0,0,0,
0.492644,0.120926,0.84312,0.654518,0.466217,-0.509812,-0.307147,0,0,0,0,0,0,0.424742,0.396174,0.67933,0.0490537,0.976499,-0.208644,0.022602,-0.178981,0.0799403,0.739144,0.694609,0.287715,0.609158,-0.25232,0,0,0,0,0,0,0,0.00505534,0.00273137,-0.00431593,-0.0039736,-19.5286,9.85758,-4.46088,7.82729,-1.12407,0.137633,-6.36974,2.20629,0,0,-12,0,0,0,0,0,6.20098,0,0,0,
0.492644,0.120926,0.84312,0.654518,0.466217,-0.509812,-0.307147,0,0,0,0,0,0,0.424742,0.396174,0.67933,0.0490537,0.976499,-0.208644,0.022602,-0.178981,0.0799403,0.739144,0.694609,0.287715,0.609158,-0.25232,0,0,0,0,0,0,0,0.00471044,0.00273191,-0.00431689,-0.0039745,-19.5296,9.85756,-4.46008,7.82714,-1.12402,0.137681,-6.36993,2.20636,0,0,-12,0,0,0,0,0,6.20098,0,0,0,
0.492644,0.120926,0.84312,0.654518,0.466217,-0.509812,-0.307147,0,0,0,0,0,0,0.424742,0.396174,0.67933,0.0490537,0.976499,-0.208644,0.022602,-0.178981,0.0799403,0.739144,0.694609,0.287715,0.609158,-0.25232,0,0,0,0,0,0,0,0.00170213,0.00273245,-0.00431782,-0.00397541,-19.5332,9.8574,-4.45141,7.82537,-1.12441,0.137718,-6.3705,2.20655,0,0,-12,0,0,0,0,0,6.20098,0,0,0,
0.492644,0.120926,0.84312,0.654518,0.466217,-0.509812,-0.307147,0,0,0,0,0,0,0.424742,0.396174,0.67933,0.0490537,0.976499,-0.208644,0.022602,-0.178981,0.0799403,0.739144,0.694609,0.287715,0.609158,-0.25232,0,0,0,0,0,0,0,-0.0024021,0.00273298,-0.00431874,-0.00397632,-19.5368,9.85717,-4.4392,7.82285,-1.12515,0.137677,-6.37101,2.20673,0,0,-12,0,0,0,0,0,6.20098,0,0,0,
0.492644,0.120926,0.84312,0.654518,0.466217,-0.509812,-0.307147,0,0,0,0,0,0,0.424742,0.396174,0.67933,0.0490537,0.976499,-0.208644,0.022602,-0.178981,0.0799403,0.739144,0.694609,0.287715,0.609158,-0.25232,0,0,0,0,0,0,0,0.000877804,0.00273351,-0.00431966,-0.00397723,-19.5408,9.85733,-4.45109,7.82543,-1.12348,0.138211,-6.37205,2.20705,0,0,-12,0,0,0,0,0,6.20098,0,0,0,
0.492644,0.120926,0.84312,0.654518,0.466217,-0.509812,-0.307147,0,0,0,0,0,0,0.424742,0.396174,0.67933,0.0490537,0.976499,-0.208644,0.022602,-0.178981,0.0799403,0.739144,0.694609,0.287715,0.609158,-0.25232,0,0,0,0,0,0,0,0.00482028,0.00273406,-0.00432059,-0.00397818,-19.5468,9.85752,-4.46572,7.82862,-1.1213,0.138929,-6.37353,2.20752,0,0,-12,0,0,0,0,0,6.20098,0,0,0,
0.492644,0.120926,0.84312,0.654518,0.466217,-0.509812,-0.307147,0,0,0,0,0,0,0.424742,0.396174,0.67933,0.0490537,0.976499,-0.208644,0.022602,-0.178981,0.0799403,0.739144,0.694609,0.287715,0.609158,-0.25232,0,0,0,0,0,0,0,0.00165824,0.00273459,-0.00432154,-0.00397908,-19.5482,9.85735,-4.45589,7.82656,-1.12208,0.138798,-6.37363,2.20756,0,0,-12,0,0,0,0,0,6.20098,0,0,0,
0.492644,0.120926,0.84312,0.654518,0.466217,-0.509812,-0.307147,0,0,0,0,0,0,0.424742,0.396174,0.67933,0.0490537,0.976499,-0.208644,0.022602,-0.178981,0.0799403,0.739144,0.694609,0.287715,0.609158,-0.25232,0,0,0,0,0,0,0,0.00342973,0.00273513,-0.00432247,-0.00397999,-19.5518,9.85744,-4.46276,7.82807,-1.12096,0.13919,-6.3745,2.20783,0,0,-12,0,0,0,0,0,6.20098,0,0,0,
0.492644,0.120926,0.84312,0.654518,0.466217,-0.509812,-0.307147,0,0,0,0,0,0,0.424742,0.396174,0.67933,0.0490537,0.976499,-0.208644,0.022602,-0.178981,0.0799403,0.739144,0.694609,0.287715,0.609158,-0.25232,0,0,0,0,0,0,0,0.00117816,0.00273567,-0.00432341,-0.00398091,-19.5555,9.85731,-4.45657,7.82683,-1.12109,0.13929,-6.37513,2.20804,0,0,-12,0,0,0,0,0,6.20098,0,0,0,
0.492644,0.120926,0.84312,0.654518,0.466217,-0.509812,-0.307147,0,0,0,0,0,0,0.424742,0.396174,0.67933,0.0490537,0.976499,-0.208644,0.022602,-0.178981,0.0799403,0.739144,0.694609,0.287715,0.609158,-0.25232,0,0,0,0,0,0,0,0.00395924,0.00273621,-0.00432435,-0.00398184,-19.5592,9.85744,-4.46676,7.82905,-1.11963,0.139766,-6.37608,2.20834,0,0,-12,0,0,0,0,0,6.20098,0,0,0,
0.492644,0.120926,0.84312,0.654518,0.466217,-0.509812,-0.307147,0,0,0,0,0,0,0.424742,0.396174,0.67933,0.0490537,0.976499,-0.208644,0.022602,-0.178981,0.0799403,0.739144,0.694609,0.287715,0.609158,-0.25232,0,0,0,0,0,0,0,-0.00104461,0.00273675,-0.00432528,-0.00398275,-19.5626,9.85718,-4.45155,7.82589,-1.12068,0.139641,-6.37648,2.20849,0,0,-12,0,0,0,0,0,6.20098,0,0,0,
0.492644,0.120926,0.84312,0.654518,0.466217,-0.509812,-0.307147,0,0,0,0,0,0,0.424742,0.396174,0.67933,0.0490537,0.976499,-0.208644,0.022602,-0.178981,0.0799403,0.739144,0.694609,0.287715,0.609158,-0.25232,0,0,0,0,0,0,0,-0.0012943,0.0027373,-0.00432623,-0.00398369,-19.5667,9.85715,-4.45202,7.82606,-1.12011,0.139923,-6.37734,2.20877,0,0,-12,0,0,0,0,0,6.20098,0,0,0,
0.492644,0.120926,0.84312,0.654518,0.466217,-0.509812,-0.307147,0,0,0,0,0,0,0.424742,0.396174,0.67933,0.0490537,0.976499,-0.208644,0.022602,-0.178981,0.0799403,0.739144,0.694609,0.287715,0.609158,-0.25232,0,0,0,0,0,0,0,0.00370371,0.00273785,-0.00432717,-0.00398465,-19.5725,9.8574,-4.47003,7.82996,-1.11763,0.140707,-6.37884,2.20924,0,0,-12,0,0,0,0,0,6.20098,0,0,0,
0.492644,0.120926,0.84312,0.654518,0.466217,-0.509812,-0.307147,0,0,0,0,0,0,0.424742,0.396174,0.67933,0.0490537,0.976499,-0.208644,0.022602,-0.178981,0.0799403,0.739144,0.694609,0.287715,0.609158,-0.25232,0,0,0,0,0,0,0,0.000847946,0.00273839,-0.00432812,-0.00398554,-19.5734,9.85725,-4.46102,7.82807,-1.1184,0.14056,-6.37885,2.20925,0,0,-12,0,0,0,0,0,6.20098,0,0,0,
0.492644,0.120926,0.84312,0.654518,0.466217,-0.509812,-0.307147,0,0,0,0,0,0,0.424742,0.396174,0.67933,0.0490537,0.976499,-0.208644,0.022602,-0.178981,0.0799403,0.739144,0.694609,0.287715,0.609158,-0.25232,0,0,0,0,0,0,0,-0.00115914,0.00273892,-0.00432904,-0.00398645,-19.5776,9.85713,-4.4558,7.82704,-1.11837,0.140717,-6.37961,2.2095,0,0,-12,0,0,0,0,0,6.20098,0,0,0,
0.492644,0.120926,0.84312,0.654518,0.466217,-0.509812,-0.307147,0,0,0,0,0,0,0.424742,0.396174,0.67933,0.0490537,0.976499,-0.208644,0.022602,-0.178981,0.0799403,0.739144,0.694609,0.287715,0.609158,-0.25232,0,0,0,0,0,0,0,0.00383771,0.00273945,-0.00432995,-0.00398739,-19.5835,9.85737,-4.47385,7.83095,-1.11587,0.141512,-6.38115,2.20998,0,0,-12,0,0,0,0,0,6.20098,0,0,0,
0.492644,0.120926,0.84312,0.654518,0.466217,-0.509812,-0.307147,0,0,0,0,0,0,0.424742,0.396174,0.67933,0.0490537,0.976499,-0.208644,0.022602,-0.178981,0.0799403,0.739144,0.694609,0.287715,0.609158,-0.25232,0,0,0,0,0,0,0,3.57904e-05,0.00273999,-0.00433089,-0.00398827,-19.5848,9.85717,-4.46191,7.82845,-1.11686,0.141327,-6.3812,2.21001,0,0,-12,0,0,0,0,0,6.20098,0,0,0,
0.492644,0.120926,0.84312,0.654518,0.466217,-0.509812,-0.307147,0,0,0,0,0,0,0.424742,0.396174,0.67933,0.0490537,0.976499,-0.208644,0.022602,-0.178981,0.0799403,0.739144,0.694609,0.287715,0.609158,-0.25232,0,0,0,0,0,0,0,-0.00289338,0.00274053,-0.00433183,-0.00398921,-19.5891,9.85701,-4.45373,7.82679,-1.11711,0.141423,-6.38192,2.21025,0,0,-12,0,0,0,0,0,6.20098,0,0,0,
0.492644,0.120926,0.84312,0.654518,0.466217,-0.509812,-0.307147,0,0,0,0,0,0,0.424742,0.396174,0.67933,0.0490537,0.976499,-0.208644,0.022602,-0.178981,0.0799403,0.739144,0.694609,0.287715,0.609158,-0.25232,0,0,0,0,0,0,0,-0.000236461,0.00274106,-0.00433277,-0.00399011,-19.5922,9.85714,-4.46328,7.82886,-1.1158,0.141836,-6.38271,2.2105,0,0,-12,0,0,0,0,0,6.20098,0,0,0,
0.492644,0.120926,0.84312,0.654518,0.466217,-0.509812,-0.307147,0,0,0,0,0,0,0.424742,0.396174,0.67933,0.0490537,0.976499,-0.208644,0.022602,-0.178981,0.0799403,0.739144,0.694609,0.287715,0.609158,-0.25232,0,0,0,0,0,0,0,0.00243062,0.0027416,-0.0043337,-0.00399103,-19.5958,9.85727,-4.47307,7.83099,-1.11439,0.142296,-6.38363,2.21079,0,0,-12,0,0,0,0,0,6.20098,0,0,0,
0.492644,0.120926,0.84312,0.654518,0.466217,-0.509812,-0.307147,0,0,0,0,0,0,0.424742,0.396174,0.67933,0.0490537,0.976499,-0.208644,0.022602,-0.178981,0.0799403,0.739144,0.694609,0.287715,0.609158,-0.25232,0,0,0,0,0,0,0,0.0043689,0.00274214,-0.00433464,-0.00399194,-19.5989,9.85736,-4.48031,7.83257,-1.11329,0.142662,-6.3844,2.21103,0,0,-12,0,0,0,0,0,6.20098,0,0,0,
0.492644,0.120926,0.84312,0.654518,0.466217,-0.509812,-0.307147,0,0,0,0,0,0,0.424742,0.396174,0.67933,0.0490537,0.976499,-0.208644,0.022602,-0.178981,0.0799403,0.739144,0.694609,0.287715,0.609158,-0.25232,0,0,0,0,0,0,0,-0.000305464,0.00274269,-0.00433558,-0.00399289,-19.6037,9.85711,-4.46661,7.82976,-1.11402,0.142664,-6.38512,2.21128,0,0,-12,0,0,0,0,0,6.20098,0,0,0,
0.492644,0.120926,0.84312,0.654518,0.466217,-0.509812,-0.307147,0,0,0,0,0,0,0.424742,0.396174,0.67933,0.0490537,0.976499,-0.208644,0.022602,-0.178981,0.0799403,0.739144,0.694609,0.287715,0.609158,-0.25232,0,0,0,0,0,0,0,0.00246596,0.00274324,-0.00433654,-0.00399381,-19.6063,9.85724,-4.47642,7.83188,-1.11273,0.143059,-6.38584,2.2115,0,0,-12,0,0,0,0,0,6.20098,0,0,0,
0.492644,0.120926,0.84312,0.654518,0.466217,-0.509812,-0.307147,0,0,0,0,0,0,0.424742,0.396174,0.67933,0.0490537,0.976499,-0.208644,0.022602,-0.178981,0.0799403,0.739144,0.694609,0.287715,0.609158,-0.25232,0,0,0,0,0,0,0,0.00135557,0.00274377,-0.00433746,-0.00399472,-19.6105,9.85718,-4.47409,7.83145,-1.11244,0.143276,-6.38663,2.21176,0,0,-12,0,0,0,0,0,6.20098,0,0,0,
0.492644,0.120926,0.84312,0.654518,0.466217,-0.509812,-0.307147,0,0,0,0,0,0,0.424742,0.396174,0.67933,0.0490537,0.976499,-0.208644,0.022602,-0.178981,0.0799403,0.739144,0.694609,0.287715,0.609158,-0.25232,0,0,0,0,0,0,0,0.000465745,0.0027443,-0.00433837,-0.00399564,-19.6146,9.85712,-4.47248,7.83118,-1.11207,0.143511,-6.38745,2.21203,0,0,-12,0,0,0,0,0,6.20098,0,0,0,
0.492644,0.120926,0.84312,0.654518,0.466217,-0.509812,-0.307147,0,0,0,0,0,0,0.424742,0.396174,0.67933,0.0490537,0.976499,-0.208644,0.022602,-0.178981,0.0799403,0.739144,0.694609,0.287715,0.609158,-0.25232,0,0,0,0,0,0,0,0.00276284,0.00274484,-0.00433931,-0.00399655,-19.6177,9.85723,-4.48089,7.83301,-1.11086,0.143904,-6.38824,2.21227,0,0,-12,0,0,0,0,0,6.20098,0,0,0,
0.492644,0.120926,0.84312,0.654518,0.466217,-0.509812,-0.307147,0,0,0,0,0,0,0.424742,0.396174,0.67933,0.0490537,0.976499,-0.208644,0.022602,-0.178981,0.0799403,0.739144,0.694609,0.287715,0.609158,-0.25232,0,0,0,0,0,0,0,0.00433378,0.00274537,-0.00434024,-0.00399746,-19.6214,9.8573,-4.48711,7.83439,-1.10979,0.144281,-6.38909,2.21254,0,0,-12,0,0,0,0,0,6.20098,0,0,0,
0.492644,0.120926,0.84312,0.654518,0.466217,-0.509812,-0.307147,0,0,0,0,0,0,0.424742,0.396174,0.67933,0.0490537,0.976499,-0.208644,0.022602,-0.178981,0.0799403,0.739144,0.694609,0.287715,0.609158,-0.25232,0,0,0,0,0,0,0,0.000290932,0.00274592,-0.0043412,-0.0039984,-19.6251,9.85708,-4.47514,7.83192,-1.11049,0.144254,-6.38963,2.21273,0,0,-12,0,0,0,0,0,6.20098,0,0,0,
0.492644,0.120926,0.84312,0.654518,0.466217,-0.509812,-0.307147,0,0,0,0,0,0,0.424742,0.396174,0.67933,0.0490537,0.976499,-0.208644,0.022602,-0.178981,0.0799403,0.739144,0.694609,0.287715,0.609158,-0.25232,0,0,0,0,0,0,0,-0.00140715,0.00274646,-0.00434213,-0.00399932,-19.6287,9.85698,-4.47074,7.83105,-1.11045,0.144392,-6.39028,2.21295,0,0,-12,0,0,0,0,0,6.20098,0,0,0,
0.492644,0.120926,0.84312,0.654518,0.466217,-0.509812,-0.307147,0,0,0,0,0,0,0.424742,0.396174,0.67933,0.0490537,0.976499,-0.208644,0.022602,-0.178981,0.0799403,0.739144,0.694609,0.287715,0.609158,-0.25232,0,0,0,0,0,0,0,-0.00137628,0.00274702,-0.0043431,-0.00400027,-19.632,9.85698,-4.47184,7.83134,-1.10993,0.144629,-6.39097,2.21317,0,0,-12,0,0,0,0,0,6.20098,0,0,0,
0.492644,0.120926,0.84312,0.654518,0.466217,-0.509812,-0.307147,0,0,0,0,0,0,0.424742,0.396174,0.67933,0.0490537,0.976499,-0.208644,0.022602,-0.178981,0.0799403,0.739144,0.694609,0.287715,0.609158,-0.25232,0,0,0,0,0,0,0,-0.000318813,0.00274755,-0.00434401,-0.00400118,-19.6367,9.85702,-4.47671,7.83245,-1.10887,0.145044,-6.39201,2.2135,0,0,-12,0,0,0,0,0,6.20098,0,0,0,
0.492644,0.120926,0.84312,0.654518,0.466217,-0.509812,-0.307147,0,0,0,0,0,0,0.424742,0.396174,0.67933,0.0490537,0.976499,-0.208644,0.022602,-0.178981,0.0799403,0.739144,0.694609,0.287715,0.609158,-0.25232,0,0,0,0,0,0,0,0.000939159,0.0027481,-0.00434496,-0.00400211,-19.6398,9.85708,-4.48177,7.83357,-1.10798,0.145365,-6.39274,2.21373,0,0,-12,0,0,0,0,0,6.20098,0,0,0,
0.492644,0.120926,0.84312,0.654518,0.466217,-0.509812,-0.307147,0,0,0,0,0,0,0.424742,0.396174,0.67933,0.0490537,0.976499,-0.208644,0.022602,-0.178981,0.0799403,0.739144,0.694609,0.287715,0.609158,-0.25232,0,0,0,0,0,0,0,0.00111888,0.00274864,-0.00434591,-0.00400303,-19.643,9.85708,-4.48332,7.83395,-1.10743,0.145605,-6.39341,2.21395,0,0,-12,0,0,0,0,0,6.20098,0,0,0,
0.492644,0.120926,0.84312,0.654518,0.466217,-0.509812,-0.307147,0,0,0,0,0,0,0.424742,0.396174,0.67933,0.0490537,0.976499,-0.208644,0.022602,-0.178981,0.0799403,0.739144,0.694609,0.287715,0.609158,-0.25232,0,0,0,0,0,0,0,0.0036779,0.00274918,-0.00434685,-0.00400396,-19.6477,9.8572,-4.4931,7.83609,-1.10588,0.146137,-6.39456,2.21431,0,0,-12,0,0,0,0,0,6.20098,0,0,0,
0.492644,0.120926,0.84312,0.654518,0.466217,-0.509812,-0.307147,0,0,0,0,0,0,0.424742,0.396174,0.67933,0.0490537,0.976499,-0.208644,0.022602,-0.178981,0.0799403,0.739144,0.694609,0.287715,0.609158,-0.25232,0,0,0,0,0,0,0,0.00311128,0.00274972,-0.00434778,-0.00400487,-19.6508,9.85716,-4.49221,7.83596,-1.10557,0.146319,-6.39517,2.21451,0,0,-12,0,0,0,0,0,6.20098,0,0,0,
0.492644,0.120926,0.84312,0.654518,0.466217,-0.509812,-0.307147,0,0,0,0,0,0,0.424742,0.396174,0.67933,0.0490537,0.976499,-0.208644,0.022602,-0.178981,0.0799403,0.739144,0.694609,0.287715,0.609158,-0.25232,0,0,0,0,0,0,0,0.00127134,0.00275025,-0.00434871,-0.00400578,-19.654,9.85706,-4.48721,7.83495,-1.10566,0.146411,-6.39572,2.21469,0,0,-12,0,0,0,0,0,6.20098,0,0,0,
0.492644,0.120926,0.84312,0.654518,0.466217,-0.509812,-0.307147,0,0,0,0,0,0,0.424742,0.396174,0.67933,0.0490537,0.976499,-0.208644,0.022602,-0.178981,0.0799403,0.739144,0.694609,0.287715,0.609158,-0.25232,0,0,0,0,0,0,0,0.00143052,0.0027508,-0.00434965,-0.00400672,-19.6587,9.85705,-4.48917,7.83545,-1.10488,0.146762,-6.39671,2.21501,0,0,-12,0,0,0,0,0,6.20098,0,0,0,
0.492644,0.120926,0.84312,0.654518,0.466217,-0.509812,-0.307147,0,0,0,0,0,0,0.424742,0.396174,0.67933,0.0490537,0.976499,-0.208644,0.022602,-0.178981,0.0799403,0.739144,0.694609,0.287715,0.609158,-0.25232,0,0,0,0,0,0,0,0.0043334,0.00275134,-0.00435059,-0.00400764,-19.6618,9.85719,-4.49956,7.8377,-1.10347,0.147202,-6.39754,2.21527,0,0,-12,0,0,0,0,0,6.20098,0,0,0,
0.492644,0.120926,0.84312,0.654518,0.466217,-0.509812,-0.307147,0,0,0,0,0,0,0.424742,0.396174,0.67933,0.0490537,0.976499,-0.208644,0.022602,-0.178981,0.0799403,0.739144,0.694609,0.287715,0.609158,-0.25232,0,0,0,0,0,0,0,0.00111949,0.00275186,-0.00435151,-0.00400853,-19.6648,9.85702,-4.49005,7.83574,-1.10402,0.147182,-6.39797,2.21542,0,0,-12,0,0,0,0,0,6.20098,0,0,0,
0.492644,0.120926,0.84312,0.654518,0.466217,-0.509812,-0.307147,0,0,0,0,0,0,0.424742,0.396174,0.67933,0.0490537,0.976499,-0.208644,0.022602,-0.178981,0.0799403,0.739144,0.694609,0.287715,0.609158,-0.25232,0,0,0,0,0,0,0,0.00130657,0.0027524,-0.00435242,-0.00400945,-19.6695,9.85702,-4.49211,7.83625,-1.10322,0.147537,-6.39897,2.21574,0,0,-12,0,0,0,0,0,6.20098,0,0,0,
0.492644,0.120926,0.84312,0.654518,0.466217,-0.509812,-0.307147,0,0,0,0,0,0,0.424742,0.396174,0.67933,0.0490537,0.976499,-0.208644,0.022602,-0.178981,0.0799403,0.739144,0.694609,0.287715,0.609158,-0.25232,0,0,0,0,0,0,0,0.00230051,0.00275294,-0.00435337,-0.00401036,-19.6721,9.85706,-4.49613,7.83714,-1.10251,0.147795,-6.39957,2.21593,0,0,-12,0,0,0,0,0,6.20098,0,0,0,
0.492644,0.120926,0.84312,0.654518,0.466217,-0.509812,-0.307147,0,0,0,0,0,0,0.424742,0.396174,0.67933,0.0490537,0.976499,-0.208644,0.022602,-0.178981,0.0799403,0.739144,0.694609,0.287715,0.609158,-0.25232,0,0,0,0,0,0,0,0.00346147,0.00275348,-0.00435431,-0.0040113,-19.6764,9.85711,-4.5012,7.83829,-1.10147,0.148188,-6.40052,2.21624,0,0,-12,0,0,0,0,0,6.20098,0,0,0,
0.492644,0.120926,0.84312,0.654518,0.466217,-0.509812,-0.307147,0,0,0,0,0,0,0.424742,0.396174,0.67933,0.0490537,0.976499,-0.208644,0.022602,-0.178981,0.0799403,0.739144,0.694609,0.287715,0.609158,-0.25232,0,0,0,0,0,0,0,0.00513442,0.00275402,-0.00435525,-0.00401222,-19.68,9.85719,-4.50776,7.83973,-1.10037,0.148574,-6.40139,2.21651,0,0,-12,0,0,0,0,0,6.20098,0,0,0,
0.492644,0.120926,0.84312,0.654518,0.466217,-0.509812,-0.307147,0,0,0,0,0,0,0.424742,0.396174,0.67933,0.0490537,0.976499,-0.208644,0.022602,-0.178981,0.0799403,0.739144,0.694609,0.287715,0.609158,-0.25232,0,0,0,0,0,0,0,0.00256524,0.00275456,-0.00435618,-0.00401314,-19.6842,9.85704,-4.50071,7.83831,-1.10053,0.148688,-6.40211,2.21675,0,0,-12,0,0,0,0,0,6.20098,0,0,0,
0.492644,0.120926,0.84312,0.654518,0.466217,-0.509812,-0.307147,0,0,0,0,0,0,0.424742,0.396174,0.67933,0.0490537,0.976499,-0.208644,0.022602,-0.178981,0.0799403,0.739144,0.694609,0.287715,0.609158,-0.25232,0,0,0,0,0,0,0,0.000542241,0.0027551,-0.00435711,-0.00401405,-19.6873,9.85693,-4.49509,7.83718,-1.10069,0.148763,-6.40263,2.21693,0,0,-12,0,0,0,0,0,6.20098,0,0,0,
0.492644,0.120926,0.84312,0.654518,0.466217,-0.509812,-0.307147,0,0,0,0,0,0,0.424742,0.396174,0.67933,0.0490537,0.976499,-0.208644,0.022602,-0.178981,0.0799403,0.739144,0.694609,0.287715,0.609158,-0.25232,0,0,0,0,0,0,0,0.00081176,0.00275564,-0.00435806,-0.00401498,-19.691,9.85694,-4.49711,7.83767,-1.10002,0.149051,-6.40343,2.21718,0,0,-12,0,0,0,0,0,6.20098,0,0,0,
0.492644,0.120926,0.84312,0.654518,0.466217,-0.509812,-0.307147,0,0,0,0,0,0,0.424742,0.396174,0.67933,0.0490537,0.976499,-0.208644,0.022602,-0.178981,0.0799403,0.739144,0.694609,0.287715,0.609158,-0.25232,0,0,0,0,0,0,0,0.0001559,0.00275617,-0.00435898,-0.00401589,-19.6946,9.85689,-4.49609,7.83751,-1.09967,0.149262,-6.40414,2.21742,0,0,-12,0,0,0,0,0,6.20098,0,0,0,
0.492644,0.120926,0.84312,0.654518,0.466217,-0.509812,-0.307147,0,0,0,0,0,0,0.424742,0.396174,0.67933,0.0490537,0.976499,-0.208644,0.022602,-0.178981,0.0799403,0.739144,0.694609,0.287715,0.609158,-0.25232,0,0,0,0,0,0,0,0.00204991,0.00275673,-0.00435995,-0.00401683,-19.6978,9.85698,-4.50323,7.83908,-1.09856,0.149634,-6.40492,2.21766,0,0,-12,0,0,0,0,0,6.20098,0,0,0,
0.492644,0.120926,0.84312,0.654518,0.466217,-0.509812,-0.307147,0,0,0,0,0,0,0.424742,0.396174,0.67933,0.0490537,0.976499,-0.208644,0.022602,-0.178981,0.0799403,0.739144,0.694609,0.287715,0.609158,-0.25232,0,0,0,0,0,0,0,0.00123327,0.00275726,-0.00436087,-0.00401774,-19.7018,9.85693,-4.50179,7.83884,-1.09821,0.149858,-6.4057,2.21792,0,0,-12,0,0,0,0,0,6.20098,0,0,0,
0.492644,0.120926,0.84312,0.654518,0.466217,-0.509812,-0.307147,0,0,0,0,0,0,0.424742,0.396174,0.67933,0.0490537,0.976499,-0.208644,0.022602,-0.178981,0.0799403,0.739144,0.694609,0.287715,0.609158,-0.25232,0,0,0,0,0,0,0,-0.000718464,0.0027578,-0.0043618,-0.00401866,-19.7058,9.85682,-4.49669,7.83783,-1.09819,0.150005,-6.40642,2.21816,0,0,-12,0,0,0,0,0,6.20098,0,0,0,
0.492644,0.120926,0.84312,0.654518,0.466217,-0.509812,-0.307147,0,0,0,0,0,0,0.424742,0.396174,0.67933,0.0490537,0.976499,-0.208644,0.022602,-0.178981,0.0799403,0.739144,0.694609,0.287715,0.609158,-0.25232,0,0,0,0,0,0,0,0.00103997,0.00275834,-0.00436273,-0.00401957,-19.7092,9.8569,-4.50347,7.83932,-1.0971,0.150384,-6.40725,2.21842,0,0,-12,0,0,0,0,0,6.20098,0,0,0,
0.492644,0.120926,0.84312,0.654518,0.466217,-0.509812,-0.307147,0,0,0,0,0,0,0.424742,0.396174,0.67933,0.0490537,0.976499,-0.208644,0.022602,-0.178981,0.0799403,0.739144,0.694609,0.287715,0.609158,-0.25232,0,0,0,0,0,0,0,-0.000427553,0.00275888,-0.00436367,-0.0040205,-19.7129,9.85681,-4.49983,7.83861,-1.09699,0.150542,-6.40793,2.21864,0,0,-12,0,0,0,0,0,6.20098,0,0,0,
0.492644,0.120926,0.84312,0.654518,0.466217,-0.509812,-0.307147,0,0,0,0,0,0,0.424742,0.396174,0.67933,0.0490537,0.976499,-0.208644,0.022602,-0.178981,0.0799403,0.739144,0.694609,0.287715,0.609158,-0.25232,0,0,0,0,0,0,0,0.00326891,0.00275941,-0.0043646,-0.00402142,-19.7171,9.85699,-4.51312,7.84149,-1.09516,0.151116,-6.40903,2.21898,0,0,-12,0,0,0,0,0,6.20098,0,0,0,
0.492644,0.120926,0.84312,0.654518,0.466217,-0.509812,-0.307147,0,0,0,0,0,0,0.424742,0.396174,0.67933,0.0490537,0.976499,-0.208644,0.022602,-0.178981,0.0799403,0.739144,0.694609,0.287715,0.609158,-0.25232,0,0,0,0,0,0,0,0.00086628,0.00275996,-0.00436555,-0.00402233,-19.7197,9.85686,-4.50612,7.84005,-1.09552,0.151127,-6.40942,2.21912,0,0,-12,0,0,0,0,0,6.20098,0,0,0,
0.492644,0.120926,0.84312,0.654518,0.466217,-0.509812,-0.307147,0,0,0,0,0,0,0.424742,0.396174,0.67933,0.0490537,0.976499,-0.208644,0.022602,-0.178981,0.0799403,0.739144,0.694609,0.287715,0.609158,-0.25232,0,0,0,0,0,0,0,0.00224822,0.00276049,-0.00436647,-0.00402325,-19.7239,9.85692,-4.51189,7.84134,-1.09443,0.151529,-6.41037,2.21942,0,0,-12,0,0,0,0,0,6.20098,0,0,0,
0.492644,0.120926,0.84312,0.654518,0.466217,-0.509812,-0.307147,0,0,0,0,0,0,0.424742,0.396174,0.67933,0.0490537,0.976499,-0.208644,0.022602,-0.178981,0.0799403,0.739144,0.694609,0.287715,0.609158,-0.25232,0,0,0,0,0,0,0,0.000193675,0.00276105,-0.00436743,-0.00402419,-19.7277,9.85681,-4.5064,7.84025,-1.09448,0.151654,-6.41105,2.21965,0,0,-12,0,0,0,0,0,6.20098,0,0,0,
0.492644,0.120926,0.84312,0.654518,0.466217,-0.509812,-0.307147,0,0,0,0,0,0,0.424742,0.396174,0.67933,0.0490537,0.976499,-0.208644,0.022602,-0.178981,0.0799403,0.739144,0.694609,0.287715,0.609158,-0.25232,0,0,0,0,0,0,0,0.0032124,0.00276158,-0.00436836,-0.0040251,-19.7312,9.85695,-4.51729,7.84261,-1.09297,0.152132,-6.41197,2.21994,0,0,-12,0,0,0,0,0,6.20098,0,0,0,
0.492644,0.120926,0.84312,0.654518,0.466217,-0.509812,-0.307147,0,0,0,0,0,0,0.424742,0.396174,0.67933,0.0490537,0.976499,-0.208644,0.022602,-0.178981,0.0799403,0.739144,0.694609,0.287715,0.609158,-0.25232,0,0,0,0,0,0,0,0.000863976,0.00276212,-0.00436929,-0.00402602,-19.735,9.85682,-4.51082,7.8413,-1.09313,0.152232,-6.41262,2.22015,0,0,-12,0,0,0,0,0,6.20098,0,0,0,
0.492644,0.120926,0.84312,0.654518,0.466217,-0.509812,-0.307147,0,0,0,0,0,0,0.424742,0.396174,0.67933,0.0490537,0.976499,-0.208644,0.022602,-0.178981,0.0799403,0.739144,0.694609,0.287715,0.609158,-0.25232,0,0,0,0,0,0,0,0.0019019,0.00276265,-0.00437022,-0.00402693,-19.7387,9.85687,-4.51532,7.84231,-1.09223,0.152573,-6.41345,2.22042,0,0,-12,0,0,0,0,0,6.20098,0,0,0,
0.492644,0.120926,0.84312,0.654518,0.466217,-0.509812,-0.307147,0,0,0,0,0,0,0.424742,0.396174,0.67933,0.0490537,0.976499,-0.208644,0.022602,-0.178981,0.0799403,0.739144,0.694609,0.287715,0.609158,-0.25232,0,0,0,0,0,0,0,-0.000652891,0.00276321,-0.00437118,-0.00402788,-19.7423,9.85673,-4.50814,7.84086,-1.09247,0.152645,-6.41405,2.22062,0,0,-12,0,0,0,0,0,6.20098,0,0,0,
0.492644,0.120926,0.84312,0.654518,0.466217,-0.509812,-0.307147,0,0,0,0,0,0,0.424742,0.396174,0.67933,0.0490537,0.976499,-0.208644,0.022602,-0.178981,0.0799403,0.739144,0.694609,0.287715,0.609158,-0.25232,0,0,0,0,0,0,0,0.00322246,0.00276374,-0.0043721,-0.00402878,-19.7459,9.85692,-4.52183,7.84381,-1.09068,0.15319,-6.41503,2.22092,0,0,-12,0,0,0,0,0,6.20098,0,0,0,
0.492644,0.120926,0.84312,0.654518,0.466217,-0.509812,-0.307147,0,0,0,0,0,0,0.424742,0.396174,0.67933,0.0490537,0.976499,-0.208644,0.022602,-0.178981,0.0799403,0.739144,0.694609,0.287715,0.609158,-0.25232,0,0,0,0,0,0,0,0.00141819,0.00276427,-0.00437303,-0.0040297,-19.7495,9.85681,-4.51709,7.84287,-1.09069,0.153319,-6.41568,2.22114,0,0,-12,0,0,0,0,0,6.20098,0,0,0,
0.492644,0.120926,0.84312,0.654518,0.466217,-0.509812,-0.307147,0,0,0,0,0,0,0.424742,0.396174,0.67933,0.0490537,0.976499,-0.208644,0.022602,-0.178981,0.0799403,0.739144,0.694609,0.287715,0.609158,-0.25232,0,0,0,0,0,0,0,0.00110255,0.00276482,-0.00437398,-0.00403063,-19.7532,9.85679,-4.5172,7.84295,-1.09021,0.153563,-6.41643,2.22138,0,0,-12,0,0,0,0,0,6.20098,0,0,0,
0.492644,0.120926,0.84312,0.654518,0.466217,-0.509812,-0.307147,0,0,0,0,0,0,0.424742,0.396174,0.67933,0.0490537,0.976499,-0.208644,0.022602,-0.178981,0.0799403,0.739144,0.694609,0.287715,0.609158,-0.25232,0,0,0,0,0,0,0,0.00106677,0.00276538,-0.00437495,-0.00403158,-19.7569,9.85678,-4.51823,7.84324,-1.08964,0.153829,-6.41721,2.22164,0,0,-12,0,0,0,0,0,6.20098,0,0,0,
0.492644,0.120926,0.84312,0.654518,0.466217,-0.509812,-0.307147,0,0,0,0,0,0,0.424742,0.396174,0.67933,0.0490537,0.976499,-0.208644,0.022602,-0.178981,0.0799403,0.739144,0.694609,0.287715,0.609158,-0.25232,0,0,0,0,0,0,0,0.00248407,0.00276594,-0.00437593,-0.00403255,-19.7609,9.85684,-4.52406,7.84453,-1.08857,0.15422,-6.41813,2.22193,0,0,-12,0,0,0,0,0,6.20098,0,0,0,
0.492644,0.120926,0.84312,0.654518,0.466217,-0.509812,-0.307147,0,0,0,0,0,0,0.424742,0.396174,0.67933,0.0490537,0.976499,-0.208644,0.022602,-0.178981,0.0799403,0.739144,0.694609,0.287715,0.609158,-0.25232,0,0,0,0,0,0,0,0.00516899,0.0027665,-0.00437689,-0.00403349,-19.7646,9.85697,-4.53391,7.84668,-1.08714,0.154685,-6.41906,2.22222,0,0,-12,0,0,0,0,0,6.20098,0,0,0,
0.492644,0.120926,0.84312,0.654518,0.466217,-0.509812,-0.307147,0,0,0,0,0,0,0.424742,0.396174,0.67933,0.0490537,0.976499,-0.208644,0.022602,-0.178981,0.0799403,0.739144,0.694609,0.287715,0.609158,-0.25232,0,0,0,0,0,0,0,0.00162694,0.00276707,-0.00437788,-0.00403447,-19.769,9.85677,-4.52376,7.84461,-1.08757,0.154742,-6.41977,2.22246,0,0,-12,0,0,0,0,0,6.20098,0,0,0,
0.492644,0.120926,0.84312,0.654518,0.466217,-0.509812,-0.307147,0,0,0,0,0,0,0.424742,0.396174,0.67933,0.0490537,0.976499,-0.208644,0.022602,-0.178981,0.0799403,0.739144,0.694609,0.287715,0.609158,-0.25232,0,0,0,0,0,0,0,0.00134641,0.00276762,-0.00437884,-0.0040354,-19.7716,9.85675,-4.52367,7.84463,-1.08725,0.154913,-6.42031,2.22263,0,0,-12,0,0,0,0,0,6.20098,0,0,0,
0.492644,0.120926,0.84312,0.654518,0.466217,-0.509812,-0.307147,0,0,0,0,0,0,0.424742,0.396174,0.67933,0.0490537,0.976499,-0.208644,0.022602,-0.178981,0.0799403,0.739144,0.694609,0.287715,0.609158,-0.25232,0,0,0,0,0,0,0,-0.00211578,0.00276817,-0.00437978,-0.00403634,-19.7764,9.85656,-4.5139,7.84265,-1.08759,0.155004,-6.4211,2.2229,0,0,-12,0,0,0,0,0,6.20098,0,0,0,
0.492644,0.120926,0.84312,0.654518,0.466217,-0.509812,-0.307147,0,0,0,0,0,0,0.424742,0.396174,0.67933,0.0490537,0.976499,-0.208644,0.022602,-0.178981,0.0799403,0.739144,0.694609,0.287715,0.609158,-0.25232,0,0,0,0,0,0,0,0.000514862,0.00276872,-0.00438074,-0.00403728,-19.7796,9.85669,-4.52343,7.84472,-1.08626,0.15543,-6.42193,2.22316,0,0,-12,0,0,0,0,0,6.20098,0,0,0,
0.492644,0.120926,0.84312,0.654518,0.466217,-0.509812,-0.307147,0,0,0,0,0,0,0.424742,0.396174,0.67933,0.0490537,0.976499,-0.208644,0.022602,-0.178981,0.0799403,0.739144,0.694609,0.287715,0.609158,-0.25232,0,0,0,0,0,0,0,-0.00119831,0.00276927,-0.0043817,-0.00403821,-19.7828,9.85659,-4.51885,7.8438,-1.0863,0.155533,-6.42249,2.22335,0,0,-12,0,0,0,0,0,6.20098,0,0,0,
0.492644,0.120926,0.84312,0.654518,0.466217,-0.509812,-0.307147,0,0,0,0,0,0,0.424742,0.396174,0.67933,0.0490537,0.976499,-0.208644,0.022602,-0.178981,0.0799403,0.739144,0.694609,0.287715,0.609158,-0.25232,0,0,0,0,0,0,0,0.00049858,0.00276981,-0.00438264,-0.00403915,-19.7876,9.85667,-4.52583,7.84535,-1.08502,0.156002,-6.42358,2.2237,0,0,-12,0,0,0,0,0,6.20098,0,0,0,
0.492644,0.120926,0.84312,0.654518,0.466217,-0.509812,-0.307147,0,0,0,0,0,0,0.424742,0.396174,0.67933,0.0490537,0.976499,-0.208644,0.022602,-0.178981,0.0799403,0.739144,0.694609,0.287715,0.609158,-0.25232,0,0,0,0,0,0,0,0.00288085,0.00277035,-0.00438359,-0.00404006,-19.7902,9.85678,-4.53436,7.8472,-1.08386,0.156365,-6.42427,2.22391,0,0,-12,0,0,0,0,0,6.20098,0,0,0,
0.492644,0.120926,0.84312,0.654518,0.466217,-0.509812,-0.307147,0,0,0,0,0,0,0.424742,0.396174,0.67933,0.0490537,0.976499,-0.208644,0.022602,-0.178981,0.0799403,0.739144,0.694609,0.287715,0.609158,-0.25232,0,0,0,0,0,0,0,0.00456983,0.00277091,-0.00438454,-0.00404102,-19.795,9.85686,-4.54133,7.84875,-1.08257,0.156838,-6.42538,2.22426,0,0,-12,0,0,0,0,0,6.20098,0,0,0,
0.492644,0.120926,0.84312,0.654518,0.466217,-0.509812,-0.307147,0,0,0,0,0,0,0.424742,0.396174,0.67933,0.0490537,0.976499,-0.208644,0.022602,-0.178981,0.0799403,0.739144,0.694609,0.287715,0.609158,-0.25232,0,0,0,0,0,0,0,-5.57106e-05,0.00277146,-0.0043855,-0.00404194,-19.7977,9.85661,-4.52713,7.8458,-1.08362,0.156689,-6.42566,2.22437,0,0,-12,0,0,0,0,0,6.20098,0,0,0,
0.492644,0.120926,0.84312,0.654518,0.466217,-0.509812,-0.307147,0,0,0,0,0,0,0.424742,0.396174,0.67933,0.0490537,0.976499,-0.208644,0.022602,-0.178981,0.0799403,0.739144,0.694609,0.287715,0.609158,-0.25232,0,0,0,0,0,0,0,0.00170458,0.002772,-0.00438644,-0.00404288,-19.8021,9.85669,-4.53422,7.84737,-1.08237,0.157141,-6.4267,2.2247,0,0,-12,0,0,0,0,0,6.20098,0,0,0,
0.492644,0.120926,0.84312,0.654518,0.466217,-0.509812,-0.307147,0,0,0,0,0,0,0.424742,0.396174,0.67933,0.0490537,0.976499,-0.208644,0.022602,-0.178981,0.0799403,0.739144,0.694609,0.287715,0.609158,-0.25232,0,0,0,0,0,0,0,0.000996759,0.00277254,-0.00438738,-0.0040438,-19.8056,9.85665,-4.53298,7.84717,-1.08205,0.157338,-6.42737,2.22492,0,0,-12,0,0,0,0,0,6.20098,0,0,0,
0.492644,0.120926,0.84312,0.654518,0.466217,-0.509812,-0.307147,0,0,0,0,0,0,0.424742,0.396174,0.67933,0.0490537,0.976499,-0.208644,0.022602,-0.178981,0.0799403,0.739144,0.694609,0.287715,0.609158,-0.25232,0,0,0,0,0,0,0,-0.000218282,0.0027731,-0.00438835,-0.00404476,-19.8094,9.85657,-4.5302,7.84664,-1.08184,0.157522,-6.42809,2.22515,0,0,-12,0,0,0,0,0,6.20098,0,0,0,
0.492644,0.120926,0.84312,0.654518,0.466217,-0.509812,-0.307147,0,0,0,0,0,0,0.424742,0.396174,0.67933,0.0490537,0.976499,-0.208644,0.022602,-0.178981,0.0799403,0.739144,0.694609,0.287715,0.609158,-0.25232,0,0,0,0,0,0,0,-0.000125177,0.00277363,-0.00438927,-0.00404566,-19.813,9.85657,-4.53161,7.847,-1.08125,0.157787,-6.42885,2.2254,0,0,-12,0,0,0,0,0,6.20098,0,0,0,
0.492644,0.120926,0.84312,0.654518,0.466217,-0.509812,-0.307147,0,0,0,0,0,0,0.424742,0.396174,0.67933,0.0490537,0.976499,-0.208644,0.022602,-0.178981,0.0799403,0.739144,0.694609,0.287715,0.609158,-0.25232,0,0,0,0,0,0,0,0.00439611,0.00277417,-0.0043902,-0.00404657,-19.8166,9.85679,-4.54741,7.8504,-1.07926,0.158382,-6.42988,2.22571,0,0,-12,0,0,0,0,0,6.20098,0,0,0,
0.492644,0.120926,0.84312,0.654518,0.466217,-0.509812,-0.307147,0,0,0,0,0,0,0.424742,0.396174,0.67933,0.0490537,0.976499,-0.208644,0.022602,-0.178981,0.0799403,0.739144,0.694609,0.287715,0.609158,-0.25232,0,0,0,0,0,0,0,0.00280613,0.00277471,-0.00439114,-0.00404751,-19.8208,9.8567,-4.54355,7.84966,-1.0791,0.158572,-6.43067,2.22597,0,0,-12,0,0,0,0,0,6.20098,0,0,0,
0.492644,0.120926,0.84312,0.654518,0.466217,-0.509812,-0.307147,0,0,0,0,0,0,0.424742,0.396174,0.67933,0.0490537,0.976499,-0.208644,0.022602,-0.178981,0.0799403,0.739144,0.694609,0.287715,0.609158,-0.25232,0,0,0,0,0,0,0,0.00322494,0.00277525,-0.00439207,-0.00404842,-19.8239,9.85671,-4.54586,7.8502,-1.07848,0.158826,-6.43134,2.22619,0,0,-12,0,0,0,0,0,6.20098,0,0,0,
0.492644,0.120926,0.84312,0.654518,0.466217,-0.509812,-0.307147,0,0,0,0,0,0,0.424742,0.396174,0.67933,0.0490537,0.976499,-0.208644,0.022602,-0.178981,0.0799403,0.739144,0.694609,0.287715,0.609158,-0.25232,0,0,0,0,0,0,0,0.00184485,0.00277578,-0.004393,-0.00404933,-19.8276,9.85663,-4.5425,7.84955,-1.07835,0.158987,-6.43202,2.22641,0,0,-12,0,0,0,0,0,6.20098,0,0,0,
0.492644,0.120926,0.84312,0.654518,0.466217,-0.509812,-0.307147,0,0,0,0,0,0,0.424742,0.396174,0.67933,0.0490537,0.976499,-0.208644,0.022602,-0.178981,0.0799403,0.739144,0.694609,0.287715,0.609158,-0.25232,0,0,0,0,0,0,0,0.0073668,0.00277633,-0.00439396,-0.00405027,-19.8313,9.85691,-4.56158,7.85364,-1.07602,0.159663,-6.43313,2.22675,0,0,-12,0,0,0,0,0,6.20098,0,0,0,
0.492644,0.120926,0.84312,0.654518,0.466217,-0.509812,-0.307147,0,0,0,0,0,0,0.424742,0.396174,0.67933,0.0490537,0.976499,-0.208644,0.022602,-0.178981,0.0799403,0.739144,0.694609,0.287715,0.609158,-0.25232,0,0,0,0,0,0,0,0.00401758,0.00277686,-0.00439488,-0.00405117,-19.8349,9.85673,-4.55181,7.85164,-1.07652,0.159676,-6.43368,2.22694,0,0,-12,0,0,0,0,0,6.20098,0,0,0,
0.492644,0.120926,0.84312,0.654518,0.466217,-0.509812,-0.307147,0,0,0,0,0,0,0.424742,0.396174,0.67933,0.0490537,0.976499,-0.208644,0.022602,-0.178981,0.0799403,0.739144,0.694609,0.287715,0.609158,-0.25232,0,0,0,0,0,0,0,0.00106083,0.00277741,-0.00439582,-0.0040521,-19.8386,9.85656,-4.54334,7.84991,-1.07688,0.159724,-6.43427,2.22714,0,0,-12,0,0,0,0,0,6.20098,0,0,0,
0.492644,0.120926,0.84312,0.654518,0.466217,-0.509812,-0.307147,0,0,0,0,0,0,0.424742,0.396174,0.67933,0.0490537,0.976499,-0.208644,0.022602,-0.178981,0.0799403,0.739144,0.694609,0.287715,0.609158,-0.25232,0,0,0,0,0,0,0,0.00304222,0.00277794,-0.00439675,-0.00405301,-19.8422,9.85666,-4.5509,7.85157,-1.07568,0.160132,-6.43515,2.22742,0,0,-12,0,0,0,0,0,6.20098,0,0,0,
0.492644,0.120926,0.84312,0.654518,0.466217,-0.509812,-0.307147,0,0,0,0,0,0,0.424742,0.396174,0.67933,0.0490537,0.976499,-0.208644,0.022602,-0.178981,0.0799403,0.739144,0.694609,0.287715,0.609158,-0.25232,0,0,0,0,0,0,0,0.000527641,0.00277848,-0.00439768,-0.00405393,-19.8458,9.85652,-4.54385,7.85014,-1.07591,0.16021,-6.43576,2.22763,0,0,-12,0,0,0,0,0,6.20098,0,0,0,
0.492644,0.120926,0.84312,0.654518,0.466217,-0.509812,-0.307147,0,0,0,0,0,0,0.424742,0.396174,0.67933,0.0490537,0.976499,-0.208644,0.022602,-0.178981,0.0799403,0.739144,0.694609,0.287715,0.609158,-0.25232,0,0,0,0,0,0,0,0.00203148,0.00277901,-0.00439861,-0.00405484,-19.8494,9.85658,-4.54985,7.85147,-1.07487,0.160582,-6.4366,2.22789,0,0,-12,0,0,0,0,0,6.20098,0,0,0,
0.492644,0.120926,0.84312,0.654518,0.466217,-0.509812,-0.307147,0,0,0,0,0,0,0.424742,0.396174,0.67933,0.0490537,0.976499,-0.208644,0.022602,-0.178981,0.0799403,0.739144,0.694609,0.287715,0.609158,-0.25232,0,0,0,0,0,0,0,0.00451139,0.00277956,-0.00439955,-0.00405577,-19.8531,9.8567,-4.55904,7.85347,-1.07351,0.161031,-6.43752,2.22818,0,0,-12,0,0,0,0,0,6.20098,0,0,0,
0.492644,0.120926,0.84312,0.654518,0.466217,-0.509812,-0.307147,0,0,0,0,0,0,0.424742,0.396174,0.67933,0.0490537,0.976499,-0.208644,0.022602,-0.178981,0.0799403,0.739144,0.694609,0.287715,0.609158,-0.25232,0,0,0,0,0,0,0,0.00090738,0.00278015,-0.00440057,-0.00405677,-19.8571,9.85651,-4.54856,7.85132,-1.07402,0.161054,-6.43814,2.22839,0,0,-12,0,0,0,0,0,6.20098,0,0,0,
0.492644,0.120926,0.84312,0.654518,0.466217,-0.509812,-0.307147,0,0,0,0,0,0,0.424742,0.396174,0.67933,0.0490537,0.976499,-0.208644,0.022602,-0.178981,0.0799403,0.739144,0.694609,0.287715,0.609158,-0.25232,0,0,0,0,0,0,0,-0.000131361,0.00278069,-0.00440152,-0.0040577,-19.8605,9.85644,-4.54622,7.85089,-1.07382,0.16122,-6.43878,2.2286,0,0,-12,0,0,0,0,0,6.20098,0,0,0,
0.492644,0.120926,0.84312,0.654518,0.466217,-0.509812,-0.307147,0,0,0,0,0,0,0.424742,0.396174,0.67933,0.0490537,0.976499,-0.208644,0.022602,-0.178981,0.0799403,0.739144,0.694609,0.287715,0.609158,-0.25232,0,0,0,0,0,0,0,0.00080816,0.00278123,-0.00440244,-0.00405862,-19.865,9.85648,-4.55066,7.8519,-1.07282,0.161615,-6.43978,2.22892,0,0,-12,0,0,0,0,0,6.20098,0,0,0,
0.492644,0.120926,0.84312,0.654518,0.466217,-0.509812,-0.307147,0,0,0,0,0,0,0.424742,0.396174,0.67933,0.0490537,0.976499,-0.208644,0.022602,-0.178981,0.0799403,0.739144,0.694609,0.287715,0.609158,-0.25232,0,0,0,0,0,0,0,0.00182435,0.00278177,-0.00440339,-0.00405953,-19.8676,9.85653,-4.55475,7.85281,-1.0721,0.161875,-6.44037,2.22911,0,0,-12,0,0,0,0,0,6.20098,0,0,0,
0.492644,0.120926,0.84312,0.654518,0.466217,-0.509812,-0.307147,0,0,0,0,0,0,0.424742,0.396174,0.67933,0.0490537,0.976499,-0.208644,0.022602,-0.178981,0.0799403,0.739144,0.694609,0.287715,0.609158,-0.25232,0,0,0,0,0,0,0,0.00313489,0.0027823,-0.00440431,-0.00406045,-19.8717,9.85658,-4.56029,7.85405,-1.07103,0.162273,-6.44133,2.22942,0,0,-12,0,0,0,0,0,6.20098,0,0,0,
0.492644,0.120926,0.84312,0.654518,0.466217,-0.509812,-0.307147,0,0,0,0,0,0,0.424742,0.396174,0.67933,0.0490537,0.976499,-0.208644,0.022602,-0.178981,0.0799403,0.739144,0.694609,0.287715,0.609158,-0.25232,0,0,0,0,0,0,0,0.00200723,0.00278286,-0.00440528,-0.00406141,-19.8761,9.85651,-4.55796,7.85363,-1.07071,0.162503,-6.44216,2.22969,0,0,-12,0,0,0,0,0,6.20098,0,0,0,
0.492644,0.120926,0.84312,0.654518,0.466217,-0.509812,-0.307147,0,0,0,0,0,0,0.424742,0.396174,0.67933,0.0490537,0.976499,-0.208644,0.022602,-0.178981,0.0799403,0.739144,0.694609,0.287715,0.609158,-0.25232,0,0,0,0,0,0,0,0.000852751,0.00278341,-0.00440624,-0.00406234,-19.8793,9.85645,-4.5552,7.8531,-1.07058,0.162649,-6.44276,2.22989,0,0,-12,0,0,0,0,0,6.20098,0,0,0,
0.492644,0.120926,0.84312,0.654518,0.466217,-0.509812,-0.307147,0,0,0,0,0,0,0.424742,0.396174,0.67933,0.0490537,0.976499,-0.208644,0.022602,-0.178981,0.0799403,0.739144,0.694609,0.287715,0.609158,-0.25232,0,0,0,0,0,0,0,0.00424417,0.00278396,-0.00440719,-0.00406328,-19.883,9.85661,-4.56736,7.85573,-1.06892,0.163168,-6.44374,2.23019,0,0,-12,0,0,0,0,0,6.20098,0,0,0,
0.492644,0.120926,0.84312,0.654518,0.466217,-0.509812,-0.307147,0,0,0,0,0,0,0.424742,0.396174,0.67933,0.0490537,0.976499,-0.208644,0.022602,-0.178981,0.0799403,0.739144,0.694609,0.287715,0.609158,-0.25232,0,0,0,0,0,0,0,0.00160357,0.00278452,-0.00440816,-0.00406423,-19.8868,9.85646,-4.55995,7.85423,-1.06917,0.163246,-6.44437,2.23041,0,0,-12,0,0,0,0,0,6.20098,0,0,0,
0.492644,0.120926,0.84312,0.654518,0.466217,-0.509812,-0.307147,0,0,0,0,0,0,0.424742,0.396174,0.67933,0.0490537,0.976499,-0.208644,0.022602,-0.178981,0.0799403,0.739144,0.694609,0.287715,0.609158,-0.25232,0,0,0,0,0,0,0,0.00159178,0.00278505,-0.00440908,-0.00406514,-19.8904,9.85645,-4.56102,7.85451,-1.0686,0.163507,-6.44513,2.23065,0,0,-12,0,0,0,0,0,6.20098,0,0,0,
0.492644,0.120926,0.84312,0.654518,0.466217,-0.509812,-0.307147,0,0,0,0,0,0,0.424742,0.396174,0.67933,0.0490537,0.976499,-0.208644,0.022602,-0.178981,0.0799403,0.739144,0.694609,0.287715,0.609158,-0.25232,0,0,0,0,0,0,0,0.00465629,0.0027856,-0.00441004,-0.00406608,-19.8941,9.8566,-4.57213,7.85692,-1.06705,0.164002,-6.4461,2.23095,0,0,-12,0,0,0,0,0,6.20098,0,0,0,
0.492644,0.120926,0.84312,0.654518,0.466217,-0.509812,-0.307147,0,0,0,0,0,0,0.424742,0.396174,0.67933,0.0490537,0.976499,-0.208644,0.022602,-0.178981,0.0799403,0.739144,0.694609,0.287715,0.609158,-0.25232,0,0,0,0,0,0,0,-0.00247407,0.00278613,-0.00441096,-0.00406698,-19.8977,9.85623,-4.55007,7.85232,-1.06875,0.163735,-6.44641,2.23108,0,0,-12,0,0,0,0,0,6.20098,0,0,0,
0.492644,0.120926,0.84312,0.654518,0.466217,-0.509812,-0.307147,0,0,0,0,0,0,0.424742,0.396174,0.67933,0.0490537,0.976499,-0.208644,0.022602,-0.178981,0.0799403,0.739144,0.694609,0.287715,0.609158,-0.25232,0,0,0,0,0,0,0,0.00316367,0.00278666,-0.00441188,-0.00406789,-19.9013,9.85651,-4.56949,7.85649,-1.0664,0.164411,-6.44751,2.23141,0,0,-12,0,0,0,0,0,6.20098,0,0,0,
0.492644,0.120926,0.84312,0.654518,0.466217,-0.509812,-0.307147,0,0,0,0,0,0,0.424742,0.396174,0.67933,0.0490537,0.976499,-0.208644,0.022602,-0.178981,0.0799403,0.739144,0.694609,0.287715,0.609158,-0.25232,0,0,0,0,0,0,0,0.00197818,0.00278721,-0.00441283,-0.00406881,-19.9045,9.85644,-4.56661,7.85593,-1.06628,0.16455,-6.44809,2.2316,0,0,-12,0,0,0,0,0,6.20098,0,0,0,
0.492644,0.120926,0.84312,0.654518,0.466217,-0.509812,-0.307147,0,0,0,0,0,0,0.424742,0.396174,0.67933,0.0490537,0.976499,-0.208644,0.022602,-0.178981,0.0799403,0.739144,0.694609,0.287715,0.609158,-0.25232,0,0,0,0,0,0,0,-3.89691e-05,0.00278774,-0.00441375,-0.00406973,-19.9092,9.85632,-4.56151,7.85493,-1.06618,0.164742,-6.44895,2.23189,0,0,-12,0,0,0,0,0,6.20098,0,0,0,
0.492644,0.120926,0.84312,0.654518,0.466217,-0.509812,-0.307147,0,0,0,0,0,0,0.424742,0.396174,0.67933,0.0490537,0.976499,-0.208644,0.022602,-0.178981,0.0799403,0.739144,0.694609,0.287715,0.609158,-0.25232,0,0,0,0,0,0,0,0.00177249,0.00278829,-0.0044147,-0.00407066,-19.9124,9.85641,-4.56837,7.85643,-1.06511,0.165105,-6.44973,2.23213,0,0,-12,0,0,0,0,0,6.20098,0,0,0,
0.492644,0.120926,0.84312,0.654518,0.466217,-0.509812,-0.307147,0,0,0,0,0,0,0.424742,0.396174,0.67933,0.0490537,0.976499,-0.208644,0.022602,-0.178981,0.0799403,0.739144,0.694609,0.287715,0.609158,-0.25232,0,0,0,0,0,0,0,0.00404732,0.00278883,-0.00441563,-0.00407157,-19.916,9.85651,-4.57687,7.85829,-1.06383,0.165534,-6.45062,2.23241,0,0,-12,0,0,0,0,0,6.20098,0,0,0,
0.492644,0.120926,0.84312,0.654518,0.466217,-0.509812,-0.307147,0,0,0,0,0,0,0.424742,0.396174,0.67933,0.0490537,0.976499,-0.208644,0.022602,-0.178981,0.0799403,0.739144,0.694609,0.287715,0.609158,-0.25232,0,0,0,0,0,0,0,0.00124264,0.00278937,-0.00441657,-0.0040725,-19.9196,9.85636,-4.56889,7.85667,-1.06414,0.165592,-6.45122,2.23262,0,0,-12,0,0,0,0,0,6.20098,0,0,0,
0.492644,0.120926,0.84312,0.654518,0.466217,-0.509812,-0.307147,0,0,0,0,0,0,0.424742,0.396174,0.67933,0.0490537,0.976499,-0.208644,0.022602,-0.178981,0.0799403,0.739144,0.694609,0.287715,0.609158,-0.25232,0,0,0,0,0,0,0,0.00179805,0.00278991,-0.0044175,-0.00407342,-19.9235,9.85638,-4.57188,7.85736,-1.06337,0.165911,-6.45205,2.23289,0,0,-12,0,0,0,0,0,6.20098,0,0,0,
0.492644,0.120926,0.84312,0.654518,0.466217,-0.509812,-0.307147,0,0,0,0,0,0,0.424742,0.396174,0.67933,0.0490537,0.976499,-0.208644,0.022602,-0.178981,0.0799403,0.739144,0.694609,0.287715,0.609158,-0.25232,0,0,0,0,0,0,0,0.00180168,0.00279045,-0.00441845,-0.00407434,-19.9268,9.85637,-4.57292,7.85764,-1.06284,0.166152,-6.45275,2.23311,0,0,-12,0,0,0,0,0,6.20098,0,0,0,
0.492644,0.120926,0.84312,0.654518,0.466217,-0.509812,-0.307147,0,0,0,0,0,0,0.424742,0.396174,0.67933,0.0490537,0.976499,-0.208644,0.022602,-0.178981,0.0799403,0.739144,0.694609,0.287715,0.609158,-0.25232,0,0,0,0,0,0,0,0.000610851,0.00279098,-0.00441937,-0.00407525,-19.9306,9.8563,-4.57021,7.85713,-1.06263,0.166337,-6.45347,2.23335,0,0,-12,0,0,0,0,0,6.20098,0,0,0,
0.492644,0.120926,0.84312,0.654518,0.466217,-0.509812,-0.307147,0,0,0,0,0,0,0.424742,0.396174,0.67933,0.0490537,0.976499,-0.208644,0.022602,-0.178981,0.0799403,0.739144,0.694609,0.287715,0.609158,-0.25232,0,0,0,0,0,0,0,0.0013386,0.00279152,-0.00442031,-0.00407618,-19.9343,9.85633,-4.57371,7.85793,-1.06183,0.166656,-6.45428,2.23361,0,0,-12,0,0,0,0,0,6.20098,0,0,0,
0.492644,0.120926,0.84312,0.654518,0.466217,-0.509812,-0.307147,0,0,0,0,0,0,0.424742,0.396174,0.67933,0.0490537,0.976499,-0.208644,0.022602,-0.178981,0.0799403,0.739144,0.694609,0.287715,0.609158,-0.25232,0,0,0,0,0,0,0,0.000147475,0.00279207,-0.00442125,-0.0040771,-19.9381,9.85625,-4.57103,7.85743,-1.0616,0.166847,-6.45501,2.23385,0,0,-12,0,0,0,0,0,6.20098,0,0,0,
0.492644,0.120926,0.84312,0.654518,0.466217,-0.509812,-0.307147,0,0,0,0,0,0,0.424742,0.396174,0.67933,0.0490537,0.976499,-0.208644,0.022602,-0.178981,0.0799403,0.739144,0.694609,0.287715,0.609158,-0.25232,0,0,0,0,0,0,0,0.000910626,0.00279261,-0.0044222,-0.00407803,-19.9416,9.85629,-4.57459,7.85824,-1.06081,0.167157,-6.4558,2.2341,0,0,-12,0,0,0,0,0,6.20098,0,0,0,
0.492644,0.120926,0.84312,0.654518,0.466217,-0.509812,-0.307147,0,0,0,0,0,0,0.424742,0.396174,0.67933,0.0490537,0.976499,-0.208644,0.022602,-0.178981,0.0799403,0.739144,0.694609,0.287715,0.609158,-0.25232,0,0,0,0,0,0,0,0.00182735,0.00279314,-0.00442313,-0.00407894,-19.9451,9.85632,-4.57862,7.85915,-1.05998,0.167473,-6.45657,2.23434,0,0,-12,0,0,0,0,0,6.20098,0,0,0,
0.492644,0.120926,0.84312,0.654518,0.466217,-0.509812,-0.307147,0,0,0,0,0,0,0.424742,0.396174,0.67933,0.0490537,0.976499,-0.208644,0.022602,-0.178981,0.0799403,0.739144,0.694609,0.287715,0.609158,-0.25232,0,0,0,0,0,0,0,-0.000644035,0.00279369,-0.00442406,-0.00407987,-19.9491,9.85619,-4.57184,7.85778,-1.06013,0.167581,-6.45726,2.23457,0,0,-12,0,0,0,0,0,6.20098,0,0,0,
0.492644,0.120926,0.84312,0.654518,0.466217,-0.509812,-0.307147,0,0,0,0,0,0,0.424742,0.396174,0.67933,0.0490537,0.976499,-0.208644,0.022602,-0.178981,0.0799403,0.739144,0.694609,0.287715,0.609158,-0.25232,0,0,0,0,0,0,0,0.0032451,0.00279422,-0.00442501,-0.00408076,-19.9502,9.85638,-4.58481,7.86054,-1.05873,0.167948,-6.45773,2.23471,0,0,-12,0,0,0,0,0,6.20098,0,0,0,
0.492644,0.120926,0.84312,0.654518,0.466217,-0.509812,-0.307147,0,0,0,0,0,0,0.424742,0.396174,0.67933,0.0490537,0.976499,-0.208644,0.022602,-0.178981,0.0799403,0.739144,0.694609,0.287715,0.609158,-0.25232,0,0,0,0,0,0,0,0.0036259,0.00279477,-0.00442595,-0.00408172,-19.9561,9.85639,-4.58784,7.86128,-1.0577,0.168398,-6.45897,2.23511,0,0,-12,0,0,0,0,0,6.20098,0,0,0,
0.492644,0.120926,0.84312,0.654518,0.466217,-0.509812,-0.307147,0,0,0,0,0,0,0.424742,0.396174,0.67933,0.0490537,0.976499,-0.208644,0.022602,-0.178981,0.0799403,0.739144,0.694609,0.287715,0.609158,-0.25232,0,0,0,0,0,0,0,0.00117014,0.0027953,-0.00442687,-0.00408262,-19.9598,9.85625,-4.58103,7.85991,-1.05788,0.168489,-6.45961,2.23533,0,0,-12,0,0,0,0,0,6.20098,0,0,0,
0.492644,0.120926,0.84312,0.654518,0.466217,-0.509812,-0.307147,0,0,0,0,0,0,0.424742,0.396174,0.67933,0.0490537,0.976499,-0.208644,0.022602,-0.178981,0.0799403,0.739144,0.694609,0.287715,0.609158,-0.25232,0,0,0,0,0,0,0,0.00154027,0.00279585,-0.00442781,-0.00408355,-19.9635,9.85626,-4.58336,7.86046,-1.05719,0.168782,-6.4604,2.23558,0,0,-12,0,0,0,0,0,6.20098,0,0,0,
0.492644,0.120926,0.84312,0.654518,0.466217,-0.509812,-0.307147,0,0,0,0,0,0,0.424742,0.396174,0.67933,0.0490537,0.976499,-0.208644,0.022602,-0.178981,0.0799403,0.739144,0.694609,0.287715,0.609158,-0.25232,0,0,0,0,0,0,0,6.00112e-05,0.00279638,-0.00442874,-0.00408446,-19.9671,9.85617,-4.57967,7.85974,-1.05709,0.168934,-6.46107,2.2358,0,0,-12,0,0,0,0,0,6.20098,0,0,0,
0.492644,0.120926,0.84312,0.654518,0.466217,-0.509812,-0.307147,0,0,0,0,0,0,0.424742,0.396174,0.67933,0.0490537,0.976499,-0.208644,0.022602,-0.178981,0.0799403,0.739144,0.694609,0.287715,0.609158,-0.25232,0,0,0,0,0,0,0,0.00275711,0.00279693,-0.00442969,-0.00408539,-19.9708,9.8563,-4.58957,7.86189,-1.05566,0.1694,-6.462,2.2361,0,0,-12,0,0,0,0,0,6.20098,0,0,0,
0.492644,0.120926,0.84312,0.654518,0.466217,-0.509812,-0.307147,0,0,0,0,0,0,0.424742,0.396174,0.67933,0.0490537,0.976499,-0.208644,0.022602,-0.178981,0.0799403,0.739144,0.694609,0.287715,0.609158,-0.25232,0,0,0,0,0,0,0,0.00244639,0.00279747,-0.00443062,-0.00408631,-19.9747,9.85628,-4.58973,7.86199,-1.05516,0.169653,-6.46278,2.23635,0,0,-12,0,0,0,0,0,6.20098,0,0,0,
0.492644,0.120926,0.84312,0.654518,0.466217,-0.509812,-0.307147,0,0,0,0,0,0,0.424742,0.396174,0.67933,0.0490537,0.976499,-0.208644,0.022602,-0.178981,0.0799403,0.739144,0.694609,0.287715,0.609158,-0.25232,0,0,0,0,0,0,0,0.00132598,0.00279801,-0.00443156,-0.00408723,-19.9782,9.85621,-4.58717,7.86151,-1.05497,0.169823,-6.46345,2.23657,0,0,-12,0,0,0,0,0,6.20098,0,0,0,
0.492644,0.120926,0.84312,0.654518,0.466217,-0.509812,-0.307147,0,0,0,0,0,0,0.424742,0.396174,0.67933,0.0490537,0.976499,-0.208644,0.022602,-0.178981,0.0799403,0.739144,0.694609,0.287715,0.609158,-0.25232,0,0,0,0,0,0,0,0.00159288,0.00279854,-0.00443248,-0.00408814,-19.982,9.85621,-4.58921,7.86201,-1.05429,0.170118,-6.46426,2.23683,0,0,-12,0,0,0,0,0,6.20098,0,0,0,
0.492644,0.120926,0.84312,0.654518,0.466217,-0.509812,-0.307147,0,0,0,0,0,0,0.424742,0.396174,0.67933,0.0490537,0.976499,-0.208644,0.022602,-0.178981,0.0799403,0.739144,0.694609,0.287715,0.609158,-0.25232,0,0,0,0,0,0,0,0.000946988,0.00279909,-0.00443345,-0.00408908,-19.9852,9.85617,-4.5881,7.86182,-1.05399,0.170302,-6.46489,2.23703,0,0,-12,0,0,0,0,0,6.20098,0,0,0,
0.492644,0.120926,0.84312,0.654518,0.466217,-0.509812,-0.307147,0,0,0,0,0,0,0.424742,0.396174,0.67933,0.0490537,0.976499,-0.208644,0.022602,-0.178981,0.0799403,0.739144,0.694609,0.287715,0.609158,-0.25232,0,0,0,0,0,0,0,0.00222833,0.00279962,-0.00443436,-0.00408999,-19.9893,9.85623,-4.59353,7.86304,-1.05295,0.170694,-6.46583,2.23733,0,0,-12,0,0,0,0,0,6.20098,0,0,0,
0.492644,0.120926,0.84312,0.654518,0.466217,-0.509812,-0.307147,0,0,0,0,0,0,0.424742,0.396174,0.67933,0.0490537,0.976499,-0.208644,0.022602,-0.178981,0.0799403,0.739144,0.694609,0.287715,0.609158,-0.25232,0,0,0,0,0,0,0,0.00077823,0.00280016,-0.00443529,-0.0040909,-19.9925,9.85614,-4.58983,7.86231,-1.05289,0.170823,-6.46642,2.23753,0,0,-12,0,0,0,0,0,6.20098,0,0,0,
0.492644,0.120926,0.84312,0.654518,0.466217,-0.509812,-0.307147,0,0,0,0,0,0,0.424742,0.396174,0.67933,0.0490537,0.976499,-0.208644,0.022602,-0.178981,0.0799403,0.739144,0.694609,0.287715,0.609158,-0.25232,0,0,0,0,0,0,0,-0.0002299,0.0028007,-0.00443621,-0.00409185,-19.9987,9.85608,-4.58846,7.86213,-1.05225,0.171195,-6.46765,2.23793,0,0,-12,0,0,0,0,0,6.20098,0,0,0,
0.492644,0.120926,0.84312,0.654518,0.466217,-0.509812,-0.307147,0,0,0,0,0,0,0.424742,0.396174,0.67933,0.0490537,0.976499,-0.208644,0.022602,-0.178981,0.0799403,0.739144,0.694609,0.287715,0.609158,-0.25232,0,0,0,0,0,0,0,0.00436268,0.00280123,-0.00443716,-0.00409274,-20.0003,9.85631,-4.60385,7.8654,-1.05055,0.171645,-6.46825,2.23811,0,0,-12,0,0,0,0,0,6.20098,0,0,0,
0.492644,0.120926,0.84312,0.654518,0.466217,-0.509812,-0.307147,0,0,0,0,0,0,0.424742,0.396174,0.67933,0.0490537,0.976499,-0.208644,0.022602,-0.178981,0.0799403,0.739144,0.694609,0.287715,0.609158,-0.25232,0,0,0,0,0,0,0,0.0018333,0.00280179,-0.00443813,-0.00409369,-20.0039,9.85617,-4.59674,7.86396,-1.05079,0.171719,-6.46885,2.23831,0,0,-12,0,0,0,0,0,6.20098,0,0,0,
0.492644,0.120926,0.84312,0.654518,0.466217,-0.509812,-0.307147,0,0,0,0,0,0,0.424742,0.396174,0.67933,0.0490537,0.976499,-0.208644,0.022602,-0.178981,0.0799403,0.739144,0.694609,0.287715,0.609158,-0.25232,0,0,0,0,0,0,0,0.00272067,0.00280233,-0.00443906,-0.00409461,-20.0074,9.85621,-4.60069,7.86486,-1.04996,0.172035,-6.46963,2.23856,0,0,-12,0,0,0,0,0,6.20098,0,0,0,
0.492644,0.120926,0.84312,0.654518,0.466217,-0.509812,-0.307147,0,0,0,0,0,0,0.424742,0.396174,0.67933,0.0490537,0.976499,-0.208644,0.022602,-0.178981,0.0799403,0.739144,0.694609,0.287715,0.609158,-0.25232,0,0,0,0,0,0,0,0.000186573,0.00280287,-0.00443999,-0.00409552,-20.0112,9.85607,-4.59364,7.86343,-1.05017,0.172124,-6.47028,2.23878,0,0,-12,0,0,0,0,0,6.20098,0,0,0,
0.492644,0.120926,0.84312,0.654518,0.466217,-0.509812,-0.307147,0,0,0,0,0,0,0.424742,0.396174,0.67933,0.0490537,0.976499,-0.208644,0.022602,-0.178981,0.0799403,0.739144,0.694609,0.287715,0.609158,-0.25232,0,0,0,0,0,0,0,-0.000971105,0.0028034,-0.00444092,-0.00409644,-20.015,9.856,-4.59105,7.86295,-1.04994,0.172314,-6.471,2.23901,0,0,-12,0,0,0,0,0,6.20098,0,0,0,
0.492644,0.120926,0.84312,0.654518,0.466217,-0.509812,-0.307147,0,0,0,0,0,0,0.424742,0.396174,0.67933,0.0490537,0.976499,-0.208644,0.022602,-0.178981,0.0799403,0.739144,0.694609,0.287715,0.609158,-0.25232,0,0,0,0,0,0,0,0.000592839,0.00280394,-0.00444185,-0.00409735,-20.0184,9.85607,-4.59719,7.8643,-1.04891,0.172678,-6.47182,2.23927,0,0,-12,0,0,0,0,0,6.20098,0,0,0,
0.492644,0.120926,0.84312,0.654518,0.466217,-0.509812,-0.307147,0,0,0,0,0,0,0.424742,0.396174,0.67933,0.0490537,0.976499,-0.208644,0.022602,-0.178981,0.0799403,0.739144,0.694609,0.287715,0.609158,-0.25232,0,0,0,0,0,0,0,0.00187948,0.00280448,-0.00444279,-0.00409827,-20.0221,9.85612,-4.6025,7.86548,-1.04793,0.173037,-6.47266,2.23954,0,0,-12,0,0,0,0,0,6.20098,0,0,0,
0.492644,0.120926,0.84312,0.654518,0.466217,-0.509812,-0.307147,0,0,0,0,0,0,0.424742,0.396174,0.67933,0.0490537,0.976499,-0.208644,0.022602,-0.178981,0.0799403,0.739144,0.694609,0.287715,0.609158,-0.25232,0,0,0,0,0,0,0,0.000913273,0.00280503,-0.00444374,-0.00409921,-20.0258,9.85606,-4.6005,7.86513,-1.04765,0.173235,-6.47338,2.23977,0,0,-12,0,0,0,0,0,6.20098,0,0,0,
0.492644,0.120926,0.84312,0.654518,0.466217,-0.509812,-0.307147,0,0,0,0,0,0,0.424742,0.396174,0.67933,0.0490537,0.976499,-0.208644,0.022602,-0.178981,0.0799403,0.739144,0.694609,0.287715,0.609158,-0.25232,0,0,0,0,0,0,0,0.000782056,0.00280556,-0.00444467,-0.00410012,-20.0294,9.85605,-4.6012,7.86533,-1.04712,0.173487,-6.47413,2.24002,0,0,-12,0,0,0,0,0,6.20098,0,0,0,
0.492644,0.120926,0.84312,0.654518,0.466217,-0.509812,-0.307147,0,0,0,0,0,0,0.424742,0.396174,0.67933,0.0490537,0.976499,-0.208644,0.022602,-0.178981,0.0799403,0.739144,0.694609,0.287715,0.609158,-0.25232,0,0,0,0,0,0,0,0.00370689,0.00280609,-0.00444559,-0.00410102,-20.033,9.85619,-4.6118,7.86763,-1.04564,0.173962,-6.47506,2.24031,0,0,-12,0,0,0,0,0,6.20098,0,0,0,
0.492644,0.120926,0.84312,0.654518,0.466217,-0.509812,-0.307147,0,0,0,0,0,0,0.424742,0.396174,0.67933,0.0490537,0.976499,-0.208644,0.022602,-0.178981,0.0799403,0.739144,0.694609,0.287715,0.609158,-0.25232,0,0,0,0,0,0,0,0.0017289,0.00280663,-0.00444654,-0.00410192,-20.0343,9.85609,-4.60578,7.86638,-1.04606,0.17391,-6.47521,2.24036,0,0,-12,0,0,0,0,0,6.20098,0,0,0,
0.492644,0.120926,0.84312,0.654518,0.466217,-0.509812,-0.307147,0,0,0,0,0,0,0.424742,0.396174,0.67933,0.0490537,0.976499,-0.208644,0.022602,-0.178981,0.0799403,0.739144,0.694609,0.287715,0.609158,-0.25232,0,0,0,0,0,0,0,0.0032246,0.00280718,-0.00444748,-0.00410289,-20.0404,9.85615,-4.61249,7.8679,-1.04464,0.174457,-6.47656,2.24079,0,0,-12,0,0,0,0,0,6.20098,0,0,0,
0.492644,0.120926,0.84312,0.654518,0.466217,-0.509812,-0.307147,0,0,0,0,0,0,0.424742,0.396174,0.67933,0.0490537,0.976499,-0.208644,0.022602,-0.178981,0.0799403,0.739144,0.694609,0.287715,0.609158,-0.25232,0,0,0,0,0,0,0,-3.5737e-05,0.00280772,-0.00444842,-0.0041038,-20.044,9.85597,-4.60303,7.86597,-1.04511,0.174479,-6.47713,2.24099,0,0,-12,0,0,0,0,0,6.20098,0,0,0,
0.492644,0.120926,0.84312,0.654518,0.466217,-0.509812,-0.307147,0,0,0,0,0,0,0.424742,0.396174,0.67933,0.0490537,0.976499,-0.208644,0.022602,-0.178981,0.0799403,0.739144,0.694609,0.287715,0.609158,-0.25232,0,0,0,0,0,0,0,0.000964635,0.00280825,-0.00444934,-0.00410471,-20.0476,9.85601,-4.60738,7.86695,-1.04423,0.174813,-6.47794,2.24125,0,0,-12,0,0,0,0,0,6.20098,0,0,0,
0.492644,0.120926,0.84312,0.654518,0.466217,-0.509812,-0.307147,0,0,0,0,0,0,0.424742,0.396174,0.67933,0.0490537,0.976499,-0.208644,0.022602,-0.178981,0.0799403,0.739144,0.694609,0.287715,0.609158,-0.25232,0,0,0,0,0,0,0,0.00411354,0.00280879,-0.00445027,-0.00410563,-20.0517,9.85616,-4.61885,7.86944,-1.0426,0.175336,-6.47897,2.24157,0,0,-12,0,0,0,0,0,6.20098,0,0,0,
0.492644,0.120926,0.84312,0.654518,0.466217,-0.509812,-0.307147,0,0,0,0,0,0,0.424742,0.396174,0.67933,0.0490537,0.976499,-0.208644,0.022602,-0.178981,0.0799403,0.739144,0.694609,0.287715,0.609158,-0.25232,0,0,0,0,0,0,0,-0.000212639,0.00280934,-0.00445123,-0.00410657,-20.055,9.85593,-4.60584,7.86674,-1.04344,0.175261,-6.47941,2.24173,0,0,-12,0,0,0,0,0,6.20098,0,0,0,
0.492644,0.120926,0.84312,0.654518,0.466217,-0.509812,-0.307147,0,0,0,0,0,0,0.424742,0.396174,0.67933,0.0490537,0.976499,-0.208644,0.022602,-0.178981,0.0799403,0.739144,0.694609,0.287715,0.609158,-0.25232,0,0,0,0,0,0,0,0.000100232,0.00280989,-0.00445217,-0.00410749,-20.0585,9.85594,-4.60792,7.86724,-1.0428,0.175534,-6.48016,2.24197,0,0,-12,0,0,0,0,0,6.20098,0,0,0,
0.492644,0.120926,0.84312,0.654518,0.466217,-0.509812,-0.307147,0,0,0,0,0,0,0.424742,0.396174,0.67933,0.0490537,0.976499,-0.208644,0.022602,-0.178981,0.0799403,0.739144,0.694609,0.287715,0.609158,-0.25232,0,0,0,0,0,0,0,0.00157251,0.00281042,-0.00445312,-0.00410838,-20.0598,9.85601,-4.6131,7.86836,-1.04213,0.175735,-6.48051,2.24208,0,0,-12,0,0,0,0,0,6.20098,0,0,0,
0.492644,0.120926,0.84312,0.654518,0.466217,-0.509812,-0.307147,0,0,0,0,0,0,0.424742,0.396174,0.67933,0.0490537,0.976499,-0.208644,0.022602,-0.178981,0.0799403,0.739144,0.694609,0.287715,0.609158,-0.25232,0,0,0,0,0,0,0,0.00130919,0.00281095,-0.00445402,-0.00410932,-20.0661,9.85598,-4.61418,7.86869,-1.04124,0.17617,-6.48181,2.2425,0,0,-12,0,0,0,0,0,6.20098,0,0,0,
0.492644,0.120926,0.84312,0.654518,0.466217,-0.509812,-0.307147,0,0,0,0,0,0,0.424742,0.396174,0.67933,0.0490537,0.976499,-0.208644,0.022602,-0.178981,0.0799403,0.739144,0.694609,0.287715,0.609158,-0.25232,0,0,0,0,0,0,0,0.00228477,0.00281149,-0.00445496,-0.00411023,-20.0696,9.85602,-4.61844,7.86965,-1.04037,0.176497,-6.48261,2.24275,0,0,-12,0,0,0,0,0,6.20098,0,0,0,
0.492644,0.120926,0.84312,0.654518,0.466217,-0.509812,-0.307147,-1.68564e-06,-3.48665e-07,1.12889e-07,1.25439e-07,-2.17099e-06,-4.83221e-06,0.424742,0.396174,0.67933,0.049054,0.976499,-0.208644,0.0226021,-0.178981,0.0799403,0.739144,0.694609,0.287715,0.609158,-0.25232,0,0,0,0,0,0,0,-0.000849122,0.00272441,-0.00456639,-0.00311438,-20.0646,9.85587,-4.60669,7.86713,-1.04219,0.17605,-6.48127,2.24237,0,0,-12,0,0,0,0,0,6.20098,0,0,0,
0.492644,0.120926,0.84312,0.654518,0.466217,-0.509812,-0.307147,-1.68564e-06,-3.48665e-07,1.12889e-07,1.25439e-07,-2.17099e-06,-4.83221e-06,0.424742,0.396174,0.67933,0.049054,0.976499,-0.208644,0.0226021,-0.178981,0.0799403,0.739144,0.694609,0.287715,0.609158,-0.25232,0,0,0,0,0,0,0,0.000599006,0.00281133,-0.00445905,-0.00409266,-20.077,9.85591,-4.61523,7.8691,-1.03975,0.17691,-6.48405,2.24322,0,0,-12,0,0,0,0,0,6.20098,0,0,0,
0.492644,0.120926,0.84312,0.654518,0.466217,-0.509812,-0.307147,0,0,0,0,0,0,0.424742,0.396174,0.67933,0.0490537,0.976499,-0.208644,0.022602,-0.178981,0.0799403,0.739144,0.694609,0.287715,0.609158,-0.25232,0,0,0,0,0,0,0,0.0044173,0.00290186,-0.00434668,-0.0051167,-20.0847,9.8561,-4.63005,7.87231,-1.03729,0.177604,-6.48601,2.2438,0,0,-12,0,0,0,0,0,6.20098,0,0,0,
0.492644,0.120926,0.84312,0.654518,0.466217,-0.509812,-0.307147,0,0,0,0,0,0,0.424742,0.396174,0.67933,0.0490537,0.976499,-0.208644,0.022602,-0.178981,0.0799403,0.739144,0.694609,0.287715,0.609158,-0.25232,0,0,0,0,0,0,0,0.00225755,0.00281373,-0.00445884,-0.00411404,-20.0853,9.85598,-4.62319,7.87092,-1.03792,0.177631,-6.48589,2.24381,0,0,-12,0,0,0,0,0,6.20098,0,0,0,
0.492644,0.120926,0.84312,0.654518,0.466217,-0.509812,-0.307147,0,0,0,0,0,0,0.424742,0.396174,0.67933,0.0490537,0.976499,-0.208644,0.022602,-0.178981,0.0799403,0.739144,0.694609,0.287715,0.609158,-0.25232,0,0,0,0,0,0,0,0.00457467,0.00281429,-0.0044606,-0.00411417,-19.9915,9.85636,-4.60183,7.86485,-1.05185,0.171026,-6.46644,2.23752,0,0,-12,0,0,0,0,0,6.20098,0,0,0,
0.492644,0.120926,0.84312,0.654518,0.466217,-0.509812,-0.307147,0,0,0,0,0,0,0.424742,0.396174,0.67933,0.0490537,0.976499,-0.208644,0.022602,-0.178981,0.0799403,0.739144,0.694609,0.287715,0.609158,-0.25232,0,0,0,0,0,0,0,0.00461373,0.00281482,-0.00446424,-0.00411221,-19.657,9.85731,-4.49893,7.83757,-1.10413,0.146864,-6.39657,2.21496,0,0,-12,0,0,0,0,0,6.20098,0,0,0,
0.492644,0.120926,0.84312,0.654518,0.466217,-0.509812,-0.307147,0,0,0,0,0,0,0.424742,0.396174,0.67933,0.0490537,0.976499,-0.208644,0.022602,-0.178981,0.0799403,0.739144,0.694609,0.287715,0.609158,-0.25232,0,0,0,0,0,0,0,0.00134005,0.00281537,-0.00446582,-0.00411249,-19.5781,9.85736,-4.46398,7.82888,-1.11751,0.14092,-6.37988,2.20959,0,0,-12,0,0,0,0,0,6.20098,0,0,0,
0.492644,0.120926,0.84312,0.654518,0.466217,-0.509812,-0.307147,0,0,0,0,0,0,0.424742,0.396174,0.67933,0.0490537,0.976499,-0.208644,0.022602,-0.178981,0.0799403,0.739144,0.694609,0.287715,0.609158,-0.25232,0,0,0,0,0,0,0,0.00123156,0.00281593,-0.00446723,-0.00411297,-19.5216,9.85752,-4.44624,7.8242,-1.12637,0.136832,-6.36807,2.20578,0,0,-12,0,0,0,0,0,6.20098,0,0,0,
0.492644,0.120926,0.84312,0.654518,0.466217,-0.509812,-0.307147,0,0,0,0,0,0,0.424742,0.396174,0.67933,0.049054,0.976499,-0.208644,0.0226021,-0.178981,0.0799403,0.739144,0.694609,0.287715,0.609158,-0.25232,0,0,0,0,0,0,0,-0.0011289,0.00272808,-0.00458042,-0.00310751,-19.3875,9.85777,-4.39722,7.81167,-1.14814,0.127112,-6.3398,2.1967,0,0,-12,0,0,0,0,0,6.20098,0,0,0,
0.492644,0.120926,0.84312,0.654518,0.466217,-0.509812,-0.307147,1.68309e-06,3.4814e-07,-1.12719e-07,-1.25249e-07,2.16771e-06,4.82492e-06,0.424742,0.396174,0.67933,0.0490537,0.976499,-0.208644,0.022602,-0.178981,0.0799403,0.739144,0.694609,0.287715,0.609158,-0.25232,0,0,0,0,0,0,0,0.00248943,0.0029071,-0.00436019,-0.00512992,-19.0547,9.85891,-4.30651,7.7869,-1.19894,0.103041,-6.2707,2.17429,0,0,-12,0,0,0,0,0,6.20098,0,0,0,
0.492644,0.120926,0.84312,0.654518,0.466217,-0.509812,-0.307147,0,0,0,0,0,0,0.424742,0.396174,0.67933,0.0490537,0.976499,-0.208644,0.022602,-0.178981,0.0799403,0.739144,0.694609,0.287715,0.609158,-0.25232,0,0,0,0,0,0,0,0.000552958,0.00281758,-0.00447245,-0.0041133,-19.2182,9.85834,-4.35058,7.79897,-1.17402,0.114862,-6.30465,2.1853,0,0,-12,0,0,0,0,0,6.20098,0,0,0,
0.492644,0.120926,0.84312,0.654518,0.466217,-0.509812,-0.307147,0,0,0,0,0,0,0.424742,0.396174,0.67933,0.0490537,0.976499,-0.208644,0.022602,-0.178981,0.0799403,0.739144,0.694609,0.287715,0.609158,-0.25232,0,0,0,0,0,0,0,-0.000308469,0.00281812,-0.0044757,-0.00411177,-18.926,9.85912,-4.25778,7.77453,-1.21997,0.09369,-6.24356,2.16558,0,0,-12,0,0,0,0,0,6.20098,0,0,0,
0.492644,0.120926,0.84312,0.654518,0.466217,-0.509812,-0.307147,0,0,0,0,0,0,0.424742,0.396174,0.67933,0.0490537,0.976499,-0.208644,0.022602,-0.178981,0.0799403,0.739144,0.694609,0.287715,0.609158,-0.25232,0,0,0,0,0,0,0,-0.00304693,0.00281868,-0.00447794,-0.00411141,-18.762,9.85945,-4.19836,7.75925,-1.24649,0.0816358,-6.20912,2.15447,0,0,-12,0,0,0,0,0,6.20098,0,0,0,
0.492644,0.120926,0.84312,0.654518,0.466217,-0.509812,-0.307147,0,0,0,0,0,0,0.424742,0.396174,0.67933,0.0490537,0.976499,-0.208644,0.022602,-0.178981,0.0799403,0.739144,0.694609,0.287715,0.609158,-0.25232,0,0,0,0,0,0,0,-0.00170892,0.00281922,-0.00448012,-0.00411101,-18.5988,9.85998,-4.15244,7.74685,-1.27158,0.0699459,-6.17511,2.14349,0,0,-12,0,0,0,0,0,6.20098,0,0,0,
0.492644,0.120926,0.84312,0.654518,0.466217,-0.509812,-0.307147,-1.68564e-06,-3.48665e-07,1.12889e-07,1.25439e-07,-2.17099e-06,-4.83221e-06,0.424742,0.396174,0.67933,0.049054,0.976499,-0.208644,0.0226021,-0.178981,0.0799403,0.739144,0.694609,0.287715,0.609158,-0.25232,0,0,0,0,0,0,0,0.00109166,0.0027285,-0.00459448,-0.00307511,-18.6888,9.85986,-4.18922,7.75616,-1.25667,0.0768028,-6.19396,2.14961,0,0,-12,0,0,0,0,0,6.20098,0,0,0,
0.492644,0.120926,0.84312,0.654518,0.466217,-0.509812,-0.307147,-1.68566e-06,-3.48669e-07,1.1289e-07,1.2544e-07,-2.17101e-06,-4.83226e-06,0.424742,0.396174,0.67933,0.049054,0.976499,-0.208644,0.0226021,-0.178981,0.0799403,0.739144,0.694609,0.287715,0.609158,-0.25232,0,0,0,0,0,0,0,-0.00456056,0.00281904,-0.00448462,-0.00409277,-18.5088,9.86008,-4.11545,7.73755,-1.28655,0.0632348,-6.15613,2.13737,0,0,-12,0,0,0,0,0,6.20098,0,0,0,
0.492644,0.120926,0.84312,0.654518,0.466217,-0.509812,-0.307147,1.68309e-06,3.4814e-07,-1.12719e-07,-1.25249e-07,2.16771e-06,4.82492e-06,0.424742,0.396174,0.67933,0.0490537,0.976499,-0.208644,0.022602,-0.178981,0.0799403,0.739144,0.694609,0.287715,0.609158,-0.25232,0,0,0,0,0,0,0,-0.000857059,0.00291086,-0.00437087,-0.00513231,-18.5771,9.86009,-4.14854,7.74562,-1.27466,0.0682909,-6.17073,2.14203,0,0,-12,0,0,0,0,0,6.20098,0,0,0,
0.492645,0.120926,0.84312,0.654518,0.466217,-0.509812,-0.307147,9.22262e-07,2.42895e-06,-3.53073e-07,3.45426e-07,6.31964e-07,5.24986e-06,0.424742,0.396174,0.67933,0.0490534,0.976499,-0.208644,0.0226021,-0.178981,0.0799403,0.739144,0.694609,0.287715,0.609158,-0.25232,0,0,0,0,0,0,0,-0.00135308,0.00305395,-0.00460844,-0.00436595,-18.2619,9.8613,-4.04957,7.71987,-1.32417,0.0456032,-6.10478,2.12074,0,0,-12,0,0,0,0,0,6.20098,0,0,0,
0.492644,0.120926,0.84312,0.654518,0.466217,-0.509812,-0.307147,-7.60143e-07,2.08263e-06,-2.40618e-07,4.70934e-07,-1.53527e-06,4.28866e-07,0.424742,0.396174,0.67933,0.0490537,0.976499,-0.208644,0.0226021,-0.178981,0.0799403,0.739144,0.694609,0.287715,0.609158,-0.25232,0,0,0,0,0,0,0,0.00232527,0.00273498,-0.00460319,-0.0030915,-18.0885,9.86162,-4.00832,7.708,-1.35014,0.0335198,-6.06862,2.10914,0,0,-12,0,0,0,0,0,6.20098,0,0,0,
0.492644,0.120926,0.84312,0.654518,0.466217,-0.509812,-0.307147,-1.68437e-06,-3.48402e-07,1.12804e-07,1.25344e-07,-2.16935e-06,-4.82856e-06,0.424742,0.396174,0.67933,0.049054,0.976499,-0.208644,0.0226021,-0.178981,0.0799403,0.739144,0.694609,0.287715,0.609158,-0.25232,0,0,0,0,0,0,0,0.00961007,0.00259168,-0.00436999,-0.00384543,-18.2582,9.86118,-4.08455,7.72654,-1.32121,0.0462062,-6.10461,2.12074,0,0,-12,0,0,0,0,0,6.20098,0,0,0,
0.492644,0.120926,0.84312,0.654518,0.466217,-0.509812,-0.307147,0,0,0,0,0,0,0.424742,0.396174,0.67933,0.0490537,0.976499,-0.208644,0.022602,-0.178981,0.0799403,0.739144,0.694609,0.287715,0.609158,-0.25232,0,0,0,0,0,0,0,0.00181487,0.00291277,-0.00437659,-0.00513182,-18.3798,9.86079,-4.09645,7.73135,-1.30466,0.0542344,-6.12967,2.12876,0,0,-12,0,0,0,0,0,6.20098,0,0,0,
0.492644,0.120926,0.84312,0.654518,0.466217,-0.509812,-0.307147,0,0,0,0,0,0,0.424742,0.396174,0.67933,0.0490537,0.976499,-0.208644,0.022602,-0.178981,0.0799403,0.739144,0.694609,0.287715,0.609158,-0.25232,0,0,0,0,0,0,0,0.000178944,0.00282355,-0.00449057,-0.00411525,-18.1482,9.86135,-4.01976,7.71136,-1.34143,0.0375274,-6.08108,2.11313,0,0,-12,0,0,0,0,0,6.20098,0,0,0,
0.492644,0.120926,0.84312,0.654518,0.466217,-0.509812,-0.307147,1.68311e-06,3.48143e-07,-1.1272e-07,-1.25251e-07,2.16773e-06,4.82496e-06,0.424742,0.396174,0.67933,0.0490537,0.976499,-0.208644,0.022602,-0.178981,0.0799403,0.739144,0.694609,0.287715,0.609158,-0.25232,0,0,0,0,0,0,0,0.00116888,0.00282408,-0.00449083,-0.00411686,-18.2189,9.8612,-4.04476,7.71782,-1.33006,0.0427099,-6.09591,2.11791,0,0,-12,0,0,0,0,0,6.20098,0,0,0,
0.492644,0.120926,0.84312,0.654518,0.466217,-0.509812,-0.307147,0,0,0,0,0,0,0.424742,0.396174,0.67933,0.049054,0.976499,-0.208644,0.0226021,-0.178981,0.0799403,0.739144,0.694609,0.287715,0.609158,-0.25232,0,0,0,0,0,0,0,0.00563453,0.00273447,-0.00460378,-0.00309242,-18.1968,9.86149,-4.05245,7.71913,-1.33214,0.041594,-6.09147,2.11651,0,0,-12,0,0,0,0,0,6.20098,0,0,0,
0.492644,0.120926,0.84312,0.654518,0.466217,-0.509812,-0.307147,0,0,0,0,0,0,0.424742,0.396174,0.67933,0.0490537,0.976499,-0.208644,0.022602,-0.178981,0.0799403,0.739144,0.694609,0.287715,0.609158,-0.25232,0,0,0,0,0,0,0,0.00430555,0.00291334,-0.00438465,-0.00511539,-18.1022,9.8617,-4.01904,7.71041,-1.34726,0.0343682,-6.07184,2.11009,0,0,-12,0,0,0,0,0,6.20098,0,0,0,
0.492644,0.120926,0.84312,0.654518,0.466217,-0.509812,-0.307147,-9.20862e-07,-2.42526e-06,3.52537e-07,-3.44901e-07,-6.31004e-07,-5.24188e-06,0.424742,0.396174,0.67933,0.0490537,0.976499,-0.208644,0.022602,-0.178981,0.0799403,0.739144,0.694609,0.287715,0.609158,-0.25232,0,0,0,0,0,0,0,0.00463369,0.00282572,-0.00449382,-0.00411948,-18.1685,9.86153,-4.04048,7.71608,-1.33685,0.0393217,-6.08559,2.11457,0,0,-12,0,0,0,0,0,6.20098,0,0,0,
0.492644,0.120926,0.84312,0.654518,0.466217,-0.509812,-0.307147,-9.20862e-07,-2.42526e-06,3.52537e-07,-3.44901e-07,-6.31004e-07,-5.24188e-06,0.424742,0.396174,0.67933,0.0490537,0.976499,-0.208644,0.022602,-0.178981,0.0799403,0.739144,0.694609,0.287715,0.609158,-0.25232,0,0,0,0,0,0,0,0.00318424,0.00282625,-0.00449575,-0.00411933,-18.0335,9.86183,-3.99419,7.70407,-1.35841,0.0294613,-6.0573,2.10544,0,0,-12,0,0,0,0,0,6.20098,0,0,0,
0.492644,0.120926,0.84312,0.654518,0.466217,-0.509812,-0.307147,0,0,0,0,0,0,0.424742,0.396174,0.67933,0.049054,0.976499,-0.208644,0.0226021,-0.178981,0.0799403,0.739144,0.694609,0.287715,0.609158,-0.25232,0,0,0,0,0,0,0,0.00274865,0.00273413,-0.00461137,-0.00306653,-18.0059,9.86188,-3.98427,7.70156,-1.3629,0.0275926,-6.05141,2.10358,0,0,-12,0,0,0,0,0,6.20098,0,0,0,
0.492644,0.120926,0.84312,0.654518,0.466217,-0.509812,-0.307147,0,0,0,0,0,0,0.424742,0.396174,0.67933,0.049054,0.976499,-0.208644,0.0226021,-0.178981,0.0799403,0.739144,0.694609,0.287715,0.609158,-0.25232,0,0,0,0,0,0,0,0.00245013,0.00282606,-0.00450035,-0.0041009,-17.9211,9.86211,-3.95719,7.69439,-1.37622,0.0212911,-6.03377,2.09785,0,0,-12,0,0,0,0,0,6.20098,0,0,0,
0.492644,0.120926,0.84312,0.654518,0.466217,-0.509812,-0.307147,-2.60778e-06,-2.77419e-06,4.65511e-07,-2.19368e-07,-2.80363e-06,-1.00778e-05,0.424742,0.396173,0.67933,0.0490542,0.976499,-0.208644,0.0226021,-0.178981,0.0799403,0.739144,0.694609,0.287715,0.609158,-0.25232,0,0,0,0,0,0,0,0.00206504,0.00262283,-0.00439396,-0.00387957,-17.9108,9.86182,-3.953,7.69304,-1.37792,0.0205455,-6.03157,2.09718,0,0,-12,0,0,0,0,0,6.20097,0,0,0,
0.492644,0.120926,0.84312,0.654518,0.466217,-0.509812,-0.307147,-1.68692e-06,-3.48929e-07,1.12974e-07,1.25534e-07,-2.17263e-06,-4.83587e-06,0.424742,0.396174,0.67933,0.049054,0.976499,-0.208644,0.0226021,-0.178981,0.0799403,0.739144,0.694609,0.287715,0.609158,-0.25232,0,0,0,0,0,0,0,-0.00214282,0.00301947,-0.00460392,-0.00431054,-17.7874,9.86255,-3.90089,7.68056,-1.39859,0.0112711,-6.0056,2.08873,0,0,-12,0,0,0,0,0,6.20098,0,0,0,
0.492644,0.120926,0.84312,0.654518,0.466217,-0.509812,-0.307147,1.68692e-06,3.4893e-07,-1.12975e-07,-1.25534e-07,2.17263e-06,4.83587e-06,0.424742,0.396174,0.67933,0.0490537,0.976499,-0.208644,0.022602,-0.178981,0.0799403,0.739144,0.694609,0.287715,0.609158,-0.25232,0,0,0,0,0,0,0,-0.00332403,0.00292081,-0.00439062,-0.00516046,-17.6172,9.86268,-3.84486,7.66558,-1.42551,-0.00124335,-5.97005,2.07725,0,0,-12,0,0,0,0,0,6.20098,0,0,0,
0.492645,0.120926,0.84312,0.654518,0.466217,-0.509812,-0.307147,9.22253e-07,2.42893e-06,-3.5307e-07,3.45422e-07,6.31958e-07,5.24981e-06,0.424742,0.396174,0.67933,0.0490534,0.976499,-0.208644,0.0226021,-0.178981,0.0799403,0.739144,0.694609,0.287715,0.609158,-0.25232,0,0,0,0,0,0,0,-0.00215191,0.00305777,-0.00462364,-0.00437169,-17.7205,9.86279,-3.8802,7.67513,-1.40907,0.00642717,-5.99162,2.08421,0,0,-12,0,0,0,0,0,6.20098,0,0,0,
0.492644,0.120926,0.84312,0.654518,0.466217,-0.509812,-0.307147,-7.60824e-07,2.08079e-06,-2.40352e-07,4.70671e-07,-1.53573e-06,4.24942e-07,0.424742,0.396174,0.67933,0.0490537,0.976499,-0.208644,0.0226021,-0.178981,0.0799403,0.739144,0.694609,0.287715,0.609158,-0.25232,0,0,0,0,0,0,0,-0.00285597,0.00274127,-0.0046204,-0.00308197,-17.5997,9.86274,-3.84093,7.66456,-1.42819,-0.00217251,-5.9662,2.07609,0,0,-12,0,0,0,0,0,6.20098,0,0,0,
0.492644,0.120926,0.84312,0.654518,0.466217,-0.509812,-0.307147,-7.6016e-07,2.08262e-06,-2.40617e-07,4.70935e-07,-1.53529e-06,4.28818e-07,0.424742,0.396174,0.67933,0.0490537,0.976499,-0.208644,0.0226021,-0.178981,0.0799403,0.739144,0.694609,0.287715,0.609158,-0.25232,0,0,0,0,0,0,0,0.0027704,0.00283247,-0.00451109,-0.00410801,-17.4943,9.86334,-3.82678,7.65978,-1.44284,-0.00951741,-5.94464,2.06907,0,0,-12,0,0,0,0,0,6.20098,0,0,0,
0.492645,0.120926,0.84312,0.654518,0.466217,-0.509812,-0.307147,2.60732e-06,2.77917e-06,-4.66141e-07,2.20339e-07,2.80178e-06,1.00823e-05,0.424742,0.396174,0.67933,0.0490534,0.976499,-0.208644,0.0226021,-0.178981,0.0799403,0.739144,0.694609,0.287715,0.609158,-0.25232,0,0,0,0,0,0,0,0.00193581,0.0029258,-0.00439793,-0.00516453,-17.5177,9.86324,-3.83131,7.66107,-1.43939,-0.00804048,-5.94959,2.07063,0,0,-12,0,0,0,0,0,6.20098,0,0,0,
0.492644,0.120926,0.84312,0.654518,0.466217,-0.509812,-0.307147,1.68437e-06,3.48403e-07,-1.12804e-07,-1.25344e-07,2.16935e-06,4.82856e-06,0.424742,0.396174,0.67933,0.0490537,0.976499,-0.208644,0.022602,-0.178981,0.0799403,0.739144,0.694609,0.287715,0.609158,-0.25232,0,0,0,0,0,0,0,0.00400007,0.00260589,-0.00438834,-0.00388169,-17.7004,9.86248,-3.8945,7.67717,-1.4102,0.00548596,-5.98773,2.08302,0,0,-12,0,0,0,0,0,6.20098,0,0,0,
0.492644,0.120926,0.84312,0.654518,0.466217,-0.509812,-0.307147,-7.61414e-07,2.08237e-06,-2.40533e-07,4.71027e-07,-1.53691e-06,4.2522e-07,0.424742,0.396174,0.67933,0.049054,0.976499,-0.208644,0.0226021,-0.178981,0.0799403,0.739144,0.694609,0.287715,0.609158,-0.25232,0,0,0,0,0,0,0,-0.000914743,0.00274008,-0.00462242,-0.00307812,-17.4479,9.86327,-3.80047,7.6535,-1.45131,-0.0129969,-5.9346,2.06588,0,0,-12,0,0,0,0,0,6.20098,0,0,0,
0.492644,0.120926,0.84312,0.654518,0.466217,-0.509812,-0.307147,2.60732e-06,2.77917e-06,-4.66141e-07,2.2034e-07,2.80178e-06,1.00823e-05,0.424742,0.396174,0.67933,0.0490537,0.976499,-0.208644,0.022602,-0.178981,0.0799403,0.739144,0.694609,0.287715,0.609158,-0.25232,0,0,0,0,0,0,0,-0.00251212,0.002923,-0.00440125,-0.00514757,-17.3653,9.86344,-3.76992,7.64558,-1.46462,-0.0193756,-5.91749,2.06028,0,0,-12,0,0,0,0,0,6.20098,0,0,0,
0.492644,0.120926,0.84312,0.654518,0.466217,-0.509812,-0.307147,1.68437e-06,3.48403e-07,-1.12804e-07,-1.25344e-07,2.16935e-06,4.82856e-06,0.424742,0.396174,0.67933,0.0490537,0.976499,-0.208644,0.022602,-0.178981,0.0799403,0.739144,0.694609,0.287715,0.609158,-0.25232,0,0,0,0,0,0,0,0.00424585,0.00283325,-0.00451318,-0.00412561,-17.2227,9.86419,-3.7479,7.63861,-1.48484,-0.0290362,-5.88798,2.05077,0,0,-12,0,0,0,0,0,6.20098,0,0,0,
0.492644,0.120926,0.84312,0.654518,0.466217,-0.509812,-0.307147,-1.68692e-06,-3.48929e-07,1.12974e-07,1.25534e-07,-2.17263e-06,-4.83587e-06,0.424742,0.396174,0.67933,0.049054,0.976499,-0.208644,0.0226021,-0.178981,0.0799403,0.739144,0.694609,0.287715,0.609158,-0.25232,0,0,0,0,0,0,0,0.00372958,0.00274453,-0.00462284,-0.00311126,-17.2361,9.86411,-3.75033,7.6394,-1.48295,-0.0279594,-5.89064,2.05168,0,0,-12,0,0,0,0,0,6.20098,0,0,0,
0.492644,0.120926,0.84312,0.654518,0.466217,-0.509812,-0.307147,-2.61045e-06,-2.77812e-06,4.66129e-07,-2.19793e-07,-2.80623e-06,-1.00893e-05,0.424742,0.396174,0.67933,0.049054,0.976499,-0.208644,0.0226021,-0.178981,0.0799403,0.739144,0.694609,0.287715,0.609158,-0.25232,0,0,0,0,0,0,0,0.000670476,0.00283306,-0.00451614,-0.0041089,-17.306,9.86377,-3.76195,7.64297,-1.47294,-0.0232776,-5.90517,2.05633,0,0,-12,0,0,0,0,0,6.20098,0,0,0,
0.492644,0.120926,0.84312,0.654518,0.466217,-0.509812,-0.307147,-9.21558e-07,-2.42709e-06,3.52803e-07,-3.45161e-07,-6.3148e-07,-5.24584e-06,0.424742,0.396174,0.67933,0.049054,0.976499,-0.208644,0.0226021,-0.178981,0.0799403,0.739144,0.694609,0.287715,0.609158,-0.25232,0,0,0,0,0,0,0,0.00239442,0.0028336,-0.00451714,-0.00410974,-17.2864,9.86391,-3.76152,7.64255,-1.47545,-0.0245647,-5.90119,2.05504,0,0,-12,0,0,0,0,0,6.20098,0,0,0,
0.492644,0.120926,0.84312,0.654518,0.466217,-0.509812,-0.307147,-9.21558e-07,-2.4271e-06,3.52803e-07,-3.45161e-07,-6.3148e-07,-5.24584e-06,0.424742,0.396174,0.67933,0.0490537,0.976499,-0.208644,0.022602,-0.178981,0.0799403,0.739144,0.694609,0.287715,0.609158,-0.25232,0,0,0,0,0,0,0,0.00874267,0.00292682,-0.00440802,-0.0051619,-16.9431,9.86522,-3.67642,7.61884,-1.52707,-0.0490519,-5.82996,2.03198,0,0,-12,0,0,0,0,0,6.20098,0,0,0,
0.492644,0.120926,0.84312,0.654518,0.466217,-0.509812,-0.307147,0,0,0,0,0,0,0.424742,0.396174,0.67933,0.0490537,0.976499,-0.208644,0.022602,-0.178981,0.0799403,0.739144,0.694609,0.287715,0.609158,-0.25232,0,0,0,0,0,0,0,0.00298341,0.00283595,-0.00451834,-0.00412968,-17.098,9.86448,-3.70539,7.62757,-1.50473,-0.0381394,-5.86185,2.04234,0,0,-12,0,0,0,0,0,6.20098,0,0,0,
0.492644,0.120926,0.84312,0.654518,0.466217,-0.509812,-0.307147,0,0,0,0,0,0,0.424742,0.396174,0.67933,0.049054,0.976499,-0.208644,0.0226021,-0.178981,0.0799403,0.739144,0.694609,0.287715,0.609158,-0.25232,0,0,0,0,0,0,0,0.00284199,0.0027446,-0.00462951,-0.00308681,-17.2404,9.86406,-3.74877,7.63915,-1.48255,-0.027708,-5.89149,2.05195,0,0,-12,0,0,0,0,0,6.20098,0,0,0,
0.492644,0.120926,0.84312,0.654518,0.466217,-0.509812,-0.307147,0,0,0,0,0,0,0.424742,0.396174,0.67933,0.0490537,0.976499,-0.208644,0.022602,-0.178981,0.0799403,0.739144,0.694609,0.287715,0.609158,-0.25232,0,0,0,0,0,0,0,-0.00435458,0.00292649,-0.00441381,-0.00514229,-16.8752,9.86473,-3.61298,7.60432,-1.54182,-0.054917,-5.81499,2.02719,0,0,-12,0,0,0,0,0,6.20098,0,0,0,
0.492644,0.120926,0.84312,0.654518,0.466217,-0.509812,-0.307147,0,0,0,0,0,0,0.424742,0.396174,0.67933,0.0490537,0.976499,-0.208644,0.022602,-0.178981,0.0799403,0.739144,0.694609,0.287715,0.609158,-0.25232,0,0,0,0,0,0,0,-0.00113442,0.00283758,-0.00452288,-0.00413063,-16.8465,9.86497,-3.61456,7.60422,-1.54535,-0.0566099,-5.80907,2.02531,0,0,-12,0,0,0,0,0,6.20098,0,0,0,
0.492644,0.120926,0.84312,0.654518,0.466217,-0.509812,-0.307147,0,0,0,0,0,0,0.424742,0.396174,0.67933,0.049054,0.976499,-0.208644,0.0226021,-0.178981,0.0799403,0.739144,0.694609,0.287715,0.609158,-0.25232,0,0,0,0,0,0,0,0.00343977,0.00274651,-0.00463491,-0.00308923,-16.7895,9.86536,-3.61181,7.60274,-1.55287,-0.0602441,-5.79732,2.02155,0,0,-12,0,0,0,0,0,6.20098,0,0,0,
0.492644,0.120926,0.84312,0.654518,0.466217,-0.509812,-0.307147,1.68437e-06,3.48403e-07,-1.12804e-07,-1.25344e-07,2.16935e-06,4.82856e-06,0.424742,0.396174,0.67933,0.0490537,0.976499,-0.208644,0.022602,-0.178981,0.0799403,0.739144,0.694609,0.287715,0.609158,-0.25232,0,0,0,0,0,0,0,0.00213745,0.00292931,-0.00441564,-0.00515856,-16.8252,9.86521,-3.61864,7.60468,-1.5476,-0.0580586,-5.80492,2.02392,0,0,-12,0,0,0,0,0,6.20098,0,0,0,
0.492644,0.120926,0.84312,0.654518,0.466217,-0.509812,-0.307147,0,0,0,0,0,0,0.424742,0.396174,0.67933,0.0490537,0.976499,-0.208644,0.022602,-0.178981,0.0799403,0.739144,0.694609,0.287715,0.609158,-0.25232,0,0,0,0,0,0,0,0.00195325,0.00283924,-0.00452533,-0.0041339,-16.8568,9.86511,-3.62776,7.60718,-1.54276,-0.0556376,-5.81141,2.02606,0,0,-12,0,0,0,0,0,6.20098,0,0,0,
0.492644,0.120926,0.84312,0.654518,0.466217,-0.509812,-0.307147,-1.68309e-06,-3.48139e-07,1.12718e-07,1.25249e-07,-2.16771e-06,-4.82492e-06,0.424742,0.396174,0.67933,0.049054,0.976499,-0.208644,0.0226021,-0.178981,0.0799403,0.739144,0.694609,0.287715,0.609158,-0.25232,0,0,0,0,0,0,0,0.00372206,0.00274936,-0.00463482,-0.00310668,-16.8971,9.86508,-3.64589,7.61173,-1.53594,-0.0524469,-5.81983,2.02882,0,0,-12,0,0,0,0,0,6.20098,0,0,0,
0.492644,0.120926,0.84312,0.654518,0.466217,-0.509812,-0.307147,-1.68437e-06,-3.48402e-07,1.12804e-07,1.25344e-07,-2.16935e-06,-4.82856e-06,0.424742,0.396174,0.67933,0.049054,0.976499,-0.208644,0.0226021,-0.178981,0.0799403,0.739144,0.694609,0.287715,0.609158,-0.25232,0,0,0,0,0,0,0,0.00301643,0.00283909,-0.00452807,-0.00411756,-16.9776,9.86482,-3.66842,7.61778,-1.52354,-0.0468293,-5.83671,2.03423,0,0,-12,0,0,0,0,0,6.20098,0,0,0,
0.492644,0.120926,0.84312,0.654518,0.466217,-0.509812,-0.307147,0,0,0,0,0,0,0.424742,0.396174,0.67933,0.049054,0.976499,-0.208644,0.0226021,-0.178981,0.0799403,0.739144,0.694609,0.287715,0.609158,-0.25232,0,0,0,0,0,0,0,0.00664479,0.00283963,-0.004529,-0.00411848,-16.968,9.86504,-3.67725,7.61948,-1.52389,-0.0472548,-5.83493,2.03364,0,0,-12,0,0,0,0,0,6.20098,0,0,0,
0.492644,0.120926,0.84312,0.654518,0.466217,-0.509812,-0.307147,0,0,0,0,0,0,0.424742,0.396174,0.67933,0.0490537,0.976499,-0.208644,0.022602,-0.178981,0.0799403,0.739144,0.694609,0.287715,0.609158,-0.25232,0,0,0,0,0,0,0,0.000978131,0.00293138,-0.00442237,-0.0051547,-16.7075,9.86549,-3.57863,7.59428,-1.56636,-0.0666447,-5.78027,2.01596,0,0,-12,0,0,0,0,0,6.20098,0,0,0,
0.492644,0.120926,0.84312,0.654518,0.466217,-0.509812,-0.307147,0,0,0,0,0,0,0.424742,0.396174,0.67933,0.0490537,0.976499,-0.208644,0.022602,-0.178981,0.0799403,0.739144,0.694609,0.287715,0.609158,-0.25232,0,0,0,0,0,0,0,-0.00350259,0.00284198,-0.00453194,-0.00413659,-16.569,9.86564,-3.52139,7.57995,-1.58948,-0.0768329,-5.75096,2.00656,0,0,-12,0,0,0,0,0,6.20098,0,0,0,
0.492644,0.120926,0.84312,0.654518,0.466217,-0.509812,-0.307147,0,0,0,0,0,0,0.424742,0.396174,0.67933,0.049054,0.976499,-0.208644,0.0226021,-0.178981,0.0799403,0.739144,0.694609,0.287715,0.609158,-0.25232,0,0,0,0,0,0,0,-0.000330648,0.00275112,-0.00464257,-0.00309761,-16.539,9.86588,-3.52242,7.57972,-1.59322,-0.0786184,-5.74477,2.00459,0,0,-12,0,0,0,0,0,6.20098,0,0,0,
0.492644,0.120926,0.84312,0.654518,0.466217,-0.509812,-0.307147,0,0,0,0,0,0,0.424742,0.396174,0.67933,0.0490537,0.976499,-0.208644,0.022602,-0.178981,0.0799403,0.739144,0.694609,0.287715,0.609158,-0.25232,0,0,0,0,0,0,0,0.00475062,0.00293377,-0.00442514,-0.00516571,-16.6025,9.86598,-3.55854,7.5883,-1.58159,-0.0739536,-5.75856,2.00894,0,0,-12,0,0,0,0,0,6.20098,0,0,0,
0.492644,0.120926,0.84312,0.654518,0.466217,-0.509812,-0.307147,0,0,0,0,0,0,0.424742,0.396174,0.67933,0.0490537,0.976499,-0.208644,0.022602,-0.178981,0.0799403,0.739144,0.694609,0.287715,0.609158,-0.25232,0,0,0,0,0,0,0,0.00560297,0.0028436,-0.00453346,-0.00414069,-16.6897,9.86577,-3.58815,7.59605,-1.56772,-0.0674399,-5.77673,2.01485,0,0,-12,0,0,0,0,0,6.20098,0,0,0,
0.492644,0.120926,0.84312,0.654518,0.466217,-0.509812,-0.307147,-1.6869e-06,-3.48926e-07,1.12973e-07,1.25532e-07,-2.17261e-06,-4.83582e-06,0.424742,0.396174,0.67933,0.049054,0.976499,-0.208644,0.0226021,-0.178981,0.0799403,0.739144,0.694609,0.287715,0.609158,-0.25232,0,0,0,0,0,0,0,0.00426805,0.00275327,-0.00464213,-0.00310878,-16.7878,9.86542,-3.61399,7.60319,-1.55286,-0.0603043,-5.79703,2.02145,0,0,-12,0,0,0,0,0,6.20098,0,0,0,
0.492644,0.120926,0.84312,0.654518,0.466217,-0.509812,-0.307147,0,0,0,0,0,0,0.424742,0.396174,0.67933,0.049054,0.976499,-0.208644,0.0226021,-0.178981,0.0799403,0.739144,0.694609,0.287715,0.609158,-0.25232,0,0,0,0,0,0,0,0.00207808,0.00284342,-0.00453858,-0.00412167,-16.5076,9.86611,-3.52061,7.57877,-1.59731,-0.0808538,-5.73847,2.00251,0,0,-12,0,0,0,0,0,6.20098,0,0,0,
0.492644,0.120926,0.84312,0.654518,0.466217,-0.509812,-0.307147,1.68692e-06,3.4893e-07,-1.12975e-07,-1.25534e-07,2.17263e-06,4.83587e-06,0.424742,0.396174,0.67933,0.0490537,0.976499,-0.208644,0.022602,-0.178981,0.0799403,0.739144,0.694609,0.287715,0.609158,-0.25232,0,0,0,0,0,0,0,-0.00105063,0.00293614,-0.00443009,-0.00517072,-16.4328,9.86617,-3.48743,7.57047,-1.60995,-0.0866411,-5.72276,1.99741,0,0,-12,0,0,0,0,0,6.20098,0,0,0,
0.492644,0.120926,0.84312,0.654518,0.466217,-0.509812,-0.307147,0,0,0,0,0,0,0.424742,0.396174,0.67933,0.0490537,0.976499,-0.208644,0.022602,-0.178981,0.0799403,0.739144,0.694609,0.287715,0.609158,-0.25232,0,0,0,0,0,0,0,0.00383188,0.00284577,-0.00453715,-0.00414445,-16.6548,9.86578,-3.57164,7.59199,-1.57374,-0.0700931,-5.76933,2.01247,0,0,-12,0,0,0,0,0,6.20098,0,0,0,
0.492644,0.120926,0.84312,0.654518,0.466217,-0.509812,-0.307147,0,0,0,0,0,0,0.424742,0.396174,0.67933,0.0490537,0.976499,-0.208644,0.022602,-0.178981,0.0799403,0.739144,0.694609,0.287715,0.609158,-0.25232,0,0,0,0,0,0,0,0.0024288,0.0028463,-0.00453991,-0.00414343,-16.4182,9.86638,-3.4942,7.57171,-1.61118,-0.0872928,-5.71981,1.99648,0,0,-12,0,0,0,0,0,6.20098,0,0,0,
0.492644,0.120926,0.84312,0.654518,0.466217,-0.509812,-0.307147,1.68437e-06,3.48403e-07,-1.12804e-07,-1.25344e-07,2.16935e-06,4.82856e-06,0.424742,0.396174,0.67933,0.0490537,0.976499,-0.208644,0.022602,-0.178981,0.0799403,0.739144,0.694609,0.287715,0.609158,-0.25232,0,0,0,0,0,0,0,0.00109661,0.00284687,-0.00454183,-0.00414341,-16.2898,9.86667,-3.45034,7.56032,-1.63167,-0.096663,-5.69292,1.98781,0,0,-12,0,0,0,0,0,6.20098,0,0,0,
0.492644,0.120926,0.84312,0.654518,0.466217,-0.509812,-0.307147,1.68309e-06,3.4814e-07,-1.12719e-07,-1.25249e-07,2.16771e-06,4.82492e-06,0.424742,0.396174,0.67933,0.0490537,0.976499,-0.208644,0.022602,-0.178981,0.0799403,0.739144,0.694609,0.287715,0.609158,-0.25232,0,0,0,0,0,0,0,0.00208465,0.00284742,-0.0045427,-0.00414442,-16.2865,9.86673,-3.45252,7.56072,-1.63188,-0.0968319,-5.69228,1.9876,0,0,-12,0,0,0,0,0,6.20098,0,0,0,
0.492644,0.120926,0.84312,0.654518,0.466217,-0.509812,-0.307147,-1.68309e-06,-3.48139e-07,1.12718e-07,1.25249e-07,-2.16771e-06,-4.82492e-06,0.424742,0.396174,0.67933,0.049054,0.976499,-0.208644,0.0226021,-0.178981,0.0799403,0.739144,0.694609,0.287715,0.609158,-0.25232,0,0,0,0,0,0,0,0.000255003,0.00275634,-0.00465167,-0.00310377,-16.3561,9.86644,-3.468,7.5652,-1.62162,-0.0917851,-5.70661,1.99227,0,0,-12,0,0,0,0,0,6.20098,0,0,0,
0.492644,0.120926,0.84312,0.654518,0.466217,-0.509812,-0.307147,1.68311e-06,3.48143e-07,-1.1272e-07,-1.25251e-07,2.16773e-06,4.82496e-06,0.424742,0.396174,0.67933,0.0490537,0.976499,-0.208644,0.022602,-0.178981,0.0799403,0.739144,0.694609,0.287715,0.609158,-0.25232,0,0,0,0,0,0,0,-0.00174937,0.00293919,-0.00443472,-0.00517586,-16.6125,9.86563,-3.54051,7.58467,-1.58208,-0.0737106,-5.76026,2.00952,0,0,-12,0,0,0,0,0,6.20098,0,0,0,
0.492644,0.120926,0.84312,0.654518,0.466217,-0.509812,-0.307147,0,0,0,0,0,0,0.424742,0.396174,0.67933,0.049054,0.976499,-0.208644,0.0226021,-0.178981,0.0799403,0.739144,0.694609,0.287715,0.609158,-0.25232,0,0,0,0,0,0,0,0.00112556,0.00275988,-0.00465096,-0.00313278,-16.2791,9.8667,-3.4471,7.55951,-1.63338,-0.0972887,-5.69057,1.98709,0,0,-12,0,0,0,0,0,6.20098,0,0,0,
0.492644,0.120926,0.84312,0.654518,0.466217,-0.509812,-0.307147,0,0,0,0,0,0,0.424742,0.396174,0.67933,0.0490537,0.976499,-0.208644,0.022602,-0.178981,0.0799403,0.739144,0.694609,0.287715,0.609158,-0.25232,0,0,0,0,0,0,0,0.000876832,0.00294064,-0.00444078,-0.00517719,-16.0448,9.86737,-3.37417,7.54013,-1.67,-0.114532,-5.64182,1.97127,0,0,-12,0,0,0,0,0,6.20098,0,0,0,
0.492644,0.120926,0.84312,0.654518,0.466217,-0.509812,-0.307147,0,0,0,0,0,0,0.424742,0.396174,0.67933,0.0490537,0.976499,-0.208644,0.022602,-0.178981,0.0799403,0.739144,0.694609,0.287715,0.609158,-0.25232,0,0,0,0,0,0,0,0.0022628,0.00285012,-0.00454776,-0.0041486,-16.1853,9.86703,-3.42192,7.55259,-1.64764,-0.104131,-5.67115,1.98077,0,0,-12,0,0,0,0,0,6.20098,0,0,0,
0.492644,0.120926,0.84312,0.654518,0.466217,-0.509812,-0.307147,-1.68311e-06,-3.48142e-07,1.12719e-07,1.25251e-07,-2.16773e-06,-4.82496e-06,0.424742,0.396174,0.67933,0.049054,0.976499,-0.208644,0.0226021,-0.178981,0.0799403,0.739144,0.694609,0.287715,0.609158,-0.25232,0,0,0,0,0,0,0,0.00432059,0.00275676,-0.00465847,-0.0030826,-16.3036,9.8668,-3.46502,7.5637,-1.62854,-0.0952767,-5.69588,1.9888,0,0,-12,0,0,0,0,0,6.20098,0,0,0,
0.492644,0.120926,0.84312,0.654518,0.466217,-0.509812,-0.307147,-1.68437e-06,-3.48402e-07,1.12804e-07,1.25344e-07,-2.16935e-06,-4.82856e-06,0.424742,0.396174,0.67933,0.049054,0.976499,-0.208644,0.0226021,-0.178981,0.0799403,0.739144,0.694609,0.287715,0.609158,-0.25232,0,0,0,0,0,0,0,0.00201518,0.00284991,-0.00455329,-0.004129,-15.9415,9.86771,-3.34601,7.53252,-1.68584,-0.121762,-5.62019,1.96433,0,0,-12,0,0,0,0,0,6.20098,0,0,0,
0.492644,0.120926,0.84312,0.654518,0.466217,-0.509812,-0.307147,0,0,0,0,0,0,0.424742,0.396174,0.67933,0.0490537,0.976499,-0.208644,0.022602,-0.178981,0.0799403,0.739144,0.694609,0.287715,0.609158,-0.25232,0,0,0,0,0,0,0,0.00180154,0.00294256,-0.00444612,-0.0051774,-15.8792,9.86788,-3.32617,7.52724,-1.6956,-0.126427,-5.60728,1.96011,0,0,-12,0,0,0,0,0,6.20098,0,0,0,
0.492644,0.120926,0.84312,0.654518,0.466217,-0.509812,-0.307147,1.68564e-06,3.48666e-07,-1.12889e-07,-1.25439e-07,2.17099e-06,4.83221e-06,0.424742,0.396174,0.67933,0.0490537,0.976499,-0.208644,0.022602,-0.178981,0.0799403,0.739144,0.694609,0.287715,0.609158,-0.25232,0,0,0,0,0,0,0,0.00283903,0.00285225,-0.00455379,-0.00414974,-15.8487,9.86802,-3.32012,7.52551,-1.70008,-0.128405,-5.60087,1.95808,0,0,-12,0,0,0,0,0,6.20098,0,0,0,
0.492644,0.120926,0.84312,0.654518,0.466217,-0.509812,-0.307147,0,0,0,0,0,0,0.424742,0.396174,0.67933,0.049054,0.976499,-0.208644,0.0226021,-0.178981,0.0799403,0.739144,0.694609,0.287715,0.609158,-0.25232,0,0,0,0,0,0,0,0.00167839,0.0027601,-0.00466116,-0.00309889,-16.1481,9.8671,-3.40854,7.5492,-1.65369,-0.106708,-5.66323,1.97827,0,0,-12,0,0,0,0,0,6.20098,0,0,0,
0.492644,0.120926,0.84312,0.654518,0.466217,-0.509812,-0.307147,-1.68564e-06,-3.48665e-07,1.12889e-07,1.25439e-07,-2.17099e-06,-4.83221e-06,0.424742,0.396174,0.67933,0.049054,0.976499,-0.208644,0.0226021,-0.178981,0.0799403,0.739144,0.694609,0.287715,0.609158,-0.25232,0,0,0,0,0,0,0,0.00626985,0.00285205,-0.00455697,-0.00413266,-15.8981,9.86805,-3.34648,7.5319,-1.69127,-0.124581,-5.61139,1.96147,0,0,-12,0,0,0,0,0,6.20098,0,0,0,
0.492644,0.120926,0.84312,0.654518,0.466217,-0.509812,-0.307147,0,0,0,0,0,0,0.424742,0.396174,0.67933,0.0490537,0.976499,-0.208644,0.022602,-0.178981,0.0799403,0.739144,0.694609,0.287715,0.609158,-0.25232,0,0,0,0,0,0,0,0.00416711,0.00294421,-0.00445104,-0.00517535,-15.8096,9.8682,-3.31243,7.52319,-1.70572,-0.131277,-5.5929,1.95546,0,0,-12,0,0,0,0,0,6.20098,0,0,0,
0.492644,0.120926,0.84312,0.654518,0.466217,-0.509812,-0.307147,0,0,0,0,0,0,0.424742,0.396174,0.67933,0.0490537,0.976499,-0.208644,0.022602,-0.178981,0.0799403,0.739144,0.694609,0.287715,0.609158,-0.25232,0,0,0,0,0,0,0,-0.00271272,0.00285441,-0.00455851,-0.00415239,-15.683,9.8682,-3.25105,7.50818,-1.72775,-0.140787,-5.56591,1.94682,0,0,-12,0,0,0,0,0,6.20098,0,0,0,
0.492644,0.120926,0.84312,0.654518,0.466217,-0.509812,-0.307147,1.68309e-06,3.4814e-07,-1.12719e-07,-1.25249e-07,2.16771e-06,4.82492e-06,0.424742,0.396174,0.67933,0.0490537,0.976499,-0.208644,0.022602,-0.178981,0.0799403,0.739144,0.694609,0.287715,0.609158,-0.25232,0,0,0,0,0,0,0,-0.00145204,0.00285501,-0.00455827,-0.00415476,-15.8274,9.86786,-3.29961,7.52083,-1.70478,-0.130264,-5.59615,1.95657,0,0,-12,0,0,0,0,0,6.20098,0,0,0,
0.492644,0.120926,0.84312,0.654518,0.466217,-0.509812,-0.307147,1.68311e-06,3.48143e-07,-1.1272e-07,-1.25251e-07,2.16773e-06,4.82496e-06,0.424742,0.396174,0.67933,0.0490537,0.976499,-0.208644,0.022602,-0.178981,0.0799403,0.739144,0.694609,0.287715,0.609158,-0.25232,0,0,0,0,0,0,0,0.00100868,0.0028556,-0.00455985,-0.00415517,-15.7462,9.86822,-3.2826,7.51589,-1.71669,-0.135947,-5.57934,1.95114,0,0,-12,0,0,0,0,0,6.20098,0,0,0,
0.492644,0.120926,0.84312,0.654518,0.466217,-0.509812,-0.307147,0,0,0,0,0,0,0.424742,0.396174,0.67933,0.0490537,0.976499,-0.208644,0.022602,-0.178981,0.0799403,0.739144,0.694609,0.287715,0.609158,-0.25232,0,0,0,0,0,0,0,0.00369389,0.00285614,-0.00456177,-0.00415503,-15.6113,9.86874,-3.24977,7.50672,-1.73693,-0.145495,-5.55132,1.94208,0,0,-12,0,0,0,0,0,6.20098,0,0,0,
0.492644,0.120926,0.84312,0.654518,0.466217,-0.509812,-0.307147,0,0,0,0,0,0,0.424742,0.396174,0.67933,0.0490537,0.976499,-0.208644,0.022602,-0.178981,0.0799403,0.739144,0.694609,0.287715,0.609158,-0.25232,0,0,0,0,0,0,0,0.0013632,0.00285668,-0.00456173,-0.00415701,-15.7221,9.8683,-3.27633,7.51417,-1.72034,-0.13766,-5.57433,1.94952,0,0,-12,0,0,0,0,0,6.20098,0,0,0,
0.492644,0.120926,0.84312,0.654518,0.466217,-0.509812,-0.307147,1.68437e-06,3.48403e-07,-1.12804e-07,-1.25344e-07,2.16935e-06,4.82856e-06,0.424742,0.396174,0.67933,0.0490537,0.976499,-0.208644,0.022602,-0.178981,0.0799403,0.739144,0.694609,0.287715,0.609158,-0.25232,0,0,0,0,0,0,0,0.00146621,0.00285722,-0.00456409,-0.00415642,-15.534,9.86884,-3.21872,7.49888,-1.74972,-0.151244,-5.53504,1.93683,0,0,-12,0,0,0,0,0,6.20098,0,0,0,
0.492644,0.120926,0.84312,0.654518,0.466217,-0.509812,-0.307147,1.68437e-06,3.48403e-07,-1.12804e-07,-1.25344e-07,2.16935e-06,4.82856e-06,0.424742,0.396174,0.67933,0.0490537,0.976499,-0.208644,0.022602,-0.178981,0.0799403,0.739144,0.694609,0.287715,0.609158,-0.25232,0,0,0,0,0,0,0,-0.000226126,0.00285778,-0.00456641,-0.00415593,-15.353,9.86926,-3.15748,7.48295,-1.77855,-0.164442,-5.49713,1.9246,0,0,-12,0,0,0,0,0,6.20098,0,0,0,
0.492644,0.120926,0.84312,0.654518,0.466217,-0.509812,-0.307147,0,0,0,0,0,0,0.424742,0.396174,0.67933,0.0490537,0.976499,-0.208644,0.022602,-0.178981,0.0799403,0.739144,0.694609,0.287715,0.609158,-0.25232,0,0,0,0,0,0,0,0.00158263,0.00285833,-0.004566,-0.00415829,-15.5073,9.86892,-3.21087,7.49678,-1.75386,-0.153165,-5.52946,1.93503,0,0,-12,0,0,0,0,0,6.20098,0,0,0,
0.492644,0.120926,0.84312,0.654518,0.466217,-0.509812,-0.307147,-1.68692e-06,-3.48929e-07,1.12974e-07,1.25534e-07,-2.17263e-06,-4.83587e-06,0.424742,0.396174,0.67933,0.049054,0.976499,-0.208644,0.0226021,-0.178981,0.0799403,0.739144,0.694609,0.287715,0.609158,-0.25232,0,0,0,0,0,0,0,-0.000121602,0.00276819,-0.00467062,-0.00312909,-15.702,9.86828,-3.26528,7.51155,-1.724,-0.139076,-5.56993,1.94815,0,0,-12,0,0,0,0,0,6.20098,0,0,0,
0.492644,0.120926,0.84312,0.654518,0.466217,-0.509812,-0.307147,0,0,0,0,0,0,0.424742,0.396174,0.67933,0.0490537,0.976499,-0.208644,0.022602,-0.178981,0.0799403,0.739144,0.694609,0.287715,0.609158,-0.25232,0,0,0,0,0,0,0,0.0018835,0.00294883,-0.00446566,-0.00517132,-15.3502,9.86939,-3.16348,7.48412,-1.77828,-0.16464,-5.49677,1.92444,0,0,-12,0,0,0,0,0,6.20098,0,0,0,
0.492644,0.120926,0.84312,0.654518,0.466217,-0.509812,-0.307147,0,0,0,0,0,0,0.424742,0.396174,0.67933,0.0490537,0.976499,-0.208644,0.022602,-0.178981,0.0799403,0.739144,0.694609,0.287715,0.609158,-0.25232,0,0,0,0,0,0,0,0.00620571,0.00285997,-0.00456932,-0.00416057,-15.4145,9.86943,-3.1973,7.49238,-1.76691,-0.15953,-5.51035,1.92885,0,0,-12,0,0,0,0,0,6.20098,0,0,0,
0.492644,0.120926,0.84312,0.654518,0.466217,-0.509812,-0.307147,-1.68692e-06,-3.48929e-07,1.12974e-07,1.25534e-07,-2.17263e-06,-4.83587e-06,0.424742,0.396174,0.67933,0.049054,0.976499,-0.208644,0.0226021,-0.178981,0.0799403,0.739144,0.694609,0.287715,0.609158,-0.25232,0,0,0,0,0,0,0,-0.00085032,0.0027687,-0.00467675,-0.00311662,-15.3766,9.86916,-3.16268,7.48449,-1.77511,-0.162636,-5.5019,1.92619,0,0,-12,0,0,0,0,0,6.20098,0,0,0,
0.492644,0.120926,0.84312,0.654518,0.466217,-0.509812,-0.307147,0,0,0,0,0,0,0.424742,0.396174,0.67933,0.0490537,0.976499,-0.208644,0.022602,-0.178981,0.0799403,0.739144,0.694609,0.287715,0.609158,-0.25232,0,0,0,0,0,0,0,-0.00424787,0.00295101,-0.00446786,-0.00518072,-15.3551,9.86906,-3.1451,7.48033,-1.77944,-0.164733,-5.49744,1.92467,0,0,-12,0,0,0,0,0,6.20098,0,0,0,
0.492644,0.120926,0.84312,0.654518,0.466217,-0.509812,-0.307147,0,0,0,0,0,0,0.424742,0.396174,0.67933,0.0490537,0.976499,-0.208644,0.022602,-0.178981,0.0799403,0.739144,0.694609,0.287715,0.609158,-0.25232,0,0,0,0,0,0,0,0.00149811,0.00286158,-0.00457433,-0.00416095,-15.1048,9.87006,-3.08663,7.46387,-1.81681,-0.182249,-5.44538,1.90789,0,0,-12,0,0,0,0,0,6.20098,0,0,0,
0.492644,0.120926,0.84312,0.654518,0.466217,-0.509812,-0.307147,-1.68562e-06,-3.48662e-07,1.12888e-07,1.25437e-07,-2.17096e-06,-4.83216e-06,0.424742,0.396174,0.67933,0.049054,0.976499,-0.208644,0.0226021,-0.178981,0.0799403,0.739144,0.694609,0.287715,0.609158,-0.25232,0,0,0,0,0,0,0,0.000956382,0.00277128,-0.00468032,-0.00312784,-15.0626,9.87014,-3.07183,7.4601,-1.82363,-0.18519,-5.43642,1.90504,0,0,-12,0,0,0,0,0,6.20098,0,0,0,
0.492644,0.120926,0.84312,0.654518,0.466217,-0.509812,-0.307147,-1.68311e-06,-3.48142e-07,1.12719e-07,1.25251e-07,-2.16773e-06,-4.82496e-06,0.424742,0.396174,0.67933,0.049054,0.976499,-0.208644,0.0226021,-0.178981,0.0799403,0.739144,0.694609,0.287715,0.609158,-0.25232,0,0,0,0,0,0,0,0.00211805,0.00286141,-0.00457774,-0.00414373,-15.1244,9.87004,-3.09467,7.4659,-1.81355,-0.180784,-5.44951,1.90922,0,0,-12,0,0,0,0,0,6.20098,0,0,0,
0.492644,0.120926,0.84312,0.654518,0.466217,-0.509812,-0.307147,1.68311e-06,3.48143e-07,-1.1272e-07,-1.25251e-07,2.16773e-06,4.82496e-06,0.424742,0.396174,0.67933,0.0490537,0.976499,-0.208644,0.022602,-0.178981,0.0799403,0.739144,0.694609,0.287715,0.609158,-0.25232,0,0,0,0,0,0,0,0.00289105,0.00295202,-0.004475,-0.00516955,-15.1148,9.87011,-3.09426,7.46561,-1.81475,-0.181567,-5.44767,1.90858,0,0,-12,0,0,0,0,0,6.20098,0,0,0,
0.492644,0.120926,0.84312,0.654518,0.466217,-0.509812,-0.307147,0,0,0,0,0,0,0.424742,0.396174,0.67933,0.0490537,0.976499,-0.208644,0.022602,-0.178981,0.0799403,0.739144,0.694609,0.287715,0.609158,-0.25232,0,0,0,0,0,0,0,0.00431919,0.00286378,-0.0045788,-0.00416398,-14.9724,9.87058,-3.055,7.455,-1.83662,-0.191609,-5.41788,1.899,0,0,-12,0,0,0,0,0,6.20098,0,0,0,
0.492644,0.120926,0.84312,0.654518,0.466217,-0.509812,-0.307147,0,0,0,0,0,0,0.424742,0.396174,0.67933,0.0490537,0.976499,-0.208644,0.022602,-0.178981,0.0799403,0.739144,0.694609,0.287715,0.609158,-0.25232,0,0,0,0,0,0,0,0.00354476,0.00286432,-0.00457833,-0.00416641,-15.1359,9.87008,-3.10283,7.46781,-1.81131,-0.179856,-5.45199,1.91002,0,0,-12,0,0,0,0,0,6.20098,0,0,0,
0.492644,0.120926,0.84312,0.654518,0.466217,-0.509812,-0.307147,-1.68311e-06,-3.48142e-07,1.12719e-07,1.25251e-07,-2.16773e-06,-4.82496e-06,0.424742,0.396174,0.67933,0.049054,0.976499,-0.208644,0.0226021,-0.178981,0.0799403,0.739144,0.694609,0.287715,0.609158,-0.25232,0,0,0,0,0,0,0,-0.000105974,0.00277449,-0.00468163,-0.00314024,-15.2954,9.86943,-3.14009,7.47838,-1.78757,-0.168451,-5.48499,1.92072,0,0,-12,0,0,0,0,0,6.20098,0,0,0,
0.492644,0.120926,0.84312,0.654518,0.466217,-0.509812,-0.307147,1.68309e-06,3.4814e-07,-1.12719e-07,-1.25249e-07,2.16771e-06,4.82492e-06,0.424742,0.396174,0.67933,0.0490537,0.976499,-0.208644,0.022602,-0.178981,0.0799403,0.739144,0.694609,0.287715,0.609158,-0.25232,0,0,0,0,0,0,0,0.0016993,0.00295618,-0.00447899,-0.00519353,-14.8145,9.8709,-2.99789,7.44028,-1.86208,-0.203354,-5.38486,1.88831,0,0,-12,0,0,0,0,0,6.20098,0,0,0,
0.492644,0.120926,0.84312,0.654518,0.466217,-0.509812,-0.307147,0,0,0,0,0,0,0.424742,0.396174,0.67933,0.0490537,0.976499,-0.208644,0.022602,-0.178981,0.0799403,0.739144,0.694609,0.287715,0.609158,-0.25232,0,0,0,0,0,0,0,0.00571998,0.00286594,-0.00458474,-0.00416532,-14.6539,9.87155,-2.96145,7.42996,-1.88597,-0.214515,-5.35143,1.87754,0,0,-12,0,0,0,0,0,6.20098,0,0,0,
0.492644,0.120926,0.84312,0.654518,0.466217,-0.509812,-0.307147,-1.68309e-06,-3.48139e-07,1.12718e-07,1.25249e-07,-2.16771e-06,-4.82492e-06,0.424742,0.396174,0.67933,0.049054,0.976499,-0.208644,0.0226021,-0.178981,0.0799403,0.739144,0.694609,0.287715,0.609158,-0.25232,0,0,0,0,0,0,0,0.00165208,0.00277667,-0.00468788,-0.00314453,-14.7035,9.8712,-2.96348,7.43126,-1.87955,-0.211084,-5.36144,1.88083,0,0,-12,0,0,0,0,0,6.20098,0,0,0,
0.492644,0.120926,0.84312,0.654518,0.466217,-0.509812,-0.307147,0,0,0,0,0,0,0.424742,0.396174,0.67933,0.049054,0.976499,-0.208644,0.0226021,-0.178981,0.0799403,0.739144,0.694609,0.287715,0.609158,-0.25232,0,0,0,0,0,0,0,-0.00257349,0.00286576,-0.00458853,-0.0041476,-14.617,9.87123,-2.92316,7.42127,-1.89435,-0.217786,-5.34323,1.87493,0,0,-12,0,0,0,0,0,6.20098,0,0,0,
0.492644,0.120926,0.84312,0.654518,0.466217,-0.509812,-0.307147,0,0,0,0,0,0,0.424742,0.396174,0.67933,0.0490537,0.976499,-0.208644,0.022602,-0.178981,0.0799403,0.739144,0.694609,0.287715,0.609158,-0.25232,0,0,0,0,0,0,0,-0.00140624,0.00295738,-0.00448477,-0.00518588,-14.7081,9.87104,-2.95503,7.42946,-1.87969,-0.211268,-5.36244,1.88108,0,0,-12,0,0,0,0,0,6.20098,0,0,0,
0.492644,0.120926,0.84312,0.654518,0.466217,-0.509812,-0.307147,0,0,0,0,0,0,0.424742,0.396174,0.67933,0.0490537,0.976499,-0.208644,0.022602,-0.178981,0.0799403,0.739144,0.694609,0.287715,0.609158,-0.25232,0,0,0,0,0,0,0,0.00231374,0.00286811,-0.00459003,-0.00416737,-14.4091,9.87207,-2.87499,7.40765,-1.92531,-0.23245,-5.30009,1.86098,0,0,-12,0,0,0,0,0,6.20098,0,0,0,
0.492644,0.120926,0.84312,0.654518,0.466217,-0.509812,-0.307147,-1.68562e-06,-3.48662e-07,1.12888e-07,1.25437e-07,-2.17096e-06,-4.83216e-06,0.424742,0.396174,0.67933,0.049054,0.976499,-0.208644,0.0226021,-0.178981,0.0799403,0.739144,0.694609,0.287715,0.609158,-0.25232,0,0,0,0,0,0,0,-0.00152483,0.00277629,-0.004695,-0.00311839,-14.5206,9.87155,-2.89682,7.41416,-1.90915,-0.224528,-5.32303,1.86844,0,0,-12,0,0,0,0,0,6.20098,0,0,0,
0.492644,0.120926,0.84312,0.654518,0.466217,-0.509812,-0.307147,1.68564e-06,3.48666e-07,-1.12889e-07,-1.25439e-07,2.17099e-06,4.83221e-06,0.424742,0.396174,0.67933,0.0490537,0.976499,-0.208644,0.022602,-0.178981,0.0799403,0.739144,0.694609,0.287715,0.609158,-0.25232,0,0,0,0,0,0,0,0.00198287,0.00295844,-0.00449127,-0.00517953,-14.3315,9.87228,-2.85004,7.40105,-1.9375,-0.238225,-5.28397,1.85574,0,0,-12,0,0,0,0,0,6.20098,0,0,0,
0.492644,0.120926,0.84312,0.654518,0.466217,-0.509812,-0.307147,1.68566e-06,3.4867e-07,-1.1289e-07,-1.2544e-07,2.17101e-06,4.83226e-06,0.424742,0.396174,0.67933,0.0490537,0.976499,-0.208644,0.022602,-0.178981,0.0799403,0.739144,0.694609,0.287715,0.609158,-0.25232,0,0,0,0,0,0,0,0.00393087,0.00286973,-0.00459509,-0.00416773,-14.0855,9.87307,-2.78056,7.38234,-1.9754,-0.255711,-5.23258,1.83918,0,0,-12,0,0,0,0,0,6.20098,0,0,0,
0.492644,0.120926,0.84312,0.654518,0.466217,-0.509812,-0.307147,-1.68692e-06,-3.48929e-07,1.12974e-07,1.25534e-07,-2.17263e-06,-4.83587e-06,0.424742,0.396174,0.67933,0.049054,0.976499,-0.208644,0.0226021,-0.178981,0.0799403,0.739144,0.694609,0.287715,0.609158,-0.25232,0,0,0,0,0,0,0,0.00271731,0.00277668,-0.00470242,-0.00310327,-14.0159,9.8732,-2.75517,7.37588,-1.9867,-0.26067,-5.21787,1.83448,0,0,-12,0,0,0,0,0,6.20098,0,0,0,
0.492644,0.120926,0.84312,0.654518,0.466217,-0.509812,-0.307147,-1.68437e-06,-3.48402e-07,1.12804e-07,1.25344e-07,-2.16935e-06,-4.82856e-06,0.424742,0.396174,0.67933,0.049054,0.976499,-0.208644,0.0226021,-0.178981,0.0799403,0.739144,0.694609,0.287715,0.609158,-0.25232,0,0,0,0,0,0,0,0.00141328,0.00286954,-0.00459937,-0.00414937,-13.9726,9.87326,-2.73761,7.3714,-1.99384,-0.26405,-5.20884,1.83152,0,0,-12,0,0,0,0,0,6.20098,0,0,0,
0.492644,0.120926,0.84312,0.654518,0.466217,-0.509812,-0.307147,1.68437e-06,3.48403e-07,-1.12804e-07,-1.25344e-07,2.16935e-06,4.82856e-06,0.424742,0.396174,0.67933,0.0490537,0.976499,-0.208644,0.022602,-0.178981,0.0799403,0.739144,0.694609,0.287715,0.609158,-0.25232,0,0,0,0,0,0,0,-0.000892397,0.00296366,-0.0044934,-0.00521663,-14.1061,9.87277,-2.77127,7.38067,-1.97365,-0.254729,-5.23671,1.84049,0,0,-12,0,0,0,0,0,6.20098,0,0,0,
0.492644,0.120926,0.84312,0.654518,0.466217,-0.509812,-0.307147,0,0,0,0,0,0,0.424742,0.396174,0.67933,0.0490537,0.976499,-0.208644,0.022602,-0.178981,0.0799403,0.739144,0.694609,0.287715,0.609158,-0.25232,0,0,0,0,0,0,0,-0.00206153,0.00287188,-0.00459827,-0.00417195,-14.0886,9.87276,-2.76207,7.37849,-1.9768,-0.255925,-5.23288,1.8393,0,0,-12,0,0,0,0,0,6.20098,0,0,0,
0.492644,0.120926,0.84312,0.654518,0.466217,-0.509812,-0.307147,-1.68311e-06,-3.48142e-07,1.12719e-07,1.25251e-07,-2.16773e-06,-4.82496e-06,0.424742,0.396174,0.67933,0.049054,0.976499,-0.208644,0.0226021,-0.178981,0.0799403,0.739144,0.694609,0.287715,0.609158,-0.25232,0,0,0,0,0,0,0,-0.00393856,0.00277931,-0.00470643,-0.00311074,-13.7765,9.87353,-2.65981,7.35177,-2.02623,-0.278457,-5.16745,1.81822,0,0,-12,0,0,0,0,0,6.20098,0,0,0,
0.492644,0.120926,0.84312,0.654518,0.466217,-0.509812,-0.307147,0,0,0,0,0,0,0.424742,0.396174,0.67933,0.0490537,0.976499,-0.208644,0.022602,-0.178981,0.0799403,0.739144,0.694609,0.287715,0.609158,-0.25232,0,0,0,0,0,0,0,0.00236063,0.00296255,-0.00450155,-0.00518651,-13.8269,9.87373,-2.69584,7.36012,-2.01627,-0.274655,-5.17858,1.82171,0,0,-12,0,0,0,0,0,6.20098,0,0,0,
0.492644,0.120926,0.84312,0.654518,0.466217,-0.509812,-0.307147,0,0,0,0,0,0,0.424742,0.396174,0.67933,0.049054,0.976499,-0.208644,0.0226021,-0.178981,0.0799403,0.739144,0.694609,0.287715,0.609158,-0.25232,0,0,0,0,0,0,0,0.0044577,0.00278362,-0.00470543,-0.00314793,-13.6161,9.87442,-2.63768,7.34443,-2.04865,-0.289432,-5.13446,1.80754,0,0,-12,0,0,0,0,0,6.20098,0,0,0,
0.492644,0.120926,0.84312,0.654518,0.466217,-0.509812,-0.307147,0,0,0,0,0,0,0.424742,0.396174,0.67933,0.0490537,0.976499,-0.208644,0.022602,-0.178981,0.0799403,0.739144,0.694609,0.287715,0.609158,-0.25232,0,0,0,0,0,0,0,0.000150891,0.00296536,-0.00450558,-0.00520389,-13.3209,9.87505,-2.53281,7.3173,-2.09607,-0.311375,-5.07274,1.78755,0,0,-12,0,0,0,0,0,6.20098,0,0,0,
0.492644,0.120926,0.84312,0.654518,0.466217,-0.509812,-0.307147,0,0,0,0,0,0,0.424742,0.396174,0.67933,0.0490537,0.976499,-0.208644,0.022602,-0.178981,0.0799403,0.739144,0.694609,0.287715,0.609158,-0.25232,0,0,0,0,0,0,0,-8.07e-05,0.00287458,-0.00460685,-0.00417237,-13.5163,9.87448,-2.5922,7.33312,-2.06566,-0.297131,-5.11342,1.80072,0,0,-12,0,0,0,0,0,6.20098,0,0,0,
0.492644,0.120926,0.84312,0.654518,0.466217,-0.509812,-0.307147,0,0,0,0,0,0,0.424742,0.396174,0.67933,0.049054,0.976499,-0.208644,0.0226021,-0.178981,0.0799403,0.739144,0.694609,0.287715,0.609158,-0.25232,0,0,0,0,0,0,0,6.39996e-05,0.00278556,-0.00470979,-0.00315163,-13.2622,9.87519,-2.51438,7.31253,-2.10538,-0.315329,-5.06024,1.78359,0,0,-12,0,0,0,0,0,6.20098,0,0,0,
0.492644,0.120926,0.84312,0.654518,0.466217,-0.509812,-0.307147,0,0,0,0,0,0,0.424742,0.396174,0.67933,0.0490537,0.976499,-0.208644,0.022602,-0.178981,0.0799403,0.739144,0.694609,0.287715,0.609158,-0.25232,0,0,0,0,0,0,0,0.00197162,0.00296174,-0.00451426,-0.00514756,-13.3351,9.8751,-2.54309,7.31971,-2.09329,-0.310209,-5.0758,1.78853,0,0,-12,0,0,0,0,0,6.20098,0,0,0,
0.492644,0.120926,0.84312,0.654518,0.466217,-0.509812,-0.307147,0,0,0,0,0,0,0.424742,0.396174,0.67933,0.0490537,0.976499,-0.208644,0.022602,-0.178981,0.0799403,0.739144,0.694609,0.287715,0.609158,-0.25232,0,0,0,0,0,0,0,0.00242397,0.00287625,-0.00461333,-0.00417136,-13.0106,9.87604,-2.44458,7.29357,-2.14392,-0.333478,-5.00794,1.76666,0,0,-12,0,0,0,0,0,6.20098,0,0,0,
0.492644,0.120926,0.84312,0.654518,0.466217,-0.509812,-0.307147,1.68564e-06,3.48666e-07,-1.12889e-07,-1.25439e-07,2.17099e-06,4.83221e-06,0.424742,0.396174,0.67933,0.0490537,0.976499,-0.208644,0.022602,-0.178981,0.0799403,0.739144,0.694609,0.287715,0.609158,-0.25232,0,0,0,0,0,0,0,0.00657871,0.0028768,-0.0046174,-0.00416893,-12.5979,9.87742,-2.33098,7.26273,-2.20712,-0.362983,-4.92198,1.73889,0,0,-12,0,0,0,0,0,6.20098,0,0,0,
0.492644,0.120926,0.84312,0.654518,0.466217,-0.509812,-0.307147,0,0,0,0,0,0,0.424742,0.396174,0.67933,0.0490537,0.976499,-0.208644,0.022602,-0.178981,0.0799403,0.739144,0.694609,0.287715,0.609158,-0.25232,0,0,0,0,0,0,0,0.00845371,0.00287736,-0.0046151,-0.0041734,-12.9835,9.87643,-2.45582,7.29549,-2.14625,-0.33499,-5.00265,1.76493,0,0,-12,0,0,0,0,0,6.20098,0,0,0,
0.492644,0.120926,0.84312,0.654518,0.466217,-0.509812,-0.307147,0,0,0,0,0,0,0.424742,0.396174,0.67933,0.049054,0.976499,-0.208644,0.0226021,-0.178981,0.0799403,0.739144,0.694609,0.287715,0.609158,-0.25232,0,0,0,0,0,0,0,0.00313227,0.00278673,-0.00471959,-0.00313365,-12.6371,9.87712,-2.3318,7.2636,-2.20214,-0.360262,-4.92984,1.74148,0,0,-12,0,0,0,0,0,6.20098,0,0,0,
0.492644,0.120926,0.84312,0.654518,0.466217,-0.509812,-0.307147,1.68564e-06,3.48666e-07,-1.12889e-07,-1.25439e-07,2.17099e-06,4.83221e-06,0.424742,0.396174,0.67933,0.0490537,0.976499,-0.208644,0.022602,-0.178981,0.0799403,0.739144,0.694609,0.287715,0.609158,-0.25232,0,0,0,0,0,0,0,0.00169581,0.00296934,-0.00451916,-0.00520235,-12.649,9.87703,-2.33088,7.26351,-2.20062,-0.3598,-4.93248,1.74226,0,0,-12,0,0,0,0,0,6.20098,0,0,0,
0.492644,0.120926,0.84312,0.654518,0.466217,-0.509812,-0.307147,0,0,0,0,0,0,0.424742,0.396174,0.67933,0.0490537,0.976499,-0.208644,0.022602,-0.178981,0.0799403,0.739144,0.694609,0.287715,0.609158,-0.25232,0,0,0,0,0,0,0,-0.00464017,0.00287898,-0.00462216,-0.0041716,-12.388,9.87743,-2.22989,7.2379,-2.24348,-0.378974,-4.87746,1.72456,0,0,-12,0,0,0,0,0,6.20098,0,0,0,
0.492644,0.120926,0.84312,0.654518,0.466217,-0.509812,-0.307147,0,0,0,0,0,0,0.424742,0.396174,0.67933,0.049054,0.976499,-0.208644,0.0226021,-0.178981,0.0799403,0.739144,0.694609,0.287715,0.609158,-0.25232,0,0,0,0,0,0,0,0.0022541,0.00278676,-0.00472628,-0.00311545,-12.2256,9.87824,-2.20222,7.22942,-2.26674,-0.390049,-4.84383,1.71372,0,0,-12,0,0,0,0,0,6.20098,0,0,0,
0.492644,0.120926,0.84312,0.654518,0.466217,-0.509812,-0.307147,0,0,0,0,0,0,0.424742,0.396174,0.67933,0.0490537,0.976499,-0.208644,0.022602,-0.178981,0.0799403,0.739144,0.694609,0.287715,0.609158,-0.25232,0,0,0,0,0,0,0,0.000204401,0.00297041,-0.00452811,-0.00519366,-11.9593,9.8789,-2.1136,7.20619,-2.30892,-0.409736,-4.7883,1.69571,0,0,-12,0,0,0,0,0,6.20098,0,0,0,
0.492644,0.120926,0.84312,0.654518,0.466217,-0.509812,-0.307147,0,0,0,0,0,0,0.424742,0.396174,0.67933,0.0490537,0.976499,-0.208644,0.022602,-0.178981,0.0799403,0.739144,0.694609,0.287715,0.609158,-0.25232,0,0,0,0,0,0,0,0.000997399,0.0028806,-0.004628,-0.00417107,-11.9326,9.87901,-2.10791,7.20459,-2.3129,-0.411463,-4.78265,1.69393,0,0,-12,0,0,0,0,0,6.20098,0,0,0,
0.492644,0.120926,0.84312,0.654518,0.466217,-0.509812,-0.307147,0,0,0,0,0,0,0.424742,0.396174,0.67933,0.049054,0.976499,-0.208644,0.0226021,-0.178981,0.0799403,0.739144,0.694609,0.287715,0.609158,-0.25232,0,0,0,0,0,0,0,-0.000297222,0.00278815,-0.00473042,-0.00311375,-11.9275,9.87895,-2.1021,7.20333,-2.31416,-0.411777,-4.78138,1.69357,0,0,-12,0,0,0,0,0,6.20098,0,0,0,
0.492644,0.120926,0.84312,0.654518,0.466217,-0.509812,-0.307147,-1.68437e-06,-3.48402e-07,1.12804e-07,1.25344e-07,-2.16935e-06,-4.82856e-06,0.424742,0.396174,0.67933,0.049054,0.976499,-0.208644,0.0226021,-0.178981,0.0799403,0.739144,0.694609,0.287715,0.609158,-0.25232,0,0,0,0,0,0,0,0.000847997,0.00288041,-0.00463322,-0.00415156,-11.6688,9.87975,-2.02616,7.18295,-2.35419,-0.430531,-4.72752,1.67613,0,0,-12,0,0,0,0,0,6.20098,0,0,0,
0.492644,0.120926,0.84312,0.654518,0.466217,-0.509812,-0.307147,0,0,0,0,0,0,0.424742,0.396174,0.67933,0.049054,0.976499,-0.208644,0.0226021,-0.178981,0.0799403,0.739144,0.694609,0.287715,0.609158,-0.25232,0,0,0,0,0,0,0,0.00147483,0.00288095,-0.00463381,-0.00415283,-11.6851,9.87973,-2.03322,7.18472,-2.35145,-0.429308,-4.73096,1.67724,0,0,-12,0,0,0,0,0,6.20098,0,0,0,
0.492644,0.120926,0.84312,0.654518,0.466217,-0.509812,-0.307147,1.68437e-06,3.48403e-07,-1.12804e-07,-1.25344e-07,2.16935e-06,4.82856e-06,0.424742,0.396174,0.67933,0.0490537,0.976499,-0.208644,0.022602,-0.178981,0.0799403,0.739144,0.694609,0.287715,0.609158,-0.25232,0,0,0,0,0,0,0,-0.000478501,0.00297331,-0.00453913,-0.0051947,-11.1431,9.88117,-1.85996,7.13909,-2.43675,-0.468758,-4.61773,1.64065,0,0,-12,0,0,0,0,0,6.20098,0,0,0,
0.492644,0.120926,0.84312,0.654518,0.466217,-0.509812,-0.307147,-1.68692e-06,-3.48929e-07,1.12974e-07,1.25534e-07,-2.17263e-06,-4.83587e-06,0.424742,0.396174,0.67933,0.049054,0.976499,-0.208644,0.0226021,-0.178981,0.0799403,0.739144,0.694609,0.287715,0.609158,-0.25232,0,0,0,0,0,0,0,0.000451539,0.00279408,-0.00472921,-0.00315986,-11.8217,9.87929,-2.07195,7.19521,-2.33046,-0.419368,-4.75934,1.68645,0,0,-12,0,0,0,0,0,6.20098,0,0,0,
0.492644,0.120926,0.84312,0.654518,0.466217,-0.509812,-0.307147,1.68692e-06,3.4893e-07,-1.12975e-07,-1.25534e-07,2.17263e-06,4.83587e-06,0.424742,0.396174,0.67933,0.0490537,0.976499,-0.208644,0.022602,-0.178981,0.0799403,0.739144,0.694609,0.287715,0.609158,-0.25232,0,0,0,0,0,0,0,0.00110252,0.00297467,-0.00454074,-0.00520002,-11.1461,9.88125,-1.86604,7.14042,-2.43577,-0.468421,-4.61847,1.64088,0,0,-12,0,0,0,0,0,6.20098,0,0,0,
0.492644,0.120926,0.84312,0.654518,0.466217,-0.509812,-0.307147,0,0,0,0,0,0,0.424742,0.396174,0.67933,0.0490537,0.976499,-0.208644,0.022602,-0.178981,0.0799403,0.739144,0.694609,0.287715,0.609158,-0.25232,0,0,0,0,0,0,0,0.00101069,0.00288438,-0.00464303,-0.00416833,-10.6839,9.88254,-1.72334,7.10267,-2.50812,-0.501675,-4.52178,1.60971,0,0,-12,0,0,0,0,0,6.20098,0,0,0,
0.492644,0.120926,0.84312,0.654518,0.466217,-0.509812,-0.307147,-1.68692e-06,-3.48929e-07,1.12974e-07,1.25534e-07,-2.17263e-06,-4.83587e-06,0.424742,0.396174,0.67933,0.049054,0.976499,-0.208644,0.0226021,-0.178981,0.0799403,0.739144,0.694609,0.287715,0.609158,-0.25232,0,0,0,0,0,0,0,0.0048615,0.00279231,-0.00474038,-0.00311834,-11.0491,9.8817,-1.8483,7.13517,-2.44985,-0.474854,-4.5982,1.63441,0,0,-12,0,0,0,0,0,6.20098,0,0,0,
0.492644,0.120926,0.84312,0.654518,0.466217,-0.509812,-0.307147,0,0,0,0,0,0,0.424742,0.396174,0.67933,0.049054,0.976499,-0.208644,0.0226021,-0.178981,0.0799403,0.739144,0.694609,0.287715,0.609158,-0.25232,0,0,0,0,0,0,0,0.00355227,0.00288418,-0.00464536,-0.00415183,-10.7645,9.88244,-1.75643,7.111,-2.4947,-0.495657,-4.53879,1.61519,0,0,-12,0,0,0,0,0,6.20098,0,0,0,
0.492644,0.120926,0.84312,0.654518,0.466217,-0.509812,-0.307147,1.68692e-06,3.4893e-07,-1.12975e-07,-1.25534e-07,2.17263e-06,4.83587e-06,0.424742,0.396174,0.67933,0.0490537,0.976499,-0.208644,0.022602,-0.178981,0.0799403,0.739144,0.694609,0.287715,0.609158,-0.25232,0,0,0,0,0,0,0,0.00541365,0.00297611,-0.00454985,-0.00519188,-10.5653,9.88311,-1.70114,7.09597,-2.52521,-0.510063,-4.49739,1.60178,0,0,-12,0,0,0,0,0,6.20098,0,0,0,
0.492644,0.120926,0.84312,0.654518,0.466217,-0.509812,-0.307147,1.68692e-06,3.4893e-07,-1.12975e-07,-1.25534e-07,2.17263e-06,4.83587e-06,0.424742,0.396174,0.67933,0.0490537,0.976499,-0.208644,0.022602,-0.178981,0.0799403,0.739144,0.694609,0.287715,0.609158,-0.25232,0,0,0,0,0,0,0,0.0078794,0.00288653,-0.00464685,-0.00417185,-10.5507,9.88327,-1.70464,7.09651,-2.52676,-0.510787,-4.49439,1.60084,0,0,-12,0,0,0,0,0,6.20098,0,0,0,
0.492644,0.120926,0.84312,0.654518,0.466217,-0.509812,-0.307147,-1.68437e-06,-3.48402e-07,1.12804e-07,1.25344e-07,-2.16935e-06,-4.82856e-06,0.424742,0.396174,0.67933,0.049054,0.976499,-0.208644,0.0226021,-0.178981,0.0799403,0.739144,0.694609,0.287715,0.609158,-0.25232,0,0,0,0,0,0,0,0.00054392,0.00279653,-0.00474584,-0.00313992,-10.3115,9.88356,-1.60708,7.07199,-2.56653,-0.528465,-4.44385,1.58459,0,0,-12,0,0,0,0,0,6.20098,0,0,0,
0.492644,0.120926,0.84312,0.654518,0.466217,-0.509812,-0.307147,1.68437e-06,3.48403e-07,-1.12804e-07,-1.25344e-07,2.16935e-06,4.82856e-06,0.424742,0.396174,0.67933,0.0490537,0.976499,-0.208644,0.022602,-0.178981,0.0799403,0.739144,0.694609,0.287715,0.609158,-0.25232,0,0,0,0,0,0,0,-0.00267023,0.00297836,-0.00455723,-0.0051969,-9.91007,9.88454,-1.47307,7.03694,-2.63021,-0.557997,-4.36002,1.55746,0,0,-12,0,0,0,0,0,6.20098,0,0,0,
0.492644,0.120926,0.84312,0.654518,0.466217,-0.509812,-0.307147,1.68309e-06,3.4814e-07,-1.12719e-07,-1.25249e-07,2.16771e-06,4.82492e-06,0.424742,0.396174,0.67933,0.0490537,0.976499,-0.208644,0.022602,-0.178981,0.0799403,0.739144,0.694609,0.287715,0.609158,-0.25232,0,0,0,0,0,0,0,-0.00169317,0.00288817,-0.00465189,-0.00417224,-10.1769,9.88383,-1.55839,7.05943,-2.58823,-0.538502,-4.41571,1.57547,0,0,-12,0,0,0,0,0,6.20098,0,0,0,
0.492644,0.120926,0.84312,0.654518,0.466217,-0.509812,-0.307147,-1.68309e-06,-3.48139e-07,1.12718e-07,1.25249e-07,-2.16771e-06,-4.82492e-06,0.424742,0.396174,0.67933,0.049054,0.976499,-0.208644,0.0226021,-0.178981,0.0799403,0.739144,0.694609,0.287715,0.609158,-0.25232,0,0,0,0,0,0,0,0.000892372,0.00279727,-0.00475129,-0.00312986,-9.89859,9.88475,-1.48104,7.03853,-2.63097,-0.558266,-4.35761,1.55675,0,0,-12,0,0,0,0,0,6.20098,0,0,0,
0.492644,0.120926,0.84312,0.654518,0.466217,-0.509812,-0.307147,0,0,0,0,0,0,0.424742,0.396174,0.67933,0.0490537,0.976499,-0.208644,0.022602,-0.178981,0.0799403,0.739144,0.694609,0.287715,0.609158,-0.25232,0,0,0,0,0,0,0,0.000261171,0.00298012,-0.00456395,-0.00519775,-9.405,9.88612,-1.32702,6.99772,-2.70824,-0.59427,-4.25468,1.52344,0,0,-12,0,0,0,0,0,6.20098,0,0,0,
0.492644,0.120926,0.84312,0.654518,0.466217,-0.509812,-0.307147,1.68437e-06,3.48403e-07,-1.12804e-07,-1.25344e-07,2.16935e-06,4.82856e-06,0.424742,0.396174,0.67933,0.0490537,0.976499,-0.208644,0.022602,-0.178981,0.0799403,0.739144,0.694609,0.287715,0.609158,-0.25232,0,0,0,0,0,0,0,-0.000711761,0.00288977,-0.00466072,-0.00416842,-9.31692,9.88631,-1.2967,6.9899,-2.72237,-0.600557,-4.23611,1.51749,0,0,-12,0,0,0,0,0,6.20098,0,0,0,
0.492644,0.120926,0.84312,0.654518,0.466217,-0.509812,-0.307147,-1.68437e-06,-3.48402e-07,1.12804e-07,1.25344e-07,-2.16935e-06,-4.82856e-06,0.424742,0.396174,0.67933,0.049054,0.976499,-0.208644,0.0226021,-0.178981,0.0799403,0.739144,0.694609,0.287715,0.609158,-0.25232,0,0,0,0,0,0,0,0.000330382,0.00279841,-0.00475771,-0.00312282,-9.28692,9.88645,-1.29082,6.98821,-2.72677,-0.602496,-4.2298,1.51548,0,0,-12,0,0,0,0,0,6.20098,0,0,0,
0.492644,0.120926,0.84312,0.654518,0.466217,-0.509812,-0.307147,-1.68437e-06,-3.48402e-07,1.12804e-07,1.25344e-07,-2.16935e-06,-4.82856e-06,0.424742,0.396174,0.67933,0.049054,0.976499,-0.208644,0.0226021,-0.178981,0.0799403,0.739144,0.694609,0.287715,0.609158,-0.25232,0,0,0,0,0,0,0,-0.00457773,0.00288957,-0.00466583,-0.00414879,-9.02307,9.88694,-1.19364,6.96327,-2.76953,-0.622068,-4.17449,1.4976,0,0,-12,0,0,0,0,0,6.20098,0,0,0,
0.492644,0.120926,0.84312,0.654518,0.466217,-0.509812,-0.307147,1.68437e-06,3.48403e-07,-1.12804e-07,-1.25344e-07,2.16935e-06,4.82856e-06,0.424742,0.396174,0.67933,0.0490537,0.976499,-0.208644,0.022602,-0.178981,0.0799403,0.739144,0.694609,0.287715,0.609158,-0.25232,0,0,0,0,0,0,0,-0.00251515,0.00298067,-0.00457342,-0.00518015,-8.89073,9.88743,-1.1596,6.95384,-2.78952,-0.631625,-4.14708,1.48871,0,0,-12,0,0,0,0,0,6.20098,0,0,0,
0.492645,0.120926,0.84312,0.654518,0.466217,-0.509812,-0.307147,9.22951e-07,2.43077e-06,-3.53337e-07,3.45684e-07,6.32436e-07,5.25378e-06,0.424742,0.396174,0.67933,0.0490534,0.976499,-0.208644,0.0226021,-0.178981,0.0799403,0.739144,0.694609,0.287715,0.609158,-0.25232,0,0,0,0,0,0,0,0.000623325,0.00312275,-0.00479237,-0.0044194,-8.91473,9.88787,-1.1769,6.95826,-2.78485,-0.629544,-4.1522,1.49035,0,0,-12,0,0,0,0,0,6.20098,0,0,0,
0.492645,0.120926,0.84312,0.654518,0.466217,-0.509812,-0.307147,9.21556e-07,2.4271e-06,-3.52803e-07,3.45161e-07,6.3148e-07,5.24584e-06,0.424742,0.396174,0.67933,0.0490534,0.976499,-0.208644,0.0226021,-0.178981,0.0799403,0.739144,0.694609,0.287715,0.609158,-0.25232,0,0,0,0,0,0,0,-0.00106148,0.00289565,-0.00466889,-0.00417637,-8.99578,9.88721,-1.19665,6.96345,-2.77268,-0.623784,-4.169,1.49582,0,0,-12,0,0,0,0,0,6.20098,0,0,0,
0.492645,0.120926,0.84312,0.654518,0.466217,-0.509812,-0.307147,2.60651e-06,2.77395e-06,-4.65429e-07,2.19465e-07,2.802e-06,1.00741e-05,0.424742,0.396174,0.67933,0.0490534,0.976499,-0.208644,0.0226021,-0.178981,0.0799403,0.739144,0.694609,0.287715,0.609158,-0.25232,0,0,0,0,0,0,0,0.00240202,0.00289618,-0.0046761,-0.00417048,-8.17249,9.88971,-0.954318,6.89862,-2.9003,-0.683007,-3.99722,1.44035,0,0,-12,0,0,0,0,0,6.20098,0,0,0,
0.492644,0.120926,0.84312,0.654518,0.466217,-0.509812,-0.307147,1.68692e-06,3.4893e-07,-1.12975e-07,-1.25534e-07,2.17263e-06,4.83587e-06,0.424742,0.396174,0.67933,0.0490537,0.976499,-0.208644,0.022602,-0.178981,0.0799403,0.739144,0.694609,0.287715,0.609158,-0.25232,0,0,0,0,0,0,0,0.00494483,0.00267037,-0.00455087,-0.00392945,-8.44283,9.88874,-1.04609,6.92216,-2.8572,-0.663261,-4.05382,1.45866,0,0,-12,0,0,0,0,0,6.20098,0,0,0,
0.492644,0.120926,0.84312,0.654518,0.466217,-0.509812,-0.307147,-1.68819e-06,-3.49193e-07,1.1306e-07,1.25629e-07,-2.17427e-06,-4.83953e-06,0.424742,0.396174,0.67933,0.049054,0.976499,-0.208644,0.0226021,-0.178981,0.0799403,0.739144,0.694609,0.287715,0.609158,-0.25232,0,0,0,0,0,0,0,0.00445896,0.00280159,-0.0047687,-0.00311581,-8.27315,9.88952,-0.991973,6.90829,-2.88396,-0.675431,-4.01826,1.44717,0,0,-12,0,0,0,0,0,6.20098,0,0,0,
0.492644,0.120926,0.84312,0.654518,0.466217,-0.509812,-0.307147,1.68819e-06,3.49194e-07,-1.1306e-07,-1.25629e-07,2.17427e-06,4.83953e-06,0.424742,0.396174,0.67933,0.0490537,0.976499,-0.208644,0.022602,-0.178981,0.0799403,0.739144,0.694609,0.287715,0.609158,-0.25232,0,0,0,0,0,0,0,0.000130163,0.00298472,-0.00458421,-0.00519037,-8.13229,9.88971,-0.934585,6.89374,-2.90725,-0.686226,-3.98879,1.4376,0,0,-12,0,0,0,0,0,6.20098,0,0,0,
0.492644,0.120926,0.84312,0.654518,0.466217,-0.509812,-0.307147,1.68692e-06,3.4893e-07,-1.12975e-07,-1.25534e-07,2.17263e-06,4.83587e-06,0.424742,0.396174,0.67933,0.0490537,0.976499,-0.208644,0.022602,-0.178981,0.0799403,0.739144,0.694609,0.287715,0.609158,-0.25232,0,0,0,0,0,0,0,0.00742117,0.00289517,-0.00467636,-0.00417068,-8.1513,9.89003,-0.96409,6.90033,-2.90203,-0.684168,-3.9931,1.439,0,0,-12,0,0,0,0,0,6.20098,0,0,0,
0.492644,0.120926,0.84312,0.654518,0.466217,-0.509812,-0.307147,-1.68819e-06,-3.49193e-07,1.1306e-07,1.25629e-07,-2.17427e-06,-4.83953e-06,0.424742,0.396174,0.67933,0.049054,0.976499,-0.208644,0.0226021,-0.178981,0.0799403,0.739144,0.694609,0.287715,0.609158,-0.25232,0,0,0,0,0,0,0,0.003696,0.00280384,-0.00477296,-0.00312226,-7.77852,9.89088,-0.837145,6.86739,-2.96153,-0.711223,-3.91488,1.4138,0,0,-12,0,0,0,0,0,6.20098,0,0,0,
0.492644,0.120926,0.84312,0.654518,0.466217,-0.509812,-0.307147,-1.68437e-06,-3.48402e-07,1.12804e-07,1.25344e-07,-2.16935e-06,-4.82856e-06,0.424742,0.396174,0.67933,0.049054,0.976499,-0.208644,0.0226021,-0.178981,0.0799403,0.739144,0.694609,0.287715,0.609158,-0.25232,0,0,0,0,0,0,0,-0.0023491,0.00289497,-0.00468259,-0.00414976,-7.70351,9.89079,-0.794436,6.85708,-2.97512,-0.717235,-3.89896,1.40864,0,0,-12,0,0,0,0,0,6.20098,0,0,0,
0.492644,0.120926,0.84312,0.654518,0.466217,-0.509812,-0.307147,-2.60662e-06,-2.77733e-06,4.65873e-07,-2.20078e-07,-2.8013e-06,-1.00784e-05,0.424742,0.396174,0.67933,0.049054,0.976499,-0.208644,0.0226021,-0.178981,0.0799403,0.739144,0.694609,0.287715,0.609158,-0.25232,0,0,0,0,0,0,0,0.00213353,0.00289552,-0.00468203,-0.00415233,-7.8556,9.89059,-0.855837,6.87257,-2.94993,-0.705918,-3.931,1.41897,0,0,-12,0,0,0,0,0,6.20098,0,0,0,
0.492644,0.120926,0.84312,0.654518,0.466217,-0.509812,-0.307147,-2.60662e-06,-2.77733e-06,4.65873e-07,-2.20078e-07,-2.8013e-06,-1.00784e-05,0.424742,0.396174,0.67933,0.049054,0.976499,-0.208644,0.0226021,-0.178981,0.0799403,0.739144,0.694609,0.287715,0.609158,-0.25232,0,0,0,0,0,0,0,0.00442135,0.00289606,-0.00468577,-0.00415013,-7.46116,9.89183,-0.741777,6.84194,-3.01087,-0.734245,-3.84874,1.39241,0,0,-12,0,0,0,0,0,6.20098,0,0,0,
0.492644,0.120926,0.84312,0.654518,0.466217,-0.509812,-0.307147,-9.22952e-07,-2.43077e-06,3.53337e-07,-3.45684e-07,-6.32436e-07,-5.25378e-06,0.424742,0.396174,0.67933,0.0490537,0.976499,-0.208644,0.022602,-0.178981,0.0799403,0.739144,0.694609,0.287715,0.609158,-0.25232,0,0,0,0,0,0,0,0.00327266,0.00298835,-0.00459464,-0.00519667,-7.47617,9.89173,-0.742697,6.84234,-3.00884,-0.733396,-3.85191,1.3934,0,0,-12,0,0,0,0,0,6.20098,0,0,0,
0.492644,0.120926,0.84312,0.654518,0.466217,-0.509812,-0.307147,0,0,0,0,0,0,0.424742,0.396174,0.67933,0.049054,0.976499,-0.208644,0.0226021,-0.178981,0.0799403,0.739144,0.694609,0.287715,0.609158,-0.25232,0,0,0,0,0,0,0,0.000536649,0.00280737,-0.00477678,-0.00313446,-7.3957,9.8918,-0.70897,6.83397,-3.02238,-0.739114,-3.83472,1.38793,0,0,-12,0,0,0,0,0,6.20098,0,0,0,
0.492644,0.120926,0.84312,0.654518,0.466217,-0.509812,-0.307147,0,0,0,0,0,0,0.424742,0.396174,0.67933,0.049054,0.976499,-0.208644,0.0226021,-0.178981,0.0799403,0.739144,0.694609,0.287715,0.609158,-0.25232,0,0,0,0,0,0,0,-0.00369492,0.00289768,-0.00469036,-0.00415089,-7.11978,9.89237,-0.610269,6.80851,-3.0668,-0.759506,-3.77693,1.36925,0,0,-12,0,0,0,0,0,6.20098,0,0,0,
0.492644,0.120926,0.84312,0.654518,0.466217,-0.509812,-0.307147,0,0,0,0,0,0,0.424742,0.396174,0.67933,0.0490537,0.976499,-0.208644,0.022602,-0.178981,0.0799403,0.739144,0.694609,0.287715,0.609158,-0.25232,0,0,0,0,0,0,0,-0.00212787,0.00299077,-0.00459915,-0.00520688,-7.16038,9.89235,-0.62789,6.81285,-3.05991,-0.75661,-3.78562,1.37201,0,0,-12,0,0,0,0,0,6.20098,0,0,0,
0.492644,0.120926,0.84312,0.654518,0.466217,-0.509812,-0.307147,0,0,0,0,0,0,0.424742,0.396174,0.67933,0.0490537,0.976499,-0.208644,0.022602,-0.178981,0.0799403,0.739144,0.694609,0.287715,0.609158,-0.25232,0,0,0,0,0,0,0,0.00244217,0.00290004,-0.00468937,-0.00417388,-7.23129,9.89238,-0.664546,6.82182,-3.04743,-0.751001,-3.8006,1.37687,0,0,-12,0,0,0,0,0,6.20098,0,0,0,
0.492644,0.120926,0.84312,0.654518,0.466217,-0.509812,-0.307147,1.68437e-06,3.48403e-07,-1.12804e-07,-1.25344e-07,2.16935e-06,4.82856e-06,0.424742,0.396174,0.67933,0.0490537,0.976499,-0.208644,0.022602,-0.178981,0.0799403,0.739144,0.694609,0.287715,0.609158,-0.25232,0,0,0,0,0,0,0,-0.00106135,0.00290057,-0.00469223,-0.00417266,-6.95108,9.89299,-0.566861,6.79654,-3.09234,-0.771503,-3.74185,1.35791,0,0,-12,0,0,0,0,0,6.20098,0,0,0,
0.492644,0.120926,0.84312,0.654518,0.466217,-0.509812,-0.307147,0,0,0,0,0,0,0.424742,0.396174,0.67933,0.0490537,0.976499,-0.208644,0.022602,-0.178981,0.0799403,0.739144,0.694609,0.287715,0.609158,-0.25232,0,0,0,0,0,0,0,-0.00456605,0.00290112,-0.00469262,-0.0041742,-6.98409,9.89271,-0.565644,6.79683,-3.08829,-0.769377,-3.74853,1.36008,0,0,-12,0,0,0,0,0,6.20098,0,0,0,
0.492644,0.120926,0.84312,0.654518,0.466217,-0.509812,-0.307147,1.68692e-06,3.4893e-07,-1.12975e-07,-1.25534e-07,2.17263e-06,4.83587e-06,0.424742,0.396174,0.67933,0.0490537,0.976499,-0.208644,0.022602,-0.178981,0.0799403,0.739144,0.694609,0.287715,0.609158,-0.25232,0,0,0,0,0,0,0,0.000645331,0.00290166,-0.0046963,-0.00417212,-6.60223,9.89406,-0.464952,6.76924,-3.14634,-0.79658,-3.66907,1.33441,0,0,-12,0,0,0,0,0,6.20098,0,0,0,
0.492644,0.120926,0.84312,0.654518,0.466217,-0.509812,-0.307147,0,0,0,0,0,0,0.424742,0.396174,0.67933,0.0490537,0.976499,-0.208644,0.022602,-0.178981,0.0799403,0.739144,0.694609,0.287715,0.609158,-0.25232,0,0,0,0,0,0,0,-0.00062054,0.00290221,-0.00469838,-0.00417182,-6.42041,9.89451,-0.404839,6.75353,-3.17517,-0.809808,-3.63101,1.32213,0,0,-12,0,0,0,0,0,6.20098,0,0,0,
0.492644,0.120926,0.84312,0.654518,0.466217,-0.509812,-0.307147,-1.68692e-06,-3.48929e-07,1.12974e-07,1.25534e-07,-2.17263e-06,-4.83587e-06,0.424742,0.396174,0.67933,0.049054,0.976499,-0.208644,0.0226021,-0.178981,0.0799403,0.739144,0.694609,0.287715,0.609158,-0.25232,0,0,0,0,0,0,0,0.00188111,0.00281743,-0.00478022,-0.00320191,-6.61472,9.89408,-0.472786,6.77114,-3.14405,-0.795446,-3.67165,1.33528,0,0,-12,0,0,0,0,0,6.20098,0,0,0,
0.492644,0.120926,0.84312,0.654518,0.466217,-0.509812,-0.307147,1.68692e-06,3.4893e-07,-1.12975e-07,-1.25534e-07,2.17263e-06,4.83587e-06,0.424742,0.396174,0.67933,0.0490537,0.976499,-0.208644,0.022602,-0.178981,0.0799403,0.739144,0.694609,0.287715,0.609158,-0.25232,0,0,0,0,0,0,0,0.000542921,0.00299413,-0.00460808,-0.0052084,-6.93966,9.89311,-0.568575,6.79667,-3.09358,-0.772359,-3.73967,1.35717,0,0,-12,0,0,0,0,0,6.20098,0,0,0,
0.492644,0.120926,0.84312,0.654518,0.466217,-0.509812,-0.307147,0,0,0,0,0,0,0.424742,0.396174,0.67933,0.0490537,0.976499,-0.208644,0.022602,-0.178981,0.0799403,0.739144,0.694609,0.287715,0.609158,-0.25232,0,0,0,0,0,0,0,0.000826682,0.00290386,-0.00470011,-0.00417585,-6.45596,9.89449,-0.420488,6.75742,-3.16915,-0.807134,-3.63853,1.32455,0,0,-12,0,0,0,0,0,6.20098,0,0,0,
0.492644,0.120926,0.84312,0.654518,0.466217,-0.509812,-0.307147,0,0,0,0,0,0,0.424742,0.396174,0.67933,0.0490537,0.976499,-0.208644,0.022602,-0.178981,0.0799403,0.739144,0.694609,0.287715,0.609158,-0.25232,0,0,0,0,0,0,0,0.00163804,0.00290441,-0.00470231,-0.00417539,-6.26092,9.89508,-0.363048,6.74206,-3.19939,-0.821165,-3.59783,1.31141,0,0,-12,0,0,0,0,0,6.20098,0,0,0,
0.492644,0.120926,0.84312,0.654518,0.466217,-0.509812,-0.307147,0,0,0,0,0,0,0.424742,0.396174,0.67933,0.0490537,0.976499,-0.208644,0.022602,-0.178981,0.0799403,0.739144,0.694609,0.287715,0.609158,-0.25232,0,0,0,0,0,0,0,0.00249343,0.00290495,-0.00470319,-0.00417635,-6.2316,9.89521,-0.356792,6.74025,-3.2037,-0.823221,-3.59176,1.30944,0,0,-12,0,0,0,0,0,6.20098,0,0,0,
0.492644,0.120926,0.84312,0.654518,0.466217,-0.509812,-0.307147,-1.68311e-06,-3.48142e-07,1.12719e-07,1.25251e-07,-2.16773e-06,-4.82496e-06,0.424742,0.396174,0.67933,0.049054,0.976499,-0.208644,0.0226021,-0.178981,0.0799403,0.739144,0.694609,0.287715,0.609158,-0.25232,0,0,0,0,0,0,0,0.00350293,0.00281699,-0.00478614,-0.00317107,-6.50048,9.89449,-0.442861,6.76294,-3.1614,-0.803576,-3.64788,1.3276,0,0,-12,0,0,0,0,0,6.20098,0,0,0,
0.492644,0.120926,0.84312,0.654518,0.466217,-0.509812,-0.307147,0,0,0,0,0,0,0.424742,0.396174,0.67933,0.0490537,0.976499,-0.208644,0.022602,-0.178981,0.0799403,0.739144,0.694609,0.287715,0.609158,-0.25232,0,0,0,0,0,0,0,0.0015664,0.00299666,-0.00461968,-0.00520514,-6.09576,9.89555,-0.311969,6.72849,-3.22518,-0.833251,-3.56343,1.30027,0,0,-12,0,0,0,0,0,6.20098,0,0,0,
0.492644,0.120926,0.84312,0.654518,0.466217,-0.509812,-0.307147,0,0,0,0,0,0,0.424742,0.396174,0.67933,0.0490537,0.976499,-0.208644,0.022602,-0.178981,0.0799403,0.739144,0.694609,0.287715,0.609158,-0.25232,0,0,0,0,0,0,0,0.00384534,0.00290661,-0.00470394,-0.00418147,-6.39764,9.89481,-0.412322,6.75473,-3.17732,-0.811126,-3.62653,1.32067,0,0,-12,0,0,0,0,0,6.20098,0,0,0,
0.492644,0.120926,0.84312,0.654518,0.466217,-0.509812,-0.307147,0,0,0,0,0,0,0.424742,0.396174,0.67933,0.049054,0.976499,-0.208644,0.0226021,-0.178981,0.0799403,0.739144,0.694609,0.287715,0.609158,-0.25232,0,0,0,0,0,0,0,0.00629855,0.00281457,-0.00479452,-0.00312513,-6.08432,9.89581,-0.323756,6.73088,-3.22558,-0.833429,-3.56111,1.29958,0,0,-12,0,0,0,0,0,6.20098,0,0,0,
0.492644,0.120926,0.84312,0.654518,0.466217,-0.509812,-0.307147,0,0,0,0,0,0,0.424742,0.396174,0.67933,0.0490537,0.976499,-0.208644,0.022602,-0.178981,0.0799403,0.739144,0.694609,0.287715,0.609158,-0.25232,0,0,0,0,0,0,0,0.000217996,0.00299744,-0.00462476,-0.00519752,-5.91839,9.89598,-0.252957,6.71309,-3.25334,-0.846163,-3.5263,1.28828,0,0,-12,0,0,0,0,0,6.20098,0,0,0,
0.492644,0.120926,0.84312,0.654518,0.466217,-0.509812,-0.307147,0,0,0,0,0,0,0.424742,0.396174,0.67933,0.0490537,0.976499,-0.208644,0.022602,-0.178981,0.0799403,0.739144,0.694609,0.287715,0.609158,-0.25232,0,0,0,0,0,0,0,0.00207465,0.00290823,-0.00471044,-0.00418019,-5.83581,9.89631,-0.233522,6.70766,-3.26571,-0.851846,-3.50905,1.28274,0,0,-12,0,0,0,0,0,6.20098,0,0,0,
0.492644,0.120926,0.84312,0.654518,0.466217,-0.509812,-0.307147,0,0,0,0,0,0,0.424742,0.396174,0.67933,0.049054,0.976499,-0.208644,0.0226021,-0.178981,0.0799403,0.739144,0.694609,0.287715,0.609158,-0.25232,0,0,0,0,0,0,0,0.00156826,0.00281945,-0.00479269,-0.00316539,-6.09375,9.89555,-0.311298,6.72841,-3.22559,-0.833102,-3.5628,1.30014,0,0,-12,0,0,0,0,0,6.20098,0,0,0,
0.492644,0.120926,0.84312,0.654518,0.466217,-0.509812,-0.307147,0,0,0,0,0,0,0.424742,0.396174,0.67933,0.0490537,0.976499,-0.208644,0.022602,-0.178981,0.0799403,0.739144,0.694609,0.287715,0.609158,-0.25232,0,0,0,0,0,0,0,-0.00216088,0.0029998,-0.00462556,-0.00521084,-6.09702,9.89536,-0.300247,6.72604,-3.22617,-0.833435,-3.56347,1.30029,0,0,-12,0,0,0,0,0,6.20098,0,0,0,
0.492644,0.120926,0.84312,0.654518,0.466217,-0.509812,-0.307147,1.68692e-06,3.4893e-07,-1.12975e-07,-1.25534e-07,2.17263e-06,4.83587e-06,0.424742,0.396174,0.67933,0.0490537,0.976499,-0.208644,0.022602,-0.178981,0.0799403,0.739144,0.694609,0.287715,0.609158,-0.25232,0,0,0,0,0,0,0,0.00198195,0.00290987,-0.00471424,-0.00418192,-5.6244,9.8969,-0.168104,6.69034,-3.29879,-0.867126,-3.46488,1.26848,0,0,-12,0,0,0,0,0,6.20098,0,0,0,
0.492644,0.120926,0.84312,0.654518,0.466217,-0.509812,-0.307147,1.68819e-06,3.49194e-07,-1.1306e-07,-1.25629e-07,2.17427e-06,4.83953e-06,0.424742,0.396174,0.67933,0.0490537,0.976499,-0.208644,0.022602,-0.178981,0.0799403,0.739144,0.694609,0.287715,0.609158,-0.25232,0,0,0,0,0,0,0,0.00280484,0.00291041,-0.0047153,-0.00418268,-5.57638,9.89708,-0.155985,6.68698,-3.30604,-0.870535,-3.4549,1.26526,0,0,-12,0,0,0,0,0,6.20098,0,0,0,
0.492644,0.120926,0.84312,0.654518,0.466217,-0.509812,-0.307147,-1.68819e-06,-3.49193e-07,1.1306e-07,1.25629e-07,-2.17427e-06,-4.83953e-06,0.424742,0.396174,0.67933,0.049054,0.976499,-0.208644,0.0226021,-0.178981,0.0799403,0.739144,0.694609,0.287715,0.609158,-0.25232,0,0,0,0,0,0,0,-0.00159619,0.00281986,-0.00479951,-0.00314638,-5.66341,9.8966,-0.168474,6.69111,-3.29387,-0.864421,-3.4727,1.27106,0,0,-12,0,0,0,0,0,6.20098,0,0,0,
0.492644,0.120926,0.84312,0.654518,0.466217,-0.509812,-0.307147,1.68692e-06,3.4893e-07,-1.12975e-07,-1.25534e-07,2.17263e-06,4.83587e-06,0.424742,0.396174,0.67933,0.0490537,0.976499,-0.208644,0.022602,-0.178981,0.0799403,0.739144,0.694609,0.287715,0.609158,-0.25232,0,0,0,0,0,0,0,-0.00233217,0.00300219,-0.00463351,-0.00521345,-5.54478,9.89691,-0.129594,6.68084,-3.31256,-0.873345,-3.44809,1.26304,0,0,-12,0,0,0,0,0,6.20098,0,0,0,
0.492644,0.120926,0.84312,0.654518,0.466217,-0.509812,-0.307147,0,0,0,0,0,0,0.424742,0.396174,0.67933,0.0490537,0.976499,-0.208644,0.022602,-0.178981,0.0799403,0.739144,0.694609,0.287715,0.609158,-0.25232,0,0,0,0,0,0,0,0.000977638,0.00291204,-0.00471831,-0.00418524,-5.46272,9.89731,-0.115041,6.67645,-3.32439,-0.878881,-3.43104,1.25756,0,0,-12,0,0,0,0,0,6.20098,0,0,0,
0.492644,0.120926,0.84312,0.654518,0.466217,-0.509812,-0.307147,0,0,0,0,0,0,0.424742,0.396174,0.67933,0.0490537,0.976499,-0.208644,0.022602,-0.178981,0.0799403,0.739144,0.694609,0.287715,0.609158,-0.25232,0,0,0,0,0,0,0,-0.0024487,0.00291258,-0.00471922,-0.00418615,-5.43472,9.89721,-0.0952917,6.67182,-3.32985,-0.881156,-3.42499,1.25562,0,0,-12,0,0,0,0,0,6.20098,0,0,0,
0.492644,0.120926,0.84312,0.654518,0.466217,-0.509812,-0.307147,1.68692e-06,3.4893e-07,-1.12975e-07,-1.25534e-07,2.17263e-06,4.83587e-06,0.424742,0.396174,0.67933,0.0490537,0.976499,-0.208644,0.022602,-0.178981,0.0799403,0.739144,0.694609,0.287715,0.609158,-0.25232,0,0,0,0,0,0,0,3.72264e-05,0.00291311,-0.00472024,-0.00418694,-5.39381,9.89745,-0.0907606,6.67018,-3.33546,-0.883929,-3.41659,1.2529,0,0,-12,0,0,0,0,0,6.20098,0,0,0,
0.492644,0.120926,0.84312,0.654518,0.466217,-0.509812,-0.307147,0,0,0,0,0,0,0.424742,0.396174,0.67933,0.0490537,0.976499,-0.208644,0.022602,-0.178981,0.0799403,0.739144,0.694609,0.287715,0.609158,-0.25232,0,0,0,0,0,0,0,-0.000201924,0.00291364,-0.00472346,-0.00418532,-5.07496,9.89834,0.00822234,6.64399,-3.38538,-0.906981,-3.34997,1.23139,0,0,-12,0,0,0,0,0,6.20098,0,0,0,
0.492644,0.120926,0.84312,0.654518,0.466217,-0.509812,-0.307147,0,0,0,0,0,0,0.424742,0.396174,0.67933,0.0490537,0.976499,-0.208644,0.022602,-0.178981,0.0799403,0.739144,0.694609,0.287715,0.609158,-0.25232,0,0,0,0,0,0,0,0.00377123,0.00291418,-0.00472373,-0.00418698,-5.12992,9.89839,-0.0216069,6.6512,-3.37553,-0.902718,-3.36169,1.23516,0,0,-12,0,0,0,0,0,6.20098,0,0,0,
0.492644,0.120926,0.84312,0.654518,0.466217,-0.509812,-0.307147,0,0,0,0,0,0,0.424742,0.396174,0.67933,0.0490537,0.976499,-0.208644,0.022602,-0.178981,0.0799403,0.739144,0.694609,0.287715,0.609158,-0.25232,0,0,0,0,0,0,0,0.00179212,0.00291472,-0.00472503,-0.00418749,-5.0542,9.89851,0.00814353,6.64367,-3.388,-0.908335,-3.34575,1.23002,0,0,-12,0,0,0,0,0,6.20098,0,0,0,
0.492644,0.120926,0.84312,0.654518,0.466217,-0.509812,-0.307147,0,0,0,0,0,0,0.424742,0.396174,0.67933,0.0490537,0.976499,-0.208644,0.022602,-0.178981,0.0799403,0.739144,0.694609,0.287715,0.609158,-0.25232,0,0,0,0,0,0,0,3.7247e-05,0.00291526,-0.00472406,-0.00419049,-5.26633,9.89782,-0.0514956,6.65978,-3.35539,-0.893139,-3.38996,1.2443,0,0,-12,0,0,0,0,0,6.20098,0,0,0,
0.492644,0.120926,0.84312,0.654518,0.466217,-0.509812,-0.307147,0,0,0,0,0,0,0.424742,0.396174,0.67933,0.0490537,0.976499,-0.208644,0.022602,-0.178981,0.0799403,0.739144,0.694609,0.287715,0.609158,-0.25232,0,0,0,0,0,0,0,-0.000634529,0.00291579,-0.00472764,-0.00418848,-4.90463,9.8988,0.0620935,6.62979,-3.41215,-0.919319,-3.31436,1.2199,0,0,-12,0,0,0,0,0,6.20098,0,0,0,
0.492644,0.120926,0.84312,0.654518,0.466217,-0.509812,-0.307147,0,0,0,0,0,0,0.424742,0.396174,0.67933,0.0490537,0.976499,-0.208644,0.022602,-0.178981,0.0799403,0.739144,0.694609,0.287715,0.609158,-0.25232,0,0,0,0,0,0,0,0.00473126,0.00291633,-0.00472881,-0.00418911,-4.84464,9.89925,0.0631458,6.62858,-3.41983,-0.923258,-3.30215,1.21594,0,0,-12,0,0,0,0,0,6.20098,0,0,0,
0.492644,0.120926,0.84312,0.654518,0.466217,-0.509812,-0.307147,-1.68309e-06,-3.48139e-07,1.12718e-07,1.25249e-07,-2.16771e-06,-4.82492e-06,0.424742,0.396174,0.67933,0.049054,0.976499,-0.208644,0.0226021,-0.178981,0.0799403,0.739144,0.694609,0.287715,0.609158,-0.25232,0,0,0,0,0,0,0,0.00264445,0.00282477,-0.00480699,-0.00314607,-5.48295,9.89734,-0.126653,6.6793,-3.32075,-0.877147,-3.43526,1.25896,0,0,-12,0,0,0,0,0,6.20098,0,0,0,
0.492644,0.120926,0.84312,0.654518,0.466217,-0.509812,-0.307147,-1.68309e-06,-3.48139e-07,1.12718e-07,1.25249e-07,-2.16771e-06,-4.82492e-06,0.424742,0.396174,0.67933,0.049054,0.976499,-0.208644,0.0226021,-0.178981,0.0799403,0.739144,0.694609,0.287715,0.609158,-0.25232,0,0,0,0,0,0,0,0.000682939,0.00291612,-0.00473349,-0.00416969,-4.60174,9.89973,0.15111,6.60597,-3.45908,-0.941101,-3.25116,1.19949,0,0,-12,0,0,0,0,0,6.20098,0,0,0,
0.492644,0.120926,0.84312,0.654518,0.466217,-0.509812,-0.307147,0,0,0,0,0,0,0.424742,0.396174,0.67933,0.0490537,0.976499,-0.208644,0.022602,-0.178981,0.0799403,0.739144,0.694609,0.287715,0.609158,-0.25232,0,0,0,0,0,0,0,0.00406858,0.00300971,-0.00465241,-0.00523031,-4.46357,9.9003,0.182648,6.59697,-3.47957,-0.950988,-3.22261,1.19022,0,0,-12,0,0,0,0,0,6.20098,0,0,0,
0.492644,0.120926,0.84312,0.654518,0.466217,-0.509812,-0.307147,0,0,0,0,0,0,0.424742,0.396174,0.67933,0.0490537,0.976499,-0.208644,0.022602,-0.178981,0.0799403,0.739144,0.694609,0.287715,0.609158,-0.25232,0,0,0,0,0,0,0,0.00379997,0.00291846,-0.00473348,-0.00419165,-4.61652,9.89985,0.136436,6.60932,-3.45579,-0.939807,-3.25443,1.20054,0,0,-12,0,0,0,0,0,6.20098,0,0,0,
0.492644,0.120926,0.84312,0.654518,0.466217,-0.509812,-0.307147,-1.68692e-06,-3.48929e-07,1.12974e-07,1.25534e-07,-2.17263e-06,-4.83587e-06,0.424742,0.396174,0.67933,0.049054,0.976499,-0.208644,0.0226021,-0.178981,0.0799403,0.739144,0.694609,0.287715,0.609158,-0.25232,0,0,0,0,0,0,0,0.00225083,0.00282527,-0.00481657,-0.00312521,-4.69291,9.89955,0.117967,6.61453,-3.44439,-0.934249,-3.27019,1.20566,0,0,-12,0,0,0,0,0,6.20098,0,0,0,
0.492644,0.120926,0.84312,0.654518,0.466217,-0.509812,-0.307147,0,0,0,0,0,0,0.424742,0.396174,0.67933,0.0490537,0.976499,-0.208644,0.022602,-0.178981,0.0799403,0.739144,0.694609,0.287715,0.609158,-0.25232,0,0,0,0,0,0,0,0.00439998,0.00301077,-0.00465425,-0.00522932,-4.649,9.8998,0.124459,6.61234,-3.45047,-0.937567,-3.26137,1.20274,0,0,-12,0,0,0,0,0,6.20098,0,0,0,
0.492644,0.120926,0.84312,0.654518,0.466217,-0.509812,-0.307147,0,0,0,0,0,0,0.424742,0.396174,0.67933,0.0490537,0.976499,-0.208644,0.022602,-0.178981,0.0799403,0.739144,0.694609,0.287715,0.609158,-0.25232,0,0,0,0,0,0,0,0.00432965,0.00292007,-0.00473768,-0.00419282,-4.36098,9.9006,0.213426,6.58882,-3.49557,-0.95823,-3.20108,1.18331,0,0,-12,0,0,0,0,0,6.20098,0,0,0,
0.492644,0.120926,0.84312,0.654518,0.466217,-0.509812,-0.307147,0,0,0,0,0,0,0.424742,0.396174,0.67933,0.0490537,0.976499,-0.208644,0.022602,-0.178981,0.0799403,0.739144,0.694609,0.287715,0.609158,-0.25232,0,0,0,0,0,0,0,0.000638008,0.00292061,-0.00473813,-0.00419426,-4.39491,9.90031,0.214964,6.58906,-3.49143,-0.956051,-3.20795,1.18554,0,0,-12,0,0,0,0,0,6.20098,0,0,0,
0.492644,0.120926,0.84312,0.654518,0.466217,-0.509812,-0.307147,1.68692e-06,3.4893e-07,-1.12975e-07,-1.25534e-07,2.17263e-06,4.83587e-06,0.424742,0.396174,0.67933,0.0490537,0.976499,-0.208644,0.022602,-0.178981,0.0799403,0.739144,0.694609,0.287715,0.609158,-0.25232,0,0,0,0,0,0,0,0.00199847,0.00292114,-0.00474053,-0.00419354,-4.18242,9.90098,0.275995,6.57265,-3.52422,-0.971302,-3.16364,1.17123,0,0,-12,0,0,0,0,0,6.20098,0,0,0,
0.492644,0.120926,0.84312,0.654518,0.466217,-0.509812,-0.307147,1.6869e-06,3.48926e-07,-1.12974e-07,-1.25532e-07,2.17261e-06,4.83582e-06,0.424742,0.396174,0.67933,0.0490537,0.976499,-0.208644,0.022602,-0.178981,0.0799403,0.739144,0.694609,0.287715,0.609158,-0.25232,0,0,0,0,0,0,0,-0.00392757,0.0029217,-0.00473947,-0.00419673,-4.41256,9.90003,0.224355,6.58737,-3.49012,-0.955112,-3.21136,1.18666,0,0,-12,0,0,0,0,0,6.20098,0,0,0,
0.492644,0.120926,0.84312,0.654518,0.466217,-0.509812,-0.307147,0,0,0,0,0,0,0.424742,0.396174,0.67933,0.0490537,0.976499,-0.208644,0.022602,-0.178981,0.0799403,0.739144,0.694609,0.287715,0.609158,-0.25232,0,0,0,0,0,0,0,-0.000740573,0.00292226,-0.00474486,-0.00419279,-3.82551,9.90185,0.394823,6.54163,-3.58089,-0.997288,-3.08891,1.14711,0,0,-12,0,0,0,0,0,6.20098,0,0,0,
0.492644,0.120926,0.84312,0.654518,0.466217,-0.509812,-0.307147,0,0,0,0,0,0,0.424742,0.396174,0.67933,0.0490537,0.976499,-0.208644,0.022602,-0.178981,0.0799403,0.739144,0.694609,0.287715,0.609158,-0.25232,0,0,0,0,0,0,0,-0.00203682,0.00292289,-0.00474353,-0.00419656,-4.10175,9.90101,0.313949,6.5633,-3.53811,-0.977427,-3.14654,1.16572,0,0,-12,0,0,0,0,0,6.20098,0,0,0,
0.492644,0.120926,0.84312,0.654518,0.466217,-0.509812,-0.307147,1.68438e-06,3.48406e-07,-1.12805e-07,-1.25345e-07,2.16937e-06,4.82861e-06,0.424742,0.396174,0.67933,0.0490537,0.976499,-0.208644,0.022602,-0.178981,0.0799403,0.739144,0.694609,0.287715,0.609158,-0.25232,0,0,0,0,0,0,0,0.000290884,0.00292344,-0.00474471,-0.00419724,-4.04726,9.90128,0.323172,6.56045,-3.54589,-0.981192,-3.1353,1.16209,0,0,-12,0,0,0,0,0,6.20098,0,0,0,
0.492644,0.120926,0.84312,0.654518,0.466217,-0.509812,-0.307147,0,0,0,0,0,0,0.424742,0.396174,0.67933,0.0490537,0.976499,-0.208644,0.022602,-0.178981,0.0799403,0.739144,0.694609,0.287715,0.609158,-0.25232,0,0,0,0,0,0,0,0.00286028,0.00292401,-0.00474547,-0.00419843,-4.04933,9.90141,0.314194,6.56238,-3.54476,-0.980854,-3.13589,1.16227,0,0,-12,0,0,0,0,0,6.20098,0,0,0,
0.492644,0.120926,0.84312,0.654518,0.466217,-0.509812,-0.307147,0,0,0,0,0,0,0.424742,0.396174,0.67933,0.0490537,0.976499,-0.208644,0.022602,-0.178981,0.0799403,0.739144,0.694609,0.287715,0.609158,-0.25232,0,0,0,0,0,0,0,-0.00151222,0.00292454,-0.0047489,-0.00419658,-3.70812,9.90215,0.433487,6.53152,-3.59948,-1.00583,-3.06434,1.13918,0,0,-12,0,0,0,0,0,6.20098,0,0,0,
0.492644,0.120926,0.84312,0.654518,0.466217,-0.509812,-0.307147,0,0,0,0,0,0,0.424742,0.396174,0.67933,0.0490537,0.976499,-0.208644,0.022602,-0.178981,0.0799403,0.739144,0.694609,0.287715,0.609158,-0.25232,0,0,0,0,0,0,0,-0.000195863,0.00292508,-0.00475184,-0.00419526,-3.42468,9.90301,0.516515,6.50929,-3.64338,-1.02621,-3.00521,1.12009,0,0,-12,0,0,0,0,0,6.20098,0,0,0,
0.492644,0.120926,0.84312,0.654518,0.466217,-0.509812,-0.307147,0,0,0,0,0,0,0.424742,0.396174,0.67933,0.0490537,0.976499,-0.208644,0.022602,-0.178981,0.0799403,0.739144,0.694609,0.287715,0.609158,-0.25232,0,0,0,0,0,0,0,0.00507079,0.00292562,-0.00475137,-0.00419772,-3.57577,9.90286,0.452878,6.52524,-3.61809,-1.0149,-3.03709,1.13036,0,0,-12,0,0,0,0,0,6.20098,0,0,0,
0.492644,0.120926,0.84312,0.654518,0.466217,-0.509812,-0.307147,0,0,0,0,0,0,0.424742,0.396174,0.67933,0.0490537,0.976499,-0.208644,0.022602,-0.178981,0.0799403,0.739144,0.694609,0.287715,0.609158,-0.25232,0,0,0,0,0,0,0,0.00415059,0.00292615,-0.00475327,-0.00419756,-3.4262,9.90324,0.501935,6.5124,-3.64177,-1.02578,-3.00579,1.12026,0,0,-12,0,0,0,0,0,6.20098,0,0,0,
0.492644,0.120926,0.84312,0.654518,0.466217,-0.509812,-0.307147,-1.68692e-06,-3.48929e-07,1.12974e-07,1.25534e-07,-2.17263e-06,-4.83587e-06,0.424742,0.396174,0.67933,0.049054,0.976499,-0.208644,0.0226021,-0.178981,0.0799403,0.739144,0.694609,0.287715,0.609158,-0.25232,0,0,0,0,0,0,0,0.00312492,0.00283288,-0.00483394,-0.00312901,-3.40162,9.90325,0.512862,6.50973,-3.64598,-1.02747,-3.00048,1.11859,0,0,-12,0,0,0,0,0,6.20098,0,0,0,
0.492644,0.120926,0.84312,0.654518,0.466217,-0.509812,-0.307147,-1.68692e-06,-3.48929e-07,1.12974e-07,1.25534e-07,-2.17263e-06,-4.83587e-06,0.424742,0.396174,0.67933,0.049054,0.976499,-0.208644,0.0226021,-0.178981,0.0799403,0.739144,0.694609,0.287715,0.609158,-0.25232,0,0,0,0,0,0,0,0.00235658,0.00292596,-0.00475726,-0.00417883,-3.25883,9.90362,0.559312,6.49751,-3.6685,-1.038,-2.97071,1.10894,0,0,-12,0,0,0,0,0,6.20098,0,0,0,
0.492644,0.120926,0.84312,0.654518,0.466217,-0.509812,-0.307147,0,0,0,0,0,0,0.424742,0.396174,0.67933,0.0490537,0.976499,-0.208644,0.022602,-0.178981,0.0799403,0.739144,0.694609,0.287715,0.609158,-0.25232,0,0,0,0,0,0,0,0.000479615,0.00301882,-0.00468001,-0.00523269,-3.24795,9.90356,0.568733,6.49529,-3.67075,-1.03907,-2.96844,1.10818,0,0,-12,0,0,0,0,0,6.20098,0,0,0,
0.492644,0.120926,0.84312,0.654518,0.466217,-0.509812,-0.307147,-1.6869e-06,-3.48926e-07,1.12973e-07,1.25532e-07,-2.17261e-06,-4.83582e-06,0.424742,0.396174,0.67933,0.049054,0.976499,-0.208644,0.0226021,-0.178981,0.0799403,0.739144,0.694609,0.287715,0.609158,-0.25232,0,0,0,0,0,0,0,0.0022471,0.00283671,-0.00483442,-0.00315653,-3.29734,9.9035,0.547832,6.50062,-3.66256,-1.03508,-2.97864,1.11154,0,0,-12,0,0,0,0,0,6.20098,0,0,0,
0.492644,0.120926,0.84312,0.654518,0.466217,-0.509812,-0.307147,0,0,0,0,0,0,0.424742,0.396174,0.67933,0.0490537,0.976499,-0.208644,0.022602,-0.178981,0.0799403,0.739144,0.694609,0.287715,0.609158,-0.25232,0,0,0,0,0,0,0,-0.0017029,0.00301671,-0.00468493,-0.00519831,-3.21049,9.90355,0.587361,6.49074,-3.67729,-1.04194,-2.96048,1.10562,0,0,-12,0,0,0,0,0,6.20098,0,0,0,
0.492644,0.120926,0.84312,0.654518,0.466217,-0.509812,-0.307147,0,0,0,0,0,0,0.424742,0.396174,0.67933,0.0490537,0.976499,-0.208644,0.022602,-0.178981,0.0799403,0.739144,0.694609,0.287715,0.609158,-0.25232,0,0,0,0,0,0,0,0.00212522,0.0029294,-0.00476204,-0.00419955,-2.87162,9.9047,0.679329,6.46574,-3.72911,-1.06599,-2.88981,1.08282,0,0,-12,0,0,0,0,0,6.20098,0,0,0,
0.492644,0.120926,0.84312,0.654518,0.466217,-0.509812,-0.307147,-1.68692e-06,-3.48929e-07,1.12974e-07,1.25534e-07,-2.17263e-06,-4.83587e-06,0.424742,0.396174,0.67933,0.049054,0.976499,-0.208644,0.0226021,-0.178981,0.0799403,0.739144,0.694609,0.287715,0.609158,-0.25232,0,0,0,0,0,0,0,0.006463,0.00283782,-0.00483981,-0.00315024,-2.86204,9.90495,0.668221,6.46798,-3.72929,-1.06621,-2.88796,1.08225,0,0,-12,0,0,0,0,0,6.20098,0,0,0,
0.492644,0.120926,0.84312,0.654518,0.466217,-0.509812,-0.307147,-1.68692e-06,-3.48929e-07,1.12974e-07,1.25534e-07,-2.17263e-06,-4.83587e-06,0.424742,0.396174,0.67933,0.049054,0.976499,-0.208644,0.0226021,-0.178981,0.0799403,0.739144,0.694609,0.287715,0.609158,-0.25232,0,0,0,0,0,0,0,-0.00191188,0.0029292,-0.00476262,-0.0041846,-3.13896,9.90374,0.6101,6.4848,-3.68859,-1.04697,-2.94541,1.10079,0,0,-12,0,0,0,0,0,6.20098,0,0,0,
0.492644,0.120926,0.84312,0.654518,0.466217,-0.509812,-0.307147,-1.68818e-06,-3.4919e-07,1.13059e-07,1.25627e-07,-2.17425e-06,-4.83948e-06,0.424742,0.396174,0.67933,0.049054,0.976499,-0.208644,0.0226021,-0.178981,0.0799403,0.739144,0.694609,0.287715,0.609158,-0.25232,0,0,0,0,0,0,0,-0.00110091,0.00292973,-0.00476477,-0.00418412,-2.95832,9.90429,0.663103,6.47061,-3.71658,-1.05996,-2.90773,1.08862,0,0,-12,0,0,0,0,0,6.20098,0,0,0,
0.492644,0.120926,0.84312,0.654518,0.466217,-0.509812,-0.307147,1.68437e-06,3.48403e-07,-1.12804e-07,-1.25344e-07,2.16935e-06,4.82856e-06,0.424742,0.396174,0.67933,0.0490537,0.976499,-0.208644,0.022602,-0.178981,0.0799403,0.739144,0.694609,0.287715,0.609158,-0.25232,0,0,0,0,0,0,0,0.00212893,0.00301932,-0.00469255,-0.00519987,-2.85376,9.90476,0.684796,6.46425,-3.73185,-1.06743,-2.88619,1.08162,0,0,-12,0,0,0,0,0,6.20098,0,0,0,
0.492644,0.120926,0.84312,0.654518,0.466217,-0.509812,-0.307147,0,0,0,0,0,0,0.424742,0.396174,0.67933,0.0490537,0.976499,-0.208644,0.022602,-0.178981,0.0799403,0.739144,0.694609,0.287715,0.609158,-0.25232,0,0,0,0,0,0,0,0.00284565,0.00293208,-0.00476784,-0.00420283,-2.60505,9.90549,0.759099,6.44447,-3.77056,-1.0852,-2.83417,1.06486,0,0,-12,0,0,0,0,0,6.20098,0,0,0,
0.492644,0.120926,0.84312,0.654518,0.466217,-0.509812,-0.307147,1.68437e-06,3.48403e-07,-1.12804e-07,-1.25344e-07,2.16935e-06,4.82856e-06,0.424742,0.396174,0.67933,0.0490537,0.976499,-0.208644,0.022602,-0.178981,0.0799403,0.739144,0.694609,0.287715,0.609158,-0.25232,0,0,0,0,0,0,0,-0.00572274,0.00293262,-0.00476676,-0.00420597,-2.83567,9.9044,0.715893,6.45742,-3.73721,-1.06917,-2.88183,1.08027,0,0,-12,0,0,0,0,0,6.20098,0,0,0,
0.492644,0.120926,0.84312,0.654518,0.466217,-0.509812,-0.307147,1.68437e-06,3.48403e-07,-1.12804e-07,-1.25344e-07,2.16935e-06,4.82856e-06,0.424742,0.396174,0.67933,0.0490537,0.976499,-0.208644,0.022602,-0.178981,0.0799403,0.739144,0.694609,0.287715,0.609158,-0.25232,0,0,0,0,0,0,0,-0.00306766,0.00293317,-0.00476833,-0.00420622,-2.73526,9.90482,0.738196,6.45105,-3.75207,-1.07623,-2.86101,1.07354,0,0,-12,0,0,0,0,0,6.20098,0,0,0,
0.492644,0.120926,0.84312,0.654518,0.466217,-0.509812,-0.307147,0,0,0,0,0,0,0.424742,0.396174,0.67933,0.0490537,0.976499,-0.208644,0.022602,-0.178981,0.0799403,0.739144,0.694609,0.287715,0.609158,-0.25232,0,0,0,0,0,0,0,-0.00209376,0.00293373,-0.00477015,-0.00420625,-2.60441,9.90524,0.775339,6.44104,-3.77222,-1.08561,-2.83373,1.06473,0,0,-12,0,0,0,0,0,6.20098,0,0,0,
0.492644,0.120926,0.84312,0.654518,0.466217,-0.509812,-0.307147,0,0,0,0,0,0,0.424742,0.396174,0.67933,0.0490537,0.976499,-0.208644,0.022602,-0.178981,0.0799403,0.739144,0.694609,0.287715,0.609158,-0.25232,0,0,0,0,0,0,0,0.0043076,0.0029343,-0.00477257,-0.0042056,-2.39561,9.90616,0.818865,6.42838,-3.80284,-1.10022,-2.7905,1.05075,0,0,-12,0,0,0,0,0,6.20098,0,0,0,
0.492644,0.120926,0.84312,0.654518,0.466217,-0.509812,-0.307147,1.68437e-06,3.48403e-07,-1.12804e-07,-1.25344e-07,2.16935e-06,4.82856e-06,0.424742,0.396174,0.67933,0.0490537,0.976499,-0.208644,0.022602,-0.178981,0.0799403,0.739144,0.694609,0.287715,0.609158,-0.25232,0,0,0,0,0,0,0,-0.00111169,0.00293486,-0.00477268,-0.0042075,-2.48017,9.90565,0.810417,6.43157,-3.79133,-1.09451,-2.80784,1.05637,0,0,-12,0,0,0,0,0,6.20098,0,0,0,
0.492644,0.120926,0.84312,0.654518,0.466217,-0.509812,-0.307147,1.68437e-06,3.48403e-07,-1.12804e-07,-1.25344e-07,2.16935e-06,4.82856e-06,0.424742,0.396174,0.67933,0.0490537,0.976499,-0.208644,0.022602,-0.178981,0.0799403,0.739144,0.694609,0.287715,0.609158,-0.25232,0,0,0,0,0,0,0,0.0022344,0.00293543,-0.0047729,-0.00420933,-2.55519,9.90561,0.776446,6.43999,-3.77854,-1.08885,-2.82371,1.06148,0,0,-12,0,0,0,0,0,6.20098,0,0,0,
0.492644,0.120926,0.84312,0.654518,0.466217,-0.509812,-0.307147,0,0,0,0,0,0,0.424742,0.396174,0.67933,0.0490537,0.976499,-0.208644,0.022602,-0.178981,0.0799403,0.739144,0.694609,0.287715,0.609158,-0.25232,0,0,0,0,0,0,0,0.00562029,0.00293597,-0.00477535,-0.00420857,-2.34183,9.90639,0.831167,6.42489,-3.81083,-1.10401,-2.77934,1.04715,0,0,-12,0,0,0,0,0,6.20098,0,0,0,
0.492644,0.120926,0.84312,0.654518,0.466217,-0.509812,-0.307147,0,0,0,0,0,0,0.424742,0.396174,0.67933,0.0490537,0.976499,-0.208644,0.022602,-0.178981,0.0799403,0.739144,0.694609,0.287715,0.609158,-0.25232,0,0,0,0,0,0,0,0.00320981,0.00293652,-0.00477959,-0.00420587,-1.90013,9.90751,0.975044,6.38718,-3.88065,-1.1361,-2.68692,1.01732,0,0,-12,0,0,0,0,0,6.20098,0,0,0,
0.492644,0.120926,0.84312,0.654518,0.466217,-0.509812,-0.307147,0,0,0,0,0,0,0.424742,0.396174,0.67933,0.0490537,0.976499,-0.208644,0.022602,-0.178981,0.0799403,0.739144,0.694609,0.287715,0.609158,-0.25232,0,0,0,0,0,0,0,0.00624231,0.00293708,-0.00477881,-0.00420873,-2.09454,9.90712,0.905315,6.40514,-3.84929,-1.12183,-2.72772,1.03048,0,0,-12,0,0,0,0,0,6.20098,0,0,0,
0.492644,0.120926,0.84312,0.654518,0.466217,-0.509812,-0.307147,0,0,0,0,0,0,0.424742,0.396174,0.67933,0.0490537,0.976499,-0.208644,0.022602,-0.178981,0.0799403,0.739144,0.694609,0.287715,0.609158,-0.25232,0,0,0,0,0,0,0,0.00230933,0.00293761,-0.00478007,-0.00420926,-2.02913,9.9071,0.938236,6.3971,-3.86076,-1.12685,-2.71382,1.026,0,0,-12,0,0,0,0,0,6.20098,0,0,0,
0.492644,0.120926,0.84312,0.654518,0.466217,-0.509812,-0.307147,0,0,0,0,0,0,0.424742,0.396174,0.67933,0.0490537,0.976499,-0.208644,0.022602,-0.178981,0.0799403,0.739144,0.694609,0.287715,0.609158,-0.25232,0,0,0,0,0,0,0,0.00841393,0.00293815,-0.00478225,-0.00420881,-1.84844,9.90793,0.974066,6.38654,-3.88708,-1.13945,-2.67644,1.01392,0,0,-12,0,0,0,0,0,6.20098,0,0,0,
0.492644,0.120926,0.84312,0.654518,0.466217,-0.509812,-0.307147,0,0,0,0,0,0,0.424742,0.396174,0.67933,0.0490537,0.976499,-0.208644,0.022602,-0.178981,0.0799403,0.739144,0.694609,0.287715,0.609158,-0.25232,0,0,0,0,0,0,0,0.00166041,0.0029387,-0.00478352,-0.00420937,-1.78248,9.90776,1.01631,6.37652,-3.89953,-1.14471,-2.66225,1.00936,0,0,-12,0,0,0,0,0,6.20098,0,0,0,
0.492644,0.120926,0.84312,0.654518,0.466217,-0.509812,-0.307147,0,0,0,0,0,0,0.424742,0.396174,0.67933,0.0490537,0.976499,-0.208644,0.022602,-0.178981,0.0799403,0.739144,0.694609,0.287715,0.609158,-0.25232,0,0,0,0,0,0,0,0.00133615,0.00293924,-0.00478537,-0.00420931,-1.64345,9.90814,1.06019,6.36495,-3.92137,-1.15478,-2.63319,0.999976,0,0,-12,0,0,0,0,0,6.20098,0,0,0,
0.492644,0.120926,0.84312,0.654518,0.466217,-0.509812,-0.307147,0,0,0,0,0,0,0.424742,0.396174,0.67933,0.0490537,0.976499,-0.208644,0.022602,-0.178981,0.0799403,0.739144,0.694609,0.287715,0.609158,-0.25232,0,0,0,0,0,0,0,0.00205102,0.00293978,-0.0047858,-0.00421078,-1.68308,9.90807,1.04566,6.36867,-3.91495,-1.15186,-2.64151,1.00266,0,0,-12,0,0,0,0,0,6.20098,0,0,0,
0.492644,0.120926,0.84312,0.654518,0.466217,-0.509812,-0.307147,0,0,0,0,0,0,0.424742,0.396174,0.67933,0.0490537,0.976499,-0.208644,0.022602,-0.178981,0.0799403,0.739144,0.694609,0.287715,0.609158,-0.25232,0,0,0,0,0,0,0,-0.00281453,0.00294032,-0.00478719,-0.00421117,-1.60064,9.90805,1.08686,6.35861,-3.92937,-1.15818,-2.62399,0.997022,0,0,-12,0,0,0,0,0,6.20098,0,0,0,
0.492644,0.120926,0.84312,0.654518,0.466217,-0.509812,-0.307147,0,0,0,0,0,0,0.424742,0.396174,0.67933,0.0490537,0.976499,-0.208644,0.022602,-0.178981,0.0799403,0.739144,0.694609,0.287715,0.609158,-0.25232,0,0,0,0,0,0,0,0.00117524,0.00294085,-0.00478958,-0.00421044,-1.39035,9.90885,1.13867,6.34418,-3.96099,-1.17308,-2.58031,0.982904,0,0,-12,0,0,0,0,0,6.20098,0,0,0,
0.492644,0.120926,0.84312,0.654518,0.466217,-0.509812,-0.307147,0,0,0,0,0,0,0.424742,0.396174,0.67933,0.0490537,0.976499,-0.208644,0.022602,-0.178981,0.0799403,0.739144,0.694609,0.287715,0.609158,-0.25232,0,0,0,0,0,0,0,0.00344472,0.00294139,-0.00479088,-0.00421094,-1.31854,9.90917,1.15342,6.33987,-3.9715,-1.1781,-2.56544,0.978097,0,0,-12,0,0,0,0,0,6.20098,0,0,0,
0.492644,0.120926,0.84312,0.654518,0.466217,-0.509812,-0.307147,0,0,0,0,0,0,0.424742,0.396174,0.67933,0.0490537,0.976499,-0.208644,0.022602,-0.178981,0.0799403,0.739144,0.694609,0.287715,0.609158,-0.25232,0,0,0,0,0,0,0,0.00289315,0.00294193,-0.00479318,-0.00421034,-1.12034,9.9097,1.21626,6.32332,-4.00266,-1.19246,-2.524,0.96472,0,0,-12,0,0,0,0,0,6.20098,0,0,0,
0.492644,0.120926,0.84312,0.654518,0.466217,-0.509812,-0.307147,-1.68309e-06,-3.48139e-07,1.12718e-07,1.25249e-07,-2.16771e-06,-4.82492e-06,0.424742,0.396174,0.67933,0.049054,0.976499,-0.208644,0.0226021,-0.178981,0.0799403,0.739144,0.694609,0.287715,0.609158,-0.25232,0,0,0,0,0,0,0,-0.00395148,0.00285233,-0.0048619,-0.00318597,-1.44906,9.90841,1.13726,6.3455,-3.95348,-1.16906,-2.59215,0.98678,0,0,-12,0,0,0,0,0,6.20098,0,0,0,
0.492644,0.120926,0.84312,0.654518,0.466217,-0.509812,-0.307147,-1.68311e-06,-3.48142e-07,1.12719e-07,1.25251e-07,-2.16773e-06,-4.82496e-06,0.424742,0.396174,0.67933,0.049054,0.976499,-0.208644,0.0226021,-0.178981,0.0799403,0.739144,0.694609,0.287715,0.609158,-0.25232,0,0,0,0,0,0,0,-0.000514407,0.00294174,-0.00479521,-0.00419372,-1.19848,9.9093,1.20326,6.32736,-3.99152,-1.18706,-2.54012,0.969935,0,0,-12,0,0,0,0,0,6.20098,0,0,0,
0.492644,0.120926,0.84312,0.654518,0.466217,-0.509812,-0.307147,0,0,0,0,0,0,0.424742,0.396174,0.67933,0.0490537,0.976499,-0.208644,0.022602,-0.178981,0.0799403,0.739144,0.694609,0.287715,0.609158,-0.25232,0,0,0,0,0,0,0,0.00240805,0.0030345,-0.00472438,-0.00524655,-1.17754,9.90952,1.20019,6.32761,-3.99382,-1.18851,-2.53603,0.968571,0,0,-12,0,0,0,0,0,6.20098,0,0,0,
0.492644,0.120926,0.84312,0.654518,0.466217,-0.509812,-0.307147,0,0,0,0,0,0,0.424742,0.396174,0.67933,0.0490537,0.976499,-0.208644,0.022602,-0.178981,0.0799403,0.739144,0.694609,0.287715,0.609158,-0.25232,0,0,0,0,0,0,0,0.00114781,0.00294408,-0.00479647,-0.00421449,-1.08512,9.90971,1.23278,6.31925,-4.00871,-1.19513,-2.51654,0.962317,0,0,-12,0,0,0,0,0,6.20098,0,0,0,
0.492644,0.120926,0.84312,0.654518,0.466217,-0.509812,-0.307147,0,0,0,0,0,0,0.424742,0.396174,0.67933,0.0490537,0.976499,-0.208644,0.022602,-0.178981,0.0799403,0.739144,0.694609,0.287715,0.609158,-0.25232,0,0,0,0,0,0,0,-0.00494395,0.00294462,-0.00479722,-0.0042156,-1.08626,9.90939,1.25221,6.31516,-4.01046,-1.1955,-2.51641,0.962296,0,0,-12,0,0,0,0,0,6.20098,0,0,0,
0.492644,0.120926,0.84312,0.654518,0.466217,-0.509812,-0.307147,0,0,0,0,0,0,0.424742,0.396174,0.67933,0.0490537,0.976499,-0.208644,0.022602,-0.178981,0.0799403,0.739144,0.694609,0.287715,0.609158,-0.25232,0,0,0,0,0,0,0,-0.00202752,0.00294518,-0.00479831,-0.0042164,-1.0468,9.90966,1.25489,6.31394,-4.01571,-1.19813,-2.50834,0.959681,0,0,-12,0,0,0,0,0,6.20098,0,0,0,
0.492644,0.120926,0.84312,0.654518,0.466217,-0.509812,-0.307147,0,0,0,0,0,0,0.424742,0.396174,0.67933,0.0490537,0.976499,-0.208644,0.022602,-0.178981,0.0799403,0.739144,0.694609,0.287715,0.609158,-0.25232,0,0,0,0,0,0,0,0.00417982,0.00294572,-0.00480075,-0.00421566,-0.834096,9.91058,1.30025,6.30084,-4.047,-1.21304,-2.46428,0.945435,0,0,-12,0,0,0,0,0,6.20098,0,0,0,
0.492644,0.120926,0.84312,0.654518,0.466217,-0.509812,-0.307147,0,0,0,0,0,0,0.424742,0.396174,0.67933,0.0490537,0.976499,-0.208644,0.022602,-0.178981,0.0799403,0.739144,0.694609,0.287715,0.609158,-0.25232,0,0,0,0,0,0,0,0.00611516,0.00294625,-0.0048022,-0.00421597,-0.743985,9.91093,1.32172,6.29481,-4.06048,-1.21941,-2.44557,0.939388,0,0,-12,0,0,0,0,0,6.20098,0,0,0,
0.492644,0.120926,0.84312,0.654518,0.466217,-0.509812,-0.307147,0,0,0,0,0,0,0.424742,0.396174,0.67933,0.0490537,0.976499,-0.208644,0.022602,-0.178981,0.0799403,0.739144,0.694609,0.287715,0.609158,-0.25232,0,0,0,0,0,0,0,0.000313142,0.00294679,-0.00480198,-0.00421817,-0.868401,9.91028,1.30224,6.30098,-4.04286,-1.21085,-2.47121,0.947687,0,0,-12,0,0,0,0,0,6.20098,0,0,0,
0.492644,0.120926,0.84312,0.654518,0.466217,-0.509812,-0.307147,1.68692e-06,3.4893e-07,-1.12975e-07,-1.25534e-07,2.17263e-06,4.83587e-06,0.424742,0.396174,0.67933,0.0490537,0.976499,-0.208644,0.022602,-0.178981,0.0799403,0.739144,0.694609,0.287715,0.609158,-0.25232,0,0,0,0,0,0,0,-0.00609489,0.00294732,-0.00480292,-0.00421905,-0.845269,9.91002,1.33018,6.2947,-4.0485,-1.21299,-2.466,0.946024,0,0,-12,0,0,0,0,0,6.20098,0,0,0,
0.492644,0.120926,0.84312,0.654518,0.466217,-0.509812,-0.307147,0,0,0,0,0,0,0.424742,0.396174,0.67933,0.0490537,0.976499,-0.208644,0.022602,-0.178981,0.0799403,0.739144,0.694609,0.287715,0.609158,-0.25232,0,0,0,0,0,0,0,0.00204148,0.00294788,-0.00480815,-0.00421524,-0.27879,9.91204,1.47824,6.25404,-4.13449,-1.25332,-2.34814,0.907948,0,0,-12,0,0,0,0,0,6.20098,0,0,0,
0.492644,0.120926,0.84312,0.654518,0.466217,-0.509812,-0.307147,-1.68437e-06,-3.48402e-07,1.12804e-07,1.25344e-07,-2.16935e-06,-4.82856e-06,0.424742,0.396174,0.67933,0.049054,0.976499,-0.208644,0.0226021,-0.178981,0.0799403,0.739144,0.694609,0.287715,0.609158,-0.25232,0,0,0,0,0,0,0,0.00230624,0.00286373,-0.00486988,-0.00325307,-0.704892,9.91084,1.34616,6.28904,-4.06784,-1.22238,-2.43707,0.936689,0,0,-12,0,0,0,0,0,6.20098,0,0,0,
0.492644,0.120926,0.84312,0.654518,0.466217,-0.509812,-0.307147,-1.68309e-06,-3.48139e-07,1.12718e-07,1.25249e-07,-2.16771e-06,-4.82492e-06,0.424742,0.396174,0.67933,0.049054,0.976499,-0.208644,0.0226021,-0.178981,0.0799403,0.739144,0.694609,0.287715,0.609158,-0.25232,0,0,0,0,0,0,0,0.00159626,0.00294779,-0.00481076,-0.00419825,-0.294389,9.91197,1.47488,6.25501,-4.1322,-1.25222,-2.35137,0.908992,0,0,-12,0,0,0,0,0,6.20098,0,0,0,
0.492644,0.120926,0.84312,0.654518,0.466217,-0.509812,-0.307147,0,0,0,0,0,0,0.424742,0.396174,0.67933,0.0490537,0.976499,-0.208644,0.022602,-0.178981,0.0799403,0.739144,0.694609,0.287715,0.609158,-0.25232,0,0,0,0,0,0,0,-0.00138565,0.00304036,-0.00473964,-0.00525225,-0.621467,9.9109,1.38379,6.27962,-4.08195,-1.22896,-2.41963,0.931006,0,0,-12,0,0,0,0,0,6.20098,0,0,0,
0.492644,0.120926,0.84312,0.654518,0.466217,-0.509812,-0.307147,0,0,0,0,0,0,0.424742,0.396174,0.67933,0.0490537,0.976499,-0.208644,0.022602,-0.178981,0.0799403,0.739144,0.694609,0.287715,0.609158,-0.25232,0,0,0,0,0,0,0,0.00474249,0.00295016,-0.00481179,-0.00421944,-0.225149,9.91233,1.48599,6.25152,-4.14202,-1.257,-2.3371,0.904373,0,0,-12,0,0,0,0,0,6.20098,0,0,0,
0.492644,0.120926,0.84312,0.654518,0.466217,-0.509812,-0.307147,0,0,0,0,0,0,0.424742,0.396174,0.67933,0.0490537,0.976499,-0.208644,0.022602,-0.178981,0.0799403,0.739144,0.694609,0.287715,0.609158,-0.25232,0,0,0,0,0,0,0,0.00287206,0.0029507,-0.00481261,-0.00422049,-0.217878,9.91226,1.4943,6.24964,-4.14375,-1.25766,-2.33547,0.903853,0,0,-12,0,0,0,0,0,6.20098,0,0,0,
0.492644,0.120926,0.84312,0.654518,0.466217,-0.509812,-0.307147,-1.68437e-06,-3.48402e-07,1.12804e-07,1.25344e-07,-2.16935e-06,-4.82856e-06,0.424742,0.396174,0.67933,0.049054,0.976499,-0.208644,0.0226021,-0.178981,0.0799403,0.739144,0.694609,0.287715,0.609158,-0.25232,0,0,0,0,0,0,0,-0.00181691,0.00285945,-0.00488238,-0.00317383,-0.159536,9.91217,1.52752,6.2417,-4.1544,-1.26207,-2.32289,0.899841,0,0,-12,0,0,0,0,0,6.20098,0,0,0,
0.492644,0.120926,0.84312,0.654518,0.466217,-0.509812,-0.307147,0,0,0,0,0,0,0.424742,0.396174,0.67933,0.0490537,0.976499,-0.208644,0.022602,-0.178981,0.0799403,0.739144,0.694609,0.287715,0.609158,-0.25232,0,0,0,0,0,0,0,0.0027204,0.00304077,-0.0047483,-0.00523271,-0.181471,9.91236,1.50599,6.24653,-4.14945,-1.26045,-2.32796,0.901397,0,0,-12,0,0,0,0,0,6.20098,0,0,0,
0.492644,0.120926,0.84312,0.654518,0.466217,-0.509812,-0.307147,0,0,0,0,0,0,0.424742,0.396174,0.67933,0.0490537,0.976499,-0.208644,0.022602,-0.178981,0.0799403,0.739144,0.694609,0.287715,0.609158,-0.25232,0,0,0,0,0,0,0,0.000802483,0.00295233,-0.00481624,-0.00422236,-0.0506791,9.91262,1.55252,6.23457,-4.17055,-1.26989,-2.30042,0.892543,0,0,-12,0,0,0,0,0,6.20098,0,0,0,
0.492644,0.120926,0.84312,0.654518,0.466217,-0.509812,-0.307147,1.68692e-06,3.4893e-07,-1.12975e-07,-1.25534e-07,2.17263e-06,4.83587e-06,0.424742,0.396174,0.67933,0.0490537,0.976499,-0.208644,0.022602,-0.178981,0.0799403,0.739144,0.694609,0.287715,0.609158,-0.25232,0,0,0,0,0,0,0,0.00270591,0.00295287,-0.00481944,-0.00422074,0.261247,9.9136,1.64242,6.21042,-4.21871,-1.29229,-2.23537,0.871535,0,0,-12,0,0,0,0,0,6.20098,0,0,0,
0.492644,0.120926,0.84312,0.654518,0.466217,-0.509812,-0.307147,1.68692e-06,3.4893e-07,-1.12975e-07,-1.25534e-07,2.17263e-06,4.83587e-06,0.424742,0.396174,0.67933,0.0490537,0.976499,-0.208644,0.022602,-0.178981,0.0799403,0.739144,0.694609,0.287715,0.609158,-0.25232,0,0,0,0,0,0,0,-0.00276379,0.0029534,-0.00482032,-0.0042217,0.278727,9.91337,1.66557,6.20524,-4.22317,-1.29395,-2.23138,0.870269,0,0,-12,0,0,0,0,0,6.20098,0,0,0,
0.492644,0.120926,0.84312,0.654518,0.466217,-0.509812,-0.307147,0,0,0,0,0,0,0.424742,0.396174,0.67933,0.0490537,0.976499,-0.208644,0.022602,-0.178981,0.0799403,0.739144,0.694609,0.287715,0.609158,-0.25232,0,0,0,0,0,0,0,0.00263643,0.00295394,-0.00482084,-0.00422307,0.248764,9.91357,1.6388,6.21139,-4.21678,-1.29139,-2.23797,0.872376,0,0,-12,0,0,0,0,0,6.20098,0,0,0,
0.492644,0.120926,0.84312,0.654518,0.466217,-0.509812,-0.307147,0,0,0,0,0,0,0.424742,0.396174,0.67933,0.0490537,0.976499,-0.208644,0.022602,-0.178981,0.0799403,0.739144,0.694609,0.287715,0.609158,-0.25232,0,0,0,0,0,0,0,0.000872544,0.00295448,-0.00482162,-0.00422417,0.250524,9.91348,1.64507,6.21004,-4.21761,-1.29165,-2.2375,0.872229,0,0,-12,0,0,0,0,0,6.20098,0,0,0,
0.492644,0.120926,0.84312,0.654518,0.466217,-0.509812,-0.307147,0,0,0,0,0,0,0.424742,0.396174,0.67933,0.0490537,0.976499,-0.208644,0.022602,-0.178981,0.0799403,0.739144,0.694609,0.287715,0.609158,-0.25232,0,0,0,0,0,0,0,-0.00109626,0.00295506,-0.00482464,-0.00422289,0.531892,9.91417,1.73813,6.18572,-4.26222,-1.31212,-2.1786,0.853221,0,0,-12,0,0,0,0,0,6.20098,0,0,0,
0.492644,0.120926,0.84312,0.654518,0.466217,-0.509812,-0.307147,1.68692e-06,3.4893e-07,-1.12975e-07,-1.25534e-07,2.17263e-06,4.83587e-06,0.424742,0.396174,0.67933,0.0490537,0.976499,-0.208644,0.022602,-0.178981,0.0799403,0.739144,0.694609,0.287715,0.609158,-0.25232,0,0,0,0,0,0,0,0.00357141,0.00295562,-0.00482555,-0.00422392,0.547451,9.91446,1.72776,6.18765,-4.26318,-1.3129,-2.17563,0.852246,0,0,-12,0,0,0,0,0,6.20098,0,0,0,
0.492644,0.120926,0.84312,0.654518,0.466217,-0.509812,-0.307147,-1.68437e-06,-3.48402e-07,1.12804e-07,1.25344e-07,-2.16935e-06,-4.82856e-06,0.424742,0.396174,0.67933,0.049054,0.976499,-0.208644,0.0226021,-0.178981,0.0799403,0.739144,0.694609,0.287715,0.609158,-0.25232,0,0,0,0,0,0,0,0.00314041,0.00286606,-0.00489056,-0.00319813,0.385179,9.91397,1.67921,6.20064,-4.238,-1.30106,-2.20939,0.863182,0,0,-12,0,0,0,0,0,6.20098,0,0,0,
0.492644,0.120926,0.84312,0.654518,0.466217,-0.509812,-0.307147,0,0,0,0,0,0,0.424742,0.396174,0.67933,0.0490537,0.976499,-0.208644,0.022602,-0.178981,0.0799403,0.739144,0.694609,0.287715,0.609158,-0.25232,0,0,0,0,0,0,0,0.000696548,0.00304332,-0.00476489,-0.00520887,0.595892,9.91445,1.752,6.18168,-4.27162,-1.31675,-2.16544,0.848935,0,0,-12,0,0,0,0,0,6.20098,0,0,0,
0.492644,0.120926,0.84312,0.654518,0.466217,-0.509812,-0.307147,0,0,0,0,0,0,0.424742,0.396174,0.67933,0.0490537,0.976499,-0.208644,0.022602,-0.178981,0.0799403,0.739144,0.694609,0.287715,0.609158,-0.25232,0,0,0,0,0,0,0,0.00348168,0.00295726,-0.0048305,-0.00422433,0.883179,9.9154,1.83146,6.16018,-4.3157,-1.33716,-2.10549,0.829601,0,0,-12,0,0,0,0,0,6.20098,0,0,0,
0.492644,0.120926,0.84312,0.654518,0.466217,-0.509812,-0.307147,-1.68311e-06,-3.48142e-07,1.12719e-07,1.25251e-07,-2.16773e-06,-4.82496e-06,0.424742,0.396174,0.67933,0.049054,0.976499,-0.208644,0.0226021,-0.178981,0.0799403,0.739144,0.694609,0.287715,0.609158,-0.25232,0,0,0,0,0,0,0,0.00178192,0.00286549,-0.00489601,-0.00317403,0.662479,9.91469,1.76903,6.17708,-4.28178,-1.32119,-2.15138,0.844457,0,0,-12,0,0,0,0,0,6.20098,0,0,0,
0.492644,0.120926,0.84312,0.654518,0.466217,-0.509812,-0.307147,-1.68437e-06,-3.48402e-07,1.12804e-07,1.25344e-07,-2.16935e-06,-4.82856e-06,0.424742,0.396174,0.67933,0.049054,0.976499,-0.208644,0.0226021,-0.178981,0.0799403,0.739144,0.694609,0.287715,0.609158,-0.25232,0,0,0,0,0,0,0,-0.00164278,0.00295706,-0.00483159,-0.00420863,0.693771,9.91461,1.78977,6.17213,-4.28771,-1.32385,-2.14474,0.842294,0,0,-12,0,0,0,0,0,6.20098,0,0,0,
0.492644,0.120926,0.84312,0.654518,0.466217,-0.509812,-0.307147,-1.68438e-06,-3.48405e-07,1.12805e-07,1.25345e-07,-2.16937e-06,-4.82861e-06,0.424742,0.396174,0.67933,0.049054,0.976499,-0.208644,0.0226021,-0.178981,0.0799403,0.739144,0.694609,0.287715,0.609158,-0.25232,0,0,0,0,0,0,0,0.00326348,0.0029576,-0.00483319,-0.0042088,0.799171,9.91516,1.8063,6.16689,-4.30263,-1.3311,-2.12302,0.835264,0,0,-12,0,0,0,0,0,6.20098,0,0,0,
0.492644,0.120926,0.84312,0.654518,0.466217,-0.509812,-0.307147,0,0,0,0,0,0,0.424742,0.396174,0.67933,0.0490537,0.976499,-0.208644,0.022602,-0.178981,0.0799403,0.739144,0.694609,0.287715,0.609158,-0.25232,0,0,0,0,0,0,0,0.00421623,0.00304943,-0.00476999,-0.00525023,0.952958,9.91565,1.85055,6.15495,-4.32633,-1.3423,-2.09106,0.824909,0,0,-12,0,0,0,0,0,6.20098,0,0,0,
0.492644,0.120926,0.84312,0.654518,0.466217,-0.509812,-0.307147,0,0,0,0,0,0,0.424742,0.396174,0.67933,0.0490537,0.976499,-0.208644,0.022602,-0.178981,0.0799403,0.739144,0.694609,0.287715,0.609158,-0.25232,0,0,0,0,0,0,0,0.00353913,0.00295996,-0.00483596,-0.00422801,1.08929,9.91599,1.89477,6.1434,-4.3479,-1.35205,-2.06243,0.815701,0,0,-12,0,0,0,0,0,6.20098,0,0,0,
0.492644,0.120926,0.84312,0.654518,0.466217,-0.509812,-0.307147,1.68692e-06,3.4893e-07,-1.12975e-07,-1.25534e-07,2.17263e-06,4.83587e-06,0.424742,0.396174,0.67933,0.0490537,0.976499,-0.208644,0.022602,-0.178981,0.0799403,0.739144,0.694609,0.287715,0.609158,-0.25232,0,0,0,0,0,0,0,-0.00106196,0.0029605,-0.00483706,-0.00422874,1.13173,9.91588,1.92278,6.13678,-4.35599,-1.35545,-2.05329,0.812765,0,0,-12,0,0,0,0,0,6.20098,0,0,0,
0.492644,0.120926,0.84312,0.654518,0.466217,-0.509812,-0.307147,1.68692e-06,3.4893e-07,-1.12975e-07,-1.25534e-07,2.17263e-06,4.83587e-06,0.424742,0.396174,0.67933,0.0490537,0.976499,-0.208644,0.022602,-0.178981,0.0799403,0.739144,0.694609,0.287715,0.609158,-0.25232,0,0,0,0,0,0,0,-0.00147144,0.00296105,-0.00483896,-0.00422861,1.27555,9.91626,1.96841,6.12476,-4.3786,-1.36587,-2.02322,0.803058,0,0,-12,0,0,0,0,0,6.20098,0,0,0,
0.492644,0.120926,0.84312,0.654518,0.466217,-0.509812,-0.307147,0,0,0,0,0,0,0.424742,0.396174,0.67933,0.0490537,0.976499,-0.208644,0.022602,-0.178981,0.0799403,0.739144,0.694609,0.287715,0.609158,-0.25232,0,0,0,0,0,0,0,0.00465584,0.00296159,-0.00484236,-0.00422675,1.61482,9.91754,2.05301,6.10127,-4.42971,-1.38993,-1.95271,0.780274,0,0,-12,0,0,0,0,0,6.20098,0,0,0,
0.492644,0.120926,0.84312,0.654518,0.466217,-0.509812,-0.307147,0,0,0,0,0,0,0.424742,0.396174,0.67933,0.0490537,0.976499,-0.208644,0.022602,-0.178981,0.0799403,0.739144,0.694609,0.287715,0.609158,-0.25232,0,0,0,0,0,0,0,0.00731107,0.00296213,-0.00484258,-0.00422849,1.54643,9.91748,2.02332,6.10867,-4.41818,-1.3848,-1.96716,0.784929,0,0,-12,0,0,0,0,0,6.20098,0,0,0,
0.492644,0.120926,0.84312,0.654518,0.466217,-0.509812,-0.307147,1.68819e-06,3.49194e-07,-1.1306e-07,-1.25629e-07,2.17427e-06,4.83953e-06,0.424742,0.396174,0.67933,0.0490537,0.976499,-0.208644,0.022602,-0.178981,0.0799403,0.739144,0.694609,0.287715,0.609158,-0.25232,0,0,0,0,0,0,0,0.00454414,0.00296266,-0.00484521,-0.00422746,1.78967,9.91802,2.10723,6.08692,-4.45708,-1.40257,-1.91618,0.76848,0,0,-12,0,0,0,0,0,6.20098,0,0,0,
0.492644,0.120926,0.84312,0.654518,0.466217,-0.509812,-0.307147,1.68564e-06,3.48666e-07,-1.12889e-07,-1.25439e-07,2.17099e-06,4.83221e-06,0.424742,0.396174,0.67933,0.0490537,0.976499,-0.208644,0.022602,-0.178981,0.0799403,0.739144,0.694609,0.287715,0.609158,-0.25232,0,0,0,0,0,0,0,0.00193123,0.00296319,-0.00484652,-0.00422791,1.86496,9.9181,2.1389,6.07898,-4.46967,-1.4082,-1.90029,0.76336,0,0,-12,0,0,0,0,0,6.20098,0,0,0,
0.492644,0.120926,0.84312,0.654518,0.466217,-0.509812,-0.307147,0,0,0,0,0,0,0.424742,0.396174,0.67933,0.0490537,0.976499,-0.208644,0.022602,-0.178981,0.0799403,0.739144,0.694609,0.287715,0.609158,-0.25232,0,0,0,0,0,0,0,0.00751868,0.00296374,-0.00484958,-0.00422646,2.16207,9.91923,2.21227,6.05856,-4.51436,-1.42926,-1.83856,0.743411,0,0,-12,0,0,0,0,0,6.20098,0,0,0,
0.492644,0.120926,0.84312,0.654518,0.466217,-0.509812,-0.307147,0,0,0,0,0,0,0.424742,0.396174,0.67933,0.0490537,0.976499,-0.208644,0.022602,-0.178981,0.0799403,0.739144,0.694609,0.287715,0.609158,-0.25232,0,0,0,0,0,0,0,0.0109661,0.00296427,-0.00485111,-0.0042267,2.2662,9.9197,2.23315,6.05242,-4.52955,-1.43653,-1.81701,0.736443,0,0,-12,0,0,0,0,0,6.20098,0,0,0,
0.492644,0.120926,0.84312,0.654518,0.466217,-0.509812,-0.307147,-1.68311e-06,-3.48142e-07,1.12719e-07,1.25251e-07,-2.16773e-06,-4.82496e-06,0.424742,0.396174,0.67933,0.049054,0.976499,-0.208644,0.0226021,-0.178981,0.0799403,0.739144,0.694609,0.287715,0.609158,-0.25232,0,0,0,0,0,0,0,0.00538387,0.00287258,-0.00491694,-0.00317364,2.45737,9.91995,2.31018,6.03303,-4.56125,-1.45059,-1.77663,0.723457,0,0,-12,0,0,0,0,0,6.20098,0,0,0,
0.492644,0.120926,0.84312,0.654518,0.466217,-0.509812,-0.307147,-1.68437e-06,-3.48402e-07,1.12804e-07,1.25344e-07,-2.16935e-06,-4.82856e-06,0.424742,0.396174,0.67933,0.049054,0.976499,-0.208644,0.0226021,-0.178981,0.0799403,0.739144,0.694609,0.287715,0.609158,-0.25232,0,0,0,0,0,0,0,0.00367051,0.00296408,-0.00485707,-0.00420538,2.72962,9.92063,2.39958,6.00959,-4.60431,-1.47054,-1.71976,0.705069,0,0,-12,0,0,0,0,0,6.20098,0,0,0,
0.492644,0.120926,0.84312,0.654518,0.466217,-0.509812,-0.307147,-9.22255e-07,-2.42893e-06,3.5307e-07,-3.45422e-07,-6.31958e-07,-5.24981e-06,0.424742,0.396173,0.67933,0.0490539,0.976499,-0.208644,0.022602,-0.178981,0.0799403,0.739144,0.694609,0.287715,0.609158,-0.25232,0,0,0,0,0,0,0,0.00804633,0.00285434,-0.00467835,-0.00504717,2.91302,9.92108,2.44161,5.99734,-4.63152,-1.48359,-1.6818,0.692801,0,0,-12,0,0,0,0,0,6.20097,0,0,0,
0.492644,0.120926,0.84312,0.654518,0.466217,-0.509812,-0.307147,-2.60465e-06,-2.77523e-06,4.65521e-07,-2.19913e-07,-2.79919e-06,-1.00708e-05,0.424742,0.396173,0.67933,0.0490542,0.976499,-0.208644,0.0226021,-0.178981,0.0799403,0.739144,0.694609,0.287715,0.609158,-0.25232,0,0,0,0,0,0,0,0.000961458,0.00287035,-0.00491992,-0.00315762,2.86652,9.92087,2.45056,5.9966,-4.62661,-1.48048,-1.69089,0.695789,0,0,-12,0,0,0,0,0,6.20097,0,0,0,
0.492644,0.120926,0.84312,0.654518,0.466217,-0.509812,-0.307147,-2.60466e-06,-2.77526e-06,4.65525e-07,-2.19916e-07,-2.79919e-06,-1.00708e-05,0.424742,0.396173,0.67933,0.0490542,0.976499,-0.208644,0.0226021,-0.178981,0.0799403,0.739144,0.694609,0.287715,0.609158,-0.25232,0,0,0,0,0,0,0,-0.00197271,0.00296291,-0.00485925,-0.00420232,3.02798,9.92119,2.5098,5.98137,-4.65273,-1.49251,-1.65709,0.684855,0,0,-12,0,0,0,0,0,6.20097,0,0,0,
0.492644,0.120926,0.84312,0.654518,0.466217,-0.509812,-0.307147,-1.68309e-06,-3.48139e-07,1.12718e-07,1.25249e-07,-2.16771e-06,-4.82492e-06,0.424742,0.396174,0.67933,0.049054,0.976499,-0.208644,0.0226021,-0.178981,0.0799403,0.739144,0.694609,0.287715,0.609158,-0.25232,0,0,0,0,0,0,0,-0.00298956,0.00315949,-0.00497687,-0.00440814,3.46339,9.92266,2.64743,5.94536,-4.72115,-1.52406,-1.56609,0.655445,0,0,-12,0,0,0,0,0,6.20098,0,0,0,
0.492644,0.120926,0.84312,0.654518,0.466217,-0.509812,-0.307147,0,0,0,0,0,0,0.424742,0.396174,0.67933,0.0490537,0.976499,-0.208644,0.022602,-0.178981,0.0799403,0.739144,0.694609,0.287715,0.609158,-0.25232,0,0,0,0,0,0,0,-0.00341603,0.00305818,-0.00480554,-0.00524721,3.55999,9.92262,2.67833,5.9369,-4.73631,-1.5312,-1.54597,0.648954,0,0,-12,0,0,0,0,0,6.20098,0,0,0,
0.492644,0.120926,0.84312,0.654518,0.466217,-0.509812,-0.307147,0,0,0,0,0,0,0.424742,0.396174,0.67933,0.0490537,0.976499,-0.208644,0.022602,-0.178981,0.0799403,0.739144,0.694609,0.287715,0.609158,-0.25232,0,0,0,0,0,0,0,-0.0010292,0.0029686,-0.00486593,-0.00422576,3.45005,9.92243,2.63674,5.94756,-4.71842,-1.52294,-1.56898,0.656405,0,0,-12,0,0,0,0,0,6.20098,0,0,0,
0.492644,0.120926,0.84312,0.654518,0.466217,-0.509812,-0.307147,0,0,0,0,0,0,0.424742,0.396174,0.67933,0.049054,0.976499,-0.208644,0.0226021,-0.178981,0.0799403,0.739144,0.694609,0.287715,0.609158,-0.25232,0,0,0,0,0,0,0,-0.000422546,0.0028748,-0.00493297,-0.0031464,3.90833,9.92375,2.77595,5.91061,-4.78992,-1.55584,-1.47316,0.625501,0,0,-12,0,0,0,0,0,6.20098,0,0,0,
0.492644,0.120926,0.84312,0.654518,0.466217,-0.509812,-0.307147,1.68566e-06,3.4867e-07,-1.1289e-07,-1.2544e-07,2.17101e-06,4.83226e-06,0.424742,0.396174,0.67933,0.0490537,0.976499,-0.208644,0.022602,-0.178981,0.0799403,0.739144,0.694609,0.287715,0.609158,-0.25232,0,0,0,0,0,0,0,-0.000140385,0.00306126,-0.0048097,-0.00526502,3.85486,9.92363,2.75852,5.91508,-4.78138,-1.55227,-1.48457,0.629119,0,0,-12,0,0,0,0,0,6.20098,0,0,0,
0.492644,0.120926,0.84312,0.654518,0.466217,-0.509812,-0.307147,-1.68564e-06,-3.48665e-07,1.12889e-07,1.25439e-07,-2.17099e-06,-4.83221e-06,0.424742,0.396174,0.67933,0.049054,0.976499,-0.208644,0.0226021,-0.178981,0.0799403,0.739144,0.694609,0.287715,0.609158,-0.25232,0,0,0,0,0,0,0,-0.0036937,0.00287803,-0.00493379,-0.0031716,4.10088,9.92412,2.84588,5.89264,-4.82106,-1.57,-1.43274,0.612462,0,0,-12,0,0,0,0,0,6.20098,0,0,0,
0.492644,0.120926,0.84312,0.654518,0.466217,-0.509812,-0.307147,9.22255e-07,2.42893e-06,-3.5307e-07,3.45422e-07,6.31958e-07,5.24981e-06,0.424742,0.396174,0.67933,0.049054,0.976499,-0.208644,0.0226021,-0.178981,0.0799403,0.739144,0.694609,0.287715,0.609158,-0.25232,0,0,0,0,0,0,0,-0.00665698,0.00296947,-0.00487701,-0.00420238,4.42795,9.9249,2.95622,5.86387,-4.87308,-1.59399,-1.36434,0.590358,0,0,-12,0,0,0,0,0,6.20098,0,0,0,
0.492644,0.120926,0.84312,0.654518,0.466217,-0.509812,-0.307147,2.60859e-06,2.77943e-06,-4.66226e-07,2.20245e-07,2.80342e-06,1.0086e-05,0.424742,0.396174,0.67933,0.0490537,0.976499,-0.208644,0.022602,-0.178981,0.0799403,0.739144,0.694609,0.287715,0.609158,-0.25232,0,0,0,0,0,0,0,-0.000345755,0.00305653,-0.00482134,-0.00519109,4.44243,9.92527,2.94017,5.86698,-4.8733,-1.59472,-1.3618,0.589486,0,0,-12,0,0,0,0,0,6.20098,0,0,0,
0.492644,0.120926,0.84312,0.654518,0.466217,-0.509812,-0.307147,1.68564e-06,3.48666e-07,-1.12889e-07,-1.25439e-07,2.17099e-06,4.83221e-06,0.424742,0.396174,0.67933,0.0490537,0.976499,-0.208644,0.022602,-0.178981,0.0799403,0.739144,0.694609,0.287715,0.609158,-0.25232,0,0,0,0,0,0,0,-0.00077934,0.00297189,-0.00487774,-0.00422438,4.44727,9.92526,2.94309,5.86633,-4.87424,-1.59496,-1.36066,0.58915,0,0,-12,0,0,0,0,0,6.20098,0,0,0,
0.492644,0.120926,0.84312,0.654518,0.466217,-0.509812,-0.307147,0,0,0,0,0,0,0.424742,0.396174,0.67933,0.0490537,0.976499,-0.208644,0.022602,-0.178981,0.0799403,0.739144,0.694609,0.287715,0.609158,-0.25232,0,0,0,0,0,0,0,0.00304313,0.00297243,-0.00488373,-0.00421958,5.13327,9.92739,3.14197,5.81295,-4.98028,-1.64424,-1.21758,0.542943,0,0,-12,0,0,0,0,0,6.20098,0,0,0,
0.492644,0.120926,0.84312,0.654518,0.466217,-0.509812,-0.307147,0,0,0,0,0,0,0.424742,0.396174,0.67933,0.0490537,0.976499,-0.208644,0.022602,-0.178981,0.0799403,0.739144,0.694609,0.287715,0.609158,-0.25232,0,0,0,0,0,0,0,0.00475672,0.00297297,-0.00488069,-0.00422498,4.66102,9.92615,2.99095,5.85268,-4.90591,-1.61,-1.31634,0.574822,0,0,-12,0,0,0,0,0,6.20098,0,0,0,
0.492644,0.120926,0.84312,0.654518,0.466217,-0.509812,-0.307147,-1.68309e-06,-3.48139e-07,1.12718e-07,1.25249e-07,-2.16771e-06,-4.82492e-06,0.424742,0.396174,0.67933,0.049054,0.976499,-0.208644,0.0226021,-0.178981,0.0799403,0.739144,0.694609,0.287715,0.609158,-0.25232,0,0,0,0,0,0,0,0.00327566,0.00288063,-0.00494593,-0.00316006,5.33738,9.92798,3.20411,5.79649,-5.01217,-1.65881,-1.17484,0.529176,0,0,-12,0,0,0,0,0,6.20098,0,0,0,
0.492644,0.120926,0.84312,0.654518,0.466217,-0.509812,-0.307147,0,0,0,0,0,0,0.424742,0.396174,0.67933,0.0490537,0.976499,-0.208644,0.022602,-0.178981,0.0799403,0.739144,0.694609,0.287715,0.609158,-0.25232,0,0,0,0,0,0,0,0.00510338,0.00306706,-0.00482928,-0.0052769,5.49713,9.92854,3.24733,5.78462,-5.03647,-1.67053,-1.1418,0.51844,0,0,-12,0,0,0,0,0,6.20098,0,0,0,
0.492644,0.120926,0.84312,0.654518,0.466217,-0.509812,-0.307147,0,0,0,0,0,0,0.424742,0.396174,0.67933,0.0490537,0.976499,-0.208644,0.022602,-0.178981,0.0799403,0.739144,0.694609,0.287715,0.609158,-0.25232,0,0,0,0,0,0,0,0.00648521,0.00297456,-0.00488617,-0.00422455,5.12627,9.92756,3.12864,5.81588,-4.9781,-1.64348,-1.21925,0.543471,0,0,-12,0,0,0,0,0,6.20098,0,0,0,
0.492644,0.120926,0.84312,0.654518,0.466217,-0.509812,-0.307147,1.68309e-06,3.4814e-07,-1.12719e-07,-1.25249e-07,2.16771e-06,4.82492e-06,0.424742,0.396174,0.67933,0.0490537,0.976499,-0.208644,0.022602,-0.178981,0.0799403,0.739144,0.694609,0.287715,0.609158,-0.25232,0,0,0,0,0,0,0,0.00593873,0.00297509,-0.00489349,-0.0042182,5.98699,9.92996,3.39552,5.74524,-5.11283,-1.7057,-1.03941,0.48541,0,0,-12,0,0,0,0,0,6.20098,0,0,0,
0.492644,0.120926,0.84312,0.654518,0.466217,-0.509812,-0.307147,0,0,0,0,0,0,0.424742,0.396174,0.67933,0.0490537,0.976499,-0.208644,0.022602,-0.178981,0.0799403,0.739144,0.694609,0.287715,0.609158,-0.25232,0,0,0,0,0,0,0,0.00433213,0.00297565,-0.00489305,-0.00422074,5.84912,9.92949,3.35827,5.7554,-5.09179,-1.69586,-1.06811,0.494683,0,0,-12,0,0,0,0,0,6.20098,0,0,0,
0.492644,0.120926,0.84312,0.654518,0.466217,-0.509812,-0.307147,0,0,0,0,0,0,0.424742,0.396174,0.67933,0.0490537,0.976499,-0.208644,0.022602,-0.178981,0.0799403,0.739144,0.694609,0.287715,0.609158,-0.25232,0,0,0,0,0,0,0,0.0039012,0.00297618,-0.00489532,-0.0042201,6.06294,9.93007,3.42553,5.73765,-5.12535,-1.71134,-1.02342,0.480255,0,0,-12,0,0,0,0,0,6.20098,0,0,0,
0.492644,0.120926,0.84312,0.654518,0.466217,-0.509812,-0.307147,0,0,0,0,0,0,0.424742,0.396174,0.67933,0.0490537,0.976499,-0.208644,0.022602,-0.178981,0.0799403,0.739144,0.694609,0.287715,0.609158,-0.25232,0,0,0,0,0,0,0,-0.000123248,0.00297672,-0.00489555,-0.0042218,6.01389,9.92972,3.42349,5.73889,-5.11896,-1.70809,-1.03342,0.483498,0,0,-12,0,0,0,0,0,6.20098,0,0,0,
0.492644,0.120926,0.84312,0.654518,0.466217,-0.509812,-0.307147,-1.68692e-06,-3.48929e-07,1.12974e-07,1.25534e-07,-2.17263e-06,-4.83587e-06,0.424742,0.396174,0.67933,0.049054,0.976499,-0.208644,0.0226021,-0.178981,0.0799403,0.739144,0.694609,0.287715,0.609158,-0.25232,0,0,0,0,0,0,0,-0.00129572,0.00288722,-0.004952,-0.0031943,6.08204,9.92985,3.44832,5.73257,-5.13003,-1.71295,-1.01901,0.478878,0,0,-12,0,0,0,0,0,6.20098,0,0,0,
0.492644,0.120926,0.84312,0.654518,0.466217,-0.509812,-0.307147,0,0,0,0,0,0,0.424742,0.396174,0.67933,0.049054,0.976499,-0.208644,0.0226021,-0.178981,0.0799403,0.739144,0.694609,0.287715,0.609158,-0.25232,0,0,0,0,0,0,0,-0.00367064,0.00297653,-0.00490182,-0.00419984,6.56979,9.93111,3.60624,5.69108,-5.20699,-1.74851,-0.917074,0.445947,0,0,-12,0,0,0,0,0,6.20098,0,0,0,
0.492644,0.120926,0.84312,0.654518,0.466217,-0.509812,-0.307147,1.68692e-06,3.4893e-07,-1.12975e-07,-1.25534e-07,2.17263e-06,4.83587e-06,0.424742,0.396174,0.67933,0.0490537,0.976499,-0.208644,0.022602,-0.178981,0.0799403,0.739144,0.694609,0.287715,0.609158,-0.25232,0,0,0,0,0,0,0,0.000391764,0.00306782,-0.0048446,-0.0052405,6.20494,9.9303,3.48065,5.72361,-5.14861,-1.722,-0.993646,0.470625,0,0,-12,0,0,0,0,0,6.20098,0,0,0,
0.492644,0.120926,0.84312,0.654518,0.466217,-0.509812,-0.307147,-1.68692e-06,-3.48929e-07,1.12974e-07,1.25534e-07,-2.17263e-06,-4.83587e-06,0.424742,0.396174,0.67933,0.049054,0.976499,-0.208644,0.0226021,-0.178981,0.0799403,0.739144,0.694609,0.287715,0.609158,-0.25232,0,0,0,0,0,0,0,-0.00331844,0.00288792,-0.00495789,-0.00318246,6.65347,9.93136,3.63089,5.68453,-5.22001,-1.75438,-0.899508,0.440305,0,0,-12,0,0,0,0,0,6.20098,0,0,0,
0.492644,0.120926,0.84312,0.654518,0.466217,-0.509812,-0.307147,0,0,0,0,0,0,0.424742,0.396174,0.67933,0.0490537,0.976499,-0.208644,0.022602,-0.178981,0.0799403,0.739144,0.694609,0.287715,0.609158,-0.25232,0,0,0,0,0,0,0,-0.00323705,0.00307028,-0.00485018,-0.00525358,6.78611,9.93175,3.67144,5.67368,-5.24062,-1.76426,-0.872019,0.43137,0,0,-12,0,0,0,0,0,6.20098,0,0,0,
0.492644,0.120926,0.84312,0.654518,0.466217,-0.509812,-0.307147,0,0,0,0,0,0,0.424742,0.396174,0.67933,0.0490537,0.976499,-0.208644,0.022602,-0.178981,0.0799403,0.739144,0.694609,0.287715,0.609158,-0.25232,0,0,0,0,0,0,0,-0.00180714,0.00297996,-0.00490671,-0.00422093,6.96889,9.93233,3.72311,5.65978,-5.26879,-1.77721,-0.833814,0.419061,0,0,-12,0,0,0,0,0,6.20098,0,0,0,
0.492644,0.120926,0.84312,0.654518,0.466217,-0.509812,-0.307147,1.68438e-06,3.48406e-07,-1.12805e-07,-1.25345e-07,2.16937e-06,4.82861e-06,0.424742,0.396174,0.67933,0.0490537,0.976499,-0.208644,0.022602,-0.178981,0.0799403,0.739144,0.694609,0.287715,0.609158,-0.25232,0,0,0,0,0,0,0,0.00448256,0.00298051,-0.0049073,-0.00422225,6.96452,9.93265,3.70134,5.66445,-5.26612,-1.77643,-0.835106,0.419456,0,0,-12,0,0,0,0,0,6.20098,0,0,0,
0.492644,0.120926,0.84312,0.654518,0.466217,-0.509812,-0.307147,0,0,0,0,0,0,0.424742,0.396174,0.67933,0.0490537,0.976499,-0.208644,0.022602,-0.178981,0.0799403,0.739144,0.694609,0.287715,0.609158,-0.25232,0,0,0,0,0,0,0,-0.000683363,0.00298104,-0.00490889,-0.00422241,7.0888,9.93273,3.7564,5.65076,-5.28718,-1.78579,-0.808831,0.410991,0,0,-12,0,0,0,0,0,6.20098,0,0,0,
0.492644,0.120926,0.84312,0.654518,0.466217,-0.509812,-0.307147,0,0,0,0,0,0,0.424742,0.396174,0.67933,0.0490537,0.976499,-0.208644,0.022602,-0.178981,0.0799403,0.739144,0.694609,0.287715,0.609158,-0.25232,0,0,0,0,0,0,0,-0.000261365,0.00298159,-0.00491448,-0.00421803,7.73067,9.93457,3.95273,5.59866,-5.38739,-1.83213,-0.674765,0.367706,0,0,-12,0,0,0,0,0,6.20098,0,0,0,
0.492644,0.120926,0.84312,0.654518,0.466217,-0.509812,-0.307147,1.68311e-06,3.48143e-07,-1.1272e-07,-1.25251e-07,2.16773e-06,4.82496e-06,0.424742,0.396174,0.67933,0.0490537,0.976499,-0.208644,0.022602,-0.178981,0.0799403,0.739144,0.694609,0.287715,0.609158,-0.25232,0,0,0,0,0,0,0,-0.000493825,0.00298217,-0.00491116,-0.00422395,7.21787,9.93311,3.79554,5.64036,-5.3073,-1.7951,-0.781879,0.402289,0,0,-12,0,0,0,0,0,6.20098,0,0,0,
0.492644,0.120926,0.84312,0.654518,0.466217,-0.509812,-0.307147,0,0,0,0,0,0,0.424742,0.396174,0.67933,0.0490537,0.976499,-0.208644,0.022602,-0.178981,0.0799403,0.739144,0.694609,0.287715,0.609158,-0.25232,0,0,0,0,0,0,0,0.0008281,0.00298271,-0.00491534,-0.00422114,7.67686,9.93447,3.93262,5.6038,-5.37864,-1.82816,-0.686072,0.371353,0,0,-12,0,0,0,0,0,6.20098,0,0,0,
0.492644,0.120926,0.84312,0.654518,0.466217,-0.509812,-0.307147,-1.68309e-06,-3.48139e-07,1.12718e-07,1.25249e-07,-2.16771e-06,-4.82492e-06,0.424742,0.396174,0.67933,0.049054,0.976499,-0.208644,0.0226021,-0.178981,0.0799403,0.739144,0.694609,0.287715,0.609158,-0.25232,0,0,0,0,0,0,0,0.00198925,0.0028907,-0.00496863,-0.00316604,7.63122,9.9344,3.91481,5.60836,-5.37119,-1.82463,-0.695568,0.374444,0,0,-12,0,0,0,0,0,6.20098,0,0,0,
0.492644,0.120926,0.84312,0.654518,0.466217,-0.509812,-0.307147,1.68309e-06,3.4814e-07,-1.12719e-07,-1.25249e-07,2.16771e-06,4.82492e-06,0.424742,0.396174,0.67933,0.0490537,0.976499,-0.208644,0.022602,-0.178981,0.0799403,0.739144,0.694609,0.287715,0.609158,-0.25232,0,0,0,0,0,0,0,0.00245948,0.00307336,-0.00486793,-0.00523876,7.99171,9.93545,4.02428,5.57918,-5.4273,-1.85094,-0.6205,0.350149,0,0,-12,0,0,0,0,0,6.20098,0,0,0,
0.492644,0.120926,0.84312,0.654518,0.466217,-0.509812,-0.307147,-1.68309e-06,-3.48139e-07,1.12718e-07,1.25249e-07,-2.16771e-06,-4.82492e-06,0.424742,0.396174,0.67933,0.049054,0.976499,-0.208644,0.0226021,-0.178981,0.0799403,0.739144,0.694609,0.287715,0.609158,-0.25232,0,0,0,0,0,0,0,0.000736827,0.00289068,-0.00497685,-0.00314804,8.55308,9.93694,4.20282,5.53225,-5.5157,-1.89132,-0.502906,0.312248,0,0,-12,0,0,0,0,0,6.20098,0,0,0,
0.492644,0.120926,0.84312,0.654518,0.466217,-0.509812,-0.307147,-1.68692e-06,-3.48929e-07,1.12974e-07,1.25534e-07,-2.17263e-06,-4.83587e-06,0.424742,0.396174,0.67933,0.049054,0.976499,-0.208644,0.0226021,-0.178981,0.0799403,0.739144,0.694609,0.287715,0.609158,-0.25232,0,0,0,0,0,0,0,0.00430504,0.0029836,-0.00492267,-0.00420178,8.23214,9.93622,4.09236,5.56086,-5.46435,-1.86802,-0.570277,0.333957,0,0,-12,0,0,0,0,0,6.20098,0,0,0,
0.492644,0.120926,0.84312,0.654518,0.466217,-0.509812,-0.307147,0,0,0,0,0,0,0.424742,0.396174,0.67933,0.0490537,0.976499,-0.208644,0.022602,-0.178981,0.0799403,0.739144,0.694609,0.287715,0.609158,-0.25232,0,0,0,0,0,0,0,0.00712441,0.0030778,-0.00487357,-0.00526987,8.56005,9.9373,4.18418,5.53598,-5.51468,-1.89166,-0.502054,0.311892,0,0,-12,0,0,0,0,0,6.20098,0,0,0,
0.492644,0.120926,0.84312,0.654518,0.466217,-0.509812,-0.307147,-1.68692e-06,-3.48929e-07,1.12974e-07,1.25534e-07,-2.17263e-06,-4.83587e-06,0.424742,0.396174,0.67933,0.049054,0.976499,-0.208644,0.0226021,-0.178981,0.0799403,0.739144,0.694609,0.287715,0.609158,-0.25232,0,0,0,0,0,0,0,0.00367761,0.00289587,-0.00497471,-0.00319335,8.43594,9.93676,4.15719,5.54383,-5.49646,-1.88264,-0.52756,0.320196,0,0,-12,0,0,0,0,0,6.20098,0,0,0,
0.492644,0.120926,0.84312,0.654518,0.466217,-0.509812,-0.307147,-1.68693e-06,-3.48933e-07,1.12975e-07,1.25535e-07,-2.17265e-06,-4.83592e-06,0.424742,0.396174,0.67933,0.049054,0.976499,-0.208644,0.0226021,-0.178981,0.0799403,0.739144,0.694609,0.287715,0.609158,-0.25232,0,0,0,0,0,0,0,-0.00414466,0.00298521,-0.00493045,-0.0041987,9.0113,9.93798,4.35979,5.49146,-5.58883,-1.92493,-0.406996,0.28127,0,0,-12,0,0,0,0,0,6.20098,0,0,0,
0.492644,0.120926,0.84312,0.654518,0.466217,-0.509812,-0.307147,0,0,0,0,0,0,0.424742,0.396174,0.67933,0.0490537,0.976499,-0.208644,0.022602,-0.178981,0.0799403,0.739144,0.694609,0.287715,0.609158,-0.25232,0,0,0,0,0,0,0,-0.00292765,0.00307825,-0.00488055,-0.00525654,9.01076,9.93805,4.35565,5.49229,-5.58831,-1.92496,-0.407291,0.281332,0,0,-12,0,0,0,0,0,6.20098,0,0,0,
0.492644,0.120926,0.84312,0.654518,0.466217,-0.509812,-0.307147,1.68692e-06,3.4893e-07,-1.12975e-07,-1.25534e-07,2.17263e-06,4.83587e-06,0.424742,0.396174,0.67933,0.0490537,0.976499,-0.208644,0.022602,-0.178981,0.0799403,0.739144,0.694609,0.287715,0.609158,-0.25232,0,0,0,0,0,0,0,-0.000760358,0.00298755,-0.00493133,-0.00422054,9.04729,9.93826,4.35988,5.49084,-5.59339,-1.92729,-0.399683,0.278898,0,0,-12,0,0,0,0,0,6.20098,0,0,0,
0.492644,0.120926,0.84312,0.654518,0.466217,-0.509812,-0.307147,-1.68692e-06,-3.48929e-07,1.12974e-07,1.25534e-07,-2.17263e-06,-4.83587e-06,0.424742,0.396174,0.67933,0.049054,0.976499,-0.208644,0.0226021,-0.178981,0.0799403,0.739144,0.694609,0.287715,0.609158,-0.25232,0,0,0,0,0,0,0,0.00106604,0.00289701,-0.00498296,-0.00317915,9.31184,9.9391,4.43546,5.47054,-5.63422,-1.94611,-0.344419,0.261078,0,0,-12,0,0,0,0,0,6.20098,0,0,0,
0.492644,0.120926,0.84312,0.654518,0.466217,-0.509812,-0.307147,0,0,0,0,0,0,0.424742,0.396174,0.67933,0.0490537,0.976499,-0.208644,0.022602,-0.178981,0.0799403,0.739144,0.694609,0.287715,0.609158,-0.25232,0,0,0,0,0,0,0,0.00167872,0.00308016,-0.00488747,-0.00525896,9.55756,9.93984,4.50911,5.45082,-5.67234,-1.96412,-0.293337,0.244527,0,0,-12,0,0,0,0,0,6.20098,0,0,0,
0.492644,0.120926,0.84312,0.654518,0.466217,-0.509812,-0.307147,1.68311e-06,3.48143e-07,-1.1272e-07,-1.25251e-07,2.16773e-06,4.82496e-06,0.424742,0.396174,0.67933,0.0490537,0.976499,-0.208644,0.022602,-0.178981,0.0799403,0.739144,0.694609,0.287715,0.609158,-0.25232,0,0,0,0,0,0,0,0.00504942,0.00298918,-0.00493749,-0.00421945,9.61395,9.94016,4.51556,5.44857,-5.68014,-1.9678,-0.281652,0.240772,0,0,-12,0,0,0,0,0,6.20098,0,0,0,
0.492644,0.120926,0.84312,0.654518,0.466217,-0.509812,-0.307147,-1.68309e-06,-3.48139e-07,1.12718e-07,1.25249e-07,-2.16771e-06,-4.82492e-06,0.424742,0.396174,0.67933,0.049054,0.976499,-0.208644,0.0226021,-0.178981,0.0799403,0.739144,0.694609,0.287715,0.609158,-0.25232,0,0,0,0,0,0,0,0.000738052,0.00289568,-0.00498953,-0.00314456,9.88141,9.94069,4.61196,5.42382,-5.72337,-1.98728,-0.225409,0.222657,0,0,-12,0,0,0,0,0,6.20098,0,0,0,
0.492644,0.120926,0.84312,0.654518,0.466217,-0.509812,-0.307147,1.68309e-06,3.4814e-07,-1.12719e-07,-1.25249e-07,2.16771e-06,4.82492e-06,0.424742,0.396174,0.67933,0.0490537,0.976499,-0.208644,0.022602,-0.178981,0.0799403,0.739144,0.694609,0.287715,0.609158,-0.25232,0,0,0,0,0,0,0,-0.000458817,0.00307915,-0.00489522,-0.00522884,10.0098,9.941,4.65535,5.41244,-5.74372,-1.99695,-0.198726,0.21399,0,0,-12,0,0,0,0,0,6.20098,0,0,0,
0.492644,0.120926,0.84312,0.654518,0.466217,-0.509812,-0.307147,1.68311e-06,3.48143e-07,-1.1272e-07,-1.25251e-07,2.16773e-06,4.82496e-06,0.424742,0.396174,0.67933,0.0490537,0.976499,-0.208644,0.022602,-0.178981,0.0799403,0.739144,0.694609,0.287715,0.609158,-0.25232,0,0,0,0,0,0,0,0.000477082,0.00299079,-0.00494477,-0.00421695,10.3345,9.94196,4.75233,5.38662,-5.79423,-2.02019,-0.130855,0.192103,0,0,-12,0,0,0,0,0,6.20098,0,0,0,
0.492644,0.120926,0.84312,0.654518,0.466217,-0.509812,-0.307147,1.68311e-06,3.48143e-07,-1.1272e-07,-1.25251e-07,2.16773e-06,4.82496e-06,0.424742,0.396174,0.67933,0.0490537,0.976499,-0.208644,0.022602,-0.178981,0.0799403,0.739144,0.694609,0.287715,0.609158,-0.25232,0,0,0,0,0,0,0,-0.00103218,0.00299132,-0.0049417,-0.00422246,9.86034,9.94055,4.6112,5.42429,-5.72058,-1.98605,-0.229814,0.224056,0,0,-12,0,0,0,0,0,6.20098,0,0,0,
0.492644,0.120926,0.84312,0.654518,0.466217,-0.509812,-0.307147,0,0,0,0,0,0,0.424742,0.396174,0.67933,0.0490537,0.976499,-0.208644,0.022602,-0.178981,0.0799403,0.739144,0.694609,0.287715,0.609158,-0.25232,0,0,0,0,0,0,0,-0.00666915,0.00299186,-0.00494816,-0.004217,10.6212,9.9424,4.86385,5.35831,-5.84131,-2.04143,-0.0705262,0.172649,0,0,-12,0,0,0,0,0,6.20098,0,0,0,
0.492644,0.120926,0.84312,0.654518,0.466217,-0.509812,-0.307147,0,0,0,0,0,0,0.424742,0.396174,0.67933,0.049054,0.976499,-0.208644,0.0226021,-0.178981,0.0799403,0.739144,0.694609,0.287715,0.609158,-0.25232,0,0,0,0,0,0,0,-0.000782169,0.00290097,-0.00499516,-0.00317358,10.6528,9.94279,4.85448,5.35981,-5.84444,-2.04312,-0.0641794,0.170608,0,0,-12,0,0,0,0,0,6.20098,0,0,0,
0.492644,0.120926,0.84312,0.654518,0.466217,-0.509812,-0.307147,-1.68692e-06,-3.48929e-07,1.12974e-07,1.25534e-07,-2.17263e-06,-4.83587e-06,0.424742,0.396174,0.67933,0.049054,0.976499,-0.208644,0.0226021,-0.178981,0.0799403,0.739144,0.694609,0.287715,0.609158,-0.25232,0,0,0,0,0,0,0,0.000739919,0.00299168,-0.00495185,-0.00419771,10.8885,9.94354,4.92214,5.34157,-5.88078,-2.06019,-0.0151174,0.154735,0,0,-12,0,0,0,0,0,6.20098,0,0,0,
0.492645,0.120926,0.84312,0.654518,0.466217,-0.509812,-0.307147,1.68692e-06,3.48931e-07,-1.12975e-07,-1.25534e-07,2.17263e-06,4.83587e-06,0.424742,0.396174,0.67933,0.0490535,0.976499,-0.208644,0.022602,-0.178981,0.0799403,0.739144,0.694609,0.287715,0.609158,-0.25232,0,0,0,0,0,0,0,0.00490669,0.00313571,-0.0048795,-0.00584018,10.671,9.94315,4.84157,5.36212,-5.84537,-2.04441,-0.0609862,0.169487,0,0,-12,0,0,0,0,0,6.20098,0,0,0,
0.492644,0.120926,0.84312,0.654518,0.466217,-0.509812,-0.307147,0,0,0,0,0,0,0.424742,0.396174,0.67933,0.049054,0.976499,-0.208644,0.0226021,-0.178981,0.0799403,0.739144,0.694609,0.287715,0.609158,-0.25232,0,0,0,0,0,0,0,0.00463643,0.00284496,-0.00502842,-0.00251758,11.1937,9.9446,5.00351,5.3194,-5.92733,-2.08171,0.0485701,0.134205,0,0,-12,0,0,0,0,0,6.20098,0,0,0,
0.492644,0.120926,0.84312,0.654518,0.466217,-0.509812,-0.307147,-2.60918e-06,-2.77788e-06,4.66047e-07,-2.19893e-07,-2.80459e-06,-1.00857e-05,0.424742,0.396173,0.67933,0.0490542,0.976499,-0.208644,0.0226021,-0.178981,0.0799403,0.739144,0.694609,0.287715,0.609158,-0.25232,0,0,0,0,0,0,0,0.00203781,0.00279736,-0.00483711,-0.00399473,10.9403,9.94346,4.93365,5.338,-5.88843,-2.06381,-0.00436142,0.151291,0,0,-12,0,0,0,0,0,6.20097,0,0,0,
0.492644,0.120926,0.84312,0.654518,0.466217,-0.509812,-0.307147,0,0,0,0,0,0,0.424742,0.396174,0.67933,0.0490537,0.976499,-0.208644,0.022602,-0.178981,0.0799403,0.739144,0.694609,0.287715,0.609158,-0.25232,0,0,0,0,0,0,0,-0.00390976,0.00329302,-0.00503503,-0.00549261,11.5828,9.94558,5.15128,5.28192,-5.99075,-2.11087,0.130054,0.107818,0,0,-12,0,0,0,0,0,6.20098,0,0,0,
0.492644,0.120926,0.84312,0.654518,0.466217,-0.509812,-0.307147,0,0,0,0,0,0,0.424742,0.396174,0.67933,0.0490537,0.976499,-0.208644,0.022602,-0.178981,0.0799403,0.739144,0.694609,0.287715,0.609158,-0.25232,0,0,0,0,0,0,0,0.00368683,0.00299566,-0.00495685,-0.0042209,11.221,9.94464,5.01498,5.31645,-5.93182,-2.084,0.0541606,0.132359,0,0,-12,0,0,0,0,0,6.20098,0,0,0,
0.492644,0.120926,0.84312,0.654518,0.466217,-0.509812,-0.307147,-1.68692e-06,-3.48929e-07,1.12974e-07,1.25534e-07,-2.17263e-06,-4.83587e-06,0.424742,0.396174,0.67933,0.049054,0.976499,-0.208644,0.0226021,-0.178981,0.0799403,0.739144,0.694609,0.287715,0.609158,-0.25232,0,0,0,0,0,0,0,-0.00157545,0.00290377,-0.00500437,-0.00316303,11.5977,9.94542,5.14811,5.28213,-5.99242,-2.11145,0.133277,0.106861,0,0,-12,0,0,0,0,0,6.20098,0,0,0,
0.492644,0.120926,0.84312,0.654518,0.466217,-0.509812,-0.307147,0,0,0,0,0,0,0.424742,0.396174,0.67933,0.0490537,0.976499,-0.208644,0.022602,-0.178981,0.0799403,0.739144,0.694609,0.287715,0.609158,-0.25232,0,0,0,0,0,0,0,-0.00348312,0.00308624,-0.00491899,-0.00523703,11.6602,9.94551,5.17351,5.27564,-6.0027,-2.1164,0.146233,0.102631,0,0,-12,0,0,0,0,0,6.20098,0,0,0,
0.492644,0.120926,0.84312,0.654518,0.466217,-0.509812,-0.307147,1.68309e-06,3.4814e-07,-1.12719e-07,-1.25249e-07,2.16771e-06,4.82492e-06,0.424742,0.396174,0.67933,0.0490537,0.976499,-0.208644,0.022602,-0.178981,0.0799403,0.739144,0.694609,0.287715,0.609158,-0.25232,0,0,0,0,0,0,0,-0.00142348,0.00299727,-0.00496393,-0.00421865,11.9124,9.94633,5.24454,5.2565,-6.04153,-2.13433,0.198911,0.0856436,0,0,-12,0,0,0,0,0,6.20098,0,0,0,
0.492644,0.120926,0.84312,0.654518,0.466217,-0.509812,-0.307147,-1.68437e-06,-3.48402e-07,1.12804e-07,1.25344e-07,-2.16935e-06,-4.82856e-06,0.424742,0.396174,0.67933,0.049054,0.976499,-0.208644,0.0226021,-0.178981,0.0799403,0.739144,0.694609,0.287715,0.609158,-0.25232,0,0,0,0,0,0,0,0.000934452,0.00290717,-0.00500728,-0.00318352,12.0012,9.94669,5.26424,5.25092,-6.05471,-2.14042,0.217419,0.0796867,0,0,-12,0,0,0,0,0,6.20098,0,0,0,
0.492644,0.120926,0.84312,0.654518,0.466217,-0.509812,-0.307147,0,0,0,0,0,0,0.424742,0.396174,0.67933,0.0490537,0.976499,-0.208644,0.022602,-0.178981,0.0799403,0.739144,0.694609,0.287715,0.609158,-0.25232,0,0,0,0,0,0,0,-0.000141403,0.00309,-0.00492535,-0.00526031,12.2475,9.94734,5.34354,5.22999,-6.09345,-2.15859,0.268713,0.0630766,0,0,-12,0,0,0,0,0,6.20098,0,0,0,
0.492644,0.120926,0.84312,0.654518,0.466217,-0.509812,-0.307147,0,0,0,0,0,0,0.424742,0.396174,0.67933,0.049054,0.976499,-0.208644,0.0226021,-0.178981,0.0799403,0.739144,0.694609,0.287715,0.609158,-0.25232,0,0,0,0,0,0,0,0.00296352,0.00290866,-0.00501094,-0.00318673,12.449,9.94806,5.39557,5.21576,-6.12407,-2.17262,0.310836,0.0495196,0,0,-12,0,0,0,0,0,6.20098,0,0,0,
0.492644,0.120926,0.84312,0.654518,0.466217,-0.509812,-0.307147,0,0,0,0,0,0,0.424742,0.396174,0.67933,0.0490537,0.976499,-0.208644,0.022602,-0.178981,0.0799403,0.739144,0.694609,0.287715,0.609158,-0.25232,0,0,0,0,0,0,0,0.00273972,0.00309042,-0.0049265,-0.0052566,12.1066,9.9471,5.29081,5.24347,-6.07052,-2.1482,0.23912,0.0726213,0,0,-12,0,0,0,0,0,6.20098,0,0,0,
0.492644,0.120926,0.84312,0.654518,0.466217,-0.509812,-0.307147,0,0,0,0,0,0,0.424742,0.396174,0.67933,0.0490537,0.976499,-0.208644,0.022602,-0.178981,0.0799403,0.739144,0.694609,0.287715,0.609158,-0.25232,0,0,0,0,0,0,0,0.00366011,0.00300004,-0.00497571,-0.00421521,13.0554,9.94982,5.58006,5.16669,-6.2186,-2.21652,0.437369,0.00864025,0,0,-12,0,0,0,0,0,6.20098,0,0,0,
0.492644,0.120926,0.84312,0.654518,0.466217,-0.509812,-0.307147,1.68309e-06,3.4814e-07,-1.12719e-07,-1.25249e-07,2.16771e-06,4.82492e-06,0.424742,0.396174,0.67933,0.0490537,0.976499,-0.208644,0.022602,-0.178981,0.0799403,0.739144,0.694609,0.287715,0.609158,-0.25232,0,0,0,0,0,0,0,-0.00185603,0.0030006,-0.00497336,-0.00422,12.6728,9.94845,5.48016,5.19413,-6.16054,-2.18929,0.357791,0.0343508,0,0,-12,0,0,0,0,0,6.20098,0,0,0,
0.492644,0.120926,0.84312,0.654518,0.466217,-0.509812,-0.307147,-1.68564e-06,-3.48665e-07,1.12889e-07,1.25439e-07,-2.17099e-06,-4.83221e-06,0.424742,0.396174,0.67933,0.049054,0.976499,-0.208644,0.0226021,-0.178981,0.0799403,0.739144,0.694609,0.287715,0.609158,-0.25232,0,0,0,0,0,0,0,0.000374502,0.00291205,-0.00501867,-0.00319647,13.4109,9.95065,5.70025,5.13546,-6.27527,-2.2423,0.51194,-0.0153989,0,0,-12,0,0,0,0,0,6.20098,0,0,0,
0.492644,0.120926,0.84312,0.654518,0.466217,-0.509812,-0.307147,0,0,0,0,0,0,0.424742,0.396174,0.67933,0.0490537,0.976499,-0.208644,0.022602,-0.178981,0.0799403,0.739144,0.694609,0.287715,0.609158,-0.25232,0,0,0,0,0,0,0,0.000686605,0.00308338,-0.00494448,-0.00514453,13.3889,9.95061,5.69242,5.13739,-6.27164,-2.24097,0.507127,-0.0138947,0,0,-12,0,0,0,0,0,6.20098,0,0,0,
0.492644,0.120926,0.84312,0.654518,0.466217,-0.509812,-0.307147,0,0,0,0,0,0,0.424742,0.396174,0.67933,0.049054,0.976499,-0.208644,0.0226021,-0.178981,0.0799403,0.739144,0.694609,0.287715,0.609158,-0.25232,0,0,0,0,0,0,0,0.00186129,0.0029191,-0.00501276,-0.00327044,12.9076,9.94931,5.54041,5.17756,-6.19612,-2.20584,0.406706,0.0185689,0,0,-12,0,0,0,0,0,6.20098,0,0,0,
0.492644,0.120926,0.84312,0.654518,0.466217,-0.509812,-0.307147,0,0,0,0,0,0,0.424742,0.396174,0.67933,0.0490537,0.976499,-0.208644,0.022602,-0.178981,0.0799403,0.739144,0.694609,0.287715,0.609158,-0.25232,0,0,0,0,0,0,0,0.00182896,0.00308889,-0.00494663,-0.0051944,13.6507,9.95141,5.76936,5.1168,-6.31221,-2.25981,0.561751,-0.0315353,0,0,-12,0,0,0,0,0,6.20098,0,0,0,
0.492644,0.120926,0.84312,0.654518,0.466217,-0.509812,-0.307147,0,0,0,0,0,0,0.424742,0.396174,0.67933,0.049054,0.976499,-0.208644,0.0226021,-0.178981,0.0799403,0.739144,0.694609,0.287715,0.609158,-0.25232,0,0,0,0,0,0,0,0.00407606,0.00292235,-0.00501717,-0.00329132,13.528,9.95117,5.72429,5.12844,-6.2924,-2.2505,0.536168,-0.0232361,0,0,-12,0,0,0,0,0,6.20098,0,0,0,
0.492644,0.120926,0.84312,0.654518,0.466217,-0.509812,-0.307147,-1.68693e-06,-3.48933e-07,1.12975e-07,1.25535e-07,-2.17265e-06,-4.83592e-06,0.424742,0.396174,0.67933,0.049054,0.976499,-0.208644,0.0226021,-0.178981,0.0799403,0.739144,0.694609,0.287715,0.609158,-0.25232,0,0,0,0,0,0,0,-0.00176395,0.00300283,-0.00498713,-0.00419768,13.9363,9.95203,5.86901,5.09106,-6.35804,-2.28056,0.621733,-0.0508639,0,0,-12,0,0,0,0,0,6.20098,0,0,0,
0.492644,0.120926,0.84312,0.654518,0.466217,-0.509812,-0.307147,0,0,0,0,0,0,0.424742,0.396174,0.67933,0.0490537,0.976499,-0.208644,0.022602,-0.178981,0.0799403,0.739144,0.694609,0.287715,0.609158,-0.25232,0,0,0,0,0,0,0,0.00551328,0.00308862,-0.00495391,-0.00517173,14.0936,9.95285,5.8938,5.08318,-6.38028,-2.29153,0.654048,-0.0613449,0,0,-12,0,0,0,0,0,6.20098,0,0,0,
0.492644,0.120926,0.84312,0.654518,0.466217,-0.509812,-0.307147,0,0,0,0,0,0,0.424742,0.396174,0.67933,0.0490537,0.976499,-0.208644,0.022602,-0.178981,0.0799403,0.739144,0.694609,0.287715,0.609158,-0.25232,0,0,0,0,0,0,0,0.00352427,0.00300524,-0.00498819,-0.00421986,13.9586,9.95237,5.85872,5.09287,-6.35986,-2.28179,0.626074,-0.0522828,0,0,-12,0,0,0,0,0,6.20098,0,0,0,
0.492644,0.120926,0.84312,0.654518,0.466217,-0.509812,-0.307147,1.68309e-06,3.4814e-07,-1.12719e-07,-1.25249e-07,2.16771e-06,4.82492e-06,0.424742,0.396174,0.67933,0.0490537,0.976499,-0.208644,0.022602,-0.178981,0.0799403,0.739144,0.694609,0.287715,0.609158,-0.25232,0,0,0,0,0,0,0,0.000140376,0.00300578,-0.00499198,-0.00421742,14.3778,9.95338,5.99883,5.05633,-6.42646,-2.31232,0.713855,-0.0806115,0,0,-12,0,0,0,0,0,6.20098,0,0,0,
0.492644,0.120926,0.84312,0.654518,0.466217,-0.509812,-0.307147,0,0,0,0,0,0,0.424742,0.396174,0.67933,0.0490537,0.976499,-0.208644,0.022602,-0.178981,0.0799403,0.739144,0.694609,0.287715,0.609158,-0.25232,0,0,0,0,0,0,0,0.000469215,0.00300631,-0.00499353,-0.00421757,14.5074,9.95376,6.03768,5.04597,-6.44662,-2.32166,0.740914,-0.0893487,0,0,-12,0,0,0,0,0,6.20098,0,0,0,
0.492644,0.120926,0.84312,0.654518,0.466217,-0.509812,-0.307147,1.68437e-06,3.48403e-07,-1.12804e-07,-1.25344e-07,2.16935e-06,4.82856e-06,0.424742,0.396174,0.67933,0.0490537,0.976499,-0.208644,0.022602,-0.178981,0.0799403,0.739144,0.694609,0.287715,0.609158,-0.25232,0,0,0,0,0,0,0,0.00286201,0.00300685,-0.00499603,-0.00421664,14.7597,9.9546,6.10762,5.02702,-6.48531,-2.33971,0.793475,-0.106326,0,0,-12,0,0,0,0,0,6.20098,0,0,0,
0.492644,0.120926,0.84312,0.654518,0.466217,-0.509812,-0.307147,0,0,0,0,0,0,0.424742,0.396174,0.67933,0.0490537,0.976499,-0.208644,0.022602,-0.178981,0.0799403,0.739144,0.694609,0.287715,0.609158,-0.25232,0,0,0,0,0,0,0,1.33447e-05,0.00300738,-0.0049941,-0.00422087,14.432,9.95352,6.01593,5.05182,-6.43497,-2.31625,0.725181,-0.0842677,0,0,-12,0,0,0,0,0,6.20098,0,0,0,
0.492644,0.120926,0.84312,0.654518,0.466217,-0.509812,-0.307147,1.68309e-06,3.4814e-07,-1.12719e-07,-1.25249e-07,2.16771e-06,4.82492e-06,0.424742,0.396174,0.67933,0.0490537,0.976499,-0.208644,0.022602,-0.178981,0.0799403,0.739144,0.694609,0.287715,0.609158,-0.25232,0,0,0,0,0,0,0,0.00136842,0.00300792,-0.00499861,-0.00421759,14.9449,9.95504,6.1695,5.01088,-6.51472,-2.3532,0.832241,-0.118837,0,0,-12,0,0,0,0,0,6.20098,0,0,0,
0.492644,0.120926,0.84312,0.654518,0.466217,-0.509812,-0.307147,0,0,0,0,0,0,0.424742,0.396174,0.67933,0.049054,0.976499,-0.208644,0.0226021,-0.178981,0.0799403,0.739144,0.694609,0.287715,0.609158,-0.25232,0,0,0,0,0,0,0,-0.00312116,0.00291592,-0.00503543,-0.00316041,15.0651,9.95514,6.22112,4.99803,-6.53499,-2.36206,0.857729,-0.127026,0,0,-12,0,0,0,0,0,6.20098,0,0,0,
0.492644,0.120926,0.84312,0.654518,0.466217,-0.509812,-0.307147,0,0,0,0,0,0,0.424742,0.396174,0.67933,0.0490537,0.976499,-0.208644,0.022602,-0.178981,0.0799403,0.739144,0.694609,0.287715,0.609158,-0.25232,0,0,0,0,0,0,0,-0.00144801,0.00309901,-0.00496657,-0.00524277,15.0759,9.95527,6.21899,4.99821,-6.53606,-2.36302,0.859683,-0.127712,0,0,-12,0,0,0,0,0,6.20098,0,0,0,
0.492644,0.120926,0.84312,0.654518,0.466217,-0.509812,-0.307147,0,0,0,0,0,0,0.424742,0.396174,0.67933,0.0490537,0.976499,-0.208644,0.022602,-0.178981,0.0799403,0.739144,0.694609,0.287715,0.609158,-0.25232,0,0,0,0,0,0,0,0.00432546,0.00300954,-0.00500251,-0.00421902,15.2266,9.95599,6.24668,4.98991,-6.55784,-2.37334,0.890926,-0.137793,0,0,-12,0,0,0,0,0,6.20098,0,0,0,
0.492644,0.120926,0.84312,0.654518,0.466217,-0.509812,-0.307147,0,0,0,0,0,0,0.424742,0.396174,0.67933,0.049054,0.976499,-0.208644,0.0226021,-0.178981,0.0799403,0.739144,0.694609,0.287715,0.609158,-0.25232,0,0,0,0,0,0,0,0.00173729,0.00291869,-0.00503703,-0.00317562,15.2457,9.95591,6.26098,4.98662,-6.56169,-2.37476,0.895174,-0.139132,0,0,-12,0,0,0,0,0,6.20098,0,0,0,
0.492644,0.120926,0.84312,0.654518,0.466217,-0.509812,-0.307147,-1.68692e-06,-3.48929e-07,1.12974e-07,1.25534e-07,-2.17263e-06,-4.83587e-06,0.424742,0.396174,0.67933,0.049054,0.976499,-0.208644,0.0226021,-0.178981,0.0799403,0.739144,0.694609,0.287715,0.609158,-0.25232,0,0,0,0,0,0,0,-0.00338772,0.00300934,-0.00500692,-0.00419854,15.6161,9.95669,6.39169,4.95283,-6.62118,-2.40204,0.972759,-0.164188,0,0,-12,0,0,0,0,0,6.20098,0,0,0,
0.492644,0.120926,0.84312,0.654518,0.466217,-0.509812,-0.307147,0,0,0,0,0,0,0.424742,0.396174,0.67933,0.0490537,0.976499,-0.208644,0.022602,-0.178981,0.0799403,0.739144,0.694609,0.287715,0.609158,-0.25232,0,0,0,0,0,0,0,-0.0039562,0.00310054,-0.00497444,-0.00523637,15.5754,9.95655,6.38099,4.95572,-6.61494,-2.39929,0.964185,-0.161441,0,0,-12,0,0,0,0,0,6.20098,0,0,0,
0.492644,0.120926,0.84312,0.654518,0.466217,-0.509812,-0.307147,-1.68564e-06,-3.48665e-07,1.12889e-07,1.25439e-07,-2.17099e-06,-4.83221e-06,0.424742,0.396174,0.67933,0.049054,0.976499,-0.208644,0.0226021,-0.178981,0.0799403,0.739144,0.694609,0.287715,0.609158,-0.25232,0,0,0,0,0,0,0,0.0027436,0.00291966,-0.00504261,-0.00316663,15.8615,9.9577,6.44739,4.93704,-6.65765,-2.41917,1.02376,-0.18065,0,0,-12,0,0,0,0,0,6.20098,0,0,0,
0.492644,0.120926,0.84312,0.654518,0.466217,-0.509812,-0.307147,-1.68309e-06,-3.48139e-07,1.12718e-07,1.25249e-07,-2.16771e-06,-4.82492e-06,0.424742,0.396174,0.67933,0.049054,0.976499,-0.208644,0.0226021,-0.178981,0.0799403,0.739144,0.694609,0.287715,0.609158,-0.25232,0,0,0,0,0,0,0,-0.000837542,0.00301097,-0.0050103,-0.00420059,15.8268,9.95742,6.44831,4.93738,-6.65331,-2.41707,1.01662,-0.178357,0,0,-12,0,0,0,0,0,6.20098,0,0,0,
0.492644,0.120926,0.84312,0.654518,0.466217,-0.509812,-0.307147,1.68309e-06,3.4814e-07,-1.12719e-07,-1.25249e-07,2.16771e-06,4.82492e-06,0.424742,0.396174,0.67933,0.0490537,0.976499,-0.208644,0.022602,-0.178981,0.0799403,0.739144,0.694609,0.287715,0.609158,-0.25232,0,0,0,0,0,0,0,0.00412627,0.00310237,-0.00497993,-0.00523957,15.9265,9.95797,6.46287,4.93261,-6.66727,-2.42406,1.03704,-0.184989,0,0,-12,0,0,0,0,0,6.20098,0,0,0,
0.492644,0.120926,0.84312,0.654518,0.466217,-0.509812,-0.307147,0,0,0,0,0,0,0.424742,0.396174,0.67933,0.049054,0.976499,-0.208644,0.0226021,-0.178981,0.0799403,0.739144,0.694609,0.287715,0.609158,-0.25232,0,0,0,0,0,0,0,0.00298624,0.00292087,-0.00504731,-0.00316125,16.3724,9.95916,6.60394,4.89551,-6.73744,-2.45605,1.13046,-0.215099,0,0,-12,0,0,0,0,0,6.20098,0,0,0,
0.492644,0.120926,0.84312,0.654518,0.466217,-0.509812,-0.307147,0,0,0,0,0,0,0.424742,0.396174,0.67933,0.0490537,0.976499,-0.208644,0.022602,-0.178981,0.0799403,0.739144,0.694609,0.287715,0.609158,-0.25232,0,0,0,0,0,0,0,-0.00201112,0.00310499,-0.00498373,-0.00525696,16.2445,9.95855,6.58076,4.90243,-6.71893,-2.44749,1.10385,-0.206537,0,0,-12,0,0,0,0,0,6.20098,0,0,0,
0.492644,0.120926,0.84312,0.654518,0.466217,-0.509812,-0.307147,0,0,0,0,0,0,0.424742,0.396174,0.67933,0.0490537,0.976499,-0.208644,0.022602,-0.178981,0.0799403,0.739144,0.694609,0.287715,0.609158,-0.25232,0,0,0,0,0,0,0,-0.000200288,0.0030144,-0.00501695,-0.00422009,16.4179,9.95913,6.62829,4.88957,-6.7455,-2.45973,1.14006,-0.218209,0,0,-12,0,0,0,0,0,6.20098,0,0,0,
0.492644,0.120926,0.84312,0.654518,0.466217,-0.509812,-0.307147,1.68182e-06,3.47877e-07,-1.12634e-07,-1.25155e-07,2.16607e-06,4.82128e-06,0.424742,0.396174,0.67933,0.0490537,0.976499,-0.208644,0.022602,-0.178981,0.0799403,0.739144,0.694609,0.287715,0.609158,-0.25232,0,0,0,0,0,0,0,-0.000348671,0.00301493,-0.00501889,-0.0042198,16.5945,9.95962,6.68319,4.87504,-6.77317,-2.47251,1.17698,-0.230128,0,0,-12,0,0,0,0,0,6.20098,0,0,0,
0.492644,0.120926,0.84312,0.654518,0.466217,-0.509812,-0.307147,0,0,0,0,0,0,0.424742,0.396174,0.67933,0.0490537,0.976499,-0.208644,0.022602,-0.178981,0.0799403,0.739144,0.694609,0.287715,0.609158,-0.25232,0,0,0,0,0,0,0,0.0020616,0.00301549,-0.00501768,-0.00422327,16.3544,9.95907,6.60141,4.8963,-6.73487,-2.45498,1.12667,-0.213894,0,0,-12,0,0,0,0,0,6.20098,0,0,0,
0.492644,0.120926,0.84312,0.654518,0.466217,-0.509812,-0.307147,0,0,0,0,0,0,0.424742,0.396174,0.67933,0.0490537,0.976499,-0.208644,0.022602,-0.178981,0.0799403,0.739144,0.694609,0.287715,0.609158,-0.25232,0,0,0,0,0,0,0,-0.000412864,0.00301601,-0.00502418,-0.00421758,17.1298,9.96113,6.84826,4.83131,-6.85687,-2.51118,1.28879,-0.266229,0,0,-12,0,0,0,0,0,6.20098,0,0,0,
0.492644,0.120926,0.84312,0.654518,0.466217,-0.509812,-0.307147,1.68309e-06,3.4814e-07,-1.12719e-07,-1.25249e-07,2.16771e-06,4.82492e-06,0.424742,0.396174,0.67933,0.0490537,0.976499,-0.208644,0.022602,-0.178981,0.0799403,0.739144,0.694609,0.287715,0.609158,-0.25232,0,0,0,0,0,0,0,0.00647274,0.00301655,-0.00502477,-0.00421891,17.1305,9.96148,6.82611,4.83597,-6.8548,-2.51072,1.28852,-0.266164,0,0,-12,0,0,0,0,0,6.20098,0,0,0,
0.492644,0.120926,0.84312,0.654518,0.466217,-0.509812,-0.307147,0,0,0,0,0,0,0.424742,0.396174,0.67933,0.0490537,0.976499,-0.208644,0.022602,-0.178981,0.0799403,0.739144,0.694609,0.287715,0.609158,-0.25232,0,0,0,0,0,0,0,0.00370625,0.00301709,-0.005026,-0.00421945,17.2149,9.96158,6.8611,4.82718,-6.86888,-2.51703,1.30633,-0.271903,0,0,-12,0,0,0,0,0,6.20098,0,0,0,
0.492644,0.120926,0.84312,0.654518,0.466217,-0.509812,-0.307147,1.68692e-06,3.4893e-07,-1.12975e-07,-1.25534e-07,2.17263e-06,4.83587e-06,0.424742,0.396174,0.67933,0.0490537,0.976499,-0.208644,0.022602,-0.178981,0.0799403,0.739144,0.694609,0.287715,0.609158,-0.25232,0,0,0,0,0,0,0,0.0030372,0.00301764,-0.00502687,-0.00422049,17.2487,9.96164,6.87369,4.82396,-6.87438,-2.51952,1.31343,-0.274196,0,0,-12,0,0,0,0,0,6.20098,0,0,0,
0.492644,0.120926,0.84312,0.654518,0.466217,-0.509812,-0.307147,-1.68692e-06,-3.48929e-07,1.12974e-07,1.25534e-07,-2.17263e-06,-4.83587e-06,0.424742,0.396174,0.67933,0.049054,0.976499,-0.208644,0.0226021,-0.178981,0.0799403,0.739144,0.694609,0.287715,0.609158,-0.25232,0,0,0,0,0,0,0,0.00187877,0.00292478,-0.00505828,-0.00315198,17.5087,9.96231,6.95754,4.80199,-6.91543,-2.53823,1.36791,-0.291758,0,0,-12,0,0,0,0,0,6.20098,0,0,0,
0.492644,0.120926,0.84312,0.654518,0.466217,-0.509812,-0.307147,-1.68692e-06,-3.48929e-07,1.12974e-07,1.25534e-07,-2.17263e-06,-4.83587e-06,0.424742,0.396174,0.67933,0.049054,0.976499,-0.208644,0.0226021,-0.178981,0.0799403,0.739144,0.694609,0.287715,0.609158,-0.25232,0,0,0,0,0,0,0,-0.00141442,0.00301745,-0.0050297,-0.00420179,17.4393,9.96195,6.94685,4.80536,-6.90558,-2.53361,1.35352,-0.287122,0,0,-12,0,0,0,0,0,6.20098,0,0,0,
0.492644,0.120926,0.84312,0.654518,0.466217,-0.509812,-0.307147,0,0,0,0,0,0,0.424742,0.396174,0.67933,0.0490537,0.976499,-0.208644,0.022602,-0.178981,0.0799403,0.739144,0.694609,0.287715,0.609158,-0.25232,0,0,0,0,0,0,0,0.00439376,0.00310931,-0.00500565,-0.00524367,17.8121,9.96331,7.04279,4.77887,-6.96198,-2.56027,1.43094,-0.312161,0,0,-12,0,0,0,0,0,6.20098,0,0,0,
0.492644,0.120926,0.84312,0.654518,0.466217,-0.509812,-0.307147,0,0,0,0,0,0,0.424742,0.396174,0.67933,0.0490537,0.976499,-0.208644,0.022602,-0.178981,0.0799403,0.739144,0.694609,0.287715,0.609158,-0.25232,0,0,0,0,0,0,0,0.00298918,0.0030198,-0.00503548,-0.00421834,18.0661,9.96395,7.12562,4.75721,-7.00218,-2.57857,1.4842,-0.329327,0,0,-12,0,0,0,0,0,6.20098,0,0,0,
0.492644,0.120926,0.84312,0.654518,0.466217,-0.509812,-0.307147,0,0,0,0,0,0,0.424742,0.396174,0.67933,0.0490537,0.976499,-0.208644,0.022602,-0.178981,0.0799403,0.739144,0.694609,0.287715,0.609158,-0.25232,0,0,0,0,0,0,0,-0.00478158,0.00302033,-0.0050366,-0.004219,18.1376,9.96375,7.17285,4.74605,-7.0158,-2.58431,1.49959,-0.334269,0,0,-12,0,0,0,0,0,6.20098,0,0,0,
0.492644,0.120926,0.84312,0.654518,0.466217,-0.509812,-0.307147,0,0,0,0,0,0,0.424742,0.396174,0.67933,0.0490537,0.976499,-0.208644,0.022602,-0.178981,0.0799403,0.739144,0.694609,0.287715,0.609158,-0.25232,0,0,0,0,0,0,0,0.00121246,0.0030209,-0.0050383,-0.0042191,18.2797,9.96446,7.19716,4.73856,-7.03612,-2.59413,1.52891,-0.343757,0,0,-12,0,0,0,0,0,6.20098,0,0,0,
0.492644,0.120926,0.84312,0.654518,0.466217,-0.509812,-0.307147,1.68309e-06,3.4814e-07,-1.12719e-07,-1.25249e-07,2.16771e-06,4.82492e-06,0.424742,0.396174,0.67933,0.0490537,0.976499,-0.208644,0.022602,-0.178981,0.0799403,0.739144,0.694609,0.287715,0.609158,-0.25232,0,0,0,0,0,0,0,0.00195822,0.00302145,-0.00503858,-0.00422084,18.2356,9.96438,7.18118,4.74266,-7.02901,-2.5909,1.51967,-0.340777,0,0,-12,0,0,0,0,0,6.20098,0,0,0,
0.492644,0.120926,0.84312,0.654518,0.466217,-0.509812,-0.307147,0,0,0,0,0,0,0.424742,0.396174,0.67933,0.0490537,0.976499,-0.208644,0.022602,-0.178981,0.0799403,0.739144,0.694609,0.287715,0.609158,-0.25232,0,0,0,0,0,0,0,0.00261702,0.00302199,-0.0050409,-0.00422012,18.4609,9.96505,7.24842,4.72473,-7.06402,-2.60712,1.56669,-0.355959,0,0,-12,0,0,0,0,0,6.20098,0,0,0,
0.492644,0.120926,0.84312,0.654518,0.466217,-0.509812,-0.307147,0,0,0,0,0,0,0.424742,0.396174,0.67933,0.0490537,0.976499,-0.208644,0.022602,-0.178981,0.0799403,0.739144,0.694609,0.287715,0.609158,-0.25232,0,0,0,0,0,0,0,0.00488556,0.00302254,-0.0050411,-0.00422192,18.4063,9.96501,7.22423,4.73074,-7.05476,-2.60301,1.55514,-0.352238,0,0,-12,0,0,0,0,0,6.20098,0,0,0,
0.492644,0.120926,0.84312,0.654518,0.466217,-0.509812,-0.307147,0,0,0,0,0,0,0.424742,0.396174,0.67933,0.049054,0.976499,-0.208644,0.0226021,-0.178981,0.0799403,0.739144,0.694609,0.287715,0.609158,-0.25232,0,0,0,0,0,0,0,0.00354409,0.00293012,-0.00506922,-0.00315799,18.6976,9.96576,7.31835,4.70608,-7.10079,-2.624,1.6162,-0.371924,0,0,-12,0,0,0,0,0,6.20098,0,0,0,
0.492644,0.120926,0.84312,0.654518,0.466217,-0.509812,-0.307147,0,0,0,0,0,0,0.424742,0.396174,0.67933,0.0490537,0.976499,-0.208644,0.022602,-0.178981,0.0799403,0.739144,0.694609,0.287715,0.609158,-0.25232,0,0,0,0,0,0,0,-0.00138497,0.00311403,-0.00501851,-0.00525231,18.4964,9.96495,7.27232,4.71905,-7.07078,-2.61013,1.57423,-0.358403,0,0,-12,0,0,0,0,0,6.20098,0,0,0,
0.492644,0.120926,0.84312,0.654518,0.466217,-0.509812,-0.307147,0,0,0,0,0,0,0.424742,0.396174,0.67933,0.0490537,0.976499,-0.208644,0.022602,-0.178981,0.0799403,0.739144,0.694609,0.287715,0.609158,-0.25232,0,0,0,0,0,0,0,3.62175e-05,0.00302416,-0.00504813,-0.00421966,19.088,9.96669,7.44995,4.67177,-7.16287,-2.65262,1.69785,-0.398294,0,0,-12,0,0,0,0,0,6.20098,0,0,0,
0.492644,0.120926,0.84312,0.654518,0.466217,-0.509812,-0.307147,0,0,0,0,0,0,0.424742,0.396174,0.67933,0.0490537,0.976499,-0.208644,0.022602,-0.178981,0.0799403,0.739144,0.694609,0.287715,0.609158,-0.25232,0,0,0,0,0,0,0,0.00277171,0.00302469,-0.00504846,-0.00422124,19.054,9.96673,7.43061,4.67642,-7.15669,-2.64996,1.69059,-0.395959,0,0,-12,0,0,0,0,0,6.20098,0,0,0,
0.492644,0.120926,0.84312,0.654518,0.466217,-0.509812,-0.307147,-1.6869e-06,-3.48926e-07,1.12973e-07,1.25532e-07,-2.17261e-06,-4.83582e-06,0.424742,0.396174,0.67933,0.049054,0.976499,-0.208644,0.0226021,-0.178981,0.0799403,0.739144,0.694609,0.287715,0.609158,-0.25232,0,0,0,0,0,0,0,-5.0465e-05,0.00293367,-0.00507435,-0.0031736,19.2914,9.96725,7.5129,4.65515,-7.19475,-2.66716,1.74045,-0.412026,0,0,-12,0,0,0,0,0,6.20098,0,0,0,
0.492644,0.120926,0.84312,0.654518,0.466217,-0.509812,-0.307147,0,0,0,0,0,0,0.424742,0.396174,0.67933,0.0490537,0.976499,-0.208644,0.022602,-0.178981,0.0799403,0.739144,0.694609,0.287715,0.609158,-0.25232,0,0,0,0,0,0,0,-0.00158396,0.00311721,-0.00502927,-0.00526069,19.4427,9.96761,7.56446,4.64166,-7.21879,-2.67852,1.77195,-0.422235,0,0,-12,0,0,0,0,0,6.20098,0,0,0,
0.492644,0.120926,0.84312,0.654518,0.466217,-0.509812,-0.307147,0,0,0,0,0,0,0.424742,0.396174,0.67933,0.0490537,0.976499,-0.208644,0.022602,-0.178981,0.0799403,0.739144,0.694609,0.287715,0.609158,-0.25232,0,0,0,0,0,0,0,0.00372601,0.00302632,-0.0050534,-0.00422145,19.4648,9.96794,7.55405,4.64354,-7.22062,-2.67957,1.77636,-0.423653,0,0,-12,0,0,0,0,0,6.20098,0,0,0,
0.492644,0.120926,0.84312,0.654518,0.466217,-0.509812,-0.307147,-1.68692e-06,-3.48929e-07,1.12974e-07,1.25534e-07,-2.17263e-06,-4.83587e-06,0.424742,0.396174,0.67933,0.049054,0.976499,-0.208644,0.0226021,-0.178981,0.0799403,0.739144,0.694609,0.287715,0.609158,-0.25232,0,0,0,0,0,0,0,-0.000365229,0.00293595,-0.00507751,-0.00318173,19.6309,9.9682,7.61848,4.62722,-7.24792,-2.69171,1.81139,-0.434928,0,0,-12,0,0,0,0,0,6.20098,0,0,0,
0.492644,0.120926,0.84312,0.654518,0.466217,-0.509812,-0.307147,1.68692e-06,3.4893e-07,-1.12975e-07,-1.25534e-07,2.17263e-06,4.83587e-06,0.424742,0.396174,0.67933,0.0490537,0.976499,-0.208644,0.022602,-0.178981,0.0799403,0.739144,0.694609,0.287715,0.609158,-0.25232,0,0,0,0,0,0,0,0.00307957,0.00311187,-0.00503941,-0.00517846,20.1638,9.96989,7.77141,4.586,-7.33005,-2.73025,1.92232,-0.470794,0,0,-12,0,0,0,0,0,6.20098,0,0,0,
0.492644,0.120926,0.84312,0.654518,0.466217,-0.509812,-0.307147,-1.68692e-06,-3.48929e-07,1.12974e-07,1.25534e-07,-2.17263e-06,-4.83587e-06,0.424742,0.396174,0.67933,0.049054,0.976499,-0.208644,0.0226021,-0.178981,0.0799403,0.739144,0.694609,0.287715,0.609158,-0.25232,0,0,0,0,0,0,0,0.00477193,0.00294164,-0.0050785,-0.00323424,19.8384,9.96905,7.66571,4.6138,-7.27873,-2.70633,1.85442,-0.448841,0,0,-12,0,0,0,0,0,6.20098,0,0,0,
0.492644,0.120926,0.84312,0.654518,0.466217,-0.509812,-0.307147,0,0,0,0,0,0,0.424742,0.396174,0.67933,0.0490537,0.976499,-0.208644,0.022602,-0.178981,0.0799403,0.739144,0.694609,0.287715,0.609158,-0.25232,0,0,0,0,0,0,0,0.0030122,0.0031115,-0.00504074,-0.00516514,20.0228,9.96949,7.72822,4.59746,-7.30804,-2.72007,1.89287,-0.461287,0,0,-12,0,0,0,0,0,6.20098,0,0,0,
0.492644,0.120926,0.84312,0.654518,0.466217,-0.509812,-0.307147,0,0,0,0,0,0,0.424742,0.396174,0.67933,0.0490537,0.976499,-0.208644,0.022602,-0.178981,0.0799403,0.739144,0.694609,0.287715,0.609158,-0.25232,0,0,0,0,0,0,0,0.000705815,0.00302917,-0.00506435,-0.00421909,20.4884,9.97068,7.87911,4.55791,-7.38159,-2.75374,1.99036,-0.492734,0,0,-12,0,0,0,0,0,6.20098,0,0,0,
0.492644,0.120926,0.84312,0.654518,0.466217,-0.509812,-0.307147,1.68438e-06,3.48406e-07,-1.12805e-07,-1.25345e-07,2.16937e-06,4.82861e-06,0.424742,0.396174,0.67933,0.0490537,0.976499,-0.208644,0.022602,-0.178981,0.0799403,0.739144,0.694609,0.287715,0.609158,-0.25232,0,0,0,0,0,0,0,-0.0033823,0.00302973,-0.00506223,-0.00422373,20.1226,9.96944,7.77972,4.58497,-7.32569,-2.72761,1.91419,-0.468128,0,0,-12,0,0,0,0,0,6.20098,0,0,0,
0.492644,0.120926,0.84312,0.654518,0.466217,-0.509812,-0.307147,0,0,0,0,0,0,0.424742,0.396174,0.67933,0.0490537,0.976499,-0.208644,0.022602,-0.178981,0.0799403,0.739144,0.694609,0.287715,0.609158,-0.25232,0,0,0,0,0,0,0,-0.000504112,0.00303031,-0.00506815,-0.00421883,20.8199,9.97155,7.98515,4.53002,-7.4338,-2.77778,2.05969,-0.515113,0,0,-12,0,0,0,0,0,6.20098,0,0,0,
0.492644,0.120926,0.84312,0.654518,0.466217,-0.509812,-0.307147,0,0,0,0,0,0,0.424742,0.396174,0.67933,0.0490537,0.976499,-0.208644,0.022602,-0.178981,0.0799403,0.739144,0.694609,0.287715,0.609158,-0.25232,0,0,0,0,0,0,0,-0.00119353,0.00303088,-0.00506721,-0.00422211,20.6102,9.97093,7.9228,4.54667,-7.40123,-2.76268,2.01592,-0.500979,0,0,-12,0,0,0,0,0,6.20098,0,0,0,
0.492644,0.120926,0.84312,0.654518,0.466217,-0.509812,-0.307147,0,0,0,0,0,0,0.424742,0.396174,0.67933,0.049054,0.976499,-0.208644,0.0226021,-0.178981,0.0799403,0.739144,0.694609,0.287715,0.609158,-0.25232,0,0,0,0,0,0,0,0.00229491,0.00294116,-0.00508858,-0.00318904,20.8363,9.97174,7.98113,4.53065,-7.43553,-2.7786,2.06305,-0.516187,0,0,-12,0,0,0,0,0,6.20098,0,0,0,
0.492644,0.120926,0.84312,0.654518,0.466217,-0.509812,-0.307147,0,0,0,0,0,0,0.424742,0.396174,0.67933,0.0490537,0.976499,-0.208644,0.022602,-0.178981,0.0799403,0.739144,0.694609,0.287715,0.609158,-0.25232,0,0,0,0,0,0,0,0.000209203,0.00312125,-0.00505021,-0.00523996,20.6723,9.97118,7.93736,4.54252,-7.41046,-2.76721,2.02872,-0.505136,0,0,-12,0,0,0,0,0,6.20098,0,0,0,
0.492644,0.120926,0.84312,0.654518,0.466217,-0.509812,-0.307147,1.68309e-06,3.4814e-07,-1.12719e-07,-1.25249e-07,2.16771e-06,4.82492e-06,0.424742,0.396174,0.67933,0.0490537,0.976499,-0.208644,0.022602,-0.178981,0.0799403,0.739144,0.694609,0.287715,0.609158,-0.25232,0,0,0,0,0,0,0,-0.00073951,0.00303251,-0.00507442,-0.0042196,21.317,9.97295,8.13903,4.48928,-7.51159,-2.81371,2.16356,-0.548645,0,0,-12,0,0,0,0,0,6.20098,0,0,0,
0.492644,0.120926,0.84312,0.654518,0.466217,-0.509812,-0.307147,-1.68309e-06,-3.48139e-07,1.12718e-07,1.25249e-07,-2.16771e-06,-4.82492e-06,0.424742,0.396174,0.67933,0.049054,0.976499,-0.208644,0.0226021,-0.178981,0.0799403,0.739144,0.694609,0.287715,0.609158,-0.25232,0,0,0,0,0,0,0,2.77046e-05,0.0029423,-0.00509247,-0.00318378,21.2335,9.97275,8.11086,4.49666,-7.49835,-2.80747,2.14618,-0.543018,0,0,-12,0,0,0,0,0,6.20098,0,0,0,
0.492644,0.120926,0.84312,0.654518,0.466217,-0.509812,-0.307147,-1.68309e-06,-3.48139e-07,1.12718e-07,1.25249e-07,-2.16771e-06,-4.82492e-06,0.424742,0.396174,0.67933,0.049054,0.976499,-0.208644,0.0226021,-0.178981,0.0799403,0.739144,0.694609,0.287715,0.609158,-0.25232,0,0,0,0,0,0,0,-0.00423608,0.00303232,-0.005076,-0.00420213,21.3673,9.97291,8.16588,4.48278,-7.52057,-2.8176,2.17428,-0.552096,0,0,-12,0,0,0,0,0,6.20098,0,0,0,
0.492644,0.120926,0.84312,0.654518,0.466217,-0.509812,-0.307147,0,0,0,0,0,0,0.424742,0.396174,0.67933,0.0490537,0.976499,-0.208644,0.022602,-0.178981,0.0799403,0.739144,0.694609,0.287715,0.609158,-0.25232,0,0,0,0,0,0,0,0.00477344,0.00312508,-0.00506067,-0.00525601,21.5942,9.97402,8.20649,4.4704,-7.55314,-2.83348,2.22103,-0.567239,0,0,-12,0,0,0,0,0,6.20098,0,0,0,
0.492644,0.120926,0.84312,0.654518,0.466217,-0.509812,-0.307147,0,0,0,0,0,0,0.424742,0.396174,0.67933,0.0490537,0.976499,-0.208644,0.022602,-0.178981,0.0799403,0.739144,0.694609,0.287715,0.609158,-0.25232,0,0,0,0,0,0,0,0.0038351,0.00303466,-0.00507956,-0.00422151,21.6751,9.9742,8.23447,4.46319,-7.56612,-2.83924,2.23808,-0.572722,0,0,-12,0,0,0,0,0,6.20098,0,0,0,
0.492644,0.120926,0.84312,0.654518,0.466217,-0.509812,-0.307147,0,0,0,0,0,0,0.424742,0.396174,0.67933,0.0490537,0.976499,-0.208644,0.022602,-0.178981,0.0799403,0.739144,0.694609,0.287715,0.609158,-0.25232,0,0,0,0,0,0,0,-0.00264657,0.0030352,-0.00508117,-0.0042216,21.8077,9.97424,8.29637,4.44792,-7.58891,-2.8493,2.26619,-0.581773,0,0,-12,0,0,0,0,0,6.20098,0,0,0,
0.492644,0.120926,0.84312,0.654518,0.466217,-0.509812,-0.307147,0,0,0,0,0,0,0.424742,0.396174,0.67933,0.0490537,0.976499,-0.208644,0.022602,-0.178981,0.0799403,0.739144,0.694609,0.287715,0.609158,-0.25232,0,0,0,0,0,0,0,-0.000324982,0.00303573,-0.00507933,-0.00422582,21.4804,9.97343,8.18803,4.47623,-7.53701,-2.82549,2.19767,-0.559662,0,0,-12,0,0,0,0,0,6.20098,0,0,0,
0.492644,0.120926,0.84312,0.654518,0.466217,-0.509812,-0.307147,1.68564e-06,3.48666e-07,-1.12889e-07,-1.25439e-07,2.17099e-06,4.83221e-06,0.424742,0.396174,0.67933,0.0490537,0.976499,-0.208644,0.022602,-0.178981,0.0799403,0.739144,0.694609,0.287715,0.609158,-0.25232,0,0,0,0,0,0,0,0.00318763,0.00303626,-0.00508421,-0.00422197,22.0445,9.97521,8.35036,4.43259,-7.62409,-2.86598,2.3153,-0.597649,0,0,-12,0,0,0,0,0,6.20098,0,0,0,
0.492644,0.120926,0.84312,0.654518,0.466217,-0.509812,-0.307147,0,0,0,0,0,0,0.424742,0.396174,0.67933,0.0490537,0.976499,-0.208644,0.022602,-0.178981,0.0799403,0.739144,0.694609,0.287715,0.609158,-0.25232,0,0,0,0,0,0,0,-0.00131691,0.00303678,-0.00508728,-0.00422025,22.3739,9.9759,8.46645,4.40261,-7.67701,-2.89011,2.38439,-0.619938,0,0,-12,0,0,0,0,0,6.20098,0,0,0,
0.492644,0.120926,0.84312,0.654518,0.466217,-0.509812,-0.307147,1.68309e-06,3.4814e-07,-1.12719e-07,-1.25249e-07,2.16771e-06,4.82492e-06,0.424742,0.396174,0.67933,0.0490537,0.976499,-0.208644,0.022602,-0.178981,0.0799403,0.739144,0.694609,0.287715,0.609158,-0.25232,0,0,0,0,0,0,0,0.00182001,0.00303732,-0.00508511,-0.00422487,22.0036,9.97502,8.3422,4.43499,-7.61812,-2.86312,2.30683,-0.594911,0,0,-12,0,0,0,0,0,6.20098,0,0,0,
0.492644,0.120926,0.84312,0.654518,0.466217,-0.509812,-0.307147,0,0,0,0,0,0,0.424742,0.396174,0.67933,0.049054,0.976499,-0.208644,0.0226021,-0.178981,0.0799403,0.739144,0.694609,0.287715,0.609158,-0.25232,0,0,0,0,0,0,0,0.000968016,0.00294566,-0.00510359,-0.00316859,22.3581,9.97597,8.45416,4.40551,-7.67386,-2.88864,2.38104,-0.618847,0,0,-12,0,0,0,0,0,6.20098,0,0,0,
0.492644,0.120926,0.84312,0.654518,0.466217,-0.509812,-0.307147,0,0,0,0,0,0,0.424742,0.396174,0.67933,0.0490537,0.976499,-0.208644,0.022602,-0.178981,0.0799403,0.739144,0.694609,0.287715,0.609158,-0.25232,0,0,0,0,0,0,0,-0.00079245,0.00312873,-0.00507352,-0.00525309,22.2605,9.97562,8.42979,4.41219,-7.65906,-2.88202,2.36055,-0.612266,0,0,-12,0,0,0,0,0,6.20098,0,0,0,
0.492644,0.120926,0.84312,0.654518,0.466217,-0.509812,-0.307147,0,0,0,0,0,0,0.424742,0.396174,0.67933,0.0490537,0.976499,-0.208644,0.022602,-0.178981,0.0799403,0.739144,0.694609,0.287715,0.609158,-0.25232,0,0,0,0,0,0,0,0.00270035,0.00303895,-0.00509047,-0.00422458,22.4589,9.97636,8.47959,4.39843,-7.68903,-2.89595,2.4019,-0.625607,0,0,-12,0,0,0,0,0,6.20098,0,0,0,
0.492644,0.120926,0.84312,0.654518,0.466217,-0.509812,-0.307147,-1.68311e-06,-3.48142e-07,1.12719e-07,1.25251e-07,-2.16773e-06,-4.82496e-06,0.424742,0.396174,0.67933,0.049054,0.976499,-0.208644,0.0226021,-0.178981,0.0799403,0.739144,0.694609,0.287715,0.609158,-0.25232,0,0,0,0,0,0,0,0.00263731,0.00294764,-0.00510625,-0.00317414,22.5976,9.97674,8.52253,4.3871,-7.71079,-2.90583,2.43099,-0.634978,0,0,-12,0,0,0,0,0,6.20098,0,0,0,
0.492644,0.120926,0.84312,0.654518,0.466217,-0.509812,-0.307147,-1.68437e-06,-3.48402e-07,1.12804e-07,1.25344e-07,-2.16935e-06,-4.82856e-06,0.424742,0.396174,0.67933,0.049054,0.976499,-0.208644,0.0226021,-0.178981,0.0799403,0.739144,0.694609,0.287715,0.609158,-0.25232,0,0,0,0,0,0,0,-0.00224153,0.00303875,-0.00509106,-0.00420825,22.3737,9.97586,8.46938,4.402,-7.67727,-2.89016,2.3844,-0.61994,0,0,-12,0,0,0,0,0,6.20098,0,0,0,
0.492644,0.120926,0.84312,0.654518,0.466217,-0.509812,-0.307147,-1.68438e-06,-3.48405e-07,1.12805e-07,1.25345e-07,-2.16937e-06,-4.82861e-06,0.424742,0.396174,0.67933,0.049054,0.976499,-0.208644,0.0226021,-0.178981,0.0799403,0.739144,0.694609,0.287715,0.609158,-0.25232,0,0,0,0,0,0,0,-4.35352e-05,0.0030393,-0.0050965,-0.00420372,23.0143,9.97778,8.65957,4.35121,-7.77673,-2.93628,2.5181,-0.663113,0,0,-12,0,0,0,0,0,6.20098,0,0,0,
0.492644,0.120926,0.84312,0.654518,0.466217,-0.509812,-0.307147,0,0,0,0,0,0,0.424742,0.396174,0.67933,0.0490537,0.976499,-0.208644,0.022602,-0.178981,0.0799403,0.739144,0.694609,0.287715,0.609158,-0.25232,0,0,0,0,0,0,0,0.00411811,0.00312841,-0.00508655,-0.00521558,23.2816,9.97876,8.72836,4.33221,-7.81715,-2.95543,2.57358,-0.681057,0,0,-12,0,0,0,0,0,6.20098,0,0,0,
0.492644,0.120926,0.84312,0.654518,0.466217,-0.509812,-0.307147,-1.68818e-06,-3.4919e-07,1.13059e-07,1.25627e-07,-2.17425e-06,-4.83948e-06,0.424742,0.396174,0.67933,0.049054,0.976499,-0.208644,0.0226021,-0.178981,0.0799403,0.739144,0.694609,0.287715,0.609158,-0.25232,0,0,0,0,0,0,0,0.000302366,0.0029524,-0.00511095,-0.0032038,23.1095,9.97807,8.68777,4.34372,-7.79154,-2.94298,2.53805,-0.669538,0,0,-12,0,0,0,0,0,6.20098,0,0,0,
0.492644,0.120926,0.84312,0.654518,0.466217,-0.509812,-0.307147,1.68692e-06,3.4893e-07,-1.12975e-07,-1.25534e-07,2.17263e-06,4.83587e-06,0.424742,0.396174,0.67933,0.0490537,0.976499,-0.208644,0.022602,-0.178981,0.0799403,0.739144,0.694609,0.287715,0.609158,-0.25232,0,0,0,0,0,0,0,-0.00254819,0.00313291,-0.00508841,-0.00525652,23.33,9.97855,8.76491,4.32369,-7.82682,-2.95942,2.58409,-0.684427,0,0,-12,0,0,0,0,0,6.20098,0,0,0,
0.492644,0.120926,0.84312,0.654518,0.466217,-0.509812,-0.307147,1.68693e-06,3.48933e-07,-1.12976e-07,-1.25535e-07,2.17265e-06,4.83592e-06,0.424742,0.396174,0.67933,0.0490537,0.976499,-0.208644,0.022602,-0.178981,0.0799403,0.739144,0.694609,0.287715,0.609158,-0.25232,0,0,0,0,0,0,0,0.0023932,0.00304276,-0.00510194,-0.00422514,23.3834,9.97895,8.76533,4.32276,-7.83365,-2.96276,2.59505,-0.687963,0,0,-12,0,0,0,0,0,6.20098,0,0,0,
0.492644,0.120926,0.84312,0.654518,0.466217,-0.509812,-0.307147,-1.68692e-06,-3.48929e-07,1.12974e-07,1.25534e-07,-2.17263e-06,-4.83587e-06,0.424742,0.396174,0.67933,0.049054,0.976499,-0.208644,0.0226021,-0.178981,0.0799403,0.739144,0.694609,0.287715,0.609158,-0.25232,0,0,0,0,0,0,0,0.00365523,0.00295158,-0.00511676,-0.00317433,23.7205,9.97997,8.8651,4.29614,-7.88602,-2.98688,2.66551,-0.710699,0,0,-12,0,0,0,0,0,6.20098,0,0,0,
0.492644,0.120926,0.84312,0.654518,0.466217,-0.509812,-0.307147,0,0,0,0,0,0,0.424742,0.396174,0.67933,0.0490537,0.976499,-0.208644,0.022602,-0.178981,0.0799403,0.739144,0.694609,0.287715,0.609158,-0.25232,0,0,0,0,0,0,0,0.00118007,0.00313304,-0.0050933,-0.00524112,23.5636,9.9794,8.82475,4.30718,-7.86216,-2.97602,2.63266,-0.700122,0,0,-12,0,0,0,0,0,6.20098,0,0,0,
0.492644,0.120926,0.84312,0.654518,0.466217,-0.509812,-0.307147,0,0,0,0,0,0,0.424742,0.396174,0.67933,0.049054,0.976499,-0.208644,0.0226021,-0.178981,0.0799403,0.739144,0.694609,0.287715,0.609158,-0.25232,0,0,0,0,0,0,0,0.00150798,0.00295115,-0.00511955,-0.00315727,23.9881,9.98061,8.95449,4.27282,-7.92853,-3.00636,2.72154,-0.728781,0,0,-12,0,0,0,0,0,6.20098,0,0,0,
0.492644,0.120926,0.84312,0.654518,0.466217,-0.509812,-0.307147,1.68692e-06,3.4893e-07,-1.12975e-07,-1.25534e-07,2.17263e-06,4.83587e-06,0.424742,0.396174,0.67933,0.0490537,0.976499,-0.208644,0.022602,-0.178981,0.0799403,0.739144,0.694609,0.287715,0.609158,-0.25232,0,0,0,0,0,0,0,0.00364632,0.00313433,-0.00509701,-0.00524394,23.8027,9.98021,8.89039,4.28935,-7.89876,-2.99311,2.68246,-0.716208,0,0,-12,0,0,0,0,0,6.20098,0,0,0,
0.492644,0.120926,0.84312,0.654518,0.466217,-0.509812,-0.307147,0,0,0,0,0,0,0.424742,0.396174,0.67933,0.0490537,0.976499,-0.208644,0.022602,-0.178981,0.0799403,0.739144,0.694609,0.287715,0.609158,-0.25232,0,0,0,0,0,0,0,5.18524e-05,0.00304546,-0.00511163,-0.00422364,24.2483,9.98128,9.03933,4.25055,-7.9696,-3.02542,2.77587,-0.746333,0,0,-12,0,0,0,0,0,6.20098,0,0,0,
0.492644,0.120926,0.84312,0.654518,0.466217,-0.509812,-0.307147,1.68309e-06,3.4814e-07,-1.12719e-07,-1.25249e-07,2.16771e-06,4.82492e-06,0.424742,0.396174,0.67933,0.0490537,0.976499,-0.208644,0.022602,-0.178981,0.0799403,0.739144,0.694609,0.287715,0.609158,-0.25232,0,0,0,0,0,0,0,0.00597762,0.003046,-0.00511162,-0.0042257,24.1619,9.98134,8.99348,4.26167,-7.95423,-3.01874,2.75747,-0.740412,0,0,-12,0,0,0,0,0,6.20098,0,0,0,
0.492644,0.120926,0.84312,0.654518,0.466217,-0.509812,-0.307147,1.68437e-06,3.48403e-07,-1.12804e-07,-1.25344e-07,2.16935e-06,4.82856e-06,0.424742,0.396174,0.67933,0.0490537,0.976499,-0.208644,0.022602,-0.178981,0.0799403,0.739144,0.694609,0.287715,0.609158,-0.25232,0,0,0,0,0,0,0,0.00176172,0.00304654,-0.00511313,-0.0042259,24.2776,9.98145,9.04282,4.24933,-7.97365,-3.02741,2.7819,-0.748287,0,0,-12,0,0,0,0,0,6.20098,0,0,0,
0.492644,0.120926,0.84312,0.654518,0.466217,-0.509812,-0.307147,-1.68437e-06,-3.48402e-07,1.12804e-07,1.25344e-07,-2.16935e-06,-4.82856e-06,0.424742,0.396174,0.67933,0.049054,0.976499,-0.208644,0.0226021,-0.178981,0.0799403,0.739144,0.694609,0.287715,0.609158,-0.25232,0,0,0,0,0,0,0,0.00208609,0.0029563,-0.00512441,-0.00318703,24.4696,9.982,9.10092,4.23392,-8.00362,-3.04111,2.8221,-0.761247,0,0,-12,0,0,0,0,0,6.20098,0,0,0,
0.492644,0.120926,0.84312,0.654518,0.466217,-0.509812,-0.307147,1.68437e-06,3.48403e-07,-1.12804e-07,-1.25344e-07,2.16935e-06,4.82856e-06,0.424742,0.396174,0.67933,0.0490537,0.976499,-0.208644,0.022602,-0.178981,0.0799403,0.739144,0.694609,0.287715,0.609158,-0.25232,0,0,0,0,0,0,0,0.00297154,0.00313873,-0.00510827,-0.00526178,24.6798,9.98265,9.16276,4.21728,-8.03611,-3.05653,2.86575,-0.77538,0,0,-12,0,0,0,0,0,6.20098,0,0,0,
0.492644,0.120926,0.84312,0.654518,0.466217,-0.509812,-0.307147,0,0,0,0,0,0,0.424742,0.396174,0.67933,0.0490537,0.976499,-0.208644,0.022602,-0.178981,0.0799403,0.739144,0.694609,0.287715,0.609158,-0.25232,0,0,0,0,0,0,0,0.00175915,0.00304816,-0.00511679,-0.0042276,24.5072,9.9821,9.11355,4.23058,-8.00955,-3.044,2.82987,-0.763773,0,0,-12,0,0,0,0,0,6.20098,0,0,0,
0.492644,0.120926,0.84312,0.654518,0.466217,-0.509812,-0.307147,-1.68437e-06,-3.48402e-07,1.12804e-07,1.25344e-07,-2.16935e-06,-4.82856e-06,0.424742,0.396174,0.67933,0.049054,0.976499,-0.208644,0.0226021,-0.178981,0.0799403,0.739144,0.694609,0.287715,0.609158,-0.25232,0,0,0,0,0,0,0,0.00151572,0.00295809,-0.00513251,-0.00318393,25.4341,9.9847,9.39985,4.15479,-8.15459,-3.11083,3.02362,-0.826308,0,0,-12,0,0,0,0,0,6.20098,0,0,0,
0.492644,0.120926,0.84312,0.654518,0.466217,-0.509812,-0.307147,1.68438e-06,3.48406e-07,-1.12805e-07,-1.25345e-07,2.16937e-06,4.82861e-06,0.424742,0.396174,0.67933,0.0490537,0.976499,-0.208644,0.022602,-0.178981,0.0799403,0.739144,0.694609,0.287715,0.609158,-0.25232,0,0,0,0,0,0,0,0.000581587,0.00313262,-0.00511224,-0.00517688,24.714,9.98263,9.18105,4.21286,-8.04221,-3.05917,2.87304,-0.777725,0,0,-12,0,0,0,0,0,6.20098,0,0,0,
0.492644,0.120926,0.84312,0.654518,0.466217,-0.509812,-0.307147,-1.68437e-06,-3.48402e-07,1.12804e-07,1.25344e-07,-2.16935e-06,-4.82856e-06,0.424742,0.396174,0.67933,0.049054,0.976499,-0.208644,0.0226021,-0.178981,0.0799403,0.739144,0.694609,0.287715,0.609158,-0.25232,0,0,0,0,0,0,0,0.0063441,0.00295957,-0.0051338,-0.00318971,25.5251,9.98521,9.4122,4.15067,-8.16729,-3.11705,3.04235,-0.83237,0,0,-12,0,0,0,0,0,6.20098,0,0,0,
0.492644,0.120926,0.84312,0.654518,0.466217,-0.509812,-0.307147,-1.68692e-06,-3.48929e-07,1.12974e-07,1.25534e-07,-2.17263e-06,-4.83587e-06,0.424742,0.396174,0.67933,0.049054,0.976499,-0.208644,0.0226021,-0.178981,0.0799403,0.739144,0.694609,0.287715,0.609158,-0.25232,0,0,0,0,0,0,0,0.000258405,0.00304916,-0.00512493,-0.00420652,25.2621,9.98415,9.35094,4.16793,-8.12805,-3.09865,2.98766,-0.814713,0,0,-12,0,0,0,0,0,6.20098,0,0,0,
0.492644,0.120926,0.84312,0.654518,0.466217,-0.509812,-0.307147,0,0,0,0,0,0,0.424742,0.396174,0.67933,0.0490537,0.976499,-0.208644,0.022602,-0.178981,0.0799403,0.739144,0.694609,0.287715,0.609158,-0.25232,0,0,0,0,0,0,0,0.000686343,0.00313612,-0.00511897,-0.00519655,25.227,9.98408,9.33872,4.17106,-8.12237,-3.09622,2.9802,-0.812321,0,0,-12,0,0,0,0,0,6.20098,0,0,0,
0.492644,0.120926,0.84312,0.654518,0.466217,-0.509812,-0.307147,1.68692e-06,3.4893e-07,-1.12975e-07,-1.25534e-07,2.17263e-06,4.83587e-06,0.424742,0.396174,0.67933,0.0490537,0.976499,-0.208644,0.022602,-0.178981,0.0799403,0.739144,0.694609,0.287715,0.609158,-0.25232,0,0,0,0,0,0,0,0.000113288,0.00305154,-0.00512854,-0.00422617,25.5377,9.98493,9.43628,4.14534,-8.17117,-3.11857,3.04523,-0.833297,0,0,-12,0,0,0,0,0,6.20098,0,0,0,
0.492644,0.120926,0.84312,0.654518,0.466217,-0.509812,-0.307147,0,0,0,0,0,0,0.424742,0.396174,0.67933,0.0490537,0.976499,-0.208644,0.022602,-0.178981,0.0799403,0.739144,0.694609,0.287715,0.609158,-0.25232,0,0,0,0,0,0,0,0.000285348,0.00305207,-0.00513157,-0.00422452,25.8579,9.98584,9.53437,4.11931,-8.22118,-3.14169,3.11213,-0.854895,0,0,-12,0,0,0,0,0,6.20098,0,0,0,
0.492644,0.120926,0.84312,0.654518,0.466217,-0.509812,-0.307147,0,0,0,0,0,0,0.424742,0.396174,0.67933,0.0490537,0.976499,-0.208644,0.022602,-0.178981,0.0799403,0.739144,0.694609,0.287715,0.609158,-0.25232,0,0,0,0,0,0,0,0.00643136,0.00305262,-0.00513131,-0.00422692,25.7355,9.98581,9.47671,4.13352,-8.2001,-3.1324,3.08619,-0.846541,0,0,-12,0,0,0,0,0,6.20098,0,0,0,
0.492644,0.120926,0.84312,0.654518,0.466217,-0.509812,-0.307147,1.68564e-06,3.48666e-07,-1.12889e-07,-1.25439e-07,2.17099e-06,4.83221e-06,0.424742,0.396174,0.67933,0.0490537,0.976499,-0.208644,0.022602,-0.178981,0.0799403,0.739144,0.694609,0.287715,0.609158,-0.25232,0,0,0,0,0,0,0,0.00365922,0.00305317,-0.00513149,-0.00422877,25.6712,9.98549,9.46591,4.13687,-8.19093,-3.12796,3.07293,-0.84225,0,0,-12,0,0,0,0,0,6.20098,0,0,0,
0.492644,0.120926,0.84312,0.654518,0.466217,-0.509812,-0.307147,-1.68564e-06,-3.48665e-07,1.12889e-07,1.25439e-07,-2.17099e-06,-4.83221e-06,0.424742,0.396174,0.67933,0.049054,0.976499,-0.208644,0.0226021,-0.178981,0.0799403,0.739144,0.694609,0.287715,0.609158,-0.25232,0,0,0,0,0,0,0,-0.000835556,0.00296349,-0.00514177,-0.00319232,26.2853,9.98698,9.66967,4.0837,-8.28841,-3.1725,3.20159,-0.883757,0,0,-12,0,0,0,0,0,6.20098,0,0,0,
0.492644,0.120926,0.84312,0.654518,0.466217,-0.509812,-0.307147,1.68564e-06,3.48666e-07,-1.12889e-07,-1.25439e-07,2.17099e-06,4.83221e-06,0.424742,0.396174,0.67933,0.0490537,0.976499,-0.208644,0.022602,-0.178981,0.0799403,0.739144,0.694609,0.287715,0.609158,-0.25232,0,0,0,0,0,0,0,-0.00161445,0.00314368,-0.00512963,-0.00524697,25.9062,9.98588,9.55538,4.11404,-8.22928,-3.14547,3.12222,-0.858165,0,0,-12,0,0,0,0,0,6.20098,0,0,0,
0.492644,0.120926,0.84312,0.654518,0.466217,-0.509812,-0.307147,1.68437e-06,3.48403e-07,-1.12804e-07,-1.25344e-07,2.16935e-06,4.82856e-06,0.424742,0.396174,0.67933,0.0490537,0.976499,-0.208644,0.022602,-0.178981,0.0799403,0.739144,0.694609,0.287715,0.609158,-0.25232,0,0,0,0,0,0,0,0.00337052,0.00305481,-0.00513829,-0.00422673,26.3139,9.98729,9.66478,4.08421,-8.29149,-3.1744,3.20719,-0.885597,0,0,-12,0,0,0,0,0,6.20098,0,0,0,
0.492644,0.120926,0.84312,0.654518,0.466217,-0.509812,-0.307147,0,0,0,0,0,0,0.424742,0.396174,0.67933,0.0490537,0.976499,-0.208644,0.022602,-0.178981,0.0799403,0.739144,0.694609,0.287715,0.609158,-0.25232,0,0,0,0,0,0,0,0.00444371,0.00305535,-0.00513929,-0.00422759,26.3592,9.98747,9.67528,4.08124,-8.29824,-3.1776,3.21661,-0.888641,0,0,-12,0,0,0,0,0,6.20098,0,0,0,
0.492644,0.120926,0.84312,0.654518,0.466217,-0.509812,-0.307147,0,0,0,0,0,0,0.424742,0.396174,0.67933,0.0490537,0.976499,-0.208644,0.022602,-0.178981,0.0799403,0.739144,0.694609,0.287715,0.609158,-0.25232,0,0,0,0,0,0,0,0.00275522,0.0030559,-0.00514037,-0.00422834,26.4148,9.98754,9.69788,4.07555,-8.30746,-3.18174,3.22832,-0.892417,0,0,-12,0,0,0,0,0,6.20098,0,0,0,
0.492644,0.120926,0.84312,0.654518,0.466217,-0.509812,-0.307147,0,0,0,0,0,0,0.424742,0.396174,0.67933,0.0490537,0.976499,-0.208644,0.022602,-0.178981,0.0799403,0.739144,0.694609,0.287715,0.609158,-0.25232,0,0,0,0,0,0,0,0.00449929,0.00305643,-0.00514046,-0.00423025,26.3383,9.98742,9.66864,4.083,-8.29495,-3.17609,3.21223,-0.887226,0,0,-12,0,0,0,0,0,6.20098,0,0,0,
0.492644,0.120926,0.84312,0.654518,0.466217,-0.509812,-0.307147,0,0,0,0,0,0,0.424742,0.396174,0.67933,0.0490537,0.976499,-0.208644,0.022602,-0.178981,0.0799403,0.739144,0.694609,0.287715,0.609158,-0.25232,0,0,0,0,0,0,0,0.00811506,0.00305697,-0.00514561,-0.00422605,26.9384,9.9893,9.84173,4.03649,-8.38762,-3.21917,3.33737,-0.92764,0,0,-12,0,0,0,0,0,6.20098,0,0,0,
0.492644,0.120926,0.84312,0.654518,0.466217,-0.509812,-0.307147,-1.68438e-06,-3.48405e-07,1.12805e-07,1.25345e-07,-2.16937e-06,-4.82861e-06,0.424742,0.396174,0.67933,0.049054,0.976499,-0.208644,0.0226021,-0.178981,0.0799403,0.739144,0.694609,0.287715,0.609158,-0.25232,0,0,0,0,0,0,0,0.00126488,0.0029653,-0.00515038,-0.00317092,27.1167,9.98944,9.91892,4.01727,-8.41772,-3.23241,3.37514,-0.939796,0,0,-12,0,0,0,0,0,6.20098,0,0,0,
0.492644,0.120926,0.84312,0.654518,0.466217,-0.509812,-0.307147,1.68437e-06,3.48403e-07,-1.12804e-07,-1.25344e-07,2.16935e-06,4.82856e-06,0.424742,0.396174,0.67933,0.0490537,0.976499,-0.208644,0.022602,-0.178981,0.0799403,0.739144,0.694609,0.287715,0.609158,-0.25232,0,0,0,0,0,0,0,-0.00110649,0.00314845,-0.00514497,-0.00525665,27.048,9.98914,9.90542,4.02118,-8.40762,-3.22792,3.36072,-0.935165,0,0,-12,0,0,0,0,0,6.20098,0,0,0,
0.492644,0.120926,0.84312,0.654518,0.466217,-0.509812,-0.307147,0,0,0,0,0,0,0.424742,0.396174,0.67933,0.0490537,0.976499,-0.208644,0.022602,-0.178981,0.0799403,0.739144,0.694609,0.287715,0.609158,-0.25232,0,0,0,0,0,0,0,0.00128812,0.00305859,-0.0051496,-0.00422733,27.2131,9.98972,9.94852,4.00938,-8.43273,-3.23952,3.39517,-0.94628,0,0,-12,0,0,0,0,0,6.20098,0,0,0,
0.492644,0.120926,0.84312,0.654518,0.466217,-0.509812,-0.307147,-1.68309e-06,-3.48139e-07,1.12718e-07,1.25249e-07,-2.16771e-06,-4.82492e-06,0.424742,0.396174,0.67933,0.049054,0.976499,-0.208644,0.0226021,-0.178981,0.0799403,0.739144,0.694609,0.287715,0.609158,-0.25232,0,0,0,0,0,0,0,0.00267207,0.00296717,-0.00515453,-0.00317365,27.5496,9.99074,10.0477,3.9829,-8.48496,-3.26358,3.4655,-0.968973,0,0,-12,0,0,0,0,0,6.20098,0,0,0,
0.492644,0.120926,0.84312,0.654518,0.466217,-0.509812,-0.307147,-1.68564e-06,-3.48665e-07,1.12889e-07,1.25439e-07,-2.17099e-06,-4.83221e-06,0.424742,0.396174,0.67933,0.049054,0.976499,-0.208644,0.0226021,-0.178981,0.0799403,0.739144,0.694609,0.287715,0.609158,-0.25232,0,0,0,0,0,0,0,0.0019028,0.0030584,-0.00515171,-0.00420891,27.3615,9.99017,9.99222,3.99769,-8.45574,-3.25019,3.42613,-0.956279,0,0,-12,0,0,0,0,0,6.20098,0,0,0,
0.492644,0.120926,0.84312,0.654518,0.466217,-0.509812,-0.307147,-1.68564e-06,-3.48665e-07,1.12889e-07,1.25439e-07,-2.17099e-06,-4.83221e-06,0.424742,0.396174,0.67933,0.049054,0.976499,-0.208644,0.0226021,-0.178981,0.0799403,0.739144,0.694609,0.287715,0.609158,-0.25232,0,0,0,0,0,0,0,0.00156381,0.00305894,-0.00515421,-0.00420791,27.6096,9.99086,10.0697,3.97721,-8.49463,-3.26814,3.47798,-0.973017,0,0,-12,0,0,0,0,0,6.20098,0,0,0,
0.492644,0.120926,0.84312,0.654518,0.466217,-0.509812,-0.307147,-1.68564e-06,-3.48665e-07,1.12889e-07,1.25439e-07,-2.17099e-06,-4.83221e-06,0.424742,0.396174,0.67933,0.049054,0.976499,-0.208644,0.0226021,-0.178981,0.0799403,0.739144,0.694609,0.287715,0.609158,-0.25232,0,0,0,0,0,0,0,-0.000906952,0.00305947,-0.00515586,-0.00420789,27.7463,9.99112,10.1199,3.96435,-8.51679,-3.2782,3.50669,-0.982279,0,0,-12,0,0,0,0,0,6.20098,0,0,0,
0.492644,0.120926,0.84312,0.654518,0.466217,-0.509812,-0.307147,-1.68692e-06,-3.48929e-07,1.12974e-07,1.25534e-07,-2.17263e-06,-4.83587e-06,0.424742,0.396174,0.67933,0.049054,0.976499,-0.208644,0.0226021,-0.178981,0.0799403,0.739144,0.694609,0.287715,0.609158,-0.25232,0,0,0,0,0,0,0,0.00294729,0.00306002,-0.0051587,-0.00420648,28.0415,9.99215,10.1983,3.9429,-8.56172,-3.29924,3.56813,-1.00213,0,0,-12,0,0,0,0,0,6.20098,0,0,0,
0.492644,0.120926,0.84312,0.654518,0.466217,-0.509812,-0.307147,-1.6869e-06,-3.48926e-07,1.12973e-07,1.25532e-07,-2.17261e-06,-4.83582e-06,0.424742,0.396174,0.67933,0.049054,0.976499,-0.208644,0.0226021,-0.178981,0.0799403,0.739144,0.694609,0.287715,0.609158,-0.25232,0,0,0,0,0,0,0,0.00728558,0.00306056,-0.00515859,-0.00420869,27.9377,9.99208,10.1522,3.95434,-8.54413,-3.29143,3.5462,-0.99506,0,0,-12,0,0,0,0,0,6.20098,0,0,0,
0.492644,0.120926,0.84312,0.654518,0.466217,-0.509812,-0.307147,1.68693e-06,3.48933e-07,-1.12976e-07,-1.25535e-07,2.17265e-06,4.83592e-06,0.424742,0.396174,0.67933,0.0490537,0.976499,-0.208644,0.022602,-0.178981,0.0799403,0.739144,0.694609,0.287715,0.609158,-0.25232,0,0,0,0,0,0,0,0.00457717,0.003154,-0.00516124,-0.00527053,28.1759,9.99262,10.2344,3.933,-8.58216,-3.30899,3.59601,-1.01115,0,0,-12,0,0,0,0,0,6.20098,0,0,0,
0.492644,0.120926,0.84312,0.654518,0.466217,-0.509812,-0.307147,0,0,0,0,0,0,0.424742,0.396174,0.67933,0.0490537,0.976499,-0.208644,0.022602,-0.178981,0.0799403,0.739144,0.694609,0.287715,0.609158,-0.25232,0,0,0,0,0,0,0,0.000827525,0.00306291,-0.00516366,-0.00422656,28.4008,9.99306,10.3158,3.91211,-8.61855,-3.32536,3.64332,-1.02639,0,0,-12,0,0,0,0,0,6.20098,0,0,0,
0.492644,0.120926,0.84312,0.654518,0.466217,-0.509812,-0.307147,1.68437e-06,3.48403e-07,-1.12804e-07,-1.25344e-07,2.16935e-06,4.82856e-06,0.424742,0.396174,0.67933,0.0490537,0.976499,-0.208644,0.022602,-0.178981,0.0799403,0.739144,0.694609,0.287715,0.609158,-0.25232,0,0,0,0,0,0,0,0.00148437,0.00306345,-0.00516493,-0.00422707,28.4845,9.99333,10.3395,3.90573,-8.63143,-3.33136,3.66077,-1.03203,0,0,-12,0,0,0,0,0,6.20098,0,0,0,
0.492644,0.120926,0.84312,0.654518,0.466217,-0.509812,-0.307147,1.68437e-06,3.48403e-07,-1.12804e-07,-1.25344e-07,2.16935e-06,4.82856e-06,0.424742,0.396174,0.67933,0.0490537,0.976499,-0.208644,0.022602,-0.178981,0.0799403,0.739144,0.694609,0.287715,0.609158,-0.25232,0,0,0,0,0,0,0,-6.01839e-05,0.00306398,-0.00516758,-0.00422587,28.7543,9.99401,10.4276,3.88265,-8.6741,-3.35097,3.71723,-1.05025,0,0,-12,0,0,0,0,0,6.20098,0,0,0,
0.492644,0.120926,0.84312,0.654518,0.466217,-0.509812,-0.307147,-1.68437e-06,-3.48402e-07,1.12804e-07,1.25344e-07,-2.16935e-06,-4.82856e-06,0.424742,0.396174,0.67933,0.049054,0.976499,-0.208644,0.0226021,-0.178981,0.0799403,0.739144,0.694609,0.287715,0.609158,-0.25232,0,0,0,0,0,0,0,-0.00241526,0.00297392,-0.00516695,-0.0031901,28.7978,9.99401,10.4487,3.87752,-8.68169,-3.35413,3.72655,-1.05324,0,0,-12,0,0,0,0,0,6.20098,0,0,0,
0.492644,0.120926,0.84312,0.654518,0.466217,-0.509812,-0.307147,1.68437e-06,3.48403e-07,-1.12804e-07,-1.25344e-07,2.16935e-06,4.82856e-06,0.424742,0.396174,0.67933,0.0490537,0.976499,-0.208644,0.022602,-0.178981,0.0799403,0.739144,0.694609,0.287715,0.609158,-0.25232,0,0,0,0,0,0,0,-0.00110283,0.00315738,-0.00517182,-0.00527777,28.9346,9.99447,10.4865,3.86717,-8.70257,-3.36422,3.75485,-1.06241,0,0,-12,0,0,0,0,0,6.20098,0,0,0,
0.492644,0.120926,0.84312,0.654518,0.466217,-0.509812,-0.307147,1.68437e-06,3.48403e-07,-1.12804e-07,-1.25344e-07,2.16935e-06,4.82856e-06,0.424742,0.396174,0.67933,0.0490537,0.976499,-0.208644,0.022602,-0.178981,0.0799403,0.739144,0.694609,0.287715,0.609158,-0.25232,0,0,0,0,0,0,0,0.00366225,0.00306561,-0.00517229,-0.00422629,29.1272,9.99526,10.5304,3.85476,-8.73122,-3.37763,3.7949,-1.07534,0,0,-12,0,0,0,0,0,6.20098,0,0,0,
0.492644,0.120926,0.84312,0.654518,0.466217,-0.509812,-0.307147,0,0,0,0,0,0,0.424742,0.396174,0.67933,0.049054,0.976499,-0.208644,0.0226021,-0.178981,0.0799403,0.739144,0.694609,0.287715,0.609158,-0.25232,0,0,0,0,0,0,0,0.00376902,0.00297355,-0.00517052,-0.00316796,29.1626,9.99536,10.5409,3.85199,-8.73677,-3.38002,3.80239,-1.07774,0,0,-12,0,0,0,0,0,6.20098,0,0,0,
0.492644,0.120926,0.84312,0.654518,0.466217,-0.509812,-0.307147,-1.68437e-06,-3.48402e-07,1.12804e-07,1.25344e-07,-2.16935e-06,-4.82856e-06,0.424742,0.396174,0.67933,0.049054,0.976499,-0.208644,0.0226021,-0.178981,0.0799403,0.739144,0.694609,0.287715,0.609158,-0.25232,0,0,0,0,0,0,0,0.000304293,0.00306542,-0.00517708,-0.00420442,29.6548,9.99657,10.7038,3.80939,-8.81478,-3.41599,3.90533,-1.11098,0,0,-12,0,0,0,0,0,6.20098,0,0,0,
0.492644,0.120926,0.84312,0.654518,0.466217,-0.509812,-0.307147,-1.68437e-06,-3.48402e-07,1.12804e-07,1.25344e-07,-2.16935e-06,-4.82856e-06,0.424742,0.396174,0.67933,0.049054,0.976499,-0.208644,0.0226021,-0.178981,0.0799403,0.739144,0.694609,0.287715,0.609158,-0.25232,0,0,0,0,0,0,0,-0.00037092,0.00306595,-0.00517738,-0.00420608,29.6119,9.99642,10.6928,3.81243,-8.80828,-3.41294,3.89641,-1.1081,0,0,-12,0,0,0,0,0,6.20098,0,0,0,
0.492644,0.120926,0.84312,0.654518,0.466217,-0.509812,-0.307147,-1.68692e-06,-3.48929e-07,1.12974e-07,1.25534e-07,-2.17263e-06,-4.83587e-06,0.424742,0.396174,0.67933,0.049054,0.976499,-0.208644,0.0226021,-0.178981,0.0799403,0.739144,0.694609,0.287715,0.609158,-0.25232,0,0,0,0,0,0,0,0.00164782,0.00306649,-0.0051796,-0.0042054,29.827,9.99713,10.7525,3.79626,-8.84127,-3.42833,3.94121,-1.12257,0,0,-12,0,0,0,0,0,6.20098,0,0,0,
0.492644,0.120926,0.84312,0.654518,0.466217,-0.509812,-0.307147,0,0,0,0,0,0,0.424742,0.396174,0.67933,0.0490537,0.976499,-0.208644,0.022602,-0.178981,0.0799403,0.739144,0.694609,0.287715,0.609158,-0.25232,0,0,0,0,0,0,0,0.00299148,0.00315856,-0.00518347,-0.00525484,29.7126,9.99688,10.7128,3.80648,-8.8229,-3.42012,3.91713,-1.11481,0,0,-12,0,0,0,0,0,6.20098,0,0,0,
0.492644,0.120926,0.84312,0.654518,0.466217,-0.509812,-0.307147,1.68692e-06,3.4893e-07,-1.12975e-07,-1.25534e-07,2.17263e-06,4.83587e-06,0.424742,0.396174,0.67933,0.0490537,0.976499,-0.208644,0.022602,-0.178981,0.0799403,0.739144,0.694609,0.287715,0.609158,-0.25232,0,0,0,0,0,0,0,0.00351457,0.00306884,-0.00518003,-0.0042291,29.6539,9.99674,10.6931,3.81167,-8.81361,-3.41569,3.90494,-1.11086,0,0,-12,0,0,0,0,0,6.20098,0,0,0,
0.492644,0.120926,0.84312,0.654518,0.466217,-0.509812,-0.307147,-1.68692e-06,-3.48929e-07,1.12974e-07,1.25534e-07,-2.17263e-06,-4.83587e-06,0.424742,0.396174,0.67933,0.049054,0.976499,-0.208644,0.0226021,-0.178981,0.0799403,0.739144,0.694609,0.287715,0.609158,-0.25232,0,0,0,0,0,0,0,0.00279689,0.00297811,-0.00517832,-0.00318326,29.9676,9.99758,10.7921,3.78561,-8.86294,-3.43826,3.97063,-1.13206,0,0,-12,0,0,0,0,0,6.20098,0,0,0,
0.492644,0.120926,0.84312,0.654518,0.466217,-0.509812,-0.307147,0,0,0,0,0,0,0.424742,0.396174,0.67933,0.0490537,0.976499,-0.208644,0.022602,-0.178981,0.0799403,0.739144,0.694609,0.287715,0.609158,-0.25232,0,0,0,0,0,0,0,-0.00206283,0.00316163,-0.00518981,-0.00527117,30.1602,9.99789,10.8671,3.76647,-8.89448,-3.45284,4.01095,-1.14509,0,0,-12,0,0,0,0,0,6.20098,0,0,0,
0.492644,0.120926,0.84312,0.654518,0.466217,-0.509812,-0.307147,1.68564e-06,3.48666e-07,-1.12889e-07,-1.25439e-07,2.17099e-06,4.83221e-06,0.424742,0.396174,0.67933,0.0490537,0.976499,-0.208644,0.022602,-0.178981,0.0799403,0.739144,0.694609,0.287715,0.609158,-0.25232,0,0,0,0,0,0,0,0.00383146,0.00307046,-0.00518684,-0.0042269,30.3072,9.9986,10.8933,3.75856,-8.91565,-3.46287,4.0414,-1.15492,0,0,-12,0,0,0,0,0,6.20098,0,0,0,
0.492644,0.120926,0.84312,0.654518,0.466217,-0.509812,-0.307147,0,0,0,0,0,0,0.424742,0.396174,0.67933,0.049054,0.976499,-0.208644,0.0226021,-0.178981,0.0799403,0.739144,0.694609,0.287715,0.609158,-0.25232,0,0,0,0,0,0,0,0.00455883,0.0029799,-0.0051809,-0.00318695,30.1865,9.9983,10.8538,3.76895,-8.89661,-3.45394,4.01625,-1.14679,0,0,-12,0,0,0,0,0,6.20098,0,0,0,
0.492644,0.120926,0.84312,0.654518,0.466217,-0.509812,-0.307147,0,0,0,0,0,0,0.424742,0.396174,0.67933,0.049054,0.976499,-0.208644,0.0226021,-0.178981,0.0799403,0.739144,0.694609,0.287715,0.609158,-0.25232,0,0,0,0,0,0,0,-0.00223363,0.00307026,-0.0051892,-0.00420796,30.5096,9.99886,10.9753,3.73788,-8.94921,-3.47793,4.08405,-1.16867,0,0,-12,0,0,0,0,0,6.20098,0,0,0,
0.492644,0.120926,0.84312,0.654518,0.466217,-0.509812,-0.307147,1.68309e-06,3.4814e-07,-1.12719e-07,-1.25249e-07,2.16771e-06,4.82492e-06,0.424742,0.396174,0.67933,0.0490537,0.976499,-0.208644,0.022602,-0.178981,0.0799403,0.739144,0.694609,0.287715,0.609158,-0.25232,0,0,0,0,0,0,0,0.00193912,0.00316346,-0.00519636,-0.00526927,30.5137,9.99909,10.963,3.74037,-8.94848,-3.47807,4.08455,-1.16886,0,0,-12,0,0,0,0,0,6.20098,0,0,0,
0.492644,0.120926,0.84312,0.654518,0.466217,-0.509812,-0.307147,1.68437e-06,3.48403e-07,-1.12804e-07,-1.25344e-07,2.16935e-06,4.82856e-06,0.424742,0.396174,0.67933,0.0490537,0.976499,-0.208644,0.022602,-0.178981,0.0799403,0.739144,0.694609,0.287715,0.609158,-0.25232,0,0,0,0,0,0,0,0.00108551,0.0030726,-0.00519151,-0.00422934,30.584,9.99924,10.9875,3.73407,-8.9598,-3.48307,4.0994,-1.17364,0,0,-12,0,0,0,0,0,6.20098,0,0,0,
0.492644,0.120926,0.84312,0.654518,0.466217,-0.509812,-0.307147,-1.68309e-06,-3.48139e-07,1.12718e-07,1.25249e-07,-2.16771e-06,-4.82492e-06,0.424742,0.396174,0.67933,0.049054,0.976499,-0.208644,0.0226021,-0.178981,0.0799403,0.739144,0.694609,0.287715,0.609158,-0.25232,0,0,0,0,0,0,0,0.0013721,0.00298067,-0.00518353,-0.0031746,30.372,9.99866,10.9212,3.75162,-8.92661,-3.46758,4.0552,-1.15936,0,0,-12,0,0,0,0,0,6.20098,0,0,0,
0.492644,0.120926,0.84312,0.654518,0.466217,-0.509812,-0.307147,1.68309e-06,3.4814e-07,-1.12719e-07,-1.25249e-07,2.16771e-06,4.82492e-06,0.424742,0.396174,0.67933,0.0490537,0.976499,-0.208644,0.022602,-0.178981,0.0799403,0.739144,0.694609,0.287715,0.609158,-0.25232,0,0,0,0,0,0,0,0.00287121,0.00316555,-0.00520134,-0.00527607,30.7832,9.9999,11.043,3.719,-8.99032,-3.49748,4.1408,-1.18703,0,0,-12,0,0,0,0,0,6.20098,0,0,0,
0.492644,0.120926,0.84312,0.654518,0.466217,-0.509812,-0.307147,1.68437e-06,3.48403e-07,-1.12804e-07,-1.25344e-07,2.16935e-06,4.82856e-06,0.424742,0.396174,0.67933,0.0490537,0.976499,-0.208644,0.022602,-0.178981,0.0799403,0.739144,0.694609,0.287715,0.609158,-0.25232,0,0,0,0,0,0,0,0.000917188,0.0030742,-0.00519479,-0.00423142,30.7548,9.99972,11.0406,3.72002,-8.98655,-3.49542,4.1351,-1.18516,0,0,-12,0,0,0,0,0,6.20098,0,0,0,
0.492644,0.120926,0.84312,0.654518,0.466217,-0.509812,-0.307147,-1.68309e-06,-3.48139e-07,1.12718e-07,1.25249e-07,-2.16771e-06,-4.82492e-06,0.424742,0.396174,0.67933,0.049054,0.976499,-0.208644,0.0226021,-0.178981,0.0799403,0.739144,0.694609,0.287715,0.609158,-0.25232,0,0,0,0,0,0,0,0.00127765,0.00298184,-0.00518965,-0.00316715,31.0604,10.0006,11.1336,3.69536,-9.03426,-3.51732,4.19901,-1.20579,0,0,-12,0,0,0,0,0,6.20098,0,0,0,
0.492644,0.120926,0.84312,0.654518,0.466217,-0.509812,-0.307147,1.68309e-06,3.4814e-07,-1.12719e-07,-1.25249e-07,2.16771e-06,4.82492e-06,0.424742,0.396174,0.67933,0.0490537,0.976499,-0.208644,0.022602,-0.178981,0.0799403,0.739144,0.694609,0.287715,0.609158,-0.25232,0,0,0,0,0,0,0,-0.00166075,0.00316558,-0.0052078,-0.00525737,31.2765,10.0011,11.2097,3.67563,-9.06887,-3.53345,4.24412,-1.22037,0,0,-12,0,0,0,0,0,6.20098,0,0,0,
0.492644,0.120926,0.84312,0.654518,0.466217,-0.509812,-0.307147,1.68311e-06,3.48143e-07,-1.1272e-07,-1.25251e-07,2.16773e-06,4.82496e-06,0.424742,0.396174,0.67933,0.0490537,0.976499,-0.208644,0.022602,-0.178981,0.0799403,0.739144,0.694609,0.287715,0.609158,-0.25232,0,0,0,0,0,0,0,0.00444512,0.0030758,-0.0052013,-0.00422951,31.3668,10.0016,11.2177,3.67249,-9.0811,-3.53937,4.26272,-1.22638,0,0,-12,0,0,0,0,0,6.20098,0,0,0,
0.492644,0.120926,0.84312,0.654518,0.466217,-0.509812,-0.307147,0,0,0,0,0,0,0.424742,0.396174,0.67933,0.049054,0.976499,-0.208644,0.0226021,-0.178981,0.0799403,0.739144,0.694609,0.287715,0.609158,-0.25232,0,0,0,0,0,0,0,0.00316579,0.0029842,-0.0051934,-0.00317611,31.4237,10.0017,11.2393,3.667,-9.09046,-3.54342,4.27479,-1.23026,0,0,-12,0,0,0,0,0,6.20098,0,0,0,
0.492644,0.120926,0.84312,0.654518,0.466217,-0.509812,-0.307147,0,0,0,0,0,0,0.424742,0.396174,0.67933,0.0490537,0.976499,-0.208644,0.022602,-0.178981,0.0799403,0.739144,0.694609,0.287715,0.609158,-0.25232,0,0,0,0,0,0,0,-0.000803598,0.00316798,-0.00521285,-0.00526764,31.5518,10.0019,11.2917,3.65374,-9.11164,-3.55328,4.30158,-1.23892,0,0,-12,0,0,0,0,0,6.20098,0,0,0,
0.492644,0.120926,0.84312,0.654518,0.466217,-0.509812,-0.307147,-1.68566e-06,-3.48669e-07,1.1289e-07,1.2544e-07,-2.17101e-06,-4.83226e-06,0.424742,0.396174,0.67933,0.049054,0.976499,-0.208644,0.0226021,-0.178981,0.0799403,0.739144,0.694609,0.287715,0.609158,-0.25232,0,0,0,0,0,0,0,0.0010509,0.00298643,-0.00519609,-0.00318934,31.6772,10.0023,11.3243,3.64486,-9.13077,-3.5619,4.32788,-1.24739,0,0,-12,0,0,0,0,0,6.20098,0,0,0,
0.492644,0.120926,0.84312,0.654518,0.466217,-0.509812,-0.307147,1.68566e-06,3.4867e-07,-1.1289e-07,-1.2544e-07,2.17101e-06,4.83226e-06,0.424742,0.396174,0.67933,0.0490537,0.976499,-0.208644,0.022602,-0.178981,0.0799403,0.739144,0.694609,0.287715,0.609158,-0.25232,0,0,0,0,0,0,0,0.00371004,0.00316801,-0.0052145,-0.00525839,31.5199,10.002,11.2672,3.65944,-9.10523,-3.55064,4.29465,-1.2367,0,0,-12,0,0,0,0,0,6.20098,0,0,0,
0.492644,0.120926,0.84312,0.654518,0.466217,-0.509812,-0.307147,-1.68564e-06,-3.48665e-07,1.12889e-07,1.25439e-07,-2.17099e-06,-4.83221e-06,0.424742,0.396174,0.67933,0.049054,0.976499,-0.208644,0.0226021,-0.178981,0.0799403,0.739144,0.694609,0.287715,0.609158,-0.25232,0,0,0,0,0,0,0,0.000145568,0.00299437,-0.00519964,-0.00326689,31.9485,10.003,11.4108,3.62209,-9.17346,-3.58157,4.3846,-1.2657,0,0,-12,0,0,0,0,0,6.20098,0,0,0,
0.492644,0.120926,0.84312,0.654518,0.466217,-0.509812,-0.307147,1.68564e-06,3.48666e-07,-1.12889e-07,-1.25439e-07,2.17099e-06,4.83221e-06,0.424742,0.396174,0.67933,0.0490537,0.976499,-0.208644,0.022602,-0.178981,0.0799403,0.739144,0.694609,0.287715,0.609158,-0.25232,0,0,0,0,0,0,0,0.00106911,0.00316912,-0.00521969,-0.00525681,31.9426,10.0031,11.406,3.62313,-9.17215,-3.58137,4.38312,-1.26525,0,0,-12,0,0,0,0,0,6.20098,0,0,0,
0.492644,0.120926,0.84312,0.654518,0.466217,-0.509812,-0.307147,0,0,0,0,0,0,0.424742,0.396174,0.67933,0.0490537,0.976499,-0.208644,0.022602,-0.178981,0.0799403,0.739144,0.694609,0.287715,0.609158,-0.25232,0,0,0,0,0,0,0,0.00428112,0.00307963,-0.00521077,-0.00423251,31.9962,10.0034,11.4121,3.62099,-9.17956,-3.58486,4.39423,-1.26884,0,0,-12,0,0,0,0,0,6.20098,0,0,0,
0.492644,0.120926,0.84312,0.654518,0.466217,-0.509812,-0.307147,-1.68437e-06,-3.48402e-07,1.12804e-07,1.25344e-07,-2.16935e-06,-4.82856e-06,0.424742,0.396174,0.67933,0.049054,0.976499,-0.208644,0.0226021,-0.178981,0.0799403,0.739144,0.694609,0.287715,0.609158,-0.25232,0,0,0,0,0,0,0,0.00184974,0.00298757,-0.00520201,-0.00317198,32.2483,10.004,11.4976,3.59879,-9.21979,-3.60309,4.44714,-1.2859,0,0,-12,0,0,0,0,0,6.20098,0,0,0,
0.492644,0.120926,0.84312,0.654518,0.466217,-0.509812,-0.307147,1.68437e-06,3.48403e-07,-1.12804e-07,-1.25344e-07,2.16935e-06,4.82856e-06,0.424742,0.396174,0.67933,0.0490537,0.976499,-0.208644,0.022602,-0.178981,0.0799403,0.739144,0.694609,0.287715,0.609158,-0.25232,0,0,0,0,0,0,0,0.00139636,0.00317136,-0.00522478,-0.00526512,32.2197,10.0039,11.4902,3.60074,-9.21536,-3.60136,4.44098,-1.28393,0,0,-12,0,0,0,0,0,6.20098,0,0,0,
0.492644,0.120926,0.84312,0.654518,0.466217,-0.509812,-0.307147,0,0,0,0,0,0,0.424742,0.396174,0.67933,0.0490537,0.976499,-0.208644,0.022602,-0.178981,0.0799403,0.739144,0.694609,0.287715,0.609158,-0.25232,0,0,0,0,0,0,0,0.00648832,0.00308125,-0.00521438,-0.00423424,32.2068,10.0041,11.4698,3.60532,-9.21178,-3.59991,4.43808,-1.283,0,0,-12,0,0,0,0,0,6.20098,0,0,0,
0.492644,0.120926,0.84312,0.654518,0.466217,-0.509812,-0.307147,-1.68437e-06,-3.48402e-07,1.12804e-07,1.25344e-07,-2.16935e-06,-4.82856e-06,0.424742,0.396174,0.67933,0.049054,0.976499,-0.208644,0.0226021,-0.178981,0.0799403,0.739144,0.694609,0.287715,0.609158,-0.25232,0,0,0,0,0,0,0,0.00801818,0.00299016,-0.00520491,-0.00318465,32.4664,10.0049,11.5448,3.58522,-9.25194,-3.6184,4.49232,-1.30051,0,0,-12,0,0,0,0,0,6.20098,0,0,0,
0.492644,0.120926,0.84312,0.654518,0.466217,-0.509812,-0.307147,1.68437e-06,3.48403e-07,-1.12804e-07,-1.25344e-07,2.16935e-06,4.82856e-06,0.424742,0.396174,0.67933,0.0490537,0.976499,-0.208644,0.022602,-0.178981,0.0799403,0.739144,0.694609,0.287715,0.609158,-0.25232,0,0,0,0,0,0,0,-0.00332409,0.00317437,-0.00523032,-0.00528161,32.5429,10.0046,11.6051,3.57111,-9.26739,-3.62507,4.50879,-1.30581,0,0,-12,0,0,0,0,0,6.20098,0,0,0,
0.492644,0.120926,0.84312,0.654518,0.466217,-0.509812,-0.307147,0,0,0,0,0,0,0.424742,0.396174,0.67933,0.049054,0.976499,-0.208644,0.0226021,-0.178981,0.0799403,0.739144,0.694609,0.287715,0.609158,-0.25232,0,0,0,0,0,0,0,0.00148523,0.00299216,-0.005204,-0.00319986,32.2137,10.0039,11.4881,3.60136,-9.2145,-3.60063,4.43993,-1.28357,0,0,-12,0,0,0,0,0,6.20098,0,0,0,
0.492644,0.120926,0.84312,0.654518,0.466217,-0.509812,-0.307147,0,0,0,0,0,0,0.424742,0.396174,0.67933,0.049054,0.976499,-0.208644,0.0226021,-0.178981,0.0799403,0.739144,0.694609,0.287715,0.609158,-0.25232,0,0,0,0,0,0,0,0.0048475,0.00308213,-0.00521987,-0.00421544,32.6426,10.0053,11.6093,3.56862,-9.28045,-3.63151,4.52923,-1.31242,0,0,-12,0,0,0,0,0,6.20098,0,0,0,
0.492644,0.120926,0.84312,0.654518,0.466217,-0.509812,-0.307147,-3.37383e-06,-6.97858e-07,2.25948e-07,2.51067e-07,-4.34526e-06,-9.67174e-06,0.424742,0.396174,0.67933,0.049054,0.976499,-0.208644,0.0226021,-0.178981,0.0799403,0.739144,0.694609,0.287715,0.609158,-0.25232,0,0,0,0,0,0,0,0.00314046,0.00308267,-0.0052205,-0.00421678,32.6289,10.0051,11.6106,3.56857,-9.27884,-3.63065,4.52646,-1.31153,0,0,-12,0,0,0,0,0,6.20098,0,0,0,
0.492644,0.120926,0.84312,0.654518,0.466217,-0.509812,-0.307147,0,0,0,0,0,0,0.424742,0.396174,0.67933,0.049054,0.976499,-0.208644,0.0226021,-0.178981,0.0799403,0.739144,0.694609,0.287715,0.609158,-0.25232,0,0,0,0,0,0,0,0.00391799,0.00308321,-0.00522426,-0.00421411,33.0485,10.0064,11.7374,3.53485,-9.34419,-3.6609,4.61408,-1.33981,0,0,-12,0,0,0,0,0,6.20098,0,0,0,
0.492644,0.120926,0.84312,0.654518,0.466217,-0.509812,-0.307147,1.68692e-06,3.4893e-07,-1.12975e-07,-1.25534e-07,2.17263e-06,4.83587e-06,0.424742,0.396174,0.67933,0.0490537,0.976499,-0.208644,0.022602,-0.178981,0.0799403,0.739144,0.694609,0.287715,0.609158,-0.25232,0,0,0,0,0,0,0,-0.00225461,0.0031752,-0.00523767,-0.00526307,32.8992,10.0056,11.7114,3.54276,-9.32275,-3.65072,4.58316,-1.32982,0,0,-12,0,0,0,0,0,6.20098,0,0,0,
0.492644,0.120926,0.84312,0.654518,0.466217,-0.509812,-0.307147,0,0,0,0,0,0,0.424742,0.396174,0.67933,0.0490537,0.976499,-0.208644,0.022602,-0.178981,0.0799403,0.739144,0.694609,0.287715,0.609158,-0.25232,0,0,0,0,0,0,0,-0.00491218,0.00308557,-0.00522415,-0.00423872,32.7646,10.0051,11.6786,3.55197,-9.30259,-3.64105,4.5553,-1.32081,0,0,-12,0,0,0,0,0,6.20098,0,0,0,
0.492644,0.120926,0.84312,0.654518,0.466217,-0.509812,-0.307147,0,0,0,0,0,0,0.424742,0.396174,0.67933,0.049054,0.976499,-0.208644,0.0226021,-0.178981,0.0799403,0.739144,0.694609,0.287715,0.609158,-0.25232,0,0,0,0,0,0,0,0.00205031,0.00299483,-0.00521246,-0.00319309,33.0223,10.0062,11.7354,3.53575,-9.34074,-3.659,4.60882,-1.3381,0,0,-12,0,0,0,0,0,6.20098,0,0,0,
0.492645,0.120926,0.84312,0.654518,0.466217,-0.509813,-0.307148,3.26517e-07,-4.67767e-07,-9.63405e-07,1.11358e-06,9.60983e-06,-4.28849e-06,0.424742,0.396174,0.67933,0.0490537,0.976499,-0.208644,0.022602,-0.178981,0.0799403,0.739144,0.694609,0.287715,0.609158,-0.25232,0,0,0,0,0,0,0,0.00201184,0.00394815,-0.00609755,-0.00978168,32.9219,10.0065,11.705,3.54421,-9.32483,-3.65271,4.58723,-1.33113,0,0,-12,0,0,0,0,0,6.20098,0,0,0,
0.492644,0.120926,0.84312,0.654518,0.466216,-0.509812,-0.307148,3.26513e-07,-4.67762e-07,-9.63395e-07,1.11358e-06,9.60973e-06,-4.28845e-06,0.424742,0.396174,0.67933,0.049054,0.976499,-0.208644,0.0226021,-0.178981,0.0799403,0.739144,0.694609,0.287715,0.609158,-0.25232,0,0,0,0,0,0,0,0.000334091,0.00300448,-0.0052317,-0.00325344,33.1903,10.0066,11.7927,3.52086,-9.36754,-3.67127,4.64401,-1.34944,0,0,-12,0,0,0,0,0,6.20098,0,0,0,
0.492644,0.120926,0.84312,0.654518,0.466216,-0.509812,-0.307148,3.26513e-07,-4.67762e-07,-9.63395e-07,1.11358e-06,9.60973e-06,-4.28845e-06,0.424742,0.396174,0.67933,0.049054,0.976499,-0.208644,0.0226021,-0.178981,0.0799403,0.739144,0.694609,0.287715,0.609158,-0.25232,0,0,0,0,0,0,0,-0.0049488,0.00309732,-0.00524833,-0.00430407,33.3521,10.0068,11.8597,3.50399,-9.39445,-3.6835,4.67803,-1.36042,0,0,-12,0,0,0,0,0,6.20098,0,0,0,
0.492645,0.120926,0.84312,0.654518,0.466217,-0.509813,-0.307148,3.26513e-07,-4.67762e-07,-9.63395e-07,1.11357e-06,9.60973e-06,-4.28845e-06,0.424742,0.396174,0.67933,0.0490537,0.976499,-0.208644,0.022602,-0.178981,0.0799403,0.739144,0.694609,0.287715,0.609158,-0.25232,0,0,0,0,0,0,0,-0.00277931,0.00318942,-0.00526319,-0.00535456,33.1817,10.0064,11.8001,3.51935,-9.36708,-3.67119,4.6422,-1.34887,0,0,-12,0,0,0,0,0,6.20098,0,0,0,
0.492644,0.120926,0.84312,0.654518,0.466216,-0.509812,-0.307148,3.26513e-07,-4.67762e-07,-9.63395e-07,1.11358e-06,9.60973e-06,-4.28845e-06,0.424742,0.396174,0.67933,0.049054,0.976499,-0.208644,0.0226021,-0.178981,0.0799403,0.739144,0.694609,0.287715,0.609158,-0.25232,0,0,0,0,0,0,0,0.0015097,0.00300738,-0.00523345,-0.00327136,33.2111,10.0067,11.7953,3.51996,-9.37043,-3.67269,4.6483,-1.35083,0,0,-12,0,0,0,0,0,6.20098,0,0,0,
0.492645,0.120926,0.84312,0.654518,0.466217,-0.509813,-0.307148,3.26513e-07,-4.67762e-07,-9.63395e-07,1.11357e-06,9.60973e-06,-4.28845e-06,0.424742,0.396174,0.67933,0.0490537,0.976499,-0.208644,0.022602,-0.178981,0.0799403,0.739144,0.694609,0.287715,0.609158,-0.25232,0,0,0,0,0,0,0,0.00412372,0.00319022,-0.00526679,-0.00535171,33.3989,10.0074,11.8446,3.50635,-9.39885,-3.68637,4.68716,-1.36341,0,0,-12,0,0,0,0,0,6.20098,0,0,0,
0.492644,0.120926,0.84312,0.654518,0.466217,-0.509812,-0.307147,0,0,0,0,0,0,0.424742,0.396174,0.67933,0.0490537,0.976499,-0.208644,0.022602,-0.178981,0.0799403,0.739144,0.694609,0.287715,0.609158,-0.25232,0,0,0,0,0,0,0,0.00292316,0.00232731,-0.00438783,0.00020509,33.4642,10.0069,11.8682,3.49987,-9.40961,-3.69037,4.70138,-1.368,0,0,-12,0,0,0,0,0,6.20098,0,0,0,
0.492644,0.120926,0.84312,0.654518,0.466217,-0.509812,-0.307147,0,0,0,0,0,0,0.424742,0.396174,0.67933,0.049054,0.976499,-0.208644,0.0226021,-0.178981,0.0799403,0.739144,0.694609,0.287715,0.609158,-0.25232,0,0,0,0,0,0,0,0.00517288,0.0029983,-0.0052185,-0.00318981,33.3377,10.0072,11.8224,3.51214,-9.38906,-3.68156,4.67453,-1.35932,0,0,-12,0,0,0,0,0,6.20098,0,0,0,
0.492644,0.120926,0.84312,0.654518,0.466217,-0.509812,-0.307147,0,0,0,0,0,0,0.424742,0.396174,0.67933,0.0490537,0.976499,-0.208644,0.022602,-0.178981,0.0799403,0.739144,0.694609,0.287715,0.609158,-0.25232,0,0,0,0,0,0,0,0.00474676,0.00318253,-0.0052552,-0.00528391,33.7522,10.0084,11.9514,3.47794,-9.45389,-3.71184,4.76094,-1.38724,0,0,-12,0,0,0,0,0,6.20098,0,0,0,
0.492645,0.120926,0.84312,0.654518,0.466217,-0.509813,-0.307148,0,0,0,0,0,0,0.424742,0.396174,0.67933,0.0490537,0.976499,-0.208644,0.022602,-0.178981,0.0799403,0.739144,0.694609,0.287715,0.609158,-0.25232,0,0,0,0,0,0,0,0.00940947,0.00388418,-0.00612847,-0.00888745,33.664,10.009,11.9096,3.48876,-9.43855,-3.70564,4.74191,-1.38108,0,0,-12,0,0,0,0,0,6.20098,0,0,0,
0.492644,0.120926,0.84312,0.654518,0.466217,-0.509812,-0.307147,1.35711e-06,8.17227e-07,8.52778e-07,-1.24144e-06,-7.4622e-06,9.12675e-06,0.424742,0.396174,0.67933,0.0490537,0.976499,-0.208644,0.022602,-0.178981,0.0799403,0.739144,0.694609,0.287715,0.609158,-0.25232,0,0,0,0,0,0,0,0.00523621,0.00232304,-0.00438066,0.000238806,33.637,10.0075,11.9139,3.48735,-9.4359,-3.70268,4.73735,-1.37963,0,0,-12,0,0,0,0,0,6.20098,0,0,0,
0.492644,0.120926,0.84312,0.654518,0.466217,-0.509812,-0.307147,-3.27256e-07,4.68824e-07,9.65582e-07,-1.1161e-06,-9.63155e-06,4.29819e-06,0.424742,0.396174,0.67933,0.0490537,0.976499,-0.208644,0.022602,-0.178981,0.0799403,0.739144,0.694609,0.287715,0.609158,-0.25232,0,0,0,0,0,0,0,0.000129069,0.00309261,-0.00524099,-0.00424517,33.7338,10.0081,11.9608,3.47631,-9.45253,-3.7107,4.75748,-1.3861,0,0,-12,0,0,0,0,0,6.20098,0,0,0,
0.492644,0.120926,0.84312,0.654518,0.466217,-0.509812,-0.307147,1.35966e-06,8.17754e-07,8.52607e-07,-1.24163e-06,-7.45892e-06,9.13405e-06,0.424742,0.396174,0.67933,0.0490537,0.976499,-0.208644,0.022602,-0.178981,0.0799403,0.739144,0.694609,0.287715,0.609158,-0.25232,0,0,0,0,0,0,0,-0.00342401,0.00309314,-0.0052431,-0.00424459,33.9191,10.0084,12.0294,3.45875,-9.48261,-3.72434,4.79639,-1.39865,0,0,-12,0,0,0,0,0,6.20098,0,0,0,
0.492644,0.120926,0.84312,0.654518,0.466217,-0.509812,-0.307147,1.35966e-06,8.17754e-07,8.52607e-07,-1.24163e-06,-7.45892e-06,9.13405e-06,0.424742,0.396174,0.67933,0.0490537,0.976499,-0.208644,0.022602,-0.178981,0.0799403,0.739144,0.694609,0.287715,0.609158,-0.25232,0,0,0,0,0,0,0,0.000621575,0.00309369,-0.00524277,-0.00424714,33.7676,10.0082,11.9696,3.47389,-9.45766,-3.71311,4.76451,-1.38837,0,0,-12,0,0,0,0,0,6.20098,0,0,0,
0.492644,0.120926,0.84312,0.654518,0.466217,-0.509812,-0.307147,-1.68692e-06,-3.48929e-07,1.12974e-07,1.25534e-07,-2.17263e-06,-4.83587e-06,0.424742,0.396174,0.67933,0.049054,0.976499,-0.208644,0.0226021,-0.178981,0.0799403,0.739144,0.694609,0.287715,0.609158,-0.25232,0,0,0,0,0,0,0,-0.000172347,0.00300086,-0.00522592,-0.00317895,33.8846,10.0085,12.0082,3.46384,-9.47625,-3.72146,4.7891,-1.39629,0,0,-12,0,0,0,0,0,6.20098,0,0,0,
0.492644,0.120926,0.84312,0.654518,0.466217,-0.509812,-0.307147,1.68692e-06,3.4893e-07,-1.12975e-07,-1.25534e-07,2.17263e-06,4.83587e-06,0.424742,0.396174,0.67933,0.0490537,0.976499,-0.208644,0.022602,-0.178981,0.0799403,0.739144,0.694609,0.287715,0.609158,-0.25232,0,0,0,0,0,0,0,0.00319228,0.00318409,-0.00526273,-0.00526549,33.8782,10.0087,11.9953,3.4666,-9.47408,-3.72105,4.78734,-1.39576,0,0,-12,0,0,0,0,0,6.20098,0,0,0,
0.492644,0.120926,0.84312,0.654518,0.466217,-0.509812,-0.307147,1.68692e-06,3.4893e-07,-1.12975e-07,-1.25534e-07,2.17263e-06,4.83587e-06,0.424742,0.396174,0.67933,0.0490537,0.976499,-0.208644,0.022602,-0.178981,0.0799403,0.739144,0.694609,0.287715,0.609158,-0.25232,0,0,0,0,0,0,0,0.00426866,0.0030953,-0.00524717,-0.00424787,34.0509,10.0092,12.045,3.45327,-9.50078,-3.7333,4.82346,-1.40741,0,0,-12,0,0,0,0,0,6.20098,0,0,0,
0.492644,0.120926,0.84312,0.654518,0.466217,-0.509812,-0.307147,-2.01343e-06,1.18833e-07,1.07637e-06,-9.88046e-07,-1.17824e-05,-5.47418e-07,0.424742,0.396174,0.67933,0.049054,0.976499,-0.208644,0.0226021,-0.178981,0.0799403,0.739144,0.694609,0.287715,0.609158,-0.25232,0,0,0,0,0,0,0,0.000608572,0.00300441,-0.00522981,-0.00320195,34.1366,10.0093,12.0833,3.4438,-9.5154,-3.73961,4.8417,-1.41328,0,0,-12,0,0,0,0,0,6.20098,0,0,0,
0.492644,0.120926,0.84312,0.654518,0.466217,-0.509812,-0.307147,0,0,0,0,0,0,0.424742,0.396174,0.67933,0.0490537,0.976499,-0.208644,0.022602,-0.178981,0.0799403,0.739144,0.694609,0.287715,0.609158,-0.25232,0,0,0,0,0,0,0,-0.0060108,0.00318787,-0.00526904,-0.00528992,34.2722,10.0093,12.1465,3.42812,-9.53859,-3.7502,4.87021,-1.42248,0,0,-12,0,0,0,0,0,6.20098,0,0,0,
0.492644,0.120926,0.84312,0.654518,0.466217,-0.509812,-0.307147,0,0,0,0,0,0,0.424742,0.396174,0.67933,0.0490537,0.976499,-0.208644,0.022602,-0.178981,0.0799403,0.739144,0.694609,0.287715,0.609158,-0.25232,0,0,0,0,0,0,0,0.00160281,0.00309692,-0.00525011,-0.00425047,34.1327,10.0093,12.0788,3.44477,-9.51441,-3.73941,4.84071,-1.41297,0,0,-12,0,0,0,0,0,6.20098,0,0,0,
0.492644,0.120926,0.84312,0.654518,0.466217,-0.509812,-0.307147,-1.68437e-06,-3.48402e-07,1.12804e-07,1.25344e-07,-2.16935e-06,-4.82856e-06,0.424742,0.396174,0.67933,0.049054,0.976499,-0.208644,0.0226021,-0.178981,0.0799403,0.739144,0.694609,0.287715,0.609158,-0.25232,0,0,0,0,0,0,0,0.00223544,0.00300645,-0.00523149,-0.0032103,34.1195,10.0093,12.0727,3.44631,-9.51222,-3.73826,4.83803,-1.4121,0,0,-12,0,0,0,0,0,6.20098,0,0,0,
0.492644,0.120926,0.84312,0.654518,0.466217,-0.509812,-0.307147,0,0,0,0,0,0,0.424742,0.396174,0.67933,0.0490537,0.976499,-0.208644,0.022602,-0.178981,0.0799403,0.739144,0.694609,0.287715,0.609158,-0.25232,0,0,0,0,0,0,0,-0.00516786,0.00318837,-0.00527177,-0.00528047,34.2648,10.0093,12.1415,3.4293,-9.53716,-3.7496,4.86861,-1.42197,0,0,-12,0,0,0,0,0,6.20098,0,0,0,
0.492644,0.120926,0.84312,0.654518,0.466217,-0.509812,-0.307147,1.68437e-06,3.48403e-07,-1.12804e-07,-1.25344e-07,2.16935e-06,4.82856e-06,0.424742,0.396174,0.67933,0.0490537,0.976499,-0.208644,0.022602,-0.178981,0.0799403,0.739144,0.694609,0.287715,0.609158,-0.25232,0,0,0,0,0,0,0,-0.0010939,0.00309854,-0.00525447,-0.0042513,34.4014,10.0099,12.1704,3.42098,-9.55728,-3.75902,4.89701,-1.43114,0,0,-12,0,0,0,0,0,6.20098,0,0,0,
0.492644,0.120926,0.84312,0.654518,0.466217,-0.509812,-0.307147,1.68438e-06,3.48406e-07,-1.12805e-07,-1.25345e-07,2.16937e-06,4.82861e-06,0.424742,0.396174,0.67933,0.0490537,0.976499,-0.208644,0.022602,-0.178981,0.0799403,0.739144,0.694609,0.287715,0.609158,-0.25232,0,0,0,0,0,0,0,0.00155769,0.00309908,-0.00525552,-0.00425211,34.4349,10.0102,12.1721,3.42007,-9.56168,-3.76124,4.90385,-1.43336,0,0,-12,0,0,0,0,0,6.20098,0,0,0,
0.492644,0.120926,0.84312,0.654518,0.466217,-0.509812,-0.307147,-1.68438e-06,-3.48405e-07,1.12805e-07,1.25345e-07,-2.16937e-06,-4.82861e-06,0.424742,0.396174,0.67933,0.049054,0.976499,-0.208644,0.0226021,-0.178981,0.0799403,0.739144,0.694609,0.287715,0.609158,-0.25232,0,0,0,0,0,0,0,0.00185637,0.00300658,-0.00523631,-0.00318793,34.5189,10.0104,12.197,3.41346,-9.57477,-3.76713,4.92148,-1.43904,0,0,-12,0,0,0,0,0,6.20098,0,0,0,
0.492644,0.120926,0.84312,0.654518,0.466217,-0.509812,-0.307147,1.68438e-06,3.48406e-07,-1.12805e-07,-1.25345e-07,2.16937e-06,4.82861e-06,0.424742,0.396174,0.67933,0.0490537,0.976499,-0.208644,0.022602,-0.178981,0.0799403,0.739144,0.694609,0.287715,0.609158,-0.25232,0,0,0,0,0,0,0,0.00201408,0.00319046,-0.00527829,-0.00528096,34.6095,10.0107,12.2244,3.40609,-9.58879,-3.77398,4.9402,-1.44511,0,0,-12,0,0,0,0,0,6.20098,0,0,0,
0.492644,0.120926,0.84312,0.654518,0.466217,-0.509812,-0.307147,1.68309e-06,3.4814e-07,-1.12719e-07,-1.25249e-07,2.16771e-06,4.82492e-06,0.424742,0.396174,0.67933,0.0490537,0.976499,-0.208644,0.022602,-0.178981,0.0799403,0.739144,0.694609,0.287715,0.609158,-0.25232,0,0,0,0,0,0,0,0.00397179,0.0031007,-0.0052584,-0.00425476,34.5023,10.0105,12.185,3.41622,-9.57145,-3.76594,4.91779,-1.43786,0,0,-12,0,0,0,0,0,6.20098,0,0,0,
0.492644,0.120926,0.84312,0.654518,0.466217,-0.509812,-0.307147,0,0,0,0,0,0,0.424742,0.396174,0.67933,0.0490537,0.976499,-0.208644,0.022602,-0.178981,0.0799403,0.739144,0.694609,0.287715,0.609158,-0.25232,0,0,0,0,0,0,0,-0.000359643,0.00310124,-0.00525994,-0.00425493,34.6022,10.0105,12.2298,3.4051,-9.58844,-3.77347,4.93892,-1.44467,0,0,-12,0,0,0,0,0,6.20098,0,0,0,
0.492644,0.120926,0.84312,0.654518,0.466217,-0.509812,-0.307147,1.68692e-06,3.4893e-07,-1.12975e-07,-1.25534e-07,2.17263e-06,4.83587e-06,0.424742,0.396174,0.67933,0.0490537,0.976499,-0.208644,0.022602,-0.178981,0.0799403,0.739144,0.694609,0.287715,0.609158,-0.25232,0,0,0,0,0,0,0,0.00332951,0.00310177,-0.00526048,-0.00425634,34.5656,10.0106,12.2066,3.41062,-9.58155,-3.77056,4.93105,-1.44214,0,0,-12,0,0,0,0,0,6.20098,0,0,0,
0.492644,0.120926,0.84312,0.654518,0.466217,-0.509812,-0.307147,1.68692e-06,3.4893e-07,-1.12975e-07,-1.25534e-07,2.17263e-06,4.83587e-06,0.424742,0.396174,0.67933,0.0490537,0.976499,-0.208644,0.022602,-0.178981,0.0799403,0.739144,0.694609,0.287715,0.609158,-0.25232,0,0,0,0,0,0,0,6.68407e-07,0.00310231,-0.00526275,-0.0042556,34.764,10.011,12.2785,3.39214,-9.61362,-3.78513,4.97269,-1.45558,0,0,-12,0,0,0,0,0,6.20098,0,0,0,
0.492644,0.120926,0.84312,0.654518,0.466217,-0.509812,-0.307147,0,0,0,0,0,0,0.424742,0.396174,0.67933,0.0490537,0.976499,-0.208644,0.022602,-0.178981,0.0799403,0.739144,0.694609,0.287715,0.609158,-0.25232,0,0,0,0,0,0,0,0.00136541,0.00310285,-0.00526489,-0.00425501,34.9459,10.0116,12.3301,3.37822,-9.64163,-3.79818,5.01062,-1.46783,0,0,-12,0,0,0,0,0,6.20098,0,0,0,
0.492644,0.120926,0.84312,0.654518,0.466217,-0.509812,-0.307147,0,0,0,0,0,0,0.424742,0.396174,0.67933,0.0490537,0.976499,-0.208644,0.022602,-0.178981,0.0799403,0.739144,0.694609,0.287715,0.609158,-0.25232,0,0,0,0,0,0,0,-0.000299656,0.0031034,-0.00526465,-0.00425744,34.8013,10.0111,12.291,3.38889,-9.61955,-3.78785,4.98051,-1.4581,0,0,-12,0,0,0,0,0,6.20098,0,0,0,
0.492644,0.120926,0.84312,0.654518,0.466217,-0.509812,-0.307147,0,0,0,0,0,0,0.424742,0.396174,0.67933,0.0490537,0.976499,-0.208644,0.022602,-0.178981,0.0799403,0.739144,0.694609,0.287715,0.609158,-0.25232,0,0,0,0,0,0,0,0.00179878,0.00310393,-0.005266,-0.0042578,34.8762,10.0114,12.3072,3.38421,-9.6306,-3.79311,4.99603,-1.46312,0,0,-12,0,0,0,0,0,6.20098,0,0,0,
0.492644,0.120926,0.84312,0.654518,0.466217,-0.509812,-0.307147,0,0,0,0,0,0,0.424742,0.396174,0.67933,0.0490537,0.976499,-0.208644,0.022602,-0.178981,0.0799403,0.739144,0.694609,0.287715,0.609158,-0.25232,0,0,0,0,0,0,0,-3.13819e-05,0.00310447,-0.00526654,-0.00425923,34.8373,10.0112,12.3012,3.38614,-9.62508,-3.79043,4.988,-1.46052,0,0,-12,0,0,0,0,0,6.20098,0,0,0,
0.492644,0.120926,0.84312,0.654518,0.466217,-0.509812,-0.307147,0,0,0,0,0,0,0.424742,0.396174,0.67933,0.0490537,0.976499,-0.208644,0.022602,-0.178981,0.0799403,0.739144,0.694609,0.287715,0.609158,-0.25232,0,0,0,0,0,0,0,-0.00166931,0.00310501,-0.00526889,-0.00425839,35.0453,10.0117,12.3705,3.36804,-9.65812,-3.80558,5.03155,-1.47457,0,0,-12,0,0,0,0,0,6.20098,0,0,0,
0.492644,0.120926,0.84312,0.654518,0.466217,-0.509812,-0.307147,0,0,0,0,0,0,0.424742,0.396174,0.67933,0.0490537,0.976499,-0.208644,0.022602,-0.178981,0.0799403,0.739144,0.694609,0.287715,0.609158,-0.25232,0,0,0,0,0,0,0,-0.00246404,0.00310555,-0.00526935,-0.00425993,34.9948,10.0116,12.3576,3.37161,-9.65049,-3.80199,5.02106,-1.47118,0,0,-12,0,0,0,0,0,6.20098,0,0,0,
0.492644,0.120926,0.84312,0.654518,0.466217,-0.509812,-0.307147,-1.68437e-06,-3.48402e-07,1.12804e-07,1.25344e-07,-2.16935e-06,-4.82856e-06,0.424742,0.396174,0.67933,0.049054,0.976499,-0.208644,0.0226021,-0.178981,0.0799403,0.739144,0.694609,0.287715,0.609158,-0.25232,0,0,0,0,0,0,0,-0.000245067,0.00301301,-0.00524844,-0.00319448,35.161,10.0121,12.4016,3.35961,-9.67581,-3.81368,5.05574,-1.48238,0,0,-12,0,0,0,0,0,6.20098,0,0,0,
0.492644,0.120926,0.84312,0.654518,0.466217,-0.509812,-0.307147,0,0,0,0,0,0,0.424742,0.396174,0.67933,0.0490537,0.976499,-0.208644,0.022602,-0.178981,0.0799403,0.739144,0.694609,0.287715,0.609158,-0.25232,0,0,0,0,0,0,0,0.000591311,0.00319624,-0.00529285,-0.00528256,34.977,10.0117,12.3422,3.37512,-9.64669,-3.80063,5.01706,-1.46991,0,0,-12,0,0,0,0,0,6.20098,0,0,0,
0.492644,0.120926,0.84312,0.654518,0.466217,-0.509812,-0.307147,0,0,0,0,0,0,0.424742,0.396174,0.67933,0.0490537,0.976499,-0.208644,0.022602,-0.178981,0.0799403,0.739144,0.694609,0.287715,0.609158,-0.25232,0,0,0,0,0,0,0,0.00107733,0.00310717,-0.00527263,-0.00426211,35.1027,10.012,12.3793,3.36523,-9.66623,-3.80953,5.04339,-1.4784,0,0,-12,0,0,0,0,0,6.20098,0,0,0,
0.492644,0.120926,0.84312,0.654518,0.466217,-0.509812,-0.307147,0,0,0,0,0,0,0.424742,0.396174,0.67933,0.0490537,0.976499,-0.208644,0.022602,-0.178981,0.0799403,0.739144,0.694609,0.287715,0.609158,-0.25232,0,0,0,0,0,0,0,1.12544e-05,0.00310771,-0.00527517,-0.00426102,35.3357,10.0126,12.4546,3.34548,-9.703,-3.82644,5.09213,-1.49414,0,0,-12,0,0,0,0,0,6.20098,0,0,0,
0.492644,0.120926,0.84312,0.654518,0.466217,-0.509812,-0.307147,0,0,0,0,0,0,0.424742,0.396174,0.67933,0.0490537,0.976499,-0.208644,0.022602,-0.178981,0.0799403,0.739144,0.694609,0.287715,0.609158,-0.25232,0,0,0,0,0,0,0,0.00246075,0.00310825,-0.00527541,-0.00426282,35.2558,10.0125,12.422,3.35369,-9.68973,-3.82048,5.07529,-1.48871,0,0,-12,0,0,0,0,0,6.20098,0,0,0,
0.492644,0.120926,0.84312,0.654518,0.466217,-0.509812,-0.307147,-1.68438e-06,-3.48405e-07,1.12805e-07,1.25345e-07,-2.16937e-06,-4.82861e-06,0.424742,0.396174,0.67933,0.049054,0.976499,-0.208644,0.0226021,-0.178981,0.0799403,0.739144,0.694609,0.287715,0.609158,-0.25232,0,0,0,0,0,0,0,-0.00254841,0.00301853,-0.00525184,-0.00323255,35.0721,10.0118,12.3817,3.36528,-9.66265,-3.80743,5.03731,-1.47642,0,0,-12,0,0,0,0,0,6.20098,0,0,0,
0.492644,0.120926,0.84312,0.654518,0.466217,-0.509812,-0.307147,0,0,0,0,0,0,0.424742,0.396174,0.67933,0.0490537,0.976499,-0.208644,0.022602,-0.178981,0.0799403,0.739144,0.694609,0.287715,0.609158,-0.25232,0,0,0,0,0,0,0,-0.00315202,0.00320169,-0.00530206,-0.00531485,35.4548,10.0128,12.5015,3.33355,-9.72257,-3.83543,5.11709,-1.5022,0,0,-12,0,0,0,0,0,6.20098,0,0,0,
0.492645,0.120926,0.84312,0.654518,0.466217,-0.509812,-0.307147,9.2087e-07,2.42529e-06,-3.5254e-07,3.44904e-07,6.3101e-07,5.24193e-06,0.424742,0.396174,0.67933,0.0490534,0.976499,-0.208644,0.0226021,-0.178981,0.0799403,0.739144,0.694609,0.287715,0.609158,-0.25232,0,0,0,0,0,0,0,0.000216895,0.00333909,-0.00543144,-0.00449685,35.4068,10.0132,12.476,3.3401,-9.71407,-3.83159,5.10694,-1.49895,0,0,-12,0,0,0,0,0,6.20098,0,0,0,
0.492644,0.120926,0.84312,0.654518,0.466217,-0.509812,-0.307147,-7.66749e-07,2.0745e-06,-2.39296e-07,4.70175e-07,-1.5421e-06,4.0206e-07,0.424742,0.396174,0.67933,0.0490537,0.976499,-0.208644,0.0226021,-0.178981,0.0799403,0.739144,0.694609,0.287715,0.609158,-0.25232,0,0,0,0,0,0,0,0.00221114,0.00302208,-0.005259,-0.00322267,35.4247,10.013,12.4748,3.33977,-9.71626,-3.83255,5.11068,-1.50012,0,0,-12,0,0,0,0,0,6.20098,0,0,0,
0.492644,0.120926,0.84312,0.654518,0.466217,-0.509812,-0.307147,-7.66749e-07,2.0745e-06,-2.39296e-07,4.70175e-07,-1.5421e-06,4.0206e-07,0.424742,0.396174,0.67933,0.0490537,0.976499,-0.208644,0.0226021,-0.178981,0.0799403,0.739144,0.694609,0.287715,0.609158,-0.25232,0,0,0,0,0,0,0,0.00250156,0.00311285,-0.00528331,-0.00425097,35.4485,10.0131,12.4812,3.33799,-9.71984,-3.8344,5.11554,-1.5017,0,0,-12,0,0,0,0,0,6.20098,0,0,0,
0.492644,0.120926,0.84312,0.654518,0.466217,-0.509812,-0.307147,0,0,0,0,0,0,0.424742,0.396174,0.67933,0.0490537,0.976499,-0.208644,0.022602,-0.178981,0.0799403,0.739144,0.694609,0.287715,0.609158,-0.25232,0,0,0,0,0,0,0,0.00882084,0.00297612,-0.00515549,-0.00506706,35.3487,10.0128,12.4297,3.35015,-9.70216,-3.82685,5.09423,-1.49482,0,0,-12,0,0,0,0,0,6.20098,0,0,0,
0.492644,0.120926,0.84312,0.654518,0.466217,-0.509812,-0.307147,0,0,0,0,0,0,0.424742,0.396174,0.67933,0.0490537,0.976499,-0.208644,0.022602,-0.178981,0.0799403,0.739144,0.694609,0.287715,0.609158,-0.25232,0,0,0,0,0,0,0,0.00890653,0.00311204,-0.00527391,-0.00427949,34.2323,10.01,12.0858,3.44166,-9.52769,-3.74607,4.86109,-1.41958,0,0,-12,0,0,0,0,0,6.20098,0,0,0,
0.492644,0.120926,0.84312,0.654518,0.466217,-0.509812,-0.307147,-1.68692e-06,-3.48929e-07,1.12974e-07,1.25534e-07,-2.17263e-06,-4.83587e-06,0.424742,0.396174,0.67933,0.049054,0.976499,-0.208644,0.0226021,-0.178981,0.0799403,0.739144,0.694609,0.287715,0.609158,-0.25232,0,0,0,0,0,0,0,0.00583062,0.00301918,-0.00524594,-0.00321711,33.6644,10.0082,11.9209,3.48595,-9.43993,-3.70511,4.74273,-1.38134,0,0,-12,0,0,0,0,0,6.20098,0,0,0,
0.492644,0.120926,0.84312,0.654518,0.466217,-0.509812,-0.307147,1.68692e-06,3.4893e-07,-1.12975e-07,-1.25534e-07,2.17263e-06,4.83587e-06,0.424742,0.396174,0.67933,0.0490537,0.976499,-0.208644,0.022602,-0.178981,0.0799403,0.739144,0.694609,0.287715,0.609158,-0.25232,0,0,0,0,0,0,0,-0.00181386,0.00320279,-0.00529495,-0.0053082,33.6027,10.0077,11.9267,3.48567,-9.43259,-3.70152,4.7301,-1.37726,0,0,-12,0,0,0,0,0,6.20098,0,0,0,
0.492644,0.120926,0.84312,0.654518,0.466217,-0.509812,-0.307147,1.68309e-06,3.4814e-07,-1.12719e-07,-1.25249e-07,2.16771e-06,4.82492e-06,0.424742,0.396174,0.67933,0.0490537,0.976499,-0.208644,0.022602,-0.178981,0.0799403,0.739144,0.694609,0.287715,0.609158,-0.25232,0,0,0,0,0,0,0,0.00239565,0.00311365,-0.00527202,-0.00428819,33.5683,10.0078,11.9025,3.4914,-9.42594,-3.69858,4.72276,-1.37489,0,0,-12,0,0,0,0,0,6.20098,0,0,0,
0.492644,0.120926,0.84312,0.654518,0.466217,-0.509812,-0.307147,-2.60605e-06,-2.77891e-06,4.66055e-07,-2.20434e-07,-2.80014e-06,-1.00787e-05,0.424742,0.396174,0.67933,0.049054,0.976499,-0.208644,0.0226021,-0.178981,0.0799403,0.739144,0.694609,0.287715,0.609158,-0.25232,0,0,0,0,0,0,0,-0.00329946,0.00302489,-0.00524912,-0.00326726,33.5367,10.0074,11.9112,3.49012,-9.42285,-3.69657,4.71659,-1.37288,0,0,-12,0,0,0,0,0,6.20098,0,0,0,
0.492644,0.120926,0.84312,0.654518,0.466217,-0.509812,-0.307147,-2.60605e-06,-2.77889e-06,4.66053e-07,-2.20429e-07,-2.80016e-06,-1.00787e-05,0.424742,0.396174,0.67933,0.049054,0.976499,-0.208644,0.0226021,-0.178981,0.0799403,0.739144,0.694609,0.287715,0.609158,-0.25232,0,0,0,0,0,0,0,-0.00333608,0.00311346,-0.00527326,-0.0042707,33.5226,10.0074,11.907,3.4912,-9.42061,-3.6957,4.71356,-1.3719,0,0,-12,0,0,0,0,0,6.20098,0,0,0,
0.492644,0.120926,0.84312,0.654518,0.466217,-0.509812,-0.307147,7.61544e-07,-2.07898e-06,2.40086e-07,-4.70415e-07,1.53624e-06,-4.20932e-07,0.424742,0.396174,0.67933,0.0490537,0.976499,-0.208644,0.022602,-0.178981,0.0799403,0.739144,0.694609,0.287715,0.609158,-0.25232,0,0,0,0,0,0,0,0.00284507,0.00320632,-0.00529857,-0.00532815,33.4947,10.0076,11.8783,3.49768,-9.41424,-3.69338,4.70725,-1.3699,0,0,-12,0,0,0,0,0,6.20098,0,0,0,
0.492644,0.120926,0.84312,0.654518,0.466217,-0.509812,-0.307147,1.68311e-06,3.48143e-07,-1.1272e-07,-1.25251e-07,2.16773e-06,4.82496e-06,0.424742,0.396174,0.67933,0.0490537,0.976499,-0.208644,0.022602,-0.178981,0.0799403,0.739144,0.694609,0.287715,0.609158,-0.25232,0,0,0,0,0,0,0,0.00501884,0.00311581,-0.00527569,-0.00429202,33.5162,10.0078,11.8779,3.49745,-9.41697,-3.69463,4.71172,-1.37134,0,0,-12,0,0,0,0,0,6.20098,0,0,0,
0.492644,0.120926,0.84312,0.654518,0.466217,-0.509812,-0.307147,0,0,0,0,0,0,0.424742,0.396174,0.67933,0.0490537,0.976499,-0.208644,0.022602,-0.178981,0.0799403,0.739144,0.694609,0.287715,0.609158,-0.25232,0,0,0,0,0,0,0,0.00511962,0.00311635,-0.00527676,-0.00429278,33.524,10.0078,11.88,3.49689,-9.41815,-3.69518,4.71334,-1.37186,0,0,-12,0,0,0,0,0,6.20098,0,0,0,
0.492644,0.120926,0.84312,0.654518,0.466217,-0.509812,-0.307147,1.68309e-06,3.4814e-07,-1.12719e-07,-1.25249e-07,2.16771e-06,4.82492e-06,0.424742,0.396174,0.67933,0.0490537,0.976499,-0.208644,0.022602,-0.178981,0.0799403,0.739144,0.694609,0.287715,0.609158,-0.25232,0,0,0,0,0,0,0,0.00412004,0.00311689,-0.00527753,-0.00429393,33.4901,10.0077,11.8728,3.49897,-9.41317,-3.69281,4.70632,-1.36959,0,0,-12,0,0,0,0,0,6.20098,0,0,0,
0.492644,0.120926,0.84312,0.654518,0.466217,-0.509812,-0.307147,1.68309e-06,3.4814e-07,-1.12719e-07,-1.25249e-07,2.16771e-06,4.82492e-06,0.424742,0.396174,0.67933,0.0490537,0.976499,-0.208644,0.022602,-0.178981,0.0799403,0.739144,0.694609,0.287715,0.609158,-0.25232,0,0,0,0,0,0,0,0.000210506,0.00311743,-0.00527871,-0.00429454,33.5139,10.0075,11.8928,3.49435,-9.41812,-3.69481,4.71153,-1.37126,0,0,-12,0,0,0,0,0,6.20098,0,0,0,
0.492644,0.120926,0.84312,0.654518,0.466217,-0.509812,-0.307147,0,0,0,0,0,0,0.424742,0.396174,0.67933,0.0490537,0.976499,-0.208644,0.022602,-0.178981,0.0799403,0.739144,0.694609,0.287715,0.609158,-0.25232,0,0,0,0,0,0,0,-0.00246856,0.00311796,-0.00527976,-0.00429532,33.5198,10.0074,11.9033,3.49203,-9.41989,-3.69544,4.71292,-1.3717,0,0,-12,0,0,0,0,0,6.20098,0,0,0,
0.492644,0.120926,0.84312,0.654518,0.466217,-0.509812,-0.307147,1.68564e-06,3.48666e-07,-1.12889e-07,-1.25439e-07,2.17099e-06,4.83221e-06,0.424742,0.396174,0.67933,0.0490537,0.976499,-0.208644,0.022602,-0.178981,0.0799403,0.739144,0.694609,0.287715,0.609158,-0.25232,0,0,0,0,0,0,0,-0.00234382,0.00311851,-0.00528072,-0.00429624,33.5115,10.0074,11.9003,3.4928,-9.41855,-3.69482,4.71117,-1.37113,0,0,-12,0,0,0,0,0,6.20098,0,0,0,
0.492644,0.120926,0.84312,0.654518,0.466217,-0.509812,-0.307147,1.68564e-06,3.48666e-07,-1.12889e-07,-1.25439e-07,2.17099e-06,4.83221e-06,0.424742,0.396174,0.67933,0.0490537,0.976499,-0.208644,0.022602,-0.178981,0.0799403,0.739144,0.694609,0.287715,0.609158,-0.25232,0,0,0,0,0,0,0,0.00181255,0.00311905,-0.0052819,-0.00429687,33.5336,10.0077,11.8937,3.49384,-9.42069,-3.69612,4.71554,-1.37256,0,0,-12,0,0,0,0,0,6.20098,0,0,0,
0.492644,0.120926,0.84312,0.654518,0.466217,-0.509812,-0.307147,0,0,0,0,0,0,0.424742,0.396174,0.67933,0.0490537,0.976499,-0.208644,0.022602,-0.178981,0.0799403,0.739144,0.694609,0.287715,0.609158,-0.25232,0,0,0,0,0,0,0,0.00858855,0.00311958,-0.00528283,-0.00429779,33.5239,10.008,11.8687,3.49928,-9.41704,-3.69492,4.71311,-1.3718,0,0,-12,0,0,0,0,0,6.20098,0,0,0,
0.492644,0.120926,0.84312,0.654518,0.466217,-0.509812,-0.307147,0,0,0,0,0,0,0.424742,0.396174,0.67933,0.0490537,0.976499,-0.208644,0.022602,-0.178981,0.0799403,0.739144,0.694609,0.287715,0.609158,-0.25232,0,0,0,0,0,0,0,0.00649253,0.00312012,-0.00528384,-0.0042986,33.5253,10.0079,11.8759,3.49773,-9.41792,-3.69518,4.71354,-1.37193,0,0,-12,0,0,0,0,0,6.20098,0,0,0,
0.492644,0.120926,0.84312,0.654518,0.466217,-0.509812,-0.307147,0,0,0,0,0,0,0.424742,0.396174,0.67933,0.0490537,0.976499,-0.208644,0.022602,-0.178981,0.0799403,0.739144,0.694609,0.287715,0.609158,-0.25232,0,0,0,0,0,0,0,0.00387719,0.00312066,-0.00528488,-0.00429942,33.5277,10.0078,11.8851,3.49574,-9.41912,-3.69554,4.71419,-1.37213,0,0,-12,0,0,0,0,0,6.20098,0,0,0,
0.492644,0.120926,0.84312,0.654518,0.466217,-0.509812,-0.307147,0,0,0,0,0,0,0.424742,0.396174,0.67933,0.0490537,0.976499,-0.208644,0.022602,-0.178981,0.0799403,0.739144,0.694609,0.287715,0.609158,-0.25232,0,0,0,0,0,0,0,0.00066407,0.0031212,-0.00528586,-0.00430029,33.5234,10.0076,11.8942,3.49389,-9.41945,-3.69546,4.71347,-1.37189,0,0,-12,0,0,0,0,0,6.20098,0,0,0,
0.492644,0.120926,0.84312,0.654518,0.466217,-0.509812,-0.307147,-1.68438e-06,-3.48405e-07,1.12805e-07,1.25345e-07,-2.16937e-06,-4.82861e-06,0.424742,0.396174,0.67933,0.049054,0.976499,-0.208644,0.0226021,-0.178981,0.0799403,0.739144,0.694609,0.287715,0.609158,-0.25232,0,0,0,0,0,0,0,-0.00311727,0.00303118,-0.00526309,-0.00326448,33.5507,10.0075,11.9149,3.48911,-9.42498,-3.69756,4.71951,-1.37382,0,0,-12,0,0,0,0,0,6.20098,0,0,0,
0.492644,0.120926,0.84312,0.654518,0.466217,-0.509812,-0.307147,-1.68437e-06,-3.48402e-07,1.12804e-07,1.25344e-07,-2.16935e-06,-4.82856e-06,0.424742,0.396174,0.67933,0.049054,0.976499,-0.208644,0.0226021,-0.178981,0.0799403,0.739144,0.694609,0.287715,0.609158,-0.25232,0,0,0,0,0,0,0,-0.00304959,0.00312101,-0.00528747,-0.00428232,33.5275,10.0074,11.9076,3.49101,-9.42128,-3.69603,4.71456,-1.37223,0,0,-12,0,0,0,0,0,6.20098,0,0,0,
0.492644,0.120926,0.84312,0.654518,0.466217,-0.509812,-0.307147,0,0,0,0,0,0,0.424742,0.396174,0.67933,0.0490537,0.976499,-0.208644,0.022602,-0.178981,0.0799403,0.739144,0.694609,0.287715,0.609158,-0.25232,0,0,0,0,0,0,0,-0.00181991,0.00321213,-0.00531245,-0.00531976,33.5223,10.0075,11.902,3.49224,-9.42003,-3.69572,4.7133,-1.37184,0,0,-12,0,0,0,0,0,6.20098,0,0,0,
0.492644,0.120926,0.84312,0.654518,0.466217,-0.509812,-0.307147,0,0,0,0,0,0,0.424742,0.396174,0.67933,0.0490537,0.976499,-0.208644,0.022602,-0.178981,0.0799403,0.739144,0.694609,0.287715,0.609158,-0.25232,0,0,0,0,0,0,0,0.0059679,0.00312336,-0.00529014,-0.00430334,33.5533,10.0079,11.8862,3.49509,-9.42247,-3.69724,4.71941,-1.37382,0,0,-12,0,0,0,0,0,6.20098,0,0,0,
0.492644,0.120926,0.84312,0.654518,0.466217,-0.509812,-0.307147,0,0,0,0,0,0,0.424742,0.396174,0.67933,0.0490537,0.976499,-0.208644,0.022602,-0.178981,0.0799403,0.739144,0.694609,0.287715,0.609158,-0.25232,0,0,0,0,0,0,0,0.0015729,0.0031239,-0.00529092,-0.00430449,33.5195,10.0076,11.8901,3.49483,-9.41857,-3.69512,4.71262,-1.37161,0,0,-12,0,0,0,0,0,6.20098,0,0,0,
0.492644,0.120926,0.84312,0.654518,0.466217,-0.509812,-0.307147,0,0,0,0,0,0,0.424742,0.396174,0.67933,0.0490537,0.976499,-0.208644,0.022602,-0.178981,0.0799403,0.739144,0.694609,0.287715,0.609158,-0.25232,0,0,0,0,0,0,0,-0.0025627,0.00312444,-0.00529194,-0.0043053,33.5211,10.0074,11.904,3.49186,-9.42013,-3.69554,4.7132,-1.37179,0,0,-12,0,0,0,0,0,6.20098,0,0,0,
0.492644,0.120926,0.84312,0.654518,0.466217,-0.509812,-0.307147,0,0,0,0,0,0,0.424742,0.396174,0.67933,0.0490537,0.976499,-0.208644,0.022602,-0.178981,0.0799403,0.739144,0.694609,0.287715,0.609158,-0.25232,0,0,0,0,0,0,0,-0.00343798,0.00312498,-0.00529298,-0.00430612,33.5235,10.0074,11.9076,3.49107,-9.42077,-3.69578,4.71375,-1.37196,0,0,-12,0,0,0,0,0,6.20098,0,0,0,
0.492644,0.120926,0.84312,0.654518,0.466217,-0.509812,-0.307147,0,0,0,0,0,0,0.424742,0.396174,0.67933,0.0490537,0.976499,-0.208644,0.022602,-0.178981,0.0799403,0.739144,0.694609,0.287715,0.609158,-0.25232,0,0,0,0,0,0,0,-0.00419708,0.00312552,-0.0052944,-0.00430644,33.5791,10.0075,11.9272,3.48601,-9.42971,-3.69985,4.72541,-1.37573,0,0,-12,0,0,0,0,0,6.20098,0,0,0,
0.492644,0.120926,0.84312,0.654518,0.466217,-0.509812,-0.307147,1.6869e-06,3.48926e-07,-1.12974e-07,-1.25532e-07,2.17261e-06,4.83582e-06,0.424742,0.396174,0.67933,0.0490537,0.976499,-0.208644,0.022602,-0.178981,0.0799403,0.739144,0.694609,0.287715,0.609158,-0.25232,0,0,0,0,0,0,0,-0.00210034,0.00312607,-0.0052955,-0.00430719,33.589,10.0076,11.9234,3.48665,-9.43059,-3.70041,4.72734,-1.37636,0,0,-12,0,0,0,0,0,6.20098,0,0,0,
0.492644,0.120926,0.84312,0.654518,0.466217,-0.509812,-0.307147,1.6869e-06,3.48926e-07,-1.12974e-07,-1.25532e-07,2.17261e-06,4.83582e-06,0.424742,0.396174,0.67933,0.0490537,0.976499,-0.208644,0.022602,-0.178981,0.0799403,0.739144,0.694609,0.287715,0.609158,-0.25232,0,0,0,0,0,0,0,0.00291749,0.0031266,-0.00529664,-0.00430784,33.6085,10.0079,11.9131,3.4885,-9.43205,-3.70145,4.73111,-1.37759,0,0,-12,0,0,0,0,0,6.20098,0,0,0,
0.492644,0.120926,0.84312,0.654518,0.466217,-0.509812,-0.307147,0,0,0,0,0,0,0.424742,0.396174,0.67933,0.0490537,0.976499,-0.208644,0.022602,-0.178981,0.0799403,0.739144,0.694609,0.287715,0.609158,-0.25232,0,0,0,0,0,0,0,0.00824044,0.00312714,-0.00529768,-0.00430864,33.6122,10.0082,11.897,3.49184,-9.43096,-3.70133,4.73158,-1.37776,0,0,-12,0,0,0,0,0,6.20098,0,0,0,
0.492645,0.120926,0.84312,0.654518,0.466217,-0.509812,-0.307147,9.22951e-07,2.43077e-06,-3.53337e-07,3.45684e-07,6.32436e-07,5.25378e-06,0.424742,0.396174,0.67933,0.0490534,0.976499,-0.208644,0.0226021,-0.178981,0.0799403,0.739144,0.694609,0.287715,0.609158,-0.25232,0,0,0,0,0,0,0,0.00243112,0.00336049,-0.00545357,-0.00454532,33.6139,10.0083,11.9167,3.488,-9.43308,-3.7019,4.73225,-1.37799,0,0,-12,0,0,0,0,0,6.20098,0,0,0,
0.492644,0.120926,0.84312,0.654518,0.466217,-0.509812,-0.307147,0,0,0,0,0,0,0.424742,0.396174,0.67933,0.0490537,0.976499,-0.208644,0.022602,-0.178981,0.0799403,0.739144,0.694609,0.287715,0.609158,-0.25232,0,0,0,0,0,0,0,0.00519714,0.00290632,-0.00515297,-0.00408639,33.6354,10.0078,11.9138,3.48759,-9.43551,-3.7032,4.73664,-1.37935,0,0,-12,0,0,0,0,0,6.20098,0,0,0,
0.492644,0.120926,0.84312,0.654518,0.466217,-0.509812,-0.307147,0,0,0,0,0,0,0.424742,0.396174,0.67933,0.0490537,0.976499,-0.208644,0.022602,-0.178981,0.0799403,0.739144,0.694609,0.287715,0.609158,-0.25232,0,0,0,0,0,0,0,0.00453102,0.00312875,-0.00530087,-0.00431093,33.6356,10.0081,11.9162,3.48739,-9.43578,-3.70329,4.73668,-1.37939,0,0,-12,0,0,0,0,0,6.20098,0,0,0,
0.492644,0.120926,0.84312,0.654518,0.466217,-0.509812,-0.307147,0,0,0,0,0,0,0.424742,0.396174,0.67933,0.0490537,0.976499,-0.208644,0.022602,-0.178981,0.0799403,0.739144,0.694609,0.287715,0.609158,-0.25232,0,0,0,0,0,0,0,0.00436653,0.0031293,-0.00530189,-0.00431178,33.6361,10.0081,11.9169,3.48724,-9.43591,-3.70333,4.7368,-1.37943,0,0,-12,0,0,0,0,0,6.20098,0,0,0,
0.492644,0.120926,0.84312,0.654518,0.466217,-0.509812,-0.307147,0,0,0,0,0,0,0.424742,0.396174,0.67933,0.0490537,0.976499,-0.208644,0.022602,-0.178981,0.0799403,0.739144,0.694609,0.287715,0.609158,-0.25232,0,0,0,0,0,0,0,0.00212722,0.00312984,-0.00530299,-0.00431252,33.6468,10.008,11.9275,3.48483,-9.4383,-3.70428,4.73918,-1.38019,0,0,-12,0,0,0,0,0,6.20098,0,0,0,
0.492644,0.120926,0.84312,0.654518,0.466217,-0.509812,-0.307147,0,0,0,0,0,0,0.424742,0.396174,0.67933,0.0490537,0.976499,-0.208644,0.022602,-0.178981,0.0799403,0.739144,0.694609,0.287715,0.609158,-0.25232,0,0,0,0,0,0,0,0.00210144,0.00313037,-0.00530404,-0.00431329,33.6535,10.008,11.9297,3.48426,-9.43935,-3.70476,4.74057,-1.38064,0,0,-12,0,0,0,0,0,6.20098,0,0,0,
0.492644,0.120926,0.84312,0.654518,0.466217,-0.509812,-0.307147,0,0,0,0,0,0,0.424742,0.396174,0.67933,0.0490537,0.976499,-0.208644,0.022602,-0.178981,0.0799403,0.739144,0.694609,0.287715,0.609158,-0.25232,0,0,0,0,0,0,0,0.00336191,0.00313091,-0.00530505,-0.00431412,33.6538,10.0081,11.9257,3.48511,-9.439,-3.70469,4.74056,-1.38064,0,0,-12,0,0,0,0,0,6.20098,0,0,0,
0.492644,0.120926,0.84312,0.654518,0.466217,-0.509812,-0.307147,0,0,0,0,0,0,0.424742,0.396174,0.67933,0.0490537,0.976499,-0.208644,0.022602,-0.178981,0.0799403,0.739144,0.694609,0.287715,0.609158,-0.25232,0,0,0,0,0,0,0,0.00269218,0.00313145,-0.00530613,-0.00431487,33.6638,10.0081,11.9309,3.48383,-9.44078,-3.70546,4.7427,-1.38133,0,0,-12,0,0,0,0,0,6.20098,0,0,0,
0.492644,0.120926,0.84312,0.654518,0.466217,-0.509812,-0.307147,-9.20862e-07,-2.42526e-06,3.52537e-07,-3.44901e-07,-6.31004e-07,-5.24188e-06,0.424742,0.396174,0.67933,0.0490537,0.976499,-0.208644,0.022602,-0.178981,0.0799403,0.739144,0.694609,0.287715,0.609158,-0.25232,0,0,0,0,0,0,0,0.000447522,0.00313198,-0.0053072,-0.00431562,33.6724,10.008,11.9408,3.48159,-9.44282,-3.70625,4.74462,-1.38194,0,0,-12,0,0,0,0,0,6.20098,0,0,0,
0.492644,0.120926,0.84312,0.654518,0.466217,-0.509812,-0.307147,0,0,0,0,0,0,0.424742,0.396174,0.67933,0.0490537,0.976499,-0.208644,0.022602,-0.178981,0.0799403,0.739144,0.694609,0.287715,0.609158,-0.25232,0,0,0,0,0,0,0,0.000597286,0.00313253,-0.00530825,-0.00431641,33.6781,10.008,11.9421,3.48123,-9.44367,-3.70665,4.7458,-1.38232,0,0,-12,0,0,0,0,0,6.20098,0,0,0,
0.492644,0.120926,0.84312,0.654518,0.466217,-0.509812,-0.307147,0,0,0,0,0,0,0.424742,0.396174,0.67933,0.0490537,0.976499,-0.208644,0.022602,-0.178981,0.0799403,0.739144,0.694609,0.287715,0.609158,-0.25232,0,0,0,0,0,0,0,0.00258028,0.00313307,-0.00530928,-0.00431724,33.6803,10.0081,11.9364,3.48241,-9.44339,-3.70666,4.74614,-1.38244,0,0,-12,0,0,0,0,0,6.20098,0,0,0,
0.492644,0.120926,0.84312,0.654518,0.466217,-0.509812,-0.307147,0,0,0,0,0,0,0.424742,0.396174,0.67933,0.0490537,0.976499,-0.208644,0.022602,-0.178981,0.0799403,0.739144,0.694609,0.287715,0.609158,-0.25232,0,0,0,0,0,0,0,0.00374167,0.00313361,-0.00531032,-0.00431802,33.6854,10.0082,11.9341,3.48279,-9.44381,-3.70694,4.74713,-1.38276,0,0,-12,0,0,0,0,0,6.20098,0,0,0,
0.492644,0.120926,0.84312,0.654518,0.466217,-0.509812,-0.307147,0,0,0,0,0,0,0.424742,0.396174,0.67933,0.0490537,0.976499,-0.208644,0.022602,-0.178981,0.0799403,0.739144,0.694609,0.287715,0.609158,-0.25232,0,0,0,0,0,0,0,0.00198146,0.00313414,-0.00531136,-0.00431883,33.6889,10.0081,11.941,3.4813,-9.44492,-3.70733,4.74797,-1.38303,0,0,-12,0,0,0,0,0,6.20098,0,0,0,
0.492644,0.120926,0.84312,0.654518,0.466217,-0.509812,-0.307147,0,0,0,0,0,0,0.424742,0.396174,0.67933,0.0490537,0.976499,-0.208644,0.022602,-0.178981,0.0799403,0.739144,0.694609,0.287715,0.609158,-0.25232,0,0,0,0,0,0,0,-0.000552834,0.00313468,-0.00531243,-0.00431957,33.6984,10.008,11.9521,3.47879,-9.4472,-3.7082,4.7501,-1.38371,0,0,-12,0,0,0,0,0,6.20098,0,0,0,
0.492644,0.120926,0.84312,0.654518,0.466217,-0.509812,-0.307147,0,0,0,0,0,0,0.424742,0.396174,0.67933,0.0490537,0.976499,-0.208644,0.022602,-0.178981,0.0799403,0.739144,0.694609,0.287715,0.609158,-0.25232,0,0,0,0,0,0,0,0.00109931,0.00313522,-0.00531347,-0.00432037,33.703,10.0081,11.9482,3.47955,-9.4474,-3.70841,4.75097,-1.38399,0,0,-12,0,0,0,0,0,6.20098,0,0,0,
0.492644,0.120926,0.84312,0.654518,0.466217,-0.509812,-0.307147,0,0,0,0,0,0,0.424742,0.396174,0.67933,0.0490537,0.976499,-0.208644,0.022602,-0.178981,0.0799403,0.739144,0.694609,0.287715,0.609158,-0.25232,0,0,0,0,0,0,0,-0.00387995,0.00313577,-0.00531456,-0.00432116,33.7106,10.0079,11.9667,3.47551,-9.45016,-3.70932,4.75285,-1.38458,0,0,-12,0,0,0,0,0,6.20098,0,0,0,
0.492644,0.120926,0.84312,0.654518,0.466217,-0.509812,-0.307147,0,0,0,0,0,0,0.424742,0.396174,0.67933,0.0490537,0.976499,-0.208644,0.022602,-0.178981,0.0799403,0.739144,0.694609,0.287715,0.609158,-0.25232,0,0,0,0,0,0,0,0.00210627,0.00313631,-0.00531565,-0.00432192,33.7199,10.0082,11.9501,3.47885,-9.44973,-3.70956,4.75445,-1.38512,0,0,-12,0,0,0,0,0,6.20098,0,0,0,
0.492644,0.120926,0.84312,0.654518,0.466217,-0.509812,-0.307147,0,0,0,0,0,0,0.424742,0.396174,0.67933,0.0490537,0.976499,-0.208644,0.022602,-0.178981,0.0799403,0.739144,0.694609,0.287715,0.609158,-0.25232,0,0,0,0,0,0,0,0.00032826,0.00313686,-0.0053167,-0.00432272,33.7247,10.0082,11.9573,3.47725,-9.45104,-3.71003,4.75555,-1.38547,0,0,-12,0,0,0,0,0,6.20098,0,0,0,
0.492644,0.120926,0.84312,0.654518,0.466217,-0.509812,-0.307147,0,0,0,0,0,0,0.424742,0.396174,0.67933,0.0490537,0.976499,-0.208644,0.022602,-0.178981,0.0799403,0.739144,0.694609,0.287715,0.609158,-0.25232,0,0,0,0,0,0,0,-0.000317922,0.00313739,-0.00531775,-0.00432348,33.7317,10.0081,11.9616,3.47623,-9.45235,-3.71059,4.75706,-1.38596,0,0,-12,0,0,0,0,0,6.20098,0,0,0,
0.492644,0.120926,0.84312,0.654518,0.466217,-0.509812,-0.307147,0,0,0,0,0,0,0.424742,0.396174,0.67933,0.0490537,0.976499,-0.208644,0.022602,-0.178981,0.0799403,0.739144,0.694609,0.287715,0.609158,-0.25232,0,0,0,0,0,0,0,0.00079407,0.00313794,-0.00531876,-0.00432435,33.7303,10.0082,11.9576,3.47711,-9.45177,-3.71041,4.75669,-1.38584,0,0,-12,0,0,0,0,0,6.20098,0,0,0,
0.492644,0.120926,0.84312,0.654518,0.466217,-0.509812,-0.307147,0,0,0,0,0,0,0.424742,0.396174,0.67933,0.0490537,0.976499,-0.208644,0.022602,-0.178981,0.0799403,0.739144,0.694609,0.287715,0.609158,-0.25232,0,0,0,0,0,0,0,0.000241536,0.00313847,-0.00531983,-0.00432508,33.7401,10.0082,11.9624,3.47593,-9.45348,-3.71116,4.75878,-1.38651,0,0,-12,0,0,0,0,0,6.20098,0,0,0,
0.492644,0.120926,0.84312,0.654518,0.466217,-0.509812,-0.307147,0,0,0,0,0,0,0.424742,0.396174,0.67933,0.0490537,0.976499,-0.208644,0.022602,-0.178981,0.0799403,0.739144,0.694609,0.287715,0.609158,-0.25232,0,0,0,0,0,0,0,0.00475801,0.00313901,-0.00532084,-0.00432594,33.7386,10.0084,11.9473,3.47915,-9.45182,-3.71072,4.7582,-1.38634,0,0,-12,0,0,0,0,0,6.20098,0,0,0,
0.492644,0.120926,0.84312,0.654518,0.466217,-0.509812,-0.307147,0,0,0,0,0,0,0.424742,0.396174,0.67933,0.0490537,0.976499,-0.208644,0.022602,-0.178981,0.0799403,0.739144,0.694609,0.287715,0.609158,-0.25232,0,0,0,0,0,0,0,0.00321392,0.00313955,-0.00532191,-0.0043267,33.7474,10.0084,11.955,3.47737,-9.45368,-3.71146,4.76012,-1.38695,0,0,-12,0,0,0,0,0,6.20098,0,0,0,
0.492644,0.120926,0.84312,0.654518,0.466217,-0.509812,-0.307147,0,0,0,0,0,0,0.424742,0.396174,0.67933,0.0490537,0.976499,-0.208644,0.022602,-0.178981,0.0799403,0.739144,0.694609,0.287715,0.609158,-0.25232,0,0,0,0,0,0,0,0.00792393,0.00314009,-0.00532297,-0.00432749,33.7531,10.0086,11.9414,3.48014,-9.45308,-3.71153,4.76103,-1.38726,0,0,-12,0,0,0,0,0,6.20098,0,0,0,
0.492644,0.120926,0.84312,0.654518,0.466217,-0.509812,-0.307147,0,0,0,0,0,0,0.424742,0.396174,0.67933,0.0490537,0.976499,-0.208644,0.022602,-0.178981,0.0799403,0.739144,0.694609,0.287715,0.609158,-0.25232,0,0,0,0,0,0,0,0.00514878,0.00314063,-0.00532399,-0.0043283,33.7559,10.0085,11.9513,3.47801,-9.45439,-3.71193,4.76178,-1.3875,0,0,-12,0,0,0,0,0,6.20098,0,0,0,
0.492644,0.120926,0.84312,0.654518,0.466217,-0.509812,-0.307147,0,0,0,0,0,0,0.424742,0.396174,0.67933,0.0490537,0.976499,-0.208644,0.022602,-0.178981,0.0799403,0.739144,0.694609,0.287715,0.609158,-0.25232,0,0,0,0,0,0,0,0.00172985,0.00314118,-0.00532508,-0.00432906,33.7652,10.0083,11.9653,3.47491,-9.45692,-3.71286,4.76392,-1.38818,0,0,-12,0,0,0,0,0,6.20098,0,0,0,
0.492644,0.120926,0.84312,0.654518,0.466217,-0.509812,-0.307147,0,0,0,0,0,0,0.424742,0.396174,0.67933,0.0490537,0.976499,-0.208644,0.022602,-0.178981,0.0799403,0.739144,0.694609,0.287715,0.609158,-0.25232,0,0,0,0,0,0,0,-0.00047585,0.00314171,-0.0053261,-0.00432987,33.7678,10.0082,11.9732,3.47318,-9.45803,-3.71321,4.7646,-1.38839,0,0,-12,0,0,0,0,0,6.20098,0,0,0,
0.492644,0.120926,0.84312,0.654518,0.466217,-0.509812,-0.307147,0,0,0,0,0,0,0.424742,0.396174,0.67933,0.0490537,0.976499,-0.208644,0.022602,-0.178981,0.0799403,0.739144,0.694609,0.287715,0.609158,-0.25232,0,0,0,0,0,0,0,-0.00010309,0.00314225,-0.00532717,-0.00433064,33.7754,10.0083,11.9744,3.47281,-9.45911,-3.71373,4.76617,-1.3889,0,0,-12,0,0,0,0,0,6.20098,0,0,0,
0.492644,0.120926,0.84312,0.654518,0.466217,-0.509812,-0.307147,0,0,0,0,0,0,0.424742,0.396174,0.67933,0.0490537,0.976499,-0.208644,0.022602,-0.178981,0.0799403,0.739144,0.694609,0.287715,0.609158,-0.25232,0,0,0,0,0,0,0,0.000548332,0.00314279,-0.00532822,-0.00433143,33.7806,10.0083,11.9739,3.47284,-9.45971,-3.71406,4.76722,-1.38924,0,0,-12,0,0,0,0,0,6.20098,0,0,0,
0.492644,0.120926,0.84312,0.654518,0.466217,-0.509812,-0.307147,0,0,0,0,0,0,0.424742,0.396174,0.67933,0.0490537,0.976499,-0.208644,0.022602,-0.178981,0.0799403,0.739144,0.694609,0.287715,0.609158,-0.25232,0,0,0,0,0,0,0,0.00234396,0.00314333,-0.00532927,-0.00433222,33.7867,10.0084,11.9699,3.47357,-9.4601,-3.71437,4.76839,-1.38962,0,0,-12,0,0,0,0,0,6.20098,0,0,0,
0.492644,0.120926,0.84312,0.654518,0.466217,-0.509812,-0.307147,0,0,0,0,0,0,0.424742,0.396174,0.67933,0.0490537,0.976499,-0.208644,0.022602,-0.178981,0.0799403,0.739144,0.694609,0.287715,0.609158,-0.25232,0,0,0,0,0,0,0,0.00181058,0.00314387,-0.00533032,-0.00433299,33.7928,10.0084,11.9735,3.47271,-9.46122,-3.71485,4.7697,-1.39004,0,0,-12,0,0,0,0,0,6.20098,0,0,0,
0.492644,0.120926,0.84312,0.654518,0.466217,-0.509812,-0.307147,0,0,0,0,0,0,0.424742,0.396174,0.67933,0.0490537,0.976499,-0.208644,0.022602,-0.178981,0.0799403,0.739144,0.694609,0.287715,0.609158,-0.25232,0,0,0,0,0,0,0,0.0074073,0.00314441,-0.00533136,-0.0043338,33.7964,10.0087,11.9564,3.47626,-9.46001,-3.71469,4.77009,-1.39019,0,0,-12,0,0,0,0,0,6.20098,0,0,0,
0.492644,0.120926,0.84312,0.654518,0.466217,-0.509812,-0.307147,0,0,0,0,0,0,0.424742,0.396174,0.67933,0.0490537,0.976499,-0.208644,0.022602,-0.178981,0.0799403,0.739144,0.694609,0.287715,0.609158,-0.25232,0,0,0,0,0,0,0,-0.000913794,0.00314495,-0.00533239,-0.00433462,33.7986,10.0083,11.9842,3.47037,-9.46299,-3.71547,4.77107,-1.39047,0,0,-12,0,0,0,0,0,6.20098,0,0,0,
0.492644,0.120926,0.84312,0.654518,0.466217,-0.509812,-0.307147,0,0,0,0,0,0,0.424742,0.396174,0.67933,0.0490537,0.976499,-0.208644,0.022602,-0.178981,0.0799403,0.739144,0.694609,0.287715,0.609158,-0.25232,0,0,0,0,0,0,0,0.00435368,0.00314549,-0.00533348,-0.00433539,33.8082,10.0086,11.97,3.4732,-9.46282,-3.71577,4.77275,-1.39103,0,0,-12,0,0,0,0,0,6.20098,0,0,0,
0.492644,0.120926,0.84312,0.654518,0.466217,-0.509812,-0.307147,0,0,0,0,0,0,0.424742,0.396174,0.67933,0.0490537,0.976499,-0.208644,0.022602,-0.178981,0.0799403,0.739144,0.694609,0.287715,0.609158,-0.25232,0,0,0,0,0,0,0,0.00363609,0.00314604,-0.00533455,-0.00433616,33.8153,10.0086,11.9745,3.47213,-9.46415,-3.71634,4.77427,-1.39152,0,0,-12,0,0,0,0,0,6.20098,0,0,0,
0.492644,0.120926,0.84312,0.654518,0.466217,-0.509812,-0.307147,0,0,0,0,0,0,0.424742,0.396174,0.67933,0.0490537,0.976499,-0.208644,0.022602,-0.178981,0.0799403,0.739144,0.694609,0.287715,0.609158,-0.25232,0,0,0,0,0,0,0,0.00295032,0.00314657,-0.00533556,-0.00433697,33.8177,10.0086,11.9775,3.47146,-9.46475,-3.71656,4.77482,-1.3917,0,0,-12,0,0,0,0,0,6.20098,0,0,0,
0.492644,0.120926,0.84312,0.654518,0.466217,-0.509812,-0.307147,0,0,0,0,0,0,0.424742,0.396174,0.67933,0.0490537,0.976499,-0.208644,0.022602,-0.178981,0.0799403,0.739144,0.694609,0.287715,0.609158,-0.25232,0,0,0,0,0,0,0,-0.000105327,0.0031471,-0.00533664,-0.0043377,33.8283,10.0084,11.9907,3.4685,-9.46738,-3.71756,4.77723,-1.39247,0,0,-12,0,0,0,0,0,6.20098,0,0,0,
0.492644,0.120926,0.84312,0.654518,0.466217,-0.509812,-0.307147,0,0,0,0,0,0,0.424742,0.396174,0.67933,0.0490537,0.976499,-0.208644,0.022602,-0.178981,0.0799403,0.739144,0.694609,0.287715,0.609158,-0.25232,0,0,0,0,0,0,0,-1.03277e-05,0.00314765,-0.00533768,-0.00433852,33.8313,10.0085,11.9913,3.46832,-9.46782,-3.71777,4.77785,-1.39267,0,0,-12,0,0,0,0,0,6.20098,0,0,0,
0.492644,0.120926,0.84312,0.654518,0.466217,-0.509812,-0.307147,0,0,0,0,0,0,0.424742,0.396174,0.67933,0.0490537,0.976499,-0.208644,0.022602,-0.178981,0.0799403,0.739144,0.694609,0.287715,0.609158,-0.25232,0,0,0,0,0,0,0,-0.000625831,0.00314818,-0.00533874,-0.00433929,33.8382,10.0084,11.9954,3.46734,-9.46909,-3.71831,4.77932,-1.39314,0,0,-12,0,0,0,0,0,6.20098,0,0,0,
0.492644,0.120926,0.84312,0.654518,0.466217,-0.509812,-0.307147,0,0,0,0,0,0,0.424742,0.396174,0.67933,0.0490537,0.976499,-0.208644,0.022602,-0.178981,0.0799403,0.739144,0.694609,0.287715,0.609158,-0.25232,0,0,0,0,0,0,0,0.000833109,0.00314873,-0.00533983,-0.00434007,33.8471,10.0085,11.9934,3.46762,-9.47001,-3.71884,4.78109,-1.39371,0,0,-12,0,0,0,0,0,6.20098,0,0,0,
0.492644,0.120926,0.84312,0.654518,0.466217,-0.509812,-0.307147,0,0,0,0,0,0,0.424742,0.396174,0.67933,0.0490537,0.976499,-0.208644,0.022602,-0.178981,0.0799403,0.739144,0.694609,0.287715,0.609158,-0.25232,0,0,0,0,0,0,0,0.00130653,0.00314927,-0.00534087,-0.00434087,33.851,10.0086,11.9931,3.46762,-9.47048,-3.71909,4.78188,-1.39397,0,0,-12,0,0,0,0,0,6.20098,0,0,0,
0.492644,0.120926,0.84312,0.654518,0.466217,-0.509812,-0.307147,0,0,0,0,0,0,0.424742,0.396174,0.67933,0.0490537,0.976499,-0.208644,0.022602,-0.178981,0.0799403,0.739144,0.694609,0.287715,0.609158,-0.25232,0,0,0,0,0,0,0,0.00344417,0.00314981,-0.00534192,-0.00434164,33.8582,10.0087,11.9884,3.4685,-9.47093,-3.71945,4.78326,-1.39442,0,0,-12,0,0,0,0,0,6.20098,0,0,0,
0.492644,0.120926,0.84312,0.654518,0.466217,-0.509812,-0.307147,0,0,0,0,0,0,0.424742,0.396174,0.67933,0.0490537,0.976499,-0.208644,0.022602,-0.178981,0.0799403,0.739144,0.694609,0.287715,0.609158,-0.25232,0,0,0,0,0,0,0,0.0040473,0.00315034,-0.00534294,-0.00434242,33.8621,10.0088,11.9876,3.4686,-9.47134,-3.71969,4.78403,-1.39467,0,0,-12,0,0,0,0,0,6.20098,0,0,0,
0.492644,0.120926,0.84312,0.654518,0.466217,-0.509812,-0.307147,0,0,0,0,0,0,0.424742,0.396174,0.67933,0.0490537,0.976499,-0.208644,0.022602,-0.178981,0.0799403,0.739144,0.694609,0.287715,0.609158,-0.25232,0,0,0,0,0,0,0,0.000536684,0.00315089,-0.00534403,-0.00434323,33.8683,10.0086,12.0009,3.46568,-9.47343,-3.7204,4.78554,-1.39515,0,0,-12,0,0,0,0,0,6.20098,0,0,0,
0.492644,0.120926,0.84312,0.654518,0.466217,-0.509812,-0.307147,0,0,0,0,0,0,0.424742,0.396174,0.67933,0.0490537,0.976499,-0.208644,0.022602,-0.178981,0.0799403,0.739144,0.694609,0.287715,0.609158,-0.25232,0,0,0,0,0,0,0,0.00170371,0.00315142,-0.00534506,-0.00434401,33.8733,10.0087,11.9987,3.46608,-9.47384,-3.72067,4.78651,-1.39547,0,0,-12,0,0,0,0,0,6.20098,0,0,0,
0.492644,0.120926,0.84312,0.654518,0.466217,-0.509812,-0.307147,0,0,0,0,0,0,0.424742,0.396174,0.67933,0.0490537,0.976499,-0.208644,0.022602,-0.178981,0.0799403,0.739144,0.694609,0.287715,0.609158,-0.25232,0,0,0,0,0,0,0,0.00170415,0.00315196,-0.0053461,-0.0043448,33.8784,10.0087,12.0003,3.46566,-9.47464,-3.72104,4.78759,-1.39581,0,0,-12,0,0,0,0,0,6.20098,0,0,0,
0.492644,0.120926,0.84312,0.654518,0.466217,-0.509812,-0.307147,0,0,0,0,0,0,0.424742,0.396174,0.67933,0.0490537,0.976499,-0.208644,0.022602,-0.178981,0.0799403,0.739144,0.694609,0.287715,0.609158,-0.25232,0,0,0,0,0,0,0,-0.000242045,0.0031525,-0.00534717,-0.00434558,33.8857,10.0086,12.0088,3.46373,-9.47639,-3.72171,4.78922,-1.39634,0,0,-12,0,0,0,0,0,6.20098,0,0,0,
0.492644,0.120926,0.84312,0.654518,0.466217,-0.509812,-0.307147,0,0,0,0,0,0,0.424742,0.396174,0.67933,0.0490537,0.976499,-0.208644,0.022602,-0.178981,0.0799403,0.739144,0.694609,0.287715,0.609158,-0.25232,0,0,0,0,0,0,0,-0.00189439,0.00315304,-0.00534823,-0.00434635,33.8928,10.0085,12.0164,3.46202,-9.47802,-3.72235,4.7908,-1.39684,0,0,-12,0,0,0,0,0,6.20098,0,0,0,
0.492644,0.120926,0.84312,0.654518,0.466217,-0.509812,-0.307147,0,0,0,0,0,0,0.424742,0.396174,0.67933,0.0490537,0.976499,-0.208644,0.022602,-0.178981,0.0799403,0.739144,0.694609,0.287715,0.609158,-0.25232,0,0,0,0,0,0,0,0.000600823,0.00315358,-0.00534924,-0.00434718,33.8936,10.0087,12.0085,3.46366,-9.47737,-3.72222,4.79083,-1.39686,0,0,-12,0,0,0,0,0,6.20098,0,0,0,
0.492644,0.120926,0.84312,0.654518,0.466217,-0.509812,-0.307147,0,0,0,0,0,0,0.424742,0.396174,0.67933,0.0490537,0.976499,-0.208644,0.022602,-0.178981,0.0799403,0.739144,0.694609,0.287715,0.609158,-0.25232,0,0,0,0,0,0,0,0.000536191,0.00315411,-0.00535031,-0.00434793,33.9028,10.0087,12.0116,3.46287,-9.47882,-3.72289,4.79275,-1.39748,0,0,-12,0,0,0,0,0,6.20098,0,0,0,
0.492644,0.120926,0.84312,0.654518,0.466217,-0.509812,-0.307147,0,0,0,0,0,0,0.424742,0.396174,0.67933,0.0490537,0.976499,-0.208644,0.022602,-0.178981,0.0799403,0.739144,0.694609,0.287715,0.609158,-0.25232,0,0,0,0,0,0,0,0.00161184,0.00315465,-0.00535135,-0.00434872,33.9077,10.0088,12.0096,3.46321,-9.47924,-3.72316,4.7937,-1.39779,0,0,-12,0,0,0,0,0,6.20098,0,0,0,
0.492644,0.120926,0.84312,0.654518,0.466217,-0.509812,-0.307147,0,0,0,0,0,0,0.424742,0.396174,0.67933,0.0490537,0.976499,-0.208644,0.022602,-0.178981,0.0799403,0.739144,0.694609,0.287715,0.609158,-0.25232,0,0,0,0,0,0,0,0.00291792,0.0031552,-0.00535242,-0.00434951,33.9141,10.0088,12.0073,3.46358,-9.47983,-3.72353,4.79495,-1.3982,0,0,-12,0,0,0,0,0,6.20098,0,0,0,
0.492644,0.120926,0.84312,0.654518,0.466217,-0.509812,-0.307147,0,0,0,0,0,0,0.424742,0.396174,0.67933,0.0490537,0.976499,-0.208644,0.022602,-0.178981,0.0799403,0.739144,0.694609,0.287715,0.609158,-0.25232,0,0,0,0,0,0,0,0.00240988,0.00315573,-0.00535344,-0.00435032,33.9171,10.0088,12.0099,3.46299,-9.48046,-3.72378,4.79561,-1.39841,0,0,-12,0,0,0,0,0,6.20098,0,0,0,
0.492644,0.120926,0.84312,0.654518,0.466217,-0.509812,-0.307147,0,0,0,0,0,0,0.424742,0.396174,0.67933,0.0490537,0.976499,-0.208644,0.022602,-0.178981,0.0799403,0.739144,0.694609,0.287715,0.609158,-0.25232,0,0,0,0,0,0,0,0.00701022,0.00315627,-0.00535448,-0.0043511,33.9218,10.0091,11.9964,3.46576,-9.47975,-3.72379,4.79633,-1.39866,0,0,-12,0,0,0,0,0,6.20098,0,0,0,
0.492644,0.120926,0.84312,0.654518,0.466217,-0.509812,-0.307147,0,0,0,0,0,0,0.424742,0.396174,0.67933,0.0490537,0.976499,-0.208644,0.022602,-0.178981,0.0799403,0.739144,0.694609,0.287715,0.609158,-0.25232,0,0,0,0,0,0,0,0.00424747,0.00315681,-0.00535553,-0.0043519,33.9271,10.009,12.007,3.46343,-9.48145,-3.72437,4.7976,-1.39906,0,0,-12,0,0,0,0,0,6.20098,0,0,0,
0.492644,0.120926,0.84312,0.654518,0.466217,-0.509812,-0.307147,0,0,0,0,0,0,0.424742,0.396174,0.67933,0.0490537,0.976499,-0.208644,0.022602,-0.178981,0.0799403,0.739144,0.694609,0.287715,0.609158,-0.25232,0,0,0,0,0,0,0,0.00106957,0.00315735,-0.0053566,-0.00435266,33.9353,10.0088,12.0198,3.46058,-9.48374,-3.7252,4.79951,-1.39966,0,0,-12,0,0,0,0,0,6.20098,0,0,0,
0.492644,0.120926,0.84312,0.654518,0.466217,-0.509812,-0.307147,0,0,0,0,0,0,0.424742,0.396174,0.67933,0.0490537,0.976499,-0.208644,0.022602,-0.178981,0.0799403,0.739144,0.694609,0.287715,0.609158,-0.25232,0,0,0,0,0,0,0,0.00331485,0.00315788,-0.00535764,-0.00435345,33.9401,10.0089,12.014,3.46174,-9.48377,-3.72538,4.80037,-1.39995,0,0,-12,0,0,0,0,0,6.20098,0,0,0,
0.492644,0.120926,0.84312,0.654518,0.466217,-0.509812,-0.307147,0,0,0,0,0,0,0.424742,0.396174,0.67933,0.0490537,0.976499,-0.208644,0.022602,-0.178981,0.0799403,0.739144,0.694609,0.287715,0.609158,-0.25232,0,0,0,0,0,0,0,0.000763842,0.00315842,-0.00535869,-0.00435422,33.9473,10.0088,12.0245,3.4594,-9.48571,-3.72609,4.80203,-1.40047,0,0,-12,0,0,0,0,0,6.20098,0,0,0,
0.492644,0.120926,0.84312,0.654518,0.466217,-0.509812,-0.307147,0,0,0,0,0,0,0.424742,0.396174,0.67933,0.0490537,0.976499,-0.208644,0.022602,-0.178981,0.0799403,0.739144,0.694609,0.287715,0.609158,-0.25232,0,0,0,0,0,0,0,0.00272011,0.00315895,-0.00535972,-0.00435501,33.9512,10.0089,12.0194,3.46042,-9.48569,-3.72622,4.80272,-1.4007,0,0,-12,0,0,0,0,0,6.20098,0,0,0,
0.492644,0.120926,0.84312,0.654518,0.466217,-0.509812,-0.307147,0,0,0,0,0,0,0.424742,0.396174,0.67933,0.0490537,0.976499,-0.208644,0.022602,-0.178981,0.0799403,0.739144,0.694609,0.287715,0.609158,-0.25232,0,0,0,0,0,0,0,-0.00141539,0.00315948,-0.00536075,-0.00435577,33.9575,10.0088,12.0348,3.45707,-9.48799,-3.72699,4.80429,-1.4012,0,0,-12,0,0,0,0,0,6.20098,0,0,0,
0.492644,0.120926,0.84312,0.654518,0.466217,-0.509812,-0.307147,0,0,0,0,0,0,0.424742,0.396174,0.67933,0.0490537,0.976499,-0.208644,0.022602,-0.178981,0.0799403,0.739144,0.694609,0.287715,0.609158,-0.25232,0,0,0,0,0,0,0,0.00341027,0.00316001,-0.00536178,-0.00435656,33.9621,10.009,12.0205,3.46,-9.48719,-3.72697,4.80497,-1.40143,0,0,-12,0,0,0,0,0,6.20098,0,0,0,
0.492644,0.120926,0.84312,0.654518,0.466217,-0.509812,-0.307147,0,0,0,0,0,0,0.424742,0.396174,0.67933,0.0490537,0.976499,-0.208644,0.022602,-0.178981,0.0799403,0.739144,0.694609,0.287715,0.609158,-0.25232,0,0,0,0,0,0,0,0.00176085,0.00316055,-0.00536282,-0.00435736,33.966,10.0089,12.0271,3.45856,-9.48832,-3.72737,4.80587,-1.40172,0,0,-12,0,0,0,0,0,6.20098,0,0,0,
0.492644,0.120926,0.84312,0.654518,0.466217,-0.509812,-0.307147,0,0,0,0,0,0,0.424742,0.396174,0.67933,0.0490537,0.976499,-0.208644,0.022602,-0.178981,0.0799403,0.739144,0.694609,0.287715,0.609158,-0.25232,0,0,0,0,0,0,0,0.00149894,0.00316108,-0.00536386,-0.00435815,33.9712,10.0089,12.0295,3.45796,-9.48921,-3.72776,4.80697,-1.40207,0,0,-12,0,0,0,0,0,6.20098,0,0,0,
0.492644,0.120926,0.84312,0.654518,0.466217,-0.509812,-0.307147,0,0,0,0,0,0,0.424742,0.396174,0.67933,0.0490537,0.976499,-0.208644,0.022602,-0.178981,0.0799403,0.739144,0.694609,0.287715,0.609158,-0.25232,0,0,0,0,0,0,0,-0.000447179,0.00316163,-0.00536492,-0.00435893,33.978,10.0089,12.0379,3.45606,-9.49089,-3.7284,4.80852,-1.40256,0,0,-12,0,0,0,0,0,6.20098,0,0,0,
0.492644,0.120926,0.84312,0.654518,0.466217,-0.509812,-0.307147,0,0,0,0,0,0,0.424742,0.396174,0.67933,0.0490537,0.976499,-0.208644,0.022602,-0.178981,0.0799403,0.739144,0.694609,0.287715,0.609158,-0.25232,0,0,0,0,0,0,0,0.00249498,0.00316217,-0.00536597,-0.00435972,33.9832,10.009,12.03,3.45765,-9.49078,-3.72856,4.80943,-1.40287,0,0,-12,0,0,0,0,0,6.20098,0,0,0,
0.492644,0.120926,0.84312,0.654518,0.466217,-0.509812,-0.307147,0,0,0,0,0,0,0.424742,0.396174,0.67933,0.0490537,0.976499,-0.208644,0.022602,-0.178981,0.0799403,0.739144,0.694609,0.287715,0.609158,-0.25232,0,0,0,0,0,0,0,0.00392782,0.00316271,-0.00536704,-0.00436048,33.9918,10.0091,12.028,3.45794,-9.49167,-3.72907,4.81114,-1.40342,0,0,-12,0,0,0,0,0,6.20098,0,0,0,
0.492644,0.120926,0.84312,0.654518,0.466217,-0.509812,-0.307147,0,0,0,0,0,0,0.424742,0.396174,0.67933,0.0490537,0.976499,-0.208644,0.022602,-0.178981,0.0799403,0.739144,0.694609,0.287715,0.609158,-0.25232,0,0,0,0,0,0,0,0.00232541,0.00316324,-0.00536808,-0.00436128,33.9959,10.0091,12.0344,3.45651,-9.49281,-3.72949,4.81209,-1.40373,0,0,-12,0,0,0,0,0,6.20098,0,0,0,
0.492644,0.120926,0.84312,0.654518,0.466217,-0.509812,-0.307147,0,0,0,0,0,0,0.424742,0.396174,0.67933,0.0490537,0.976499,-0.208644,0.022602,-0.178981,0.0799403,0.739144,0.694609,0.287715,0.609158,-0.25232,0,0,0,0,0,0,0,-0.00115436,0.00316378,-0.00536913,-0.00436206,34.0019,10.0089,12.0476,3.45363,-9.49485,-3.73018,4.81355,-1.40419,0,0,-12,0,0,0,0,0,6.20098,0,0,0,
0.492644,0.120926,0.84312,0.654518,0.466217,-0.509812,-0.307147,0,0,0,0,0,0,0.424742,0.396174,0.67933,0.0490537,0.976499,-0.208644,0.022602,-0.178981,0.0799403,0.739144,0.694609,0.287715,0.609158,-0.25232,0,0,0,0,0,0,0,0.000439151,0.00316432,-0.00537019,-0.00436284,34.0083,10.009,12.0444,3.4542,-9.49535,-3.73052,4.81479,-1.40459,0,0,-12,0,0,0,0,0,6.20098,0,0,0,
0.492644,0.120926,0.84312,0.654518,0.466217,-0.509812,-0.307147,0,0,0,0,0,0,0.424742,0.396174,0.67933,0.0490537,0.976499,-0.208644,0.022602,-0.178981,0.0799403,0.739144,0.694609,0.287715,0.609158,-0.25232,0,0,0,0,0,0,0,0.000672325,0.00316486,-0.00537123,-0.00436365,34.0124,10.009,12.0449,3.45403,-9.49592,-3.7308,4.81564,-1.40487,0,0,-12,0,0,0,0,0,6.20098,0,0,0,
0.492644,0.120926,0.84312,0.654518,0.466217,-0.509812,-0.307147,0,0,0,0,0,0,0.424742,0.396174,0.67933,0.0490537,0.976499,-0.208644,0.022602,-0.178981,0.0799403,0.739144,0.694609,0.287715,0.609158,-0.25232,0,0,0,0,0,0,0,0.000477054,0.0031654,-0.00537228,-0.00436443,34.0184,10.009,12.0474,3.4534,-9.49692,-3.73125,4.81691,-1.40527,0,0,-12,0,0,0,0,0,6.20098,0,0,0,
0.492644,0.120926,0.84312,0.654518,0.466217,-0.509812,-0.307147,0,0,0,0,0,0,0.424742,0.396174,0.67933,0.0490537,0.976499,-0.208644,0.022602,-0.178981,0.0799403,0.739144,0.694609,0.287715,0.609158,-0.25232,0,0,0,0,0,0,0,0.00193211,0.00316596,-0.00537337,-0.00436527,34.0227,10.0091,12.044,3.45405,-9.49712,-3.73145,4.81771,-1.40554,0,0,-12,0,0,0,0,0,6.20098,0,0,0,
0.492644,0.120926,0.84312,0.654518,0.466217,-0.509812,-0.307147,0,0,0,0,0,0,0.424742,0.396174,0.67933,0.0490537,0.976499,-0.208644,0.022602,-0.178981,0.0799403,0.739144,0.694609,0.287715,0.609158,-0.25232,0,0,0,0,0,0,0,0.00124422,0.0031665,-0.00537441,-0.00436603,34.03,10.0091,12.0485,3.45298,-9.49849,-3.73203,4.81928,-1.40604,0,0,-12,0,0,0,0,0,6.20098,0,0,0,
0.492644,0.120926,0.84312,0.654518,0.466217,-0.509812,-0.307147,0,0,0,0,0,0,0.424742,0.396174,0.67933,0.0490537,0.976499,-0.208644,0.022602,-0.178981,0.0799403,0.739144,0.694609,0.287715,0.609158,-0.25232,0,0,0,0,0,0,0,0.00188569,0.00316703,-0.00537545,-0.00436681,34.0347,10.0092,12.0478,3.45304,-9.49901,-3.73232,4.82021,-1.40635,0,0,-12,0,0,0,0,0,6.20098,0,0,0,
0.492644,0.120926,0.84312,0.654518,0.466217,-0.509812,-0.307147,0,0,0,0,0,0,0.424742,0.396174,0.67933,0.0490537,0.976499,-0.208644,0.022602,-0.178981,0.0799403,0.739144,0.694609,0.287715,0.609158,-0.25232,0,0,0,0,0,0,0,0.00135345,0.00316758,-0.00537652,-0.00436761,34.0413,10.0091,12.0516,3.45214,-9.50021,-3.73284,4.82162,-1.4068,0,0,-12,0,0,0,0,0,6.20098,0,0,0,
0.492644,0.120926,0.84312,0.654518,0.466217,-0.509812,-0.307147,0,0,0,0,0,0,0.424742,0.396174,0.67933,0.0490537,0.976499,-0.208644,0.022602,-0.178981,0.0799403,0.739144,0.694609,0.287715,0.609158,-0.25232,0,0,0,0,0,0,0,-0.000633324,0.00316811,-0.00537756,-0.00436837,34.0475,10.0091,12.0599,3.45027,-9.50181,-3.73343,4.82304,-1.40725,0,0,-12,0,0,0,0,0,6.20098,0,0,0,
0.492644,0.120926,0.84312,0.654518,0.466217,-0.509812,-0.307147,0,0,0,0,0,0,0.424742,0.396174,0.67933,0.0490537,0.976499,-0.208644,0.022602,-0.178981,0.0799403,0.739144,0.694609,0.287715,0.609158,-0.25232,0,0,0,0,0,0,0,-0.0020986,0.00316865,-0.0053786,-0.00436917,34.0524,10.009,12.0662,3.44887,-9.50304,-3.73389,4.82415,-1.4076,0,0,-12,0,0,0,0,0,6.20098,0,0,0,
0.492644,0.120926,0.84312,0.654518,0.466217,-0.509812,-0.307147,0,0,0,0,0,0,0.424742,0.396174,0.67933,0.0490537,0.976499,-0.208644,0.022602,-0.178981,0.0799403,0.739144,0.694609,0.287715,0.609158,-0.25232,0,0,0,0,0,0,0,-0.000142369,0.00316918,-0.00537964,-0.00436996,34.0567,10.0091,12.0612,3.44986,-9.50309,-3.73406,4.82493,-1.40786,0,0,-12,0,0,0,0,0,6.20098,0,0,0,
0.492644,0.120926,0.84312,0.654518,0.466217,-0.509812,-0.307147,0,0,0,0,0,0,0.424742,0.396174,0.67933,0.0490537,0.976499,-0.208644,0.022602,-0.178981,0.0799403,0.739144,0.694609,0.287715,0.609158,-0.25232,0,0,0,0,0,0,0,-8.3619e-05,0.00316972,-0.00538069,-0.00437076,34.0614,10.0091,12.0624,3.44951,-9.50382,-3.7344,4.82592,-1.40818,0,0,-12,0,0,0,0,0,6.20098,0,0,0,
0.492644,0.120926,0.84312,0.654518,0.466217,-0.509812,-0.307147,0,0,0,0,0,0,0.424742,0.396174,0.67933,0.0490537,0.976499,-0.208644,0.022602,-0.178981,0.0799403,0.739144,0.694609,0.287715,0.609158,-0.25232,0,0,0,0,0,0,0,-0.000319601,0.00317027,-0.00538173,-0.00437158,34.0646,10.0091,12.0642,3.44909,-9.50438,-3.73464,4.82659,-1.4084,0,0,-12,0,0,0,0,0,6.20098,0,0,0,
0.492644,0.120926,0.84312,0.654518,0.466217,-0.509812,-0.307147,0,0,0,0,0,0,0.424742,0.396174,0.67933,0.0490537,0.976499,-0.208644,0.022602,-0.178981,0.0799403,0.739144,0.694609,0.287715,0.609158,-0.25232,0,0,0,0,0,0,0,0.00268447,0.0031708,-0.00538276,-0.00437234,34.0711,10.0093,12.0564,3.45062,-9.50445,-3.73489,4.82777,-1.40879,0,0,-12,0,0,0,0,0,6.20098,0,0,0,
0.492644,0.120926,0.84312,0.654518,0.466217,-0.509812,-0.307147,0,0,0,0,0,0,0.424742,0.396174,0.67933,0.0490537,0.976499,-0.208644,0.022602,-0.178981,0.0799403,0.739144,0.694609,0.287715,0.609158,-0.25232,0,0,0,0,0,0,0,0.00428117,0.00317135,-0.00538385,-0.00437315,34.0772,10.0094,12.0531,3.45122,-9.5049,-3.73521,4.82894,-1.40917,0,0,-12,0,0,0,0,0,6.20098,0,0,0,
0.492644,0.120926,0.84312,0.654518,0.466217,-0.509812,-0.307147,0,0,0,0,0,0,0.424742,0.396174,0.67933,0.0490537,0.976499,-0.208644,0.022602,-0.178981,0.0799403,0.739144,0.694609,0.287715,0.609158,-0.25232,0,0,0,0,0,0,0,0.00229179,0.00317191,-0.00538493,-0.00437396,34.0829,10.0093,12.0613,3.44939,-9.50642,-3.73577,4.83026,-1.40959,0,0,-12,0,0,0,0,0,6.20098,0,0,0,
0.492644,0.120926,0.84312,0.654518,0.466217,-0.509812,-0.307147,0,0,0,0,0,0,0.424742,0.396174,0.67933,0.0490537,0.976499,-0.208644,0.022602,-0.178981,0.0799403,0.739144,0.694609,0.287715,0.609158,-0.25232,0,0,0,0,0,0,0,0.000943994,0.00317246,-0.005386,-0.00437477,34.0884,10.0093,12.0674,3.44802,-9.50772,-3.73628,4.8315,-1.40999,0,0,-12,0,0,0,0,0,6.20098,0,0,0,
0.492644,0.120926,0.84312,0.654518,0.466217,-0.509812,-0.307147,0,0,0,0,0,0,0.424742,0.396174,0.67933,0.0490537,0.976499,-0.208644,0.022602,-0.178981,0.0799403,0.739144,0.694609,0.287715,0.609158,-0.25232,0,0,0,0,0,0,0,0.00081382,0.00317301,-0.00538709,-0.00437557,34.095,10.0093,12.0699,3.44739,-9.50879,-3.73676,4.83289,-1.41043,0,0,-12,0,0,0,0,0,6.20098,0,0,0,
0.492644,0.120926,0.84312,0.654518,0.466217,-0.509812,-0.307147,0,0,0,0,0,0,0.424742,0.396174,0.67933,0.0490537,0.976499,-0.208644,0.022602,-0.178981,0.0799403,0.739144,0.694609,0.287715,0.609158,-0.25232,0,0,0,0,0,0,0,-0.000356719,0.00317355,-0.00538816,-0.00437634,34.1027,10.0092,12.076,3.44596,-9.51035,-3.7374,4.83455,-1.41097,0,0,-12,0,0,0,0,0,6.20098,0,0,0,
0.492644,0.120926,0.84312,0.654518,0.466217,-0.509812,-0.307147,0,0,0,0,0,0,0.424742,0.396174,0.67933,0.0490537,0.976499,-0.208644,0.022602,-0.178981,0.0799403,0.739144,0.694609,0.287715,0.609158,-0.25232,0,0,0,0,0,0,0,0.000531301,0.00317408,-0.0053892,-0.00437711,34.1089,10.0093,12.0751,3.44606,-9.51105,-3.73779,4.8358,-1.41137,0,0,-12,0,0,0,0,0,6.20098,0,0,0,
0.492644,0.120926,0.84312,0.654518,0.466217,-0.509812,-0.307147,0,0,0,0,0,0,0.424742,0.396174,0.67933,0.0490537,0.976499,-0.208644,0.022602,-0.178981,0.0799403,0.739144,0.694609,0.287715,0.609158,-0.25232,0,0,0,0,0,0,0,-0.000231501,0.00317464,-0.00539028,-0.00437792,34.1147,10.0093,12.0793,3.44507,-9.5122,-3.73826,4.83706,-1.41178,0,0,-12,0,0,0,0,0,6.20098,0,0,0,
0.492644,0.120926,0.84312,0.654518,0.466217,-0.509812,-0.307147,0,0,0,0,0,0,0.424742,0.396174,0.67933,0.0490537,0.976499,-0.208644,0.022602,-0.178981,0.0799403,0.739144,0.694609,0.287715,0.609158,-0.25232,0,0,0,0,0,0,0,0.00160073,0.0031752,-0.00539137,-0.00437874,34.1205,10.0094,12.0752,3.44585,-9.51253,-3.73855,4.83817,-1.41214,0,0,-12,0,0,0,0,0,6.20098,0,0,0,
0.492644,0.120926,0.84312,0.654518,0.466217,-0.509812,-0.307147,0,0,0,0,0,0,0.424742,0.396174,0.67933,0.0490537,0.976499,-0.208644,0.022602,-0.178981,0.0799403,0.739144,0.694609,0.287715,0.609158,-0.25232,0,0,0,0,0,0,0,0.00173563,0.00317579,-0.00539251,-0.00437959,34.1273,10.0094,12.0768,3.44539,-9.51354,-3.73903,4.83957,-1.41259,0,0,-12,0,0,0,0,0,6.20098,0,0,0,
0.492644,0.120926,0.84312,0.654518,0.466217,-0.509812,-0.307147,0,0,0,0,0,0,0.424742,0.396174,0.67933,0.0490537,0.976499,-0.208644,0.022602,-0.178981,0.0799403,0.739144,0.694609,0.287715,0.609158,-0.25232,0,0,0,0,0,0,0,0.00494403,0.00317635,-0.00539362,-0.00438042,34.1326,10.0096,12.068,3.44716,-9.51335,-3.73917,4.84048,-1.4129,0,0,-12,0,0,0,0,0,6.20098,0,0,0,
0.492644,0.120926,0.84312,0.654518,0.466217,-0.509812,-0.307147,0,0,0,0,0,0,0.424742,0.396174,0.67933,0.0490537,0.976499,-0.208644,0.022602,-0.178981,0.0799403,0.739144,0.694609,0.287715,0.609158,-0.25232,0,0,0,0,0,0,0,0.00186207,0.00317692,-0.00539471,-0.00438125,34.1384,10.0095,12.0799,3.44457,-9.51524,-3.73982,4.84189,-1.41334,0,0,-12,0,0,0,0,0,6.20098,0,0,0,
0.492644,0.120926,0.84312,0.654518,0.466217,-0.509812,-0.307147,0,0,0,0,0,0,0.424742,0.396174,0.67933,0.0490537,0.976499,-0.208644,0.022602,-0.178981,0.0799403,0.739144,0.694609,0.287715,0.609158,-0.25232,0,0,0,0,0,0,0,-0.00015821,0.0031775,-0.00539586,-0.0043821,34.1452,10.0094,12.0885,3.44263,-9.51694,-3.74046,4.84343,-1.41383,0,0,-12,0,0,0,0,0,6.20098,0,0,0,
0.492644,0.120926,0.84312,0.654518,0.466217,-0.509812,-0.307147,0,0,0,0,0,0,0.424742,0.396174,0.67933,0.0490537,0.976499,-0.208644,0.022602,-0.178981,0.0799403,0.739144,0.694609,0.287715,0.609158,-0.25232,0,0,0,0,0,0,0,-0.00344845,0.00317807,-0.00539697,-0.00438294,34.1506,10.0092,12.1008,3.43994,-9.51882,-3.74109,4.84474,-1.41425,0,0,-12,0,0,0,0,0,6.20098,0,0,0,
0.492644,0.120926,0.84312,0.654518,0.466217,-0.509812,-0.307147,0,0,0,0,0,0,0.424742,0.396174,0.67933,0.0490537,0.976499,-0.208644,0.022602,-0.178981,0.0799403,0.739144,0.694609,0.287715,0.609158,-0.25232,0,0,0,0,0,0,0,0.00241444,0.00317862,-0.00539803,-0.00438372,34.1569,10.0095,12.0838,3.44344,-9.51795,-3.74111,4.84571,-1.41458,0,0,-12,0,0,0,0,0,6.20098,0,0,0,
0.492644,0.120926,0.84312,0.654518,0.466217,-0.509812,-0.307147,0,0,0,0,0,0,0.424742,0.396174,0.67933,0.0490537,0.976499,-0.208644,0.022602,-0.178981,0.0799403,0.739144,0.694609,0.287715,0.609158,-0.25232,0,0,0,0,0,0,0,0.000806109,0.00317917,-0.0053991,-0.00438454,34.162,10.0095,12.0905,3.44193,-9.51925,-3.7416,4.84687,-1.41495,0,0,-12,0,0,0,0,0,6.20098,0,0,0,
0.492644,0.120926,0.84312,0.654518,0.466217,-0.509812,-0.307147,0,0,0,0,0,0,0.424742,0.396174,0.67933,0.0490537,0.976499,-0.208644,0.022602,-0.178981,0.0799403,0.739144,0.694609,0.287715,0.609158,-0.25232,0,0,0,0,0,0,0,0.000967477,0.00317972,-0.00540017,-0.00438534,34.1677,10.0095,12.0918,3.44157,-9.5201,-3.742,4.84806,-1.41533,0,0,-12,0,0,0,0,0,6.20098,0,0,0,
0.492644,0.120926,0.84312,0.654518,0.466217,-0.509812,-0.307147,0,0,0,0,0,0,0.424742,0.396174,0.67933,0.0490537,0.976499,-0.208644,0.022602,-0.178981,0.0799403,0.739144,0.694609,0.287715,0.609158,-0.25232,0,0,0,0,0,0,0,0.00206134,0.0031803,-0.0054013,-0.00438617,34.1745,10.0096,12.0903,3.44176,-9.52083,-3.74242,4.84942,-1.41578,0,0,-12,0,0,0,0,0,6.20098,0,0,0,
0.492644,0.120926,0.84312,0.654518,0.466217,-0.509812,-0.307147,0,0,0,0,0,0,0.424742,0.396174,0.67933,0.0490537,0.976499,-0.208644,0.022602,-0.178981,0.0799403,0.739144,0.694609,0.287715,0.609158,-0.25232,0,0,0,0,0,0,0,-0.00203615,0.00318088,-0.00540243,-0.00438703,34.1798,10.0094,12.1053,3.43852,-9.52294,-3.7431,4.85077,-1.4162,0,0,-12,0,0,0,0,0,6.20098,0,0,0,
0.492644,0.120926,0.84312,0.654518,0.466217,-0.509812,-0.307147,0,0,0,0,0,0,0.424742,0.396174,0.67933,0.0490537,0.976499,-0.208644,0.022602,-0.178981,0.0799403,0.739144,0.694609,0.287715,0.609158,-0.25232,0,0,0,0,0,0,0,0.00194409,0.0031815,-0.00540364,-0.00438794,34.1869,10.0096,12.0945,3.44067,-9.52279,-3.74332,4.85201,-1.41661,0,0,-12,0,0,0,0,0,6.20098,0,0,0,
0.492644,0.120926,0.84312,0.654518,0.466217,-0.509812,-0.307147,0,0,0,0,0,0,0.424742,0.396174,0.67933,0.0490537,0.976499,-0.208644,0.022602,-0.178981,0.0799403,0.739144,0.694609,0.287715,0.609158,-0.25232,0,0,0,0,0,0,0,0.00434988,0.00318205,-0.00540471,-0.00438874,34.192,10.0097,12.0883,3.44191,-9.52284,-3.74351,4.85294,-1.41692,0,0,-12,0,0,0,0,0,6.20098,0,0,0,
0.492644,0.120926,0.84312,0.654518,0.466217,-0.509812,-0.307147,0,0,0,0,0,0,0.424742,0.396174,0.67933,0.0490537,0.976499,-0.208644,0.022602,-0.178981,0.0799403,0.739144,0.694609,0.287715,0.609158,-0.25232,0,0,0,0,0,0,0,0.0013321,0.00318262,-0.00540581,-0.00438958,34.1972,10.0096,12.0997,3.43941,-9.52461,-3.74411,4.85421,-1.41732,0,0,-12,0,0,0,0,0,6.20098,0,0,0,
0.492644,0.120926,0.84312,0.654518,0.466217,-0.509812,-0.307147,0,0,0,0,0,0,0.424742,0.396174,0.67933,0.0490537,0.976499,-0.208644,0.022602,-0.178981,0.0799403,0.739144,0.694609,0.287715,0.609158,-0.25232,0,0,0,0,0,0,0,0.000407218,0.0031832,-0.00540695,-0.00439043,34.204,10.0096,12.1048,3.43823,-9.52596,-3.74467,4.85568,-1.41779,0,0,-12,0,0,0,0,0,6.20098,0,0,0,
0.492644,0.120926,0.84312,0.654518,0.466217,-0.509812,-0.307147,0,0,0,0,0,0,0.424742,0.396174,0.67933,0.0490537,0.976499,-0.208644,0.022602,-0.178981,0.0799403,0.739144,0.694609,0.287715,0.609158,-0.25232,0,0,0,0,0,0,0,0.00366328,0.00318376,-0.00540805,-0.00439124,34.2105,10.0098,12.0962,3.43993,-9.52594,-3.7449,4.85684,-1.41817,0,0,-12,0,0,0,0,0,6.20098,0,0,0,
0.492644,0.120926,0.84312,0.654518,0.466217,-0.509812,-0.307147,0,0,0,0,0,0,0.424742,0.396174,0.67933,0.0490537,0.976499,-0.208644,0.022602,-0.178981,0.0799403,0.739144,0.694609,0.287715,0.609158,-0.25232,0,0,0,0,0,0,0,0.00358683,0.00318429,-0.00540905,-0.00439204,34.2124,10.0098,12.097,3.43972,-9.52626,-3.74504,4.85724,-1.4183,0,0,-12,0,0,0,0,0,6.20098,0,0,0,
0.492644,0.120926,0.84312,0.654518,0.466217,-0.509812,-0.307147,0,0,0,0,0,0,0.424742,0.396174,0.67933,0.0490537,0.976499,-0.208644,0.022602,-0.178981,0.0799403,0.739144,0.694609,0.287715,0.609158,-0.25232,0,0,0,0,0,0,0,0.00127501,0.00318484,-0.00541014,-0.00439283,34.2203,10.0097,12.107,3.43749,-9.52823,-3.74578,4.85903,-1.41888,0,0,-12,0,0,0,0,0,6.20098,0,0,0,
0.492644,0.120926,0.84312,0.654518,0.466217,-0.509812,-0.307147,0,0,0,0,0,0,0.424742,0.396174,0.67933,0.0490537,0.976499,-0.208644,0.022602,-0.178981,0.0799403,0.739144,0.694609,0.287715,0.609158,-0.25232,0,0,0,0,0,0,0,0.00213846,0.00318538,-0.0054112,-0.00439362,34.226,10.0097,12.1059,3.43762,-9.52884,-3.74613,4.86016,-1.41924,0,0,-12,0,0,0,0,0,6.20098,0,0,0,
0.492644,0.120926,0.84312,0.654518,0.466217,-0.509812,-0.307147,0,0,0,0,0,0,0.424742,0.396174,0.67933,0.0490537,0.976499,-0.208644,0.022602,-0.178981,0.0799403,0.739144,0.694609,0.287715,0.609158,-0.25232,0,0,0,0,0,0,0,0.00207363,0.00318592,-0.00541225,-0.00439439,34.2329,10.0097,12.1083,3.43701,-9.52995,-3.74663,4.86162,-1.41971,0,0,-12,0,0,0,0,0,6.20098,0,0,0,
0.492644,0.120926,0.84312,0.654518,0.466217,-0.509812,-0.307147,0,0,0,0,0,0,0.424742,0.396174,0.67933,0.0490537,0.976499,-0.208644,0.022602,-0.178981,0.0799403,0.739144,0.694609,0.287715,0.609158,-0.25232,0,0,0,0,0,0,0,0.0034734,0.00318645,-0.00541328,-0.00439517,34.2378,10.0098,12.1052,3.43758,-9.53027,-3.74688,4.86255,-1.42002,0,0,-12,0,0,0,0,0,6.20098,0,0,0,
0.492644,0.120926,0.84312,0.654518,0.466217,-0.509812,-0.307147,0,0,0,0,0,0,0.424742,0.396174,0.67933,0.0490537,0.976499,-0.208644,0.022602,-0.178981,0.0799403,0.739144,0.694609,0.287715,0.609158,-0.25232,0,0,0,0,0,0,0,0.000559211,0.00318703,-0.00541441,-0.00439603,34.2432,10.0097,12.1164,3.43514,-9.53203,-3.74749,4.86385,-1.42043,0,0,-12,0,0,0,0,0,6.20098,0,0,0,
0.492644,0.120926,0.84312,0.654518,0.466217,-0.509812,-0.307147,0,0,0,0,0,0,0.424742,0.396174,0.67933,0.0490537,0.976499,-0.208644,0.022602,-0.178981,0.0799403,0.739144,0.694609,0.287715,0.609158,-0.25232,0,0,0,0,0,0,0,0.000848624,0.00318758,-0.00541548,-0.00439681,34.2502,10.0097,12.1176,3.43476,-9.53304,-3.74797,4.8653,-1.4209,0,0,-12,0,0,0,0,0,6.20098,0,0,0,
0.492644,0.120926,0.84312,0.654518,0.466217,-0.509812,-0.307147,0,0,0,0,0,0,0.424742,0.396174,0.67933,0.0490537,0.976499,-0.208644,0.022602,-0.178981,0.0799403,0.739144,0.694609,0.287715,0.609158,-0.25232,0,0,0,0,0,0,0,-0.000360414,0.00318817,-0.00541664,-0.00439768,34.2564,10.0097,12.1234,3.43343,-9.53438,-3.74851,4.86666,-1.42133,0,0,-12,0,0,0,0,0,6.20098,0,0,0,
0.492644,0.120926,0.84312,0.654518,0.466217,-0.509812,-0.307147,0,0,0,0,0,0,0.424742,0.396174,0.67933,0.0490537,0.976499,-0.208644,0.022602,-0.178981,0.0799403,0.739144,0.694609,0.287715,0.609158,-0.25232,0,0,0,0,0,0,0,0.000802723,0.00318872,-0.00541769,-0.00439849,34.2607,10.0098,12.121,3.43387,-9.5347,-3.74874,4.8675,-1.42161,0,0,-12,0,0,0,0,0,6.20098,0,0,0,
0.492644,0.120926,0.84312,0.654518,0.466217,-0.509812,-0.307147,0,0,0,0,0,0,0.424742,0.396174,0.67933,0.0490537,0.976499,-0.208644,0.022602,-0.178981,0.0799403,0.739144,0.694609,0.287715,0.609158,-0.25232,0,0,0,0,0,0,0,0.00156474,0.00318926,-0.00541875,-0.00439927,34.267,10.0098,12.1205,3.43388,-9.53544,-3.74914,4.86877,-1.42202,0,0,-12,0,0,0,0,0,6.20098,0,0,0,
0.492644,0.120926,0.84312,0.654518,0.466217,-0.509812,-0.307147,0,0,0,0,0,0,0.424742,0.396174,0.67933,0.0490537,0.976499,-0.208644,0.022602,-0.178981,0.0799403,0.739144,0.694609,0.287715,0.609158,-0.25232,0,0,0,0,0,0,0,0.00255363,0.00318982,-0.00541984,-0.0044001,34.2722,10.0099,12.1188,3.43414,-9.53594,-3.74944,4.86979,-1.42235,0,0,-12,0,0,0,0,0,6.20098,0,0,0,
0.492644,0.120926,0.84312,0.654518,0.466217,-0.509812,-0.307147,0,0,0,0,0,0,0.424742,0.396174,0.67933,0.0490537,0.976499,-0.208644,0.022602,-0.178981,0.0799403,0.739144,0.694609,0.287715,0.609158,-0.25232,0,0,0,0,0,0,0,0.00295835,0.00319043,-0.00542104,-0.00440099,34.2793,10.0099,12.1197,3.43384,-9.53692,-3.74992,4.87125,-1.42282,0,0,-12,0,0,0,0,0,6.20098,0,0,0,
0.492644,0.120926,0.84312,0.654518,0.466217,-0.509812,-0.307147,0,0,0,0,0,0,0.424742,0.396174,0.67933,0.0490537,0.976499,-0.208644,0.022602,-0.178981,0.0799403,0.739144,0.694609,0.287715,0.609158,-0.25232,0,0,0,0,0,0,0,0.0048246,0.00319101,-0.00542216,-0.00440183,34.2853,10.01,12.1155,3.43463,-9.53726,-3.75021,4.87238,-1.4232,0,0,-12,0,0,0,0,0,6.20098,0,0,0,
0.492644,0.120926,0.84312,0.654518,0.466217,-0.509812,-0.307147,0,0,0,0,0,0,0.424742,0.396174,0.67933,0.0490537,0.976499,-0.208644,0.022602,-0.178981,0.0799403,0.739144,0.694609,0.287715,0.609158,-0.25232,0,0,0,0,0,0,0,3.079e-05,0.00319155,-0.00542322,-0.00440263,34.2909,10.0098,12.1328,3.43088,-9.53966,-3.75098,4.87386,-1.42366,0,0,-12,0,0,0,0,0,6.20098,0,0,0,
0.492644,0.120926,0.84312,0.654518,0.466217,-0.509812,-0.307147,0,0,0,0,0,0,0.424742,0.396174,0.67933,0.0490537,0.976499,-0.208644,0.022602,-0.178981,0.0799403,0.739144,0.694609,0.287715,0.609158,-0.25232,0,0,0,0,0,0,0,0.00276941,0.00319209,-0.00542425,-0.00440341,34.2958,10.01,12.1254,3.43237,-9.53956,-3.75112,4.8747,-1.42394,0,0,-12,0,0,0,0,0,6.20098,0,0,0,
0.492644,0.120926,0.84312,0.654518,0.466217,-0.509812,-0.307147,0,0,0,0,0,0,0.424742,0.396174,0.67933,0.0490537,0.976499,-0.208644,0.022602,-0.178981,0.0799403,0.739144,0.694609,0.287715,0.609158,-0.25232,0,0,0,0,0,0,0,0.0014792,0.00319264,-0.00542532,-0.00440422,34.3015,10.0099,12.1313,3.43101,-9.54086,-3.75163,4.87598,-1.42435,0,0,-12,0,0,0,0,0,6.20098,0,0,0,
0.492644,0.120926,0.84312,0.654518,0.466217,-0.509812,-0.307147,0,0,0,0,0,0,0.424742,0.396174,0.67933,0.0490537,0.976499,-0.208644,0.022602,-0.178981,0.0799403,0.739144,0.694609,0.287715,0.609158,-0.25232,0,0,0,0,0,0,0,0.00125147,0.0031932,-0.00542639,-0.00440507,34.3039,10.0099,12.1328,3.43066,-9.5413,-3.75182,4.87649,-1.42451,0,0,-12,0,0,0,0,0,6.20098,0,0,0,
0.492644,0.120926,0.84312,0.654518,0.466217,-0.509812,-0.307147,0,0,0,0,0,0,0.424742,0.396174,0.67933,0.0490537,0.976499,-0.208644,0.022602,-0.178981,0.0799403,0.739144,0.694609,0.287715,0.609158,-0.25232,0,0,0,0,0,0,0,0.0051592,0.00319376,-0.00542745,-0.00440592,34.306,10.0101,12.1208,3.43317,-9.5404,-3.75169,4.8767,-1.42459,0,0,-12,0,0,0,0,0,6.20098,0,0,0,
0.492644,0.120926,0.84312,0.654518,0.466217,-0.509812,-0.307147,0,0,0,0,0,0,0.424742,0.396174,0.67933,0.0490537,0.976499,-0.208644,0.022602,-0.178981,0.0799403,0.739144,0.694609,0.287715,0.609158,-0.25232,0,0,0,0,0,0,0,0.00249829,0.00319432,-0.00542854,-0.00440673,34.312,10.01,12.1313,3.43086,-9.54218,-3.75232,4.87811,-1.42504,0,0,-12,0,0,0,0,0,6.20098,0,0,0,
0.492644,0.120926,0.84312,0.654518,0.466217,-0.509812,-0.307147,0,0,0,0,0,0,0.424742,0.396174,0.67933,0.0490537,0.976499,-0.208644,0.022602,-0.178981,0.0799403,0.739144,0.694609,0.287715,0.609158,-0.25232,0,0,0,0,0,0,0,0.00197525,0.0031949,-0.00542964,-0.00440761,34.3138,10.01,12.1335,3.43035,-9.54262,-3.75249,4.87852,-1.42517,0,0,-12,0,0,0,0,0,6.20098,0,0,0,
0.492644,0.120926,0.84312,0.654518,0.466217,-0.509812,-0.307147,0,0,0,0,0,0,0.424742,0.396174,0.67933,0.0490537,0.976499,-0.208644,0.022602,-0.178981,0.0799403,0.739144,0.694609,0.287715,0.609158,-0.25232,0,0,0,0,0,0,0,0.00168571,0.00319552,-0.00543083,-0.00440855,34.3168,10.01,12.1354,3.42991,-9.54319,-3.75272,4.87916,-1.42537,0,0,-12,0,0,0,0,0,6.20098,0,0,0,
0.492644,0.120926,0.84312,0.654518,0.466217,-0.509812,-0.307147,0,0,0,0,0,0,0.424742,0.396174,0.67933,0.0490537,0.976499,-0.208644,0.022602,-0.178981,0.0799403,0.739144,0.694609,0.287715,0.609158,-0.25232,0,0,0,0,0,0,0,0.00312818,0.00319608,-0.0054319,-0.00440939,34.3201,10.0101,12.1317,3.43063,-9.54324,-3.75285,4.87976,-1.42557,0,0,-12,0,0,0,0,0,6.20098,0,0,0,
0.492644,0.120926,0.84312,0.654518,0.466217,-0.509812,-0.307147,0,0,0,0,0,0,0.424742,0.396174,0.67933,0.0490537,0.976499,-0.208644,0.022602,-0.178981,0.0799403,0.739144,0.694609,0.287715,0.609158,-0.25232,0,0,0,0,0,0,0,0.00270964,0.00319664,-0.00543302,-0.00441019,34.3286,10.0101,12.1357,3.42965,-9.54471,-3.7535,4.88156,-1.42615,0,0,-12,0,0,0,0,0,6.20098,0,0,0,
0.492644,0.120926,0.84312,0.654518,0.466217,-0.509812,-0.307147,0,0,0,0,0,0,0.424742,0.396174,0.67933,0.0490537,0.976499,-0.208644,0.022602,-0.178981,0.0799403,0.739144,0.694609,0.287715,0.609158,-0.25232,0,0,0,0,0,0,0,0.00325093,0.0031972,-0.00543412,-0.00441099,34.336,10.0101,12.1362,3.42941,-9.5457,-3.754,4.88309,-1.42665,0,0,-12,0,0,0,0,0,6.20098,0,0,0,
0.492644,0.120926,0.84312,0.654518,0.466217,-0.509812,-0.307147,0,0,0,0,0,0,0.424742,0.396174,0.67933,0.0490537,0.976499,-0.208644,0.022602,-0.178981,0.0799403,0.739144,0.694609,0.287715,0.609158,-0.25232,0,0,0,0,0,0,0,-0.000999355,0.00319774,-0.00543522,-0.00441171,34.3485,10.0099,12.1539,3.42548,-9.54899,-3.75521,4.88594,-1.42755,0,0,-12,0,0,0,0,0,6.20098,0,0,0,
0.492644,0.120926,0.84312,0.654518,0.466217,-0.509812,-0.307147,-1.68692e-06,-3.48929e-07,1.12974e-07,1.25534e-07,-2.17263e-06,-4.83587e-06,0.424742,0.396174,0.67933,0.049054,0.976499,-0.208644,0.0226021,-0.178981,0.0799403,0.739144,0.694609,0.287715,0.609158,-0.25232,0,0,0,0,0,0,0,0.00227739,0.00310763,-0.00541238,-0.0033751,34.3597,10.0101,12.1467,3.42686,-9.54975,-3.75563,4.88818,-1.42828,0,0,-12,0,0,0,0,0,6.20098,0,0,0,
0.492644,0.120926,0.84312,0.654518,0.466217,-0.509812,-0.307147,-1.68437e-06,-3.48402e-07,1.12804e-07,1.25344e-07,-2.16935e-06,-4.82856e-06,0.424742,0.396174,0.67933,0.049054,0.976499,-0.208644,0.0226021,-0.178981,0.0799403,0.739144,0.694609,0.287715,0.609158,-0.25232,0,0,0,0,0,0,0,-0.00108363,0.00319755,-0.00543687,-0.00439369,34.3596,10.01,12.1576,3.42452,-9.55076,-3.75602,4.88827,-1.42831,0,0,-12,0,0,0,0,0,6.20098,0,0,0,
0.492644,0.120926,0.84312,0.654518,0.466217,-0.509812,-0.307147,-1.68437e-06,-3.48402e-07,1.12804e-07,1.25344e-07,-2.16935e-06,-4.82856e-06,0.424742,0.396174,0.67933,0.049054,0.976499,-0.208644,0.0226021,-0.178981,0.0799403,0.739144,0.694609,0.287715,0.609158,-0.25232,0,0,0,0,0,0,0,0.00238837,0.00319809,-0.00543795,-0.00439446,34.3678,10.0102,12.1488,3.42624,-9.55094,-3.75635,4.88977,-1.4288,0,0,-12,0,0,0,0,0,6.20098,0,0,0,
0.492644,0.120926,0.84312,0.654518,0.466217,-0.509812,-0.307147,-1.68564e-06,-3.48665e-07,1.12889e-07,1.25439e-07,-2.17099e-06,-4.83221e-06,0.424742,0.396174,0.67933,0.049054,0.976499,-0.208644,0.0226021,-0.178981,0.0799403,0.739144,0.694609,0.287715,0.609158,-0.25232,0,0,0,0,0,0,0,0.00629977,0.00319863,-0.00543899,-0.00439525,34.372,10.0104,12.1374,3.42858,-9.55037,-3.75637,4.89042,-1.42902,0,0,-12,0,0,0,0,0,6.20098,0,0,0,
0.492644,0.120926,0.84312,0.654518,0.466217,-0.509812,-0.307147,-1.68564e-06,-3.48665e-07,1.12889e-07,1.25439e-07,-2.17099e-06,-4.83221e-06,0.424742,0.396174,0.67933,0.049054,0.976499,-0.208644,0.0226021,-0.178981,0.0799403,0.739144,0.694609,0.287715,0.609158,-0.25232,0,0,0,0,0,0,0,0.00494584,0.00319917,-0.00544006,-0.00439601,34.3793,10.0103,12.1441,3.42705,-9.55194,-3.757,4.89203,-1.42954,0,0,-12,0,0,0,0,0,6.20098,0,0,0,
0.492644,0.120926,0.84312,0.654518,0.466217,-0.509812,-0.307147,-1.68437e-06,-3.48402e-07,1.12804e-07,1.25344e-07,-2.16935e-06,-4.82856e-06,0.424742,0.396174,0.67933,0.049054,0.976499,-0.208644,0.0226021,-0.178981,0.0799403,0.739144,0.694609,0.287715,0.609158,-0.25232,0,0,0,0,0,0,0,0.00610873,0.00319973,-0.00544113,-0.00439682,34.384,10.0104,12.1417,3.42747,-9.5523,-3.75725,4.89293,-1.42983,0,0,-12,0,0,0,0,0,6.20098,0,0,0,
0.492644,0.120926,0.84312,0.654518,0.466217,-0.509812,-0.307147,-1.68437e-06,-3.48402e-07,1.12804e-07,1.25344e-07,-2.16935e-06,-4.82856e-06,0.424742,0.396174,0.67933,0.049054,0.976499,-0.208644,0.0226021,-0.178981,0.0799403,0.739144,0.694609,0.287715,0.609158,-0.25232,0,0,0,0,0,0,0,-0.000224316,0.00320028,-0.00544222,-0.00439759,34.3927,10.0101,12.165,3.42242,-9.55566,-3.75834,4.89512,-1.43052,0,0,-12,0,0,0,0,0,6.20098,0,0,0,
0.492644,0.120926,0.84312,0.654518,0.466217,-0.509812,-0.307147,-1.68437e-06,-3.48402e-07,1.12804e-07,1.25344e-07,-2.16935e-06,-4.82856e-06,0.424742,0.396174,0.67933,0.049054,0.976499,-0.208644,0.0226021,-0.178981,0.0799403,0.739144,0.694609,0.287715,0.609158,-0.25232,0,0,0,0,0,0,0,-0.000665531,0.00320083,-0.0054433,-0.00439838,34.3993,10.0101,12.1684,3.42157,-9.55683,-3.75885,4.89654,-1.43098,0,0,-12,0,0,0,0,0,6.20098,0,0,0,
0.492644,0.120926,0.84312,0.654518,0.466217,-0.509812,-0.307147,0,0,0,0,0,0,0.424742,0.396174,0.67933,0.049054,0.976499,-0.208644,0.0226021,-0.178981,0.0799403,0.739144,0.694609,0.287715,0.609158,-0.25232,0,0,0,0,0,0,0,0.00197946,0.00320137,-0.00544435,-0.00439917,34.4037,10.0102,12.1612,3.42302,-9.5567,-3.75898,4.89731,-1.43123,0,0,-12,0,0,0,0,0,6.20098,0,0,0,
0.492644,0.120926,0.84312,0.654518,0.466217,-0.509812,-0.307147,1.68819e-06,3.49194e-07,-1.1306e-07,-1.25629e-07,2.17427e-06,4.83953e-06,0.424742,0.396174,0.67933,0.0490537,0.976499,-0.208644,0.022602,-0.178981,0.0799403,0.739144,0.694609,0.287715,0.609158,-0.25232,0,0,0,0,0,0,0,-0.0020021,0.003293,-0.00546943,-0.0054424,34.4044,10.01,12.1743,3.4202,-9.558,-3.75948,4.89759,-1.43132,0,0,-12,0,0,0,0,0,6.20098,0,0,0,
0.492644,0.120926,0.84312,0.654518,0.466217,-0.509812,-0.307147,1.68819e-06,3.49194e-07,-1.1306e-07,-1.25629e-07,2.17427e-06,4.83953e-06,0.424742,0.396174,0.67933,0.0490537,0.976499,-0.208644,0.022602,-0.178981,0.0799403,0.739144,0.694609,0.287715,0.609158,-0.25232,0,0,0,0,0,0,0,-0.00225703,0.00320372,-0.00544691,-0.00442035,34.4146,10.0101,12.1783,3.41923,-9.55972,-3.76008,4.89982,-1.43203,0,0,-12,0,0,0,0,0,6.20098,0,0,0,
0.492644,0.120926,0.84312,0.654518,0.466217,-0.509812,-0.307147,1.68692e-06,3.4893e-07,-1.12975e-07,-1.25534e-07,2.17263e-06,4.83587e-06,0.424742,0.396174,0.67933,0.0490537,0.976499,-0.208644,0.022602,-0.178981,0.0799403,0.739144,0.694609,0.287715,0.609158,-0.25232,0,0,0,0,0,0,0,0.00172202,0.00320426,-0.00544795,-0.00442113,34.4201,10.0103,12.1671,3.42151,-9.55933,-3.76019,4.90075,-1.43234,0,0,-12,0,0,0,0,0,6.20098,0,0,0,
0.492644,0.120926,0.84312,0.654518,0.466217,-0.509812,-0.307147,1.68692e-06,3.4893e-07,-1.12975e-07,-1.25534e-07,2.17263e-06,4.83587e-06,0.424742,0.396174,0.67933,0.0490537,0.976499,-0.208644,0.022602,-0.178981,0.0799403,0.739144,0.694609,0.287715,0.609158,-0.25232,0,0,0,0,0,0,0,0.00656857,0.0032048,-0.00544902,-0.00442193,34.4258,10.0106,12.1531,3.42437,-9.55869,-3.76024,4.90165,-1.43265,0,0,-12,0,0,0,0,0,6.20098,0,0,0,
0.492644,0.120926,0.84312,0.654518,0.466217,-0.509812,-0.307147,1.68818e-06,3.49191e-07,-1.13059e-07,-1.25627e-07,2.17425e-06,4.83948e-06,0.424742,0.396174,0.67933,0.0490537,0.976499,-0.208644,0.022602,-0.178981,0.0799403,0.739144,0.694609,0.287715,0.609158,-0.25232,0,0,0,0,0,0,0,0.00209753,0.00320535,-0.00545007,-0.00442273,34.4304,10.0103,12.1691,3.42093,-9.56082,-3.76091,4.90288,-1.43303,0,0,-12,0,0,0,0,0,6.20098,0,0,0,
0.492645,0.120926,0.84312,0.654518,0.466217,-0.509812,-0.307147,2.10311e-06,-5.02225e-07,-2.4576e-06,3.59206e-06,5.89199e-06,4.14737e-06,0.424742,0.396174,0.67933,0.0490537,0.976499,-0.208644,0.0226019,-0.178981,0.0799403,0.739144,0.694609,0.287715,0.609158,-0.25232,0,0,0,0,0,0,0,-0.00117039,0.00474272,-0.00701118,-0.00574989,34.4363,10.0125,12.1833,3.42014,-9.563,-3.76172,4.90419,-1.43355,0,0,-12,0,0,0,0,0,6.20101,0,0,0,
0.492645,0.120926,0.84312,0.654518,0.466217,-0.509812,-0.307147,2.10183e-06,-5.02489e-07,-2.45751e-06,3.59215e-06,5.89035e-06,4.14371e-06,0.424742,0.396174,0.67933,0.0490537,0.976499,-0.208644,0.0226019,-0.178981,0.0799403,0.739144,0.694609,0.287715,0.609158,-0.25232,0,0,0,0,0,0,0,0.00184067,0.00322751,-0.00548102,-0.00444883,34.4422,10.0104,12.1736,3.41981,-9.56275,-3.76178,4.90536,-1.43382,0,0,-12,0,0,0,0,0,6.20101,0,0,0,
0.492645,0.120926,0.84312,0.654518,0.466217,-0.509812,-0.307147,2.10183e-06,-5.02489e-07,-2.45751e-06,3.59215e-06,5.89035e-06,4.14371e-06,0.424742,0.396174,0.67933,0.0490537,0.976499,-0.208644,0.0226019,-0.178981,0.0799403,0.739144,0.694609,0.287715,0.609158,-0.25232,0,0,0,0,0,0,0,0.00112212,0.00322807,-0.00548207,-0.00444967,34.4445,10.0104,12.1766,3.41913,-9.56333,-3.76199,4.90587,-1.43398,0,0,-12,0,0,0,0,0,6.20101,0,0,0,
0.492645,0.120926,0.84312,0.654518,0.466217,-0.509812,-0.307147,4.14919e-07,-8.51419e-07,-2.34454e-06,3.71768e-06,3.71772e-06,-6.92161e-07,0.424742,0.396174,0.67933,0.0490537,0.976499,-0.208644,0.0226019,-0.178981,0.0799403,0.739144,0.694609,0.287715,0.609158,-0.25232,0,0,0,0,0,0,0,0.00297248,0.0032286,-0.00548311,-0.00445048,34.4478,10.0105,12.1716,3.42013,-9.56327,-3.7621,4.90646,-1.43418,0,0,-12,0,0,0,0,0,6.20101,0,0,0,
0.492645,0.120926,0.84312,0.654518,0.466217,-0.509812,-0.307147,4.14606e-07,-8.50775e-07,-2.34276e-06,3.71487e-06,3.71491e-06,-6.91638e-07,0.424742,0.396174,0.67933,0.0490537,0.976499,-0.208644,0.0226019,-0.178981,0.0799403,0.739144,0.694609,0.287715,0.609158,-0.25232,0,0,0,0,0,0,0,0.00372361,0.00322916,-0.00548415,-0.00445135,34.4474,10.0105,12.169,3.42068,-9.56297,-3.76201,4.90633,-1.43414,0,0,-12,0,0,0,0,0,6.20101,0,0,0,
0.492645,0.120926,0.84312,0.654518,0.466217,-0.509812,-0.307147,4.1398e-07,-8.49491e-07,-2.33923e-06,3.70926e-06,3.7093e-06,-6.90594e-07,0.424742,0.396174,0.67933,0.0490537,0.976499,-0.208644,0.0226019,-0.178981,0.0799403,0.739144,0.694609,0.287715,0.609158,-0.25232,0,0,0,0,0,0,0,0.0063457,0.00322972,-0.00548518,-0.00445223,34.4461,10.0106,12.1601,3.42259,-9.56192,-3.76172,4.90589,-1.43401,0,0,-12,0,0,0,0,0,6.20101,0,0,0,
0.492645,0.120926,0.84312,0.654518,0.466217,-0.509812,-0.307147,4.1398e-07,-8.49491e-07,-2.33923e-06,3.70926e-06,3.7093e-06,-6.90594e-07,0.424742,0.396174,0.67933,0.0490537,0.976499,-0.208644,0.0226019,-0.178981,0.0799403,0.739144,0.694609,0.287715,0.609158,-0.25232,0,0,0,0,0,0,0,0.00961622,0.00323028,-0.00548617,-0.00445316,34.4387,10.0108,12.1472,3.42543,-9.55975,-3.76095,4.90416,-1.43346,0,0,-12,0,0,0,0,0,6.20101,0,0,0,
0.492645,0.120926,0.84312,0.654518,0.466217,-0.509812,-0.307147,4.1398e-07,-8.49491e-07,-2.33923e-06,3.70926e-06,3.7093e-06,-6.90594e-07,0.424742,0.396174,0.67933,0.0490537,0.976499,-0.208644,0.0226019,-0.178981,0.0799403,0.739144,0.694609,0.287715,0.609158,-0.25232,0,0,0,0,0,0,0,0.00930493,0.00323084,-0.00548722,-0.00445403,34.4391,10.0108,12.1484,3.42519,-9.55991,-3.761,4.90426,-1.43349,0,0,-12,0,0,0,0,0,6.20101,0,0,0,
0.492645,0.120926,0.84312,0.654518,0.466217,-0.509812,-0.307147,0,0,0,0,0,0,0.424742,0.396174,0.67933,0.0490537,0.976499,-0.208644,0.0226019,-0.178981,0.0799403,0.739144,0.694609,0.287715,0.609158,-0.25232,0,0,0,0,0,0,0,0.00724836,0.00323139,-0.00548837,-0.00445474,34.4545,10.0107,12.1598,3.42252,-9.56296,-3.76227,4.9076,-1.43456,0,0,-12,0,0,0,0,0,6.20101,0,0,0,
0.492645,0.120926,0.84312,0.654518,0.466217,-0.509812,-0.307147,0,0,0,0,0,0,0.424742,0.396174,0.67933,0.0490537,0.976499,-0.208644,0.0226019,-0.178981,0.0799403,0.739144,0.694609,0.287715,0.609158,-0.25232,0,0,0,0,0,0,0,0.00934757,0.00323193,-0.00548932,-0.00445566,34.446,10.0108,12.1503,3.42465,-9.56097,-3.7615,4.9057,-1.43396,0,0,-12,0,0,0,0,0,6.20101,0,0,0,
0.492644,0.120926,0.84312,0.654518,0.466217,-0.509812,-0.307147,-2.09708e-06,5.01353e-07,2.45194e-06,-3.58401e-06,-5.87701e-06,-4.13432e-06,0.424742,0.396174,0.67933,0.049054,0.976499,-0.208644,0.0226021,-0.178981,0.0799403,0.739144,0.694609,0.287715,0.609158,-0.25232,0,0,0,0,0,0,0,0.00628319,0.0016429,-0.00394456,-0.00212875,34.4654,10.0084,12.1645,3.41912,-9.56479,-3.76282,4.91013,-1.43526,0,0,-12,0,0,0,0,0,6.20098,0,0,0,
0.492644,0.120926,0.84312,0.654518,0.466217,-0.509812,-0.307147,-2.09708e-06,5.01361e-07,2.45197e-06,-3.58405e-06,-5.87704e-06,-4.13432e-06,0.424742,0.396174,0.67933,0.049054,0.976499,-0.208644,0.0226021,-0.178981,0.0799403,0.739144,0.694609,0.287715,0.609158,-0.25232,0,0,0,0,0,0,0,0.00474056,0.00321066,-0.00546222,-0.00441298,34.4703,10.0106,12.1728,3.4195,-9.56622,-3.76359,4.91104,-1.43567,0,0,-12,0,0,0,0,0,6.20098,0,0,0,
0.492644,0.120926,0.84312,0.654518,0.466217,-0.509812,-0.307147,-2.09739e-06,5.01994e-07,2.45371e-06,-3.58682e-06,-5.87981e-06,-4.1338e-06,0.424742,0.396174,0.67933,0.049054,0.976499,-0.208644,0.0226021,-0.178981,0.0799403,0.739144,0.694609,0.287715,0.609158,-0.25232,0,0,0,0,0,0,0,0.00335399,0.00321121,-0.00546335,-0.00441371,34.4826,10.0106,12.1811,3.41754,-9.5686,-3.76458,4.9137,-1.43653,0,0,-12,0,0,0,0,0,6.20098,0,0,0,
0.492644,0.120926,0.84312,0.654518,0.466217,-0.509812,-0.307147,-2.10025e-06,5.02111e-07,2.45565e-06,-3.58943e-06,-5.88589e-06,-4.14057e-06,0.424742,0.396174,0.67933,0.049054,0.976499,-0.208644,0.0226021,-0.178981,0.0799403,0.739144,0.694609,0.287715,0.609158,-0.25232,0,0,0,0,0,0,0,0.00275519,0.00321174,-0.00546444,-0.00441443,34.4945,10.0106,12.1867,3.41616,-9.57064,-3.76548,4.91622,-1.43734,0,0,-12,0,0,0,0,0,6.20098,0,0,0,
0.492644,0.120926,0.84312,0.654518,0.466217,-0.509812,-0.307147,-2.10025e-06,5.02111e-07,2.45565e-06,-3.58943e-06,-5.88589e-06,-4.14057e-06,0.424742,0.396174,0.67933,0.049054,0.976499,-0.208644,0.0226021,-0.178981,0.0799403,0.739144,0.694609,0.287715,0.609158,-0.25232,0,0,0,0,0,0,0,0.00384697,0.00321229,-0.00546553,-0.0044152,34.503,10.0106,12.1857,3.41622,-9.57162,-3.76602,4.91793,-1.4379,0,0,-12,0,0,0,0,0,6.20098,0,0,0,
0.492644,0.120926,0.84312,0.654518,0.466217,-0.509812,-0.307147,-2.10056e-06,5.02754e-07,2.45743e-06,-3.59224e-06,-5.8887e-06,-4.14005e-06,0.424742,0.396174,0.67933,0.049054,0.976499,-0.208644,0.0226021,-0.178981,0.0799403,0.739144,0.694609,0.287715,0.609158,-0.25232,0,0,0,0,0,0,0,0.000246429,0.00321282,-0.0054666,-0.00441591,34.5135,10.0105,12.2007,3.41289,-9.5744,-3.76704,4.92033,-1.43866,0,0,-12,0,0,0,0,0,6.20098,0,0,0,
0.492644,0.120926,0.84312,0.654518,0.466217,-0.509812,-0.307147,-2.10056e-06,5.02754e-07,2.45743e-06,-3.59224e-06,-5.8887e-06,-4.14005e-06,0.424742,0.396174,0.67933,0.049054,0.976499,-0.208644,0.0226021,-0.178981,0.0799403,0.739144,0.694609,0.287715,0.609158,-0.25232,0,0,0,0,0,0,0,0.00286655,0.00321336,-0.00546761,-0.00441672,34.5152,10.0106,12.1927,3.41454,-9.57385,-3.76697,4.92054,-1.43874,0,0,-12,0,0,0,0,0,6.20098,0,0,0,
0.492644,0.120926,0.84312,0.654518,0.466217,-0.509812,-0.307147,-2.10056e-06,5.02746e-07,2.4574e-06,-3.59221e-06,-5.88867e-06,-4.14006e-06,0.424742,0.396174,0.67933,0.049054,0.976499,-0.208644,0.0226021,-0.178981,0.0799403,0.739144,0.694609,0.287715,0.609158,-0.25232,0,0,0,0,0,0,0,0.00468261,0.00321389,-0.00546869,-0.00441745,34.5259,10.0107,12.1901,3.41492,-9.57493,-3.76761,4.92266,-1.43943,0,0,-12,0,0,0,0,0,6.20098,0,0,0,
0.492644,0.120926,0.84312,0.654518,0.466217,-0.509812,-0.307147,-4.1492e-07,8.5142e-07,2.34454e-06,-3.71768e-06,-3.71772e-06,6.92161e-07,0.424742,0.396174,0.67933,0.049054,0.976499,-0.208644,0.0226021,-0.178981,0.0799403,0.739144,0.694609,0.287715,0.609158,-0.25232,0,0,0,0,0,0,0,0.00297098,0.00321443,-0.0054697,-0.00441828,34.5258,10.0107,12.1956,3.41376,-9.57546,-3.76773,4.92274,-1.43945,0,0,-12,0,0,0,0,0,6.20098,0,0,0,
0.492644,0.120926,0.84312,0.654518,0.466217,-0.509812,-0.307147,1.68311e-06,3.48143e-07,-1.1272e-07,-1.25251e-07,2.16773e-06,4.82496e-06,0.424742,0.396174,0.67933,0.0490537,0.976499,-0.208644,0.022602,-0.178981,0.0799403,0.739144,0.694609,0.287715,0.609158,-0.25232,0,0,0,0,0,0,0,0.0016547,0.00330724,-0.00549508,-0.00547497,34.5298,10.0106,12.2011,3.41248,-9.57646,-3.76827,4.92356,-1.43972,0,0,-12,0,0,0,0,0,6.20098,0,0,0,
0.492645,0.120926,0.84312,0.654518,0.466217,-0.509812,-0.307147,2.09739e-06,-5.01993e-07,-2.45371e-06,3.58682e-06,5.87981e-06,4.1338e-06,0.424742,0.396174,0.67933,0.0490537,0.976499,-0.208644,0.0226019,-0.178981,0.0799403,0.739144,0.694609,0.287715,0.609158,-0.25232,0,0,0,0,0,0,0,-0.00166733,0.00473069,-0.00700916,-0.0057461,34.5423,10.0128,12.2176,3.41113,-9.57973,-3.76942,4.92636,-1.4407,0,0,-12,0,0,0,0,0,6.20101,0,0,0,
0.492645,0.120926,0.84312,0.654518,0.466217,-0.509812,-0.307147,2.0958e-06,-5.01614e-07,-2.45186e-06,3.58411e-06,5.87537e-06,4.13068e-06,0.424742,0.396174,0.67933,0.0490537,0.976499,-0.208644,0.0226019,-0.178981,0.0799403,0.739144,0.694609,0.287715,0.609158,-0.25232,0,0,0,0,0,0,0,-0.00286685,0.00323841,-0.0055022,-0.00446474,34.5468,10.0105,12.2211,3.40805,-9.58059,-3.76968,4.92749,-1.44095,0,0,-12,0,0,0,0,0,6.20101,0,0,0,
0.492645,0.120926,0.84312,0.654518,0.466217,-0.509812,-0.307147,2.09707e-06,-5.01351e-07,-2.45195e-06,3.58402e-06,5.87701e-06,4.13432e-06,0.424742,0.396174,0.67933,0.0490537,0.976499,-0.208644,0.0226019,-0.178981,0.0799403,0.739144,0.694609,0.287715,0.609158,-0.25232,0,0,0,0,0,0,0,-0.00566108,0.00323896,-0.00550328,-0.00446551,34.5542,10.0103,12.2324,3.40554,-9.58262,-3.77042,4.92919,-1.44149,0,0,-12,0,0,0,0,0,6.20101,0,0,0,
0.492645,0.120926,0.84312,0.654518,0.466217,-0.509812,-0.307147,2.09582e-06,-5.0161e-07,-2.45186e-06,3.58411e-06,5.87539e-06,4.13073e-06,0.424742,0.396174,0.67933,0.0490537,0.976499,-0.208644,0.0226019,-0.178981,0.0799403,0.739144,0.694609,0.287715,0.609158,-0.25232,0,0,0,0,0,0,0,-0.00115467,0.0032395,-0.00550434,-0.0044663,34.5607,10.0106,12.2198,3.4081,-9.58222,-3.77056,4.93029,-1.44186,0,0,-12,0,0,0,0,0,6.20101,0,0,0,
0.492645,0.120926,0.84312,0.654518,0.466217,-0.509812,-0.307147,2.09582e-06,-5.0161e-07,-2.45186e-06,3.58411e-06,5.87539e-06,4.13073e-06,0.424742,0.396174,0.67933,0.0490537,0.976499,-0.208644,0.0226019,-0.178981,0.0799403,0.739144,0.694609,0.287715,0.609158,-0.25232,0,0,0,0,0,0,0,-0.000507356,0.00324006,-0.00550541,-0.00446715,34.5633,10.0106,12.2185,3.40833,-9.58243,-3.7707,4.9308,-1.44202,0,0,-12,0,0,0,0,0,6.20101,0,0,0,
0.492645,0.120926,0.84312,0.654518,0.466217,-0.509812,-0.307147,2.0974e-06,-5.01989e-07,-2.45372e-06,3.58682e-06,5.87983e-06,4.13385e-06,0.424742,0.396174,0.67933,0.0490537,0.976499,-0.208644,0.0226019,-0.178981,0.0799403,0.739144,0.694609,0.287715,0.609158,-0.25232,0,0,0,0,0,0,0,0.00195503,0.00324061,-0.00550648,-0.00446794,34.5701,10.0108,12.2126,3.40946,-9.58271,-3.77101,4.93207,-1.44244,0,0,-12,0,0,0,0,0,6.20101,0,0,0,
0.492645,0.120926,0.84312,0.654518,0.466217,-0.509812,-0.307147,2.09582e-06,-5.0161e-07,-2.45186e-06,3.58411e-06,5.87539e-06,4.13073e-06,0.424742,0.396174,0.67933,0.0490537,0.976499,-0.208644,0.0226019,-0.178981,0.0799403,0.739144,0.694609,0.287715,0.609158,-0.25232,0,0,0,0,0,0,0,0.00247089,0.00324117,-0.00550751,-0.00446881,34.5694,10.0108,12.2107,3.40988,-9.58243,-3.77092,4.93188,-1.44238,0,0,-12,0,0,0,0,0,6.20101,0,0,0,
0.492645,0.120926,0.84312,0.654518,0.466217,-0.509812,-0.307147,4.13975e-07,-8.49482e-07,-2.3392e-06,3.70923e-06,3.70926e-06,-6.90587e-07,0.424742,0.396174,0.67933,0.0490537,0.976499,-0.208644,0.0226019,-0.178981,0.0799403,0.739144,0.694609,0.287715,0.609158,-0.25232,0,0,0,0,0,0,0,0.00641598,0.00324171,-0.00550856,-0.0044696,34.5746,10.011,12.1995,3.41216,-9.582,-3.77101,4.93273,-1.44267,0,0,-12,0,0,0,0,0,6.20101,0,0,0,
0.492645,0.120926,0.84312,0.654518,0.466217,-0.509812,-0.307147,0,0,0,0,0,0,0.424742,0.396174,0.67933,0.0490537,0.976499,-0.208644,0.0226019,-0.178981,0.0799403,0.739144,0.694609,0.287715,0.609158,-0.25232,0,0,0,0,0,0,0,0.00693955,0.00324225,-0.00550961,-0.0044704,34.5796,10.0111,12.1993,3.41211,-9.58261,-3.77133,4.93374,-1.443,0,0,-12,0,0,0,0,0,6.20101,0,0,0,
0.492645,0.120926,0.84312,0.654518,0.466217,-0.509812,-0.307147,0,0,0,0,0,0,0.424742,0.396174,0.67933,0.0490537,0.976499,-0.208644,0.0226019,-0.178981,0.0799403,0.739144,0.694609,0.287715,0.609158,-0.25232,0,0,0,0,0,0,0,0.00516785,0.00324279,-0.00551068,-0.00447118,34.5865,10.011,12.2072,3.41033,-9.58426,-3.77196,4.9353,-1.4435,0,0,-12,0,0,0,0,0,6.20101,0,0,0,
0.492645,0.120926,0.84312,0.654518,0.466217,-0.509812,-0.307147,0,0,0,0,0,0,0.424742,0.396174,0.67933,0.0490537,0.976499,-0.208644,0.0226019,-0.178981,0.0799403,0.739144,0.694609,0.287715,0.609158,-0.25232,0,0,0,0,0,0,0,0.00341475,0.00324333,-0.00551175,-0.00447195,34.5941,10.0109,12.2152,3.40851,-9.58599,-3.77264,4.93699,-1.44403,0,0,-12,0,0,0,0,0,6.20101,0,0,0,
0.492645,0.120926,0.84312,0.654518,0.466217,-0.509812,-0.307147,0,0,0,0,0,0,0.424742,0.396174,0.67933,0.0490537,0.976499,-0.208644,0.0226019,-0.178981,0.0799403,0.739144,0.694609,0.287715,0.609158,-0.25232,0,0,0,0,0,0,0,0.000521,0.00324388,-0.00551277,-0.0044728,34.594,10.0108,12.2246,3.40653,-9.5869,-3.77284,4.93714,-1.44408,0,0,-12,0,0,0,0,0,6.20101,0,0,0,
0.492645,0.120926,0.84312,0.654518,0.466217,-0.509812,-0.307147,0,0,0,0,0,0,0.424742,0.396174,0.67933,0.0490537,0.976499,-0.208644,0.0226019,-0.178981,0.0799403,0.739144,0.694609,0.287715,0.609158,-0.25232,0,0,0,0,0,0,0,0.00590311,0.00324443,-0.00551377,-0.00447369,34.5903,10.011,12.206,3.41053,-9.58462,-3.77218,4.93605,-1.44374,0,0,-12,0,0,0,0,0,6.20101,0,0,0,
0.492645,0.120926,0.84312,0.654518,0.466217,-0.509812,-0.307147,0,0,0,0,0,0,0.424742,0.396174,0.67933,0.0490537,0.976499,-0.208644,0.0226019,-0.178981,0.0799403,0.739144,0.694609,0.287715,0.609158,-0.25232,0,0,0,0,0,0,0,0.00308082,0.00324498,-0.00551473,-0.00447462,34.5819,10.0109,12.2126,3.40928,-9.5842,-3.77178,4.93446,-1.44322,0,0,-12,0,0,0,0,0,6.20101,0,0,0,
0.492645,0.120926,0.84312,0.654518,0.466217,-0.509812,-0.307147,0,0,0,0,0,0,0.424742,0.396174,0.67933,0.0490537,0.976499,-0.208644,0.0226019,-0.178981,0.0799403,0.739144,0.694609,0.287715,0.609158,-0.25232,0,0,0,0,0,0,0,0.00374158,0.00324552,-0.00551561,-0.00447564,34.5627,10.0109,12.2045,3.4113,-9.58099,-3.77035,4.93041,-1.44191,0,0,-12,0,0,0,0,0,6.20101,0,0,0,
0.492644,0.120926,0.84312,0.654518,0.466217,-0.509812,-0.307147,-1.68308e-06,-3.48135e-07,1.12718e-07,1.25246e-07,-2.16768e-06,-4.82487e-06,0.424742,0.396174,0.67933,0.049054,0.976499,-0.208644,0.0226019,-0.178981,0.0799403,0.739144,0.694609,0.287715,0.609158,-0.25232,0,0,0,0,0,0,0,0.00503878,0.00315489,-0.00549197,-0.00343386,34.4772,10.0107,12.174,3.41921,-9.56726,-3.76392,4.91256,-1.43615,0,0,-12,0,0,0,0,0,6.20101,0,0,0,
0.492644,0.120926,0.84312,0.654518,0.466217,-0.509812,-0.307147,-2.09708e-06,5.01361e-07,2.45197e-06,-3.58405e-06,-5.87704e-06,-4.13432e-06,0.424742,0.396174,0.67933,0.049054,0.976499,-0.208644,0.0226021,-0.178981,0.0799403,0.739144,0.694609,0.287715,0.609158,-0.25232,0,0,0,0,0,0,0,0.00713631,0.00175365,-0.00400038,-0.0031732,34.2216,10.0078,12.0866,3.4396,-9.52636,-3.7453,4.85905,-1.41878,0,0,-12,0,0,0,0,0,6.20098,0,0,0,
0.492644,0.120926,0.84312,0.654518,0.466217,-0.509812,-0.307147,-2.09835e-06,5.01089e-07,2.45203e-06,-3.58392e-06,-5.87864e-06,-4.13797e-06,0.424742,0.396174,0.67933,0.049054,0.976499,-0.208644,0.0226021,-0.178981,0.0799403,0.739144,0.694609,0.287715,0.609158,-0.25232,0,0,0,0,0,0,0,0.00210111,0.00322481,-0.00548654,-0.00443769,34.1602,10.0096,12.0858,3.44302,-9.51858,-3.74138,4.84641,-1.4148,0,0,-12,0,0,0,0,0,6.20098,0,0,0,
0.492644,0.120926,0.84312,0.654518,0.466217,-0.509812,-0.307147,-2.09708e-06,5.01353e-07,2.45194e-06,-3.58401e-06,-5.87701e-06,-4.13432e-06,0.424742,0.396174,0.67933,0.049054,0.976499,-0.208644,0.0226021,-0.178981,0.0799403,0.739144,0.694609,0.287715,0.609158,-0.25232,0,0,0,0,0,0,0,0.00136409,0.00322535,-0.00548674,-0.00443956,34.0426,10.0092,12.052,3.45211,-9.50044,-3.73294,4.8219,-1.40688,0,0,-12,0,0,0,0,0,6.20098,0,0,0,
0.492644,0.120926,0.84312,0.654518,0.466217,-0.509812,-0.307147,-2.09835e-06,5.01089e-07,2.45203e-06,-3.58392e-06,-5.87864e-06,-4.13797e-06,0.424742,0.396174,0.67933,0.049054,0.976499,-0.208644,0.0226021,-0.178981,0.0799403,0.739144,0.694609,0.287715,0.609158,-0.25232,0,0,0,0,0,0,0,0.000841568,0.0032259,-0.00548808,-0.00444002,34.0796,10.0093,12.0651,3.44873,-9.50639,-3.73566,4.82967,-1.40939,0,0,-12,0,0,0,0,0,6.20098,0,0,0,
0.492644,0.120926,0.84312,0.654518,0.466217,-0.509812,-0.307147,-1.68309e-06,-3.48139e-07,1.12719e-07,1.25248e-07,-2.16771e-06,-4.82492e-06,0.424742,0.396174,0.67933,0.049054,0.976499,-0.208644,0.0226019,-0.178981,0.0799403,0.739144,0.694609,0.287715,0.609158,-0.25232,0,0,0,0,0,0,0,0.00196322,0.00475647,-0.00704143,-0.0057624,33.9997,10.0115,12.0387,3.45795,-9.49378,-3.72996,4.8128,-1.40406,0,0,-12,0,0,0,0,0,6.20101,0,0,0,
0.492645,0.120926,0.84312,0.654518,0.466217,-0.509812,-0.307147,0,0,0,0,0,0,0.424742,0.396174,0.67933,0.0490537,0.976499,-0.208644,0.0226019,-0.178981,0.0799403,0.739144,0.694609,0.287715,0.609158,-0.25232,0,0,0,0,0,0,0,-0.00294619,0.0033411,-0.00554029,-0.00553438,33.6757,10.008,11.953,3.47908,-9.44439,-3.70691,4.74542,-1.38218,0,0,-12,0,0,0,0,0,6.20101,0,0,0,
0.492644,0.120926,0.84312,0.654518,0.466217,-0.509812,-0.307147,-1.68692e-06,-3.48929e-07,1.12975e-07,1.25532e-07,-2.17263e-06,-4.83587e-06,0.424742,0.396174,0.67933,0.049054,0.976499,-0.208644,0.0226019,-0.178981,0.0799403,0.739144,0.694609,0.287715,0.609158,-0.25232,0,0,0,0,0,0,0,-0.00119369,0.00315756,-0.00549566,-0.00343112,33.9724,10.0089,12.0387,3.45615,-9.49031,-3.72791,4.80749,-1.4022,0,0,-12,0,0,0,0,0,6.20101,0,0,0,
0.492645,0.120926,0.84312,0.654518,0.466217,-0.509812,-0.307147,1.68692e-06,3.4893e-07,-1.12975e-07,-1.25532e-07,2.17263e-06,4.83587e-06,0.424742,0.396174,0.67933,0.0490537,0.976499,-0.208644,0.0226019,-0.178981,0.0799403,0.739144,0.694609,0.287715,0.609158,-0.25232,0,0,0,0,0,0,0,0.00152751,0.00334179,-0.00554331,-0.0055301,33.8245,10.0087,11.9843,3.47001,-9.46623,-3.71733,4.77622,-1.39214,0,0,-12,0,0,0,0,0,6.20101,0,0,0,
0.492645,0.120926,0.84312,0.654518,0.466217,-0.509812,-0.307147,2.10182e-06,-5.02493e-07,-2.45751e-06,3.59215e-06,5.89032e-06,4.14366e-06,0.424742,0.396174,0.67933,0.0490537,0.976499,-0.208644,0.0226019,-0.178981,0.0799403,0.739144,0.694609,0.287715,0.609158,-0.25232,0,0,0,0,0,0,0,0.00579678,0.00325098,-0.00552077,-0.00449042,33.8291,10.0089,11.9719,3.4726,-9.46565,-3.7172,4.77703,-1.3924,0,0,-12,0,0,0,0,0,6.20101,0,0,0,
0.492644,0.120926,0.84312,0.654518,0.466217,-0.509812,-0.307147,4.15233e-07,-8.52064e-07,-2.34631e-06,3.7205e-06,3.72053e-06,-6.92685e-07,0.424742,0.396174,0.67933,0.049054,0.976499,-0.208644,0.0226019,-0.178981,0.0799403,0.739144,0.694609,0.287715,0.609158,-0.25232,0,0,0,0,0,0,0,0.00131763,0.0031592,-0.00549606,-0.00343722,33.568,10.0079,11.906,3.49088,-9.4263,-3.69851,4.72286,-1.37489,0,0,-12,0,0,0,0,0,6.20101,0,0,0,
0.492645,0.120926,0.84312,0.654518,0.466217,-0.509812,-0.307147,2.10214e-06,-5.03146e-07,-2.45931e-06,3.59501e-06,5.89318e-06,4.14313e-06,0.424742,0.396174,0.67933,0.0490537,0.976499,-0.208644,0.0226019,-0.178981,0.0799403,0.739144,0.694609,0.287715,0.609158,-0.25232,0,0,0,0,0,0,0,0.00443665,0.00334326,-0.00554305,-0.00553463,33.3805,10.0076,11.8381,3.50825,-9.3959,-3.68504,4.6833,-1.36214,0,0,-12,0,0,0,0,0,6.20101,0,0,0,
0.492644,0.120926,0.84312,0.654518,0.466217,-0.509812,-0.307147,4.14919e-07,-8.51419e-07,-2.34454e-06,3.71768e-06,3.71772e-06,-6.92161e-07,0.424742,0.396174,0.67933,0.049054,0.976499,-0.208644,0.0226019,-0.178981,0.0799403,0.739144,0.694609,0.287715,0.609158,-0.25232,0,0,0,0,0,0,0,-9.47043e-05,0.0031605,-0.00549631,-0.00344388,33.2746,10.007,11.8202,3.51387,-9.38088,-3.67742,4.66165,-1.35512,0,0,-12,0,0,0,0,0,6.20101,0,0,0,
0.492645,0.120926,0.84312,0.654518,0.466217,-0.509812,-0.307147,1.68564e-06,3.48666e-07,-1.1289e-07,-1.25437e-07,2.17098e-06,4.83221e-06,0.424742,0.396174,0.67933,0.0490537,0.976499,-0.208644,0.0226019,-0.178981,0.0799403,0.739144,0.694609,0.287715,0.609158,-0.25232,0,0,0,0,0,0,0,0.00122721,0.00334299,-0.0055434,-0.00552215,33.1974,10.0069,11.7922,3.521,-9.36829,-3.67205,4.64525,-1.34985,0,0,-12,0,0,0,0,0,6.20101,0,0,0,
0.492645,0.120926,0.84312,0.654518,0.466217,-0.509812,-0.307147,0,0,0,0,0,0,0.424742,0.396174,0.67933,0.0490537,0.976499,-0.208644,0.0226019,-0.178981,0.0799403,0.739144,0.694609,0.287715,0.609158,-0.25232,0,0,0,0,0,0,0,0.00467295,0.00325371,-0.00552021,-0.00450177,33.0096,10.0065,11.7231,3.53873,-9.33788,-3.65808,4.6059,-1.33715,0,0,-12,0,0,0,0,0,6.20101,0,0,0,
0.492644,0.120926,0.84312,0.654518,0.466217,-0.509812,-0.307147,-1.68437e-06,-3.48402e-07,1.12804e-07,1.25342e-07,-2.16934e-06,-4.82856e-06,0.424742,0.396174,0.67933,0.049054,0.976499,-0.208644,0.0226019,-0.178981,0.0799403,0.739144,0.694609,0.287715,0.609158,-0.25232,0,0,0,0,0,0,0,0.00667259,0.00316231,-0.00549821,-0.00345027,33.0285,10.0067,11.7225,3.5386,-9.34026,-3.65914,4.60982,-1.33841,0,0,-12,0,0,0,0,0,6.20101,0,0,0,
0.492645,0.120926,0.843119,0.654518,0.466217,-0.509813,-0.307148,2.01113e-06,-1.19713e-07,-1.07693e-06,9.89071e-07,1.17863e-05,5.36874e-07,0.424742,0.396174,0.67933,0.0490537,0.976499,-0.208644,0.0226019,-0.178981,0.0799403,0.739144,0.694609,0.287715,0.609158,-0.25232,0,0,0,0,0,0,0,0.0014924,0.00414066,-0.00646457,-0.0101948,33.0667,10.0072,11.7515,3.53224,-9.34764,-3.66326,4.61749,-1.34086,0,0,-12,0,0,0,0,0,6.20101,0,0,0,
0.492645,0.120926,0.843119,0.654518,0.466217,-0.509813,-0.307148,3.2676e-07,-4.68115e-07,-9.64124e-07,1.11441e-06,9.617e-06,-4.29169e-06,0.424742,0.396174,0.67933,0.0490537,0.976499,-0.208644,0.0226019,-0.178981,0.0799403,0.739144,0.694609,0.287715,0.609158,-0.25232,0,0,0,0,0,0,0,0.00407748,0.00326622,-0.00553987,-0.00459001,32.9787,10.0064,11.7156,3.54085,-9.33324,-3.6559,4.59947,-1.33506,0,0,-12,0,0,0,0,0,6.20101,0,0,0,
0.492644,0.120926,0.843119,0.654518,0.466216,-0.509812,-0.307148,3.27007e-07,-4.68469e-07,-9.64852e-07,1.11526e-06,9.62427e-06,-4.29493e-06,0.424742,0.396174,0.67933,0.049054,0.976499,-0.208644,0.0226019,-0.178981,0.0799403,0.739144,0.694609,0.287715,0.609158,-0.25232,0,0,0,0,0,0,0,0.00430288,0.00317392,-0.00551512,-0.00353168,32.629,10.0054,11.6071,3.56959,-9.27855,-3.63047,4.52651,-1.31149,0,0,-12,0,0,0,0,0,6.20101,0,0,0,
0.492644,0.120926,0.84312,0.654518,0.466217,-0.509812,-0.307147,-1.68311e-06,-3.48142e-07,1.1272e-07,1.25249e-07,-2.16773e-06,-4.82496e-06,0.424742,0.396174,0.67933,0.049054,0.976499,-0.208644,0.0226019,-0.178981,0.0799403,0.739144,0.694609,0.287715,0.609158,-0.25232,0,0,0,0,0,0,0,0.00136693,0.00247161,-0.00462029,7.28664e-05,32.4209,10.0041,11.5521,3.58415,-9.24703,-3.61513,4.48353,-1.29765,0,0,-12,0,0,0,0,0,6.20101,0,0,0,
0.492644,0.120926,0.84312,0.654518,0.466217,-0.509812,-0.307147,0,0,0,0,0,0,0.424742,0.396174,0.67933,0.049054,0.976499,-0.208644,0.0226019,-0.178981,0.0799403,0.739144,0.694609,0.287715,0.609158,-0.25232,0,0,0,0,0,0,0,0.0011917,0.00325572,-0.00552232,-0.00449207,32.4126,10.0047,11.5506,3.58508,-9.24566,-3.6152,4.48139,-1.29694,0,0,-12,0,0,0,0,0,6.20101,0,0,0,
0.492645,0.120926,0.84312,0.654518,0.466217,-0.509812,-0.307147,1.68437e-06,3.48403e-07,-1.12804e-07,-1.25342e-07,2.16934e-06,4.82856e-06,0.424742,0.396174,0.67933,0.0490537,0.976499,-0.208644,0.0226019,-0.178981,0.0799403,0.739144,0.694609,0.287715,0.609158,-0.25232,0,0,0,0,0,0,0,-7.84647e-06,0.00334789,-0.00554334,-0.00554435,32.0621,10.0036,11.4465,3.61284,-9.19119,-3.59012,4.40814,-1.27329,0,0,-12,0,0,0,0,0,6.20101,0,0,0,
0.492645,0.120926,0.84312,0.654518,0.466217,-0.509812,-0.307147,0,0,0,0,0,0,0.424742,0.396174,0.67933,0.0490537,0.976499,-0.208644,0.0226019,-0.178981,0.0799403,0.739144,0.694609,0.287715,0.609158,-0.25232,0,0,0,0,0,0,0,0.00525368,0.00325808,-0.00552206,-0.00451658,32.0245,10.0038,11.4178,3.61955,-9.1837,-3.58687,4.40007,-1.2707,0,0,-12,0,0,0,0,0,6.20101,0,0,0,
0.492645,0.120926,0.84312,0.654518,0.466217,-0.509812,-0.307147,0,0,0,0,0,0,0.424742,0.396174,0.67933,0.0490537,0.976499,-0.208644,0.0226019,-0.178981,0.0799403,0.739144,0.694609,0.287715,0.609158,-0.25232,0,0,0,0,0,0,0,0.00274864,0.00325863,-0.00552324,-0.00451723,32.0255,10.0037,11.4263,3.61776,-9.18464,-3.58712,4.40042,-1.2708,0,0,-12,0,0,0,0,0,6.20101,0,0,0,
0.492645,0.120926,0.84312,0.654518,0.466217,-0.509812,-0.307147,1.36015e-06,8.17045e-07,8.51148e-07,-1.23995e-06,-7.44437e-06,9.12756e-06,0.424742,0.396174,0.67933,0.0490537,0.976499,-0.208644,0.0226019,-0.178981,0.0799403,0.739144,0.694609,0.287715,0.609158,-0.25232,0,0,0,0,0,0,0,0.00258872,0.00325918,-0.00552237,-0.00452046,31.748,10.0029,11.3413,3.6403,-9.14131,-3.56709,4.34247,-1.25209,0,0,-12,0,0,0,0,0,6.20101,0,0,0,
0.492644,0.120926,0.84312,0.654518,0.466217,-0.509812,-0.307147,-2.01368e-06,1.19187e-07,1.0771e-06,-9.88888e-07,-1.17896e-05,-5.44181e-07,0.424742,0.396174,0.67933,0.049054,0.976499,-0.208644,0.0226019,-0.178981,0.0799403,0.739144,0.694609,0.287715,0.609158,-0.25232,0,0,0,0,0,0,0,0.00029458,0.00317057,-0.00550147,-0.00350174,31.6232,10.0024,11.3103,3.64895,-9.12257,-3.55809,4.31662,-1.24373,0,0,-12,0,0,0,0,0,6.20101,0,0,0,
0.492645,0.120926,0.84312,0.654518,0.466217,-0.509812,-0.307147,1.36015e-06,8.17045e-07,8.51148e-07,-1.23995e-06,-7.44437e-06,9.12756e-06,0.424742,0.396174,0.67933,0.0490537,0.976499,-0.208644,0.0226019,-0.178981,0.0799403,0.739144,0.694609,0.287715,0.609158,-0.25232,0,0,0,0,0,0,0,0.00200393,0.00335287,-0.00554307,-0.00558059,31.2627,10.0015,11.1937,3.67948,-9.06557,-3.53222,4.24101,-1.21934,0,0,-12,0,0,0,0,0,6.20101,0,0,0,
0.492644,0.120926,0.84312,0.654518,0.466217,-0.509812,-0.307147,0,0,0,0,0,0,0.424742,0.396174,0.67933,0.049054,0.976499,-0.208644,0.0226019,-0.178981,0.0799403,0.739144,0.694609,0.287715,0.609158,-0.25232,0,0,0,0,0,0,0,0.00437521,0.0031697,-0.00550292,-0.00348175,31.5102,10.0023,11.2623,3.66097,-9.10363,-3.54963,4.29279,-1.23605,0,0,-12,0,0,0,0,0,6.20101,0,0,0,
0.492645,0.120926,0.84312,0.654518,0.466217,-0.509812,-0.307147,1.68438e-06,3.48406e-07,-1.12806e-07,-1.25343e-07,2.16937e-06,4.82861e-06,0.424742,0.396174,0.67933,0.0490537,0.976499,-0.208644,0.0226019,-0.178981,0.0799403,0.739144,0.694609,0.287715,0.609158,-0.25232,0,0,0,0,0,0,0,0.00353915,0.00335334,-0.00554387,-0.00557616,31.1161,10.0011,11.1436,3.6925,-9.04218,-3.52152,4.2103,-1.20943,0,0,-12,0,0,0,0,0,6.20101,0,0,0,
0.492645,0.120926,0.84312,0.654518,0.466217,-0.509812,-0.307147,0,0,0,0,0,0,0.424742,0.396174,0.67933,0.0490537,0.976499,-0.208644,0.0226019,-0.178981,0.0799403,0.739144,0.694609,0.287715,0.609158,-0.25232,0,0,0,0,0,0,0,0.0051198,0.00326191,-0.00552304,-0.00453024,31.0269,10.001,11.111,3.7009,-9.02778,-3.51481,4.19167,-1.20341,0,0,-12,0,0,0,0,0,6.20101,0,0,0,
0.492644,0.120926,0.84312,0.654518,0.466217,-0.509812,-0.307147,-1.68311e-06,-3.48142e-07,1.1272e-07,1.25249e-07,-2.16773e-06,-4.82496e-06,0.424742,0.396174,0.67933,0.049054,0.976499,-0.208644,0.0226019,-0.178981,0.0799403,0.739144,0.694609,0.287715,0.609158,-0.25232,0,0,0,0,0,0,0,0.00216373,0.00317085,-0.00550041,-0.00348638,30.6124,9.99965,10.9929,3.73275,-8.96396,-3.48493,4.10535,-1.17552,0,0,-12,0,0,0,0,0,6.20101,0,0,0,
0.492645,0.120926,0.84312,0.654518,0.466217,-0.509812,-0.307147,0,0,0,0,0,0,0.424742,0.396174,0.67933,0.0490537,0.976499,-0.208644,0.0226019,-0.178981,0.0799403,0.739144,0.694609,0.287715,0.609158,-0.25232,0,0,0,0,0,0,0,0.0032133,0.00335393,-0.00554173,-0.0055721,30.4454,9.99924,10.9381,3.74703,-8.93742,-3.47309,4.07019,-1.1642,0,0,-12,0,0,0,0,0,6.20101,0,0,0,
0.492644,0.120926,0.84312,0.654518,0.466217,-0.509812,-0.307147,-1.68309e-06,-3.48139e-07,1.12719e-07,1.25248e-07,-2.16771e-06,-4.82492e-06,0.424742,0.396174,0.67933,0.049054,0.976499,-0.208644,0.0226019,-0.178981,0.0799403,0.739144,0.694609,0.287715,0.609158,-0.25232,0,0,0,0,0,0,0,0.00588194,0.00317249,-0.00550402,-0.00349303,30.6871,10.0001,11.0039,3.72921,-8.97447,-3.49005,4.12073,-1.1805,0,0,-12,0,0,0,0,0,6.20101,0,0,0,
0.492644,0.120926,0.84312,0.654518,0.466217,-0.509812,-0.307147,0,0,0,0,0,0,0.424742,0.396174,0.67933,0.049054,0.976499,-0.208644,0.0226019,-0.178981,0.0799403,0.739144,0.694609,0.287715,0.609158,-0.25232,0,0,0,0,0,0,0,0.000321035,0.00326283,-0.0055221,-0.00452015,30.2504,9.99854,10.8874,3.761,-8.90791,-3.45906,4.02975,-1.15112,0,0,-12,0,0,0,0,0,6.20101,0,0,0,
0.492644,0.120926,0.84312,0.654518,0.466217,-0.509812,-0.307147,0,0,0,0,0,0,0.424742,0.396174,0.67933,0.049054,0.976499,-0.208644,0.0226019,-0.178981,0.0799403,0.739144,0.694609,0.287715,0.609158,-0.25232,0,0,0,0,0,0,0,0.00155105,0.00326337,-0.0055217,-0.00452275,30.0278,9.99797,10.8148,3.78002,-8.87271,-3.44289,3.98315,-1.13608,0,0,-12,0,0,0,0,0,6.20101,0,0,0,
0.492644,0.120926,0.84312,0.654518,0.466217,-0.509812,-0.307147,-1.68437e-06,-3.48402e-07,1.12804e-07,1.25342e-07,-2.16934e-06,-4.82856e-06,0.424742,0.396174,0.67933,0.049054,0.976499,-0.208644,0.0226019,-0.178981,0.0799403,0.739144,0.694609,0.287715,0.609158,-0.25232,0,0,0,0,0,0,0,0.00122768,0.00326393,-0.00552281,-0.0045235,30.0052,9.99789,10.8089,3.78165,-8.86928,-3.44128,3.97846,-1.13456,0,0,-12,0,0,0,0,0,6.20101,0,0,0,
0.492644,0.120926,0.84312,0.654518,0.466217,-0.509812,-0.307147,9.21566e-07,2.42712e-06,-3.52806e-07,3.45166e-07,6.31485e-07,5.2459e-06,0.424742,0.396174,0.67933,0.0490537,0.976499,-0.208644,0.0226019,-0.178981,0.0799403,0.739144,0.694609,0.287715,0.609158,-0.25232,0,0,0,0,0,0,0,0.00414966,0.00349477,-0.00567443,-0.00476024,29.7675,9.99772,10.7265,3.80334,-8.83122,-3.42392,3.92859,-1.11851,0,0,-12,0,0,0,0,0,6.20101,0,0,0,
0.492644,0.120926,0.84312,0.654518,0.466217,-0.509812,-0.307147,-7.64779e-07,2.0766e-06,-2.39647e-07,4.7034e-07,-1.53998e-06,4.0967e-07,0.424742,0.396174,0.67933,0.0490537,0.976499,-0.208644,0.0226019,-0.178981,0.0799403,0.739144,0.694609,0.287715,0.609158,-0.25232,0,0,0,0,0,0,0,0.00786844,0.0032682,-0.00552671,-0.00453073,29.8132,9.9977,10.7283,3.80187,-8.83717,-3.42692,3.93796,-1.12151,0,0,-12,0,0,0,0,0,6.20101,0,0,0,
0.492644,0.120926,0.84312,0.654518,0.466217,-0.509812,-0.307147,0,0,0,0,0,0,0.424742,0.396174,0.67933,0.049054,0.976499,-0.208644,0.0226019,-0.178981,0.0799403,0.739144,0.694609,0.287715,0.609158,-0.25232,0,0,0,0,0,0,0,0.0111253,0.00303891,-0.005373,-0.00430179,29.3685,9.99627,10.5805,3.84013,-8.76659,-3.39453,3.84488,-1.09144,0,0,-12,0,0,0,0,0,6.20101,0,0,0,
0.492644,0.120926,0.84312,0.654518,0.466217,-0.509812,-0.307147,0,0,0,0,0,0,0.424742,0.396174,0.67933,0.049054,0.976499,-0.208644,0.0226019,-0.178981,0.0799403,0.739144,0.694609,0.287715,0.609158,-0.25232,0,0,0,0,0,0,0,0.00754694,0.00326612,-0.00552319,-0.00453155,29.3645,9.99641,10.5911,3.83829,-8.76712,-3.39453,3.84423,-1.09125,0,0,-12,0,0,0,0,0,6.20101,0,0,0,
0.492645,0.120926,0.84312,0.654518,0.466217,-0.509812,-0.307147,1.68693e-06,3.48933e-07,-1.12976e-07,-1.25533e-07,2.17265e-06,4.83592e-06,0.424742,0.396174,0.67933,0.0490537,0.976499,-0.208644,0.0226019,-0.178981,0.0799403,0.739144,0.694609,0.287715,0.609158,-0.25232,0,0,0,0,0,0,0,0.00486274,0.00335904,-0.00554125,-0.00559117,29.1342,9.99563,10.5289,3.8552,-8.73191,-3.37824,3.79618,-1.07574,0,0,-12,0,0,0,0,0,6.20101,0,0,0,
0.492645,0.120926,0.84312,0.654518,0.466217,-0.509812,-0.307147,1.68692e-06,3.4893e-07,-1.12975e-07,-1.25532e-07,2.17263e-06,4.83587e-06,0.424742,0.396174,0.67933,0.0490537,0.976499,-0.208644,0.0226019,-0.178981,0.0799403,0.739144,0.694609,0.287715,0.609158,-0.25232,0,0,0,0,0,0,0,0.00486376,0.00326848,-0.00552191,-0.00455707,28.8336,9.99478,10.4363,3.87978,-8.68496,-3.35637,3.73348,-1.05548,0,0,-12,0,0,0,0,0,6.20101,0,0,0,
0.492644,0.120926,0.84312,0.654518,0.466217,-0.509812,-0.307147,0,0,0,0,0,0,0.424742,0.396174,0.67933,0.049054,0.976499,-0.208644,0.0226019,-0.178981,0.0799403,0.739144,0.694609,0.287715,0.609158,-0.25232,0,0,0,0,0,0,0,9.01012e-05,0.00317642,-0.00550395,-0.00349955,28.6582,9.99404,10.3978,3.89087,-8.65911,-3.3439,3.69724,-1.04375,0,0,-12,0,0,0,0,0,6.20101,0,0,0,
0.492645,0.120926,0.84312,0.654518,0.466217,-0.509812,-0.307147,1.68437e-06,3.48403e-07,-1.12804e-07,-1.25342e-07,2.16934e-06,4.82856e-06,0.424742,0.396174,0.67933,0.0490537,0.976499,-0.208644,0.0226019,-0.178981,0.0799403,0.739144,0.694609,0.287715,0.609158,-0.25232,0,0,0,0,0,0,0,-0.00291557,0.00336112,-0.00553867,-0.00560483,28.3654,9.99306,10.3173,3.91263,-8.61419,-3.32328,3.63605,-1.02401,0,0,-12,0,0,0,0,0,6.20101,0,0,0,
0.492645,0.120926,0.84312,0.654518,0.466217,-0.509812,-0.307147,7.62799e-07,-2.07872e-06,2.40001e-07,-4.70509e-07,1.53786e-06,-4.17333e-07,0.424742,0.396174,0.67933,0.0490537,0.976499,-0.208644,0.0226019,-0.178981,0.0799403,0.739144,0.694609,0.287715,0.609158,-0.25232,0,0,0,0,0,0,0,-0.000622815,0.00327011,-0.00552033,-0.00456532,28.0948,9.99241,10.2265,3.93634,-8.57119,-3.3034,3.57946,-1.00574,0,0,-12,0,0,0,0,0,6.20101,0,0,0,
0.492644,0.120926,0.84312,0.654518,0.466217,-0.509812,-0.307147,-9.20862e-07,-2.42526e-06,3.52536e-07,-3.44902e-07,-6.31002e-07,-5.24188e-06,0.424742,0.396174,0.67933,0.049054,0.976499,-0.208644,0.0226019,-0.178981,0.0799403,0.739144,0.694609,0.287715,0.609158,-0.25232,0,0,0,0,0,0,0,-0.00591838,0.00317955,-0.0055056,-0.00352237,28.1841,9.99239,10.2713,3.92545,-8.58688,-3.3101,3.59855,-1.01187,0,0,-12,0,0,0,0,0,6.20101,0,0,0,
0.492644,0.120926,0.84312,0.654518,0.466217,-0.509812,-0.307147,0,0,0,0,0,0,0.424742,0.396174,0.67933,0.049054,0.976499,-0.208644,0.0226019,-0.178981,0.0799403,0.739144,0.694609,0.287715,0.609158,-0.25232,0,0,0,0,0,0,0,0.00469966,0.00326994,-0.00551996,-0.00455044,27.6845,9.99153,10.0829,3.97348,-8.50537,-3.27337,3.49343,-0.977983,0,0,-12,0,0,0,0,0,6.20101,0,0,0,
0.492644,0.120926,0.84312,0.654518,0.466217,-0.509812,-0.307147,0,0,0,0,0,0,0.424742,0.396174,0.67933,0.049054,0.976499,-0.208644,0.0226019,-0.178981,0.0799403,0.739144,0.694609,0.287715,0.609158,-0.25232,0,0,0,0,0,0,0,0.00858344,0.00327049,-0.0055229,-0.00454888,27.8993,9.99234,10.1364,3.95861,-8.53773,-3.2886,3.53807,-0.99241,0,0,-12,0,0,0,0,0,6.20101,0,0,0,
0.492645,0.120926,0.843119,0.654518,0.466217,-0.509812,-0.307147,9.21557e-07,2.4271e-06,-3.52802e-07,3.45163e-07,6.31478e-07,5.24584e-06,0.424742,0.396174,0.67933,0.0490534,0.976499,-0.208644,0.0226019,-0.178981,0.0799403,0.739144,0.694609,0.287715,0.609158,-0.25232,0,0,0,0,0,0,0,0.00191371,0.00359132,-0.00568609,-0.00583419,27.3155,9.99069,9.97853,4.00193,-8.44854,-3.2471,3.41639,-0.953147,0,0,-12,0,0,0,0,0,6.20101,0,0,0,
0.492645,0.120926,0.843119,0.654518,0.466217,-0.509813,-0.307148,1.24881e-06,1.95827e-06,-1.31839e-06,1.46126e-06,1.0263e-05,9.47661e-07,0.424742,0.396174,0.67933,0.0490534,0.976499,-0.208644,0.0226019,-0.178981,0.0799403,0.739144,0.694609,0.287715,0.609158,-0.25232,0,0,0,0,0,0,0,0.00443129,0.00406132,-0.00639618,-0.00918444,26.9689,9.99013,9.86386,4.03208,-8.39346,-3.22237,3.34355,-0.929572,0,0,-12,0,0,0,0,0,6.20101,0,0,0,
0.492644,0.120926,0.843119,0.654518,0.466216,-0.509812,-0.307148,3.27254e-07,-4.68824e-07,-9.65583e-07,1.11611e-06,9.63155e-06,-4.29818e-06,0.424742,0.396174,0.67933,0.049054,0.976499,-0.208644,0.0226019,-0.178981,0.0799403,0.739144,0.694609,0.287715,0.609158,-0.25232,0,0,0,0,0,0,0,0.00755143,0.00296369,-0.00536681,-0.00337988,26.4926,9.98798,9.70629,4.07249,-8.31816,-3.18689,3.2444,-0.897533,0,0,-12,0,0,0,0,0,6.20101,0,0,0,
0.492644,0.120926,0.843119,0.654518,0.466216,-0.509812,-0.307148,-1.35761e-06,-8.16517e-07,-8.5132e-07,1.23976e-06,7.44765e-06,-9.12025e-06,0.424742,0.396174,0.67933,0.049054,0.976499,-0.208644,0.0226019,-0.178981,0.0799403,0.739144,0.694609,0.287715,0.609158,-0.25232,0,0,0,0,0,0,0,0.00547586,0.00328354,-0.00553123,-0.0046513,26.3124,9.98771,9.65775,4.08603,-8.29062,-3.1742,3.20673,-0.885417,0,0,-12,0,0,0,0,0,6.20101,0,0,0,
0.492645,0.120926,0.843119,0.654518,0.466217,-0.509813,-0.307148,3.26513e-07,-4.67762e-07,-9.63396e-07,1.11357e-06,9.60973e-06,-4.28845e-06,0.424742,0.396174,0.67933,0.0490537,0.976499,-0.208644,0.0226019,-0.178981,0.0799403,0.739144,0.694609,0.287715,0.609158,-0.25232,0,0,0,0,0,0,0,0.00846118,0.00337673,-0.00554485,-0.00571446,26.0196,9.98704,9.55787,4.11194,-8.24385,-3.15298,3.14529,-0.865601,0,0,-12,0,0,0,0,0,6.20101,0,0,0,
0.492644,0.120926,0.84312,0.654518,0.466217,-0.509812,-0.307147,7.64651e-07,-2.08002e-06,2.40098e-07,-4.70959e-07,1.54066e-06,-4.13993e-07,0.424742,0.396173,0.67933,0.0490539,0.976499,-0.208644,0.0226018,-0.178981,0.0799403,0.739144,0.694609,0.287715,0.609158,-0.25232,0,0,0,0,0,0,0,0.0142566,0.00231898,-0.00454966,3.67077e-05,25.7409,9.98565,9.45252,4.1381,-8.19859,-3.13159,3.08725,-0.846857,0,0,-12,0,0,0,0,0,6.201,0,0,0,
0.492644,0.120926,0.84312,0.654518,0.466217,-0.509812,-0.307148,-9.22953e-07,-2.43077e-06,3.53336e-07,-3.45685e-07,-6.32434e-07,-5.25378e-06,0.424742,0.396173,0.67933,0.0490542,0.976499,-0.208644,0.0226019,-0.178981,0.0799403,0.739144,0.694609,0.287715,0.609158,-0.25232,0,0,0,0,0,0,0,0.0113911,0.0031817,-0.00549778,-0.00354834,25.3319,9.98524,9.33654,4.17017,-8.13551,-3.10277,3.00165,-0.819221,0,0,-12,0,0,0,0,0,6.201,0,0,0,
0.492644,0.120926,0.84312,0.654518,0.466217,-0.509812,-0.307148,-9.22953e-07,-2.43077e-06,3.53336e-07,-3.45685e-07,-6.32434e-07,-5.25378e-06,0.424742,0.396173,0.67933,0.0490542,0.976499,-0.208644,0.0226019,-0.178981,0.0799403,0.739144,0.694609,0.287715,0.609158,-0.25232,0,0,0,0,0,0,0,0.0107596,0.0032721,-0.00550817,-0.0045776,24.7068,9.98345,9.14607,4.22072,-8.03795,-3.05781,2.87101,-0.777056,0,0,-12,0,0,0,0,0,6.201,0,0,0,
0.492644,0.120926,0.84312,0.654518,0.466217,-0.509812,-0.307147,-2.60789e-06,-2.77759e-06,4.65958e-07,-2.19987e-07,-2.80294e-06,-1.0082e-05,0.424742,0.396174,0.67933,0.049054,0.976499,-0.208644,0.0226019,-0.178981,0.0799403,0.739144,0.694609,0.287715,0.609158,-0.25232,0,0,0,0,0,0,0,0.00612153,0.00347689,-0.00564193,-0.00478771,24.5431,9.98305,9.11093,4.23115,-8.01384,-3.04635,2.83706,-0.766112,0,0,-12,0,0,0,0,0,6.20101,0,0,0,
0.492645,0.120926,0.843119,0.654518,0.466217,-0.509812,-0.307147,-3.26515e-07,4.67762e-07,9.63395e-07,-1.11357e-06,-9.60973e-06,4.28845e-06,0.424742,0.396174,0.67933,0.0490534,0.976499,-0.208644,0.0226019,-0.178981,0.0799403,0.739144,0.694609,0.287715,0.609158,-0.25232,0,0,0,0,0,0,0,0.00463208,0.00359201,-0.00566616,-0.00585339,23.8038,9.98093,8.88808,4.29047,-7.89868,-2.9932,2.68261,-0.716255,0,0,-12,0,0,0,0,0,6.20101,0,0,0,
0.492644,0.120926,0.84312,0.654518,0.466217,-0.509812,-0.307147,-3.26514e-07,4.67762e-07,9.63395e-07,-1.11357e-06,-9.60973e-06,4.28845e-06,0.424742,0.396174,0.67933,0.0490537,0.976499,-0.208644,0.0226019,-0.178981,0.0799403,0.739144,0.694609,0.287715,0.609158,-0.25232,0,0,0,0,0,0,0,0.00882968,0.00318866,-0.00549475,-0.00356381,23.2144,9.97914,8.69267,4.34127,-7.80527,-2.94998,2.55945,-0.676444,0,0,-12,0,0,0,0,0,6.20101,0,0,0,
0.492644,0.120926,0.84312,0.654518,0.466217,-0.509812,-0.307147,-3.27008e-07,4.68469e-07,9.64852e-07,-1.11526e-06,-9.62427e-06,4.29493e-06,0.424742,0.396174,0.67933,0.049054,0.976499,-0.208644,0.0226019,-0.178981,0.0799403,0.739144,0.694609,0.287715,0.609158,-0.25232,0,0,0,0,0,0,0,0.00389317,0.00305066,-0.00535459,-0.00437093,22.6941,9.97707,8.54818,4.38004,-7.72542,-2.91288,2.45098,-0.641386,0,0,-12,0,0,0,0,0,6.20101,0,0,0,
0.492645,0.120926,0.84312,0.654518,0.466217,-0.509812,-0.307147,-3.27008e-07,4.68469e-07,9.64852e-07,-1.11526e-06,-9.62427e-06,4.29493e-06,0.424742,0.396174,0.67933,0.0490537,0.976499,-0.208644,0.0226019,-0.178981,0.0799403,0.739144,0.694609,0.287715,0.609158,-0.25232,0,0,0,0,0,0,0,0.00863793,0.00336968,-0.00550981,-0.00565912,22.1805,9.97622,8.37483,4.42546,-7.64361,-2.87561,2.34327,-0.606678,0,0,-12,0,0,0,0,0,6.20101,0,0,0,
0.492645,0.120926,0.84312,0.654518,0.466217,-0.509812,-0.307147,5.93854e-07,2.89373e-06,6.12316e-07,-7.70354e-07,-8.99326e-06,9.53682e-06,0.424742,0.396174,0.67933,0.0490537,0.976499,-0.208644,0.0226019,-0.178981,0.0799403,0.739144,0.694609,0.287715,0.609158,-0.25232,0,0,0,0,0,0,0,0.0145321,0.00327944,-0.00550122,-0.00462476,22.2585,9.97674,8.37971,4.42318,-7.65398,-2.88065,2.3593,-0.611858,0,0,-12,0,0,0,0,0,6.20101,0,0,0,
0.492644,0.120926,0.843119,0.654518,0.466216,-0.509813,-0.307148,3.27254e-07,-4.68824e-07,-9.65583e-07,1.1161e-06,9.63155e-06,-4.29818e-06,0.424742,0.396173,0.67933,0.0490539,0.976499,-0.208644,0.0226018,-0.178981,0.0799403,0.739144,0.694609,0.287715,0.609158,-0.25232,0,0,0,0,0,0,0,0.0227884,0.00387012,-0.00621388,-0.00908586,20.641,9.97293,7.85497,4.56101,-7.39835,-2.76385,2.0205,-0.502464,0,0,-12,0,0,0,0,0,6.201,0,0,0,
0.492644,0.120926,0.843119,0.654518,0.466216,-0.509812,-0.307148,3.27007e-07,-4.6847e-07,-9.64852e-07,1.11527e-06,9.62426e-06,-4.29493e-06,0.424742,0.396173,0.67933,0.0490542,0.976499,-0.208644,0.0226019,-0.178981,0.0799403,0.739144,0.694609,0.287715,0.609158,-0.25232,0,0,0,0,0,0,0,0.0176635,0.00319711,-0.00549253,-0.00367776,20.3822,9.97161,7.79167,4.57853,-7.35972,-2.74474,1.96724,-0.485276,0,0,-12,0,0,0,0,0,6.201,0,0,0,
0.492644,0.120926,0.843119,0.654518,0.466216,-0.509813,-0.307148,1.08924e-06,-2.54559e-06,-7.25026e-07,6.451e-07,1.11609e-05,-4.71186e-06,0.424742,0.396173,0.67933,0.0490539,0.976499,-0.208644,0.0226018,-0.178981,0.0799403,0.739144,0.694609,0.287715,0.609158,-0.25232,0,0,0,0,0,0,0,0.0119428,0.00338027,-0.00550636,-0.0057675,19.7892,9.96965,7.62756,4.62294,-7.26872,-2.70262,1.8435,-0.445334,0,0,-12,0,0,0,0,0,6.201,0,0,0,
0.492645,0.120926,0.84312,0.654518,0.466217,-0.509812,-0.307147,7.61528e-07,-2.07898e-06,2.40087e-07,-4.70414e-07,1.53622e-06,-4.20979e-07,0.424742,0.396174,0.67933,0.0490537,0.976499,-0.208644,0.0226019,-0.178981,0.0799403,0.739144,0.694609,0.287715,0.609158,-0.25232,0,0,0,0,0,0,0,0.000361715,0.00270545,-0.0047889,-0.000331182,19.3332,9.96744,7.52448,4.65213,-7.20128,-2.66974,1.74943,-0.41495,0,0,-12,0,0,0,0,0,6.20101,0,0,0,
0.492644,0.120926,0.84312,0.654518,0.466217,-0.509812,-0.307147,-2.60523e-06,-2.77366e-06,4.6534e-07,-2.1956e-07,-2.80035e-06,-1.00704e-05,0.424742,0.396174,0.67933,0.049054,0.976499,-0.208644,0.0226019,-0.178981,0.0799403,0.739144,0.694609,0.287715,0.609158,-0.25232,0,0,0,0,0,0,0,-0.00270018,0.00319186,-0.00548027,-0.00361983,19.1771,9.96715,7.48659,4.66295,-7.17774,-2.65916,1.71671,-0.404325,0,0,-12,0,0,0,0,0,6.20101,0,0,0,
0.492645,0.120926,0.843119,0.654518,0.466217,-0.509813,-0.307148,1.08852e-06,-2.5517e-06,-7.22683e-07,6.42187e-07,1.11478e-05,-4.71395e-06,0.424742,0.396174,0.67933,0.0490537,0.976499,-0.208644,0.0226019,-0.178981,0.0799403,0.739144,0.694609,0.287715,0.609158,-0.25232,0,0,0,0,0,0,0,-0.00592905,0.00414489,-0.00630738,-0.010212,18.4934,9.96568,7.28693,4.71683,-7.07165,-2.61096,1.57345,-0.358087,0,0,-12,0,0,0,0,0,6.20101,0,0,0,
0.492644,0.120926,0.84312,0.654518,0.466217,-0.509812,-0.307147,9.22951e-07,2.43077e-06,-3.53336e-07,3.45685e-07,6.32434e-07,5.25378e-06,0.424742,0.396174,0.67933,0.0490537,0.976499,-0.208644,0.0226019,-0.178981,0.0799403,0.739144,0.694609,0.287715,0.609158,-0.25232,0,0,0,0,0,0,0,0.00171107,0.00264524,-0.00480496,0.000685255,17.6596,9.96283,7.00466,4.78976,-6.93926,-2.54858,1.39982,-0.302068,0,0,-12,0,0,0,0,0,6.20101,0,0,0,
0.492645,0.120926,0.84312,0.654518,0.466217,-0.509812,-0.307147,0,0,0,0,0,0,0.424742,0.396174,0.67933,0.0490537,0.976499,-0.208644,0.0226019,-0.178981,0.0799403,0.739144,0.694609,0.287715,0.609158,-0.25232,0,0,0,0,0,0,0,0.00413561,0.00314696,-0.00533248,-0.00547923,16.8583,9.96063,6.74991,4.85657,-6.81294,-2.49142,1.23171,-0.247757,0,0,-12,0,0,0,0,0,6.20101,0,0,0,
0.492644,0.120926,0.84312,0.654518,0.466217,-0.509812,-0.307148,-2.93485e-06,-2.312e-06,1.42889e-06,-1.33299e-06,-1.24059e-05,-5.80073e-06,0.424742,0.396173,0.67933,0.0490542,0.976499,-0.208644,0.0226019,-0.178981,0.0799403,0.739144,0.694609,0.287715,0.609158,-0.25232,0,0,0,0,0,0,0,0.00699967,0.00298782,-0.00533912,-0.00340474,16.52,9.95986,6.63646,4.88627,-6.75925,-2.46646,1.16106,-0.224933,0,0,-12,0,0,0,0,0,6.201,0,0,0,
0.492644,0.120926,0.843119,0.654518,0.466216,-0.509812,-0.307148,0,0,0,0,0,0,0.424742,0.396173,0.67933,0.0490542,0.976499,-0.208644,0.0226019,-0.178981,0.0799403,0.739144,0.694609,0.287715,0.609158,-0.25232,0,0,0,0,0,0,0,0.00899705,0.00405342,-0.00627365,-0.00919524,15.9999,9.95941,6.47048,4.93066,-6.67717,-2.42958,1.05176,-0.189698,0,0,-12,0,0,0,0,0,6.201,0,0,0,
0.492644,0.120926,0.84312,0.654518,0.466217,-0.509812,-0.307148,-2.01191e-06,1.18745e-07,1.07556e-06,-9.87306e-07,-1.17735e-05,-5.47e-07,0.424742,0.396173,0.67933,0.0490542,0.976499,-0.208644,0.0226019,-0.178981,0.0799403,0.739144,0.694609,0.287715,0.609158,-0.25232,0,0,0,0,0,0,0,-0.00190469,0.00249845,-0.00465255,-9.36601e-05,14.8135,9.95426,6.1395,5.0193,-6.49538,-2.34335,0.80539,-0.11012,0,0,-12,0,0,0,0,0,6.201,0,0,0,
0.492644,0.120926,0.84312,0.654518,0.466217,-0.509812,-0.307147,-1.68309e-06,-3.48139e-07,1.12719e-07,1.25248e-07,-2.16771e-06,-4.82492e-06,0.424742,0.396174,0.67933,0.049054,0.976499,-0.208644,0.0226019,-0.178981,0.0799403,0.739144,0.694609,0.287715,0.609158,-0.25232,0,0,0,0,0,0,0,-0.0032219,0.00348226,-0.00558921,-0.00487964,14.2455,9.95352,5.96954,5.06538,-6.4069,-2.3031,0.686367,-0.0717239,0,0,-12,0,0,0,0,0,6.20101,0,0,0,
0.492644,0.120926,0.84312,0.654518,0.466217,-0.509812,-0.307147,9.22961e-07,2.43079e-06,-3.5334e-07,3.45689e-07,6.3244e-07,5.25383e-06,0.424742,0.396174,0.67933,0.0490537,0.976499,-0.208644,0.0226019,-0.178981,0.0799403,0.739144,0.694609,0.287715,0.609158,-0.25232,0,0,0,0,0,0,0,-0.0106636,0.00351911,-0.00560865,-0.0049251,13.4511,9.95094,5.74906,5.12517,-6.28506,-2.24626,0.520853,-0.0182667,0,0,-12,0,0,0,0,0,6.20101,0,0,0,
0.492645,0.120926,0.843119,0.654518,0.466217,-0.509813,-0.307147,1.84313e-06,4.85424e-06,-7.05612e-07,6.90333e-07,1.26297e-06,1.04918e-05,0.424742,0.396174,0.67933,0.0490532,0.976499,-0.208644,0.0226019,-0.178981,0.0799403,0.739144,0.694609,0.287715,0.609158,-0.25232,0,0,0,0,0,0,0,-0.00410091,0.00360826,-0.00560442,-0.00597063,12.9878,9.94997,5.58505,5.16744,-6.21051,-2.21246,0.423579,0.0131021,0,0,-12,0,0,0,0,0,6.20102,0,0,0,
0.492645,0.120926,0.843119,0.654518,0.466217,-0.509813,-0.307147,2.60524e-06,2.77367e-06,-4.65342e-07,2.19557e-07,2.80037e-06,1.00705e-05,0.424742,0.396174,0.67933,0.0490532,0.976499,-0.208644,0.0226019,-0.178981,0.0799403,0.739144,0.694609,0.287715,0.609158,-0.25232,0,0,0,0,0,0,0,0.00397837,0.003294,-0.0054646,-0.00471525,13.1645,9.95055,5.61297,5.15833,-6.23558,-2.22445,0.460116,0.00133316,0,0,-12,0,0,0,0,0,6.20102,0,0,0,
0.492644,0.120926,0.84312,0.654518,0.466217,-0.509812,-0.307147,-1.68438e-06,-3.48405e-07,1.12805e-07,1.25343e-07,-2.16937e-06,-4.82861e-06,0.424742,0.396174,0.67933,0.049054,0.976499,-0.208644,0.0226019,-0.178981,0.0799403,0.739144,0.694609,0.287715,0.609158,-0.25232,0,0,0,0,0,0,0,0.00996516,0.00275017,-0.00516502,-0.00322902,11.1456,9.94448,4.97119,5.32673,-5.91806,-2.07795,0.0381464,0.137635,0,0,-12,0,0,0,0,0,6.20101,0,0,0,
0.492644,0.120926,0.84312,0.654518,0.466217,-0.509812,-0.307147,-7.6419e-07,2.07505e-06,-2.39469e-07,4.69988e-07,-1.53881e-06,4.09418e-07,0.424742,0.396174,0.67933,0.049054,0.976499,-0.208644,0.0226019,-0.178981,0.0799403,0.739144,0.694609,0.287715,0.609158,-0.25232,0,0,0,0,0,0,0,0.0136869,0.00328747,-0.00544632,-0.00470793,10.7444,9.94422,4.83605,5.36254,-5.85418,-2.0489,-0.0460343,0.164708,0,0,-12,0,0,0,0,0,6.20101,0,0,0,
0.492645,0.120926,0.843119,0.654518,0.466217,-0.509813,-0.307148,4.61639e-06,2.65396e-06,-1.54227e-06,1.20863e-06,1.45867e-05,1.06074e-05,0.424742,0.396174,0.67933,0.0490535,0.976499,-0.208644,0.0226018,-0.178981,0.0799403,0.739144,0.694609,0.287715,0.609158,-0.25232,0,0,0,0,0,0,0,0.0163848,0.00420662,-0.00620698,-0.0109181,10.2407,9.94356,4.67258,5.40581,-5.77438,-2.01321,-0.152009,0.198878,0,0,-12,0,0,0,0,0,6.20101,0,0,0,
0.492644,0.120926,0.843119,0.654518,0.466216,-0.509812,-0.307148,-1.68309e-06,-3.48138e-07,1.12719e-07,1.25247e-07,-2.16771e-06,-4.82492e-06,0.424742,0.396173,0.67933,0.0490542,0.976499,-0.208644,0.0226019,-0.178981,0.0799403,0.739144,0.694609,0.287715,0.609158,-0.25232,0,0,0,0,0,0,0,0.00841733,0.00294565,-0.00532682,-0.00290877,9.21067,9.93931,4.38055,5.48395,-5.61611,-1.93823,-0.365945,0.268075,0,0,-12,0,0,0,0,0,6.201,0,0,0,
0.492644,0.120926,0.843119,0.654518,0.466216,-0.509812,-0.307148,-2.27744e-06,-3.24117e-06,-4.98151e-07,8.93942e-07,6.81112e-06,-1.43553e-05,0.424742,0.396173,0.67933,0.0490543,0.976499,-0.208644,0.0226019,-0.178981,0.0799403,0.739144,0.694609,0.287715,0.609158,-0.25232,0,0,0,0,0,0,0,-0.00633381,0.0032429,-0.00545341,-0.00418163,9.26112,9.939,4.44421,5.46993,-5.62864,-1.94314,-0.354648,0.264425,0,0,-12,0,0,0,0,0,6.201,0,0,0,
0.492645,0.120926,0.843119,0.654518,0.466217,-0.509813,-0.307148,2.77183e-06,-2.19677e-06,-8.36305e-07,5.18179e-07,1.33142e-05,1.19408e-07,0.424742,0.396174,0.67933,0.0490535,0.976499,-0.208644,0.0226018,-0.178981,0.0799403,0.739144,0.694609,0.287715,0.609158,-0.25232,0,0,0,0,0,0,0,-0.000932201,0.00370167,-0.00555002,-0.0073307,7.96986,9.93595,4.02913,5.57917,-5.42495,-1.8499,-0.625045,0.35162,0,0,-12,0,0,0,0,0,6.20101,0,0,0,
0.492645,0.120926,0.843119,0.654518,0.466217,-0.509812,-0.307147,-9.22253e-07,-2.42893e-06,3.53069e-07,-3.45424e-07,-6.31956e-07,-5.24981e-06,0.424742,0.396174,0.67933,0.0490534,0.976499,-0.208644,0.0226019,-0.178981,0.0799403,0.739144,0.694609,0.287715,0.609158,-0.25232,0,0,0,0,0,0,0,0.00499254,0.00269694,-0.00483078,0.000122508,7.34168,9.9339,3.81602,5.63429,-5.32513,-1.803,-0.755919,0.393915,0,0,-12,0,0,0,0,0,6.20101,0,0,0,
0.492644,0.120926,0.84312,0.654518,0.466217,-0.509812,-0.307147,-3.53015e-06,-5.20648e-06,8.19021e-07,-5.65403e-07,-3.4349e-06,-1.53318e-05,0.424742,0.396174,0.67933,0.049054,0.976499,-0.208644,0.0226019,-0.178981,0.0799403,0.739144,0.694609,0.287715,0.609158,-0.25232,0,0,0,0,0,0,0,0.00747719,0.00297411,-0.00529564,-0.00347995,6.67885,9.93208,3.60375,5.68994,-5.22056,-1.75547,-0.894861,0.438832,0,0,-12,0,0,0,0,0,6.20101,0,0,0,
0.492645,0.120926,0.843119,0.654518,0.466217,-0.509813,-0.307148,1.08918e-06,-2.54987e-06,-7.22948e-07,6.42451e-07,1.11483e-05,-4.71006e-06,0.424742,0.396174,0.67933,0.0490537,0.976499,-0.208644,0.0226019,-0.178981,0.0799403,0.739144,0.694609,0.287715,0.609158,-0.25232,0,0,0,0,0,0,0,0.00833569,0.00415893,-0.00615533,-0.0103599,5.76197,9.93051,3.31924,5.76594,-5.07676,-1.69015,-1.08712,0.500806,0,0,-12,0,0,0,0,0,6.20101,0,0,0,
0.492644,0.120926,0.84312,0.654518,0.466217,-0.509812,-0.307147,9.22951e-07,2.43077e-06,-3.53336e-07,3.45685e-07,6.32434e-07,5.25378e-06,0.424742,0.396174,0.67933,0.0490537,0.976499,-0.208644,0.0226019,-0.178981,0.0799403,0.739144,0.694609,0.287715,0.609158,-0.25232,0,0,0,0,0,0,0,0.00685965,0.00264893,-0.00482898,0.000635346,4.76602,9.92672,3.01664,5.84585,-4.9219,-1.61671,-1.29405,0.567659,0,0,-12,0,0,0,0,0,6.20101,0,0,0,
0.492644,0.120926,0.84312,0.654518,0.466217,-0.509812,-0.307147,-3.37128e-06,-6.9733e-07,2.25779e-07,2.50874e-07,-4.34197e-06,-9.66442e-06,0.424742,0.396174,0.67933,0.049054,0.976499,-0.208644,0.0226019,-0.178981,0.0799403,0.739144,0.694609,0.287715,0.609158,-0.25232,0,0,0,0,0,0,0,0.00686552,0.00307299,-0.00528345,-0.00453049,4.81421,9.92681,3.0314,5.84171,-4.9292,-1.62095,-1.28447,0.5646,0,0,-12,0,0,0,0,0,6.20101,0,0,0,
0.492645,0.120926,0.84312,0.654518,0.466217,-0.509812,-0.307147,1.35609e-06,8.16609e-07,8.52133e-07,-1.2405e-06,-7.45656e-06,9.11985e-06,0.424742,0.396174,0.67933,0.0490537,0.976499,-0.208644,0.0226019,-0.178981,0.0799403,0.739144,0.694609,0.287715,0.609158,-0.25232,0,0,0,0,0,0,0,0.00724125,0.00338489,-0.0053976,-0.00581795,3.61035,9.92377,2.65962,5.94047,-4.74085,-1.53414,-1.53612,0.645787,0,0,-12,0,0,0,0,0,6.20101,0,0,0,
0.492645,0.120926,0.843119,0.654518,0.466217,-0.509813,-0.307148,4.74748e-06,4.33417e-06,-7.54243e-07,2.66858e-07,5.28191e-06,1.75127e-05,0.424742,0.396174,0.67933,0.0490537,0.976499,-0.208644,0.0226019,-0.178981,0.0799403,0.739144,0.694609,0.287715,0.609158,-0.25232,0,0,0,0,0,0,0,0.0118544,0.00407969,-0.00613824,-0.00941478,2.83866,9.92245,2.40744,6.00703,-4.61867,-1.47856,-1.69794,0.698012,0,0,-12,0,0,0,0,0,6.20101,0,0,0,
0.492644,0.120926,0.843119,0.654518,0.466216,-0.509812,-0.307148,-1.35736e-06,-8.16871e-07,-8.52048e-07,1.2406e-06,7.45492e-06,-9.12349e-06,0.424742,0.396174,0.67933,0.049054,0.976499,-0.208644,0.0226019,-0.178981,0.0799403,0.739144,0.694609,0.287715,0.609158,-0.25232,0,0,0,0,0,0,0,0.00551362,0.00321358,-0.00542801,-0.00383072,1.64488,9.91813,2.05989,6.09981,-4.43422,-1.39198,-1.94642,0.778299,0,0,-12,0,0,0,0,0,6.20101,0,0,0,
0.492645,0.120926,0.84312,0.654518,0.466217,-0.509812,-0.307147,-2.60397e-06,-2.77343e-06,4.65259e-07,-2.19658e-07,-2.79871e-06,-1.00669e-05,0.424742,0.396174,0.67933,0.0490537,0.976499,-0.208644,0.0226019,-0.178981,0.0799403,0.739144,0.694609,0.287715,0.609158,-0.25232,0,0,0,0,0,0,0,-0.00425308,0.00260913,-0.00466977,-0.00128081,1.41793,9.91637,2.0212,6.11119,-4.40185,-1.37594,-1.99302,0.793361,0,0,-12,0,0,0,0,0,6.20101,0,0,0,
0.492645,0.120926,0.84312,0.654518,0.466217,-0.509812,-0.307147,1.68309e-06,3.4814e-07,-1.12719e-07,-1.25248e-07,2.16771e-06,4.82492e-06,0.424742,0.396174,0.67933,0.0490537,0.976499,-0.208644,0.0226019,-0.178981,0.0799403,0.739144,0.694609,0.287715,0.609158,-0.25232,0,0,0,0,0,0,0,0.00380656,0.00329644,-0.00540648,-0.00480047,1.70065,9.9182,2.08259,6.09405,-4.44343,-1.39627,-1.93476,0.774521,0,0,-12,0,0,0,0,0,6.20101,0,0,0,
0.492644,0.120926,0.843119,0.654518,0.466216,-0.509812,-0.307148,-1.35533e-06,-8.15641e-07,-8.50761e-07,1.23874e-06,7.44364e-06,-9.10977e-06,0.424742,0.396174,0.67933,0.0490541,0.976499,-0.208644,0.022602,-0.178981,0.0799403,0.739144,0.694609,0.287715,0.609158,-0.25232,0,0,0,0,0,0,0,-0.00250195,0.00394315,-0.00613924,-0.0078083,-1.10109,9.9106,1.24062,6.31888,-4.00736,-1.19476,-2.51995,0.963479,0,0,-12,0,0,0,0,0,6.20101,0,0,0,
0.492645,0.120926,0.843119,0.654518,0.466217,-0.509813,-0.307147,2.27873e-06,3.24143e-06,4.98053e-07,-8.94006e-07,-6.80937e-06,1.43589e-05,0.424742,0.396174,0.67933,0.0490532,0.976499,-0.208644,0.0226018,-0.178981,0.0799403,0.739144,0.694609,0.287715,0.609158,-0.25232,0,0,0,0,0,0,0,-0.00313672,0.00294878,-0.00477568,-0.00278235,-1.73568,9.90788,1.04648,6.36963,-3.90845,-1.14823,-2.65205,1.00606,0,0,-12,0,0,0,0,0,6.20101,0,0,0,
0.492645,0.120926,0.843119,0.654518,0.466217,-0.509813,-0.307147,4.28708e-06,3.12155e-06,-5.77977e-07,9.44032e-08,4.96646e-06,1.48918e-05,0.424742,0.396174,0.67933,0.0490532,0.976499,-0.208644,0.0226018,-0.178981,0.0799403,0.739144,0.694609,0.287715,0.609158,-0.25232,0,0,0,0,0,0,0,0.0109704,0.00330202,-0.00538671,-0.00484702,-1.9378,9.90831,0.93866,6.39598,-3.87234,-1.13289,-2.6953,1.02004,0,0,-12,0,0,0,0,0,6.20101,0,0,0,
0.492644,0.120926,0.843119,0.654518,0.466216,-0.509812,-0.307148,-3.03968e-06,-1.16404e-06,-7.37959e-07,1.36408e-06,5.27432e-06,-1.39383e-05,0.424742,0.396174,0.67933,0.0490544,0.976499,-0.208644,0.022602,-0.178981,0.0799403,0.739144,0.694609,0.287715,0.609158,-0.25232,0,0,0,0,0,0,0,0.0097345,0.00356599,-0.00602001,-0.00589117,-2.78787,9.90611,0.681109,6.46475,-3.73983,-1.07173,-2.87288,1.07745,0,0,-12,0,0,0,0,0,6.20101,0,0,0,
0.492644,0.120926,0.843119,0.654518,0.466216,-0.509812,-0.307148,-1.68564e-06,-3.48665e-07,1.12889e-07,1.25437e-07,-2.17098e-06,-4.83221e-06,0.424742,0.396174,0.67933,0.049054,0.976499,-0.208644,0.0226019,-0.178981,0.0799403,0.739144,0.694609,0.287715,0.609158,-0.25232,0,0,0,0,0,0,0,0.00279553,0.00345392,-0.00534603,-0.00655971,-3.27246,9.90413,0.55409,6.49927,-3.66619,-1.03732,-2.9738,1.10994,0,0,-12,0,0,0,0,0,6.20101,0,0,0,
0.492645,0.120926,0.843119,0.654518,0.466217,-0.509813,-0.307148,0,0,0,0,0,0,0.424742,0.396174,0.67933,0.0490537,0.976499,-0.208644,0.0226019,-0.178981,0.0799403,0.739144,0.694609,0.287715,0.609158,-0.25232,0,0,0,0,0,0,0,0.00532824,0.00340132,-0.0053559,-0.00596486,-3.90411,9.90248,0.351327,6.5526,-3.56667,-0.991417,-3.10585,1.15258,0,0,-12,0,0,0,0,0,6.20101,0,0,0,
0.492644,0.120926,0.843119,0.654518,0.466216,-0.509812,-0.307148,3.2627e-07,-4.67414e-07,-9.62678e-07,1.11275e-06,9.60258e-06,-4.28525e-06,0.424742,0.396174,0.67933,0.049054,0.976499,-0.208644,0.0226019,-0.178981,0.0799403,0.739144,0.694609,0.287715,0.609158,-0.25232,0,0,0,0,0,0,0,0.00433792,0.00322038,-0.00541092,-0.00390118,-4.67341,9.90025,0.117633,6.6148,-3.44681,-0.935612,-3.26629,1.20443,0,0,-12,0,0,0,0,0,6.20101,0,0,0,
0.492645,0.120926,0.843119,0.654518,0.466217,-0.509813,-0.307148,3.26267e-07,-4.67409e-07,-9.62669e-07,1.11273e-06,9.60248e-06,-4.28521e-06,0.424742,0.396174,0.67933,0.0490537,0.976499,-0.208644,0.0226019,-0.178981,0.0799403,0.739144,0.694609,0.287715,0.609158,-0.25232,0,0,0,0,0,0,0,-3.16843e-05,0.00340331,-0.00534052,-0.00599209,-6.02956,9.89621,-0.285925,6.72243,-3.23608,-0.838262,-3.54955,1.29584,0,0,-12,0,0,0,0,0,6.20101,0,0,0,
0.492644,0.120926,0.843119,0.654518,0.466216,-0.509812,-0.307148,-4.29863e-06,-3.12729e-06,5.79185e-07,-9.41679e-08,-4.98049e-06,-1.49288e-05,0.424742,0.396173,0.67933,0.0490546,0.976499,-0.208644,0.022602,-0.178981,0.0799403,0.739144,0.694609,0.287715,0.609158,-0.25232,0,0,0,0,0,0,0,-0.00215046,0.00287287,-0.00533835,-0.00201546,-6.36261,9.89484,-0.381775,6.74807,-3.18483,-0.813786,-3.61859,1.31827,0,0,-12,0,0,0,0,0,6.201,0,0,0,
0.492645,0.120926,0.843119,0.654518,0.466217,-0.509813,-0.307148,2.01392e-06,-1.19535e-07,-1.07782e-06,9.89713e-07,1.17968e-05,5.40979e-07,0.424742,0.396174,0.67933,0.0490537,0.976499,-0.208644,0.0226019,-0.178981,0.0799403,0.739144,0.694609,0.287715,0.609158,-0.25232,0,0,0,0,0,0,0,-0.00862116,0.00374574,-0.00539999,-0.00783713,-7.13669,9.89295,-0.598842,6.8071,-3.06566,-0.759172,-3.78052,1.37037,0,0,-12,0,0,0,0,0,6.20101,0,0,0,
0.492645,0.120926,0.843119,0.654518,0.466217,-0.509813,-0.307147,-1.68691e-06,-3.48931e-07,1.12975e-07,1.25533e-07,-2.17263e-06,-4.83587e-06,0.424742,0.396174,0.67933,0.0490532,0.976499,-0.208644,0.0226018,-0.178981,0.0799403,0.739144,0.694609,0.287715,0.609158,-0.25232,0,0,0,0,0,0,0,-0.00647793,0.00281224,-0.00483818,-0.00119142,-7.841,9.89048,-0.823111,6.86581,-2.9551,-0.707171,-3.92713,1.41779,0,0,-12,0,0,0,0,0,6.20101,0,0,0,
0.492644,0.120926,0.84312,0.654518,0.466217,-0.509812,-0.307147,2.60731e-06,2.77915e-06,-4.66137e-07,2.20339e-07,2.80177e-06,1.00823e-05,0.424742,0.396174,0.67933,0.0490537,0.976499,-0.208644,0.0226019,-0.178981,0.0799403,0.739144,0.694609,0.287715,0.609158,-0.25232,0,0,0,0,0,0,0,0.00844021,0.00315873,-0.00541709,-0.0032065,-8.86499,9.88863,-1.18671,6.95981,-2.79025,-0.632389,-4.14212,1.4872,0,0,-12,0,0,0,0,0,6.20101,0,0,0,
0.492644,0.120926,0.843119,0.654518,0.466217,-0.509813,-0.307148,2.93293e-06,2.30703e-06,-1.43046e-06,1.33508e-06,1.24251e-05,5.77947e-06,0.424742,0.396174,0.67933,0.0490537,0.976499,-0.208644,0.0226019,-0.178981,0.0799403,0.739144,0.694609,0.287715,0.609158,-0.25232,0,0,0,0,0,0,0,0.0102084,0.00408542,-0.0059814,-0.00947828,-9.26399,9.88823,-1.31494,6.99389,-2.72711,-0.604339,-4.22619,1.51424,0,0,-12,0,0,0,0,0,6.20101,0,0,0,
0.492644,0.120926,0.843119,0.654518,0.466216,-0.509812,-0.307148,-3.88391e-06,-1.33947e-06,-6.82843e-07,1.42862e-06,4.20091e-06,-1.63663e-05,0.424742,0.396174,0.67933,0.0490541,0.976499,-0.208644,0.022602,-0.178981,0.0799403,0.739144,0.694609,0.287715,0.609158,-0.25232,0,0,0,0,0,0,0,0.00836524,0.00303086,-0.00524943,-0.00408554,-9.56821,9.88631,-1.40334,7.01686,-2.68025,-0.581725,-4.28911,1.53467,0,0,-12,0,0,0,0,0,6.20101,0,0,0,
0.492645,0.120926,0.843119,0.654518,0.466217,-0.509813,-0.307148,1.68309e-06,3.4814e-07,-1.12719e-07,-1.25248e-07,2.16771e-06,4.82492e-06,0.424742,0.396174,0.67933,0.0490537,0.976499,-0.208644,0.0226019,-0.178981,0.0799403,0.739144,0.694609,0.287715,0.609158,-0.25232,0,0,0,0,0,0,0,0.0026094,0.00345869,-0.00523873,-0.00666474,-16.5852,9.86656,-3.54572,7.58591,-1.58499,-0.0755777,-5.75493,2.00782,0,0,-12,0,0,0,0,0,6.20101,0,0,0,
0.492644,0.120926,0.843119,0.654518,0.466216,-0.509812,-0.307148,-3.36619e-06,-6.96277e-07,2.25437e-07,2.50495e-07,-4.33541e-06,-9.64983e-06,0.424742,0.396174,0.67933,0.0490541,0.976499,-0.208644,0.022602,-0.178981,0.0799403,0.739144,0.694609,0.287715,0.609158,-0.25232,0,0,0,0,0,0,0,0.00367663,0.00320609,-0.00544208,-0.00368582,-6.72476,9.89443,-0.512035,6.78182,-3.12633,-0.787431,-3.69477,1.34278,0,0,-12,0,0,0,0,0,6.20101,0,0,0,
0.492645,0.120926,0.843119,0.654517,0.466217,-0.509813,-0.307148,8.95211e-06,5.19635e-06,-1.03485e-06,-4.74279e-08,1.0699e-05,2.95573e-05,0.424742,0.396174,0.67933,0.049053,0.976499,-0.208644,0.0226018,-0.178981,0.0799403,0.739144,0.694609,0.287715,0.609158,-0.25232,0,0,0,0,0,0,0,0.00194312,0.00384194,-0.00533217,-0.00858967,-12.5157,9.87837,-2.28991,7.25346,-2.22136,-0.369897,-4.90495,1.73332,0,0,-12,0,0,0,0,0,6.20101,0,0,0,
0.492645,0.120926,0.843119,0.654517,0.466217,-0.509813,-0.307148,4.61381e-06,2.64919e-06,-1.54002e-06,1.20615e-06,1.45708e-05,1.0602e-05,0.424742,0.396174,0.67933,0.049053,0.976499,-0.208644,0.0226018,-0.178981,0.0799403,0.739144,0.694609,0.287715,0.609158,-0.25232,0,0,0,0,0,0,0,0.00888103,0.00332258,-0.00534238,-0.0050336,-12.6452,9.87801,-2.35252,7.26865,-2.19904,-0.359518,-4.93206,1.74218,0,0,-12,0,0,0,0,0,6.20101,0,0,0,
0.492644,0.120926,0.84312,0.654518,0.466217,-0.509812,-0.307148,-6.81412e-06,-3.6392e-06,7.46556e-07,9.45791e-08,-8.22235e-06,-2.21302e-05,0.424742,0.396174,0.67933,0.0490541,0.976499,-0.208644,0.022602,-0.178981,0.0799403,0.739144,0.694609,0.287715,0.609158,-0.25232,0,0,0,0,0,0,0,0.00510348,0.00200152,-0.00477132,0.00328014,-13.7247,9.87376,-2.67335,7.35367,-2.03173,-0.280621,-5.1565,1.81485,0,0,-12,0,0,0,0,0,6.20101,0,0,0,
0.492644,0.120926,0.843119,0.654518,0.466216,-0.509812,-0.307148,-1.0527e-06,-4.10017e-06,-4.35389e-07,5.97009e-07,8.66466e-06,-1.21394e-05,0.424742,0.396173,0.67933,0.0490542,0.976499,-0.208644,0.0226019,-0.178981,0.0799403,0.739144,0.694609,0.287715,0.609158,-0.25232,0,0,0,0,0,0,0,0.00406745,0.00395123,-0.00576832,-0.0100032,-14.2495,9.87356,-2.83082,7.39641,-1.94956,-0.244692,-5.2674,1.85042,0,0,-12,0,0,0,0,0,6.201,0,0,0,
0.492644,0.120926,0.843119,0.654518,0.466216,-0.509812,-0.307148,-1.38131e-06,-3.63793e-06,5.28809e-07,-5.17359e-07,-9.46512e-07,-7.8629e-06,0.424742,0.396173,0.67933,0.0490542,0.976499,-0.208644,0.0226019,-0.178981,0.0799403,0.739144,0.694609,0.287715,0.609158,-0.25232,0,0,0,0,0,0,0,0.00800427,0.00331495,-0.00533702,-0.00498747,-14.534,9.87263,-2.93143,7.42224,-1.90403,-0.223122,-5.32658,1.86956,0,0,-12,0,0,0,0,0,6.201,0,0,0,
0.492644,0.120926,0.843119,0.654518,0.466216,-0.509812,-0.307148,7.63971e-07,-2.08181e-06,2.40358e-07,-4.71213e-07,1.5402e-06,-4.17861e-07,0.424742,0.396173,0.67933,0.0490542,0.976499,-0.208644,0.0226019,-0.178981,0.0799403,0.739144,0.694609,0.287715,0.609158,-0.25232,0,0,0,0,0,0,0,0.00942683,0.0033155,-0.00533327,-0.00499328,-15.3134,9.8705,-3.17609,7.48684,-1.78174,-0.166714,-5.48948,1.92214,0,0,-12,0,0,0,0,0,6.201,0,0,0,
0.492644,0.120926,0.84312,0.654518,0.466216,-0.509812,-0.307148,-2.69834e-06,-2.39917e-06,1.84417e-06,-2.81888e-06,3.09218e-06,-1.3691e-05,0.424742,0.396173,0.67933,0.0490542,0.976499,-0.208644,0.0226021,-0.178981,0.0799403,0.739144,0.694609,0.287715,0.609158,-0.25232,0,0,0,0,0,0,0,-0.00263497,0.00180074,-0.00390028,-0.00357566,-15.7999,9.86621,-3.28857,7.51641,-1.70926,-0.132282,-5.59027,1.95486,0,0,-12,0,0,0,0,0,6.20097,0,0,0,
0.492644,0.120926,0.843119,0.654518,0.466216,-0.509812,-0.307148,0,0,0,0,0,0,0.424742,0.396174,0.67933,0.049054,0.976499,-0.208644,0.0226019,-0.178981,0.0799403,0.739144,0.694609,0.287715,0.609158,-0.25232,0,0,0,0,0,0,0,-0.00170786,0.00502438,-0.00686081,-0.00662242,-16.6944,9.86862,-3.56327,7.59407,-1.56961,-0.0679588,-5.77746,2.01498,0,0,-12,0,0,0,0,0,6.20101,0,0,0,
0.492645,0.120926,0.843119,0.654518,0.466217,-0.509813,-0.307148,1.68819e-06,3.49195e-07,-1.13061e-07,-1.25628e-07,2.17427e-06,4.83953e-06,0.424742,0.396174,0.67933,0.0490534,0.976499,-0.208644,0.0226019,-0.178981,0.0799403,0.739144,0.694609,0.287715,0.609158,-0.25232,0,0,0,0,0,0,0,0.0079996,0.00363614,-0.00540186,-0.00627952,-16.9938,9.86604,-3.68883,7.62328,-1.51946,-0.0455937,-5.84059,2.03544,0,0,-12,0,0,0,0,0,6.20101,0,0,0,
0.492644,0.120926,0.843119,0.654518,0.466217,-0.509813,-0.307148,-5.98613e-06,-3.47468e-06,6.91983e-07,3.17201e-08,-7.15429e-06,-1.97644e-05,0.424742,0.396174,0.67933,0.0490537,0.976499,-0.208644,0.0226019,-0.178981,0.0799403,0.739144,0.694609,0.287715,0.609158,-0.25232,0,0,0,0,0,0,0,0.00318059,0.00323136,-0.00538454,-0.00397405,-18.1123,9.86228,-4.01789,7.71109,-1.34618,0.0351855,-6.07373,2.11082,0,0,-12,0,0,0,0,0,6.20101,0,0,0,
0.492644,0.120926,0.843119,0.654518,0.466216,-0.509812,-0.307148,7.66635e-07,-2.0779e-06,2.39742e-07,-4.7079e-07,1.54279e-06,-4.06313e-07,0.424742,0.396174,0.67933,0.049054,0.976499,-0.208644,0.0226019,-0.178981,0.0799403,0.739144,0.694609,0.287715,0.609158,-0.25232,0,0,0,0,0,0,0,-0.00605888,0.00309809,-0.00519551,-0.00478193,-18.2491,9.86109,-4.03029,7.71561,-1.32763,0.044264,-6.10183,2.11993,0,0,-12,0,0,0,0,0,6.20101,0,0,0,
0.492644,0.120926,0.843119,0.654518,0.466216,-0.509812,-0.307148,9.21558e-07,2.42709e-06,-3.52802e-07,3.45163e-07,6.31478e-07,5.24584e-06,0.424742,0.396174,0.67933,0.049054,0.976499,-0.208644,0.0226019,-0.178981,0.0799403,0.739144,0.694609,0.287715,0.609158,-0.25232,0,0,0,0,0,0,0,-0.00691011,0.00332159,-0.00532239,-0.00502129,-18.7802,9.85988,-4.19084,7.75865,-1.24491,0.0825375,-6.21274,2.15571,0,0,-12,0,0,0,0,0,6.20101,0,0,0,
0.492645,0.120926,0.843119,0.654518,0.466217,-0.509813,-0.307148,1.38234e-06,3.64064e-06,-5.29204e-07,5.17744e-07,9.47218e-07,7.86876e-06,0.424742,0.396174,0.67933,0.0490534,0.976499,-0.208644,0.0226019,-0.178981,0.0799403,0.739144,0.694609,0.287715,0.609158,-0.25232,0,0,0,0,0,0,0,0.00023375,0.00364248,-0.00539625,-0.00630195,-18.1221,9.86246,-4.01111,7.71006,-1.34553,0.0353411,-6.07583,2.11141,0,0,-12,0,0,0,0,0,6.20101,0,0,0,
0.492645,0.120926,0.843119,0.654518,0.466217,-0.509813,-0.307148,1.38234e-06,3.64064e-06,-5.29204e-07,5.17744e-07,9.47218e-07,7.86876e-06,0.424742,0.396174,0.67933,0.0490534,0.976499,-0.208644,0.0226019,-0.178981,0.0799403,0.739144,0.694609,0.287715,0.609158,-0.25232,0,0,0,0,0,0,0,0.00578858,0.00332713,-0.00530648,-0.00506523,-21.242,9.8536,-4.99034,7.96832,-0.85603,0.261321,-6.72781,2.32195,0,0,-12,0,0,0,0,0,6.20101,0,0,0,
0.492644,0.120926,0.843119,0.654518,0.466217,-0.509813,-0.307148,1.11217e-07,2.43936e-06,-2.75699e-06,4.35476e-06,2.48926e-06,2.34315e-06,0.424742,0.396174,0.67933,0.0490537,0.976499,-0.208644,0.0226019,-0.178981,0.0799403,0.739144,0.694609,0.287715,0.609158,-0.25232,0,0,0,0,0,0,0,0.0109632,0.00323617,-0.00537942,-0.00401852,-21.0888,9.85429,-4.95993,7.95941,-0.878392,0.250785,-6.696,2.3117,0,0,-12,0,0,0,0,0,6.20101,0,0,0,
0.492645,0.120926,0.843119,0.654517,0.466217,-0.509813,-0.307148,4.2896e-06,3.1221e-06,-5.78149e-07,9.42199e-08,4.9697e-06,1.48991e-05,0.424742,0.396174,0.67933,0.0490532,0.976499,-0.208644,0.0226018,-0.178981,0.0799403,0.739144,0.694609,0.287715,0.609158,-0.25232,0,0,0,0,0,0,0,0.0137626,0.00347457,-0.00519788,-0.00673024,-21.595,9.85302,-5.125,8.00255,-0.798246,0.28717,-6.80221,2.34589,0,0,-12,0,0,0,0,0,6.20101,0,0,0,
0.492644,0.120926,0.843119,0.654518,0.466216,-0.509812,-0.307148,-2.50269e-06,-3.67234e-06,-1.01437e-06,4.85688e-06,-1.38326e-06,-1.05793e-05,0.424742,0.396174,0.67933,0.0490541,0.976499,-0.208644,0.0226019,-0.178981,0.0799403,0.739144,0.694609,0.287715,0.609158,-0.25232,0,0,0,0,0,0,0,0.0139846,0.00385841,-0.00728016,-0.00311058,-21.8574,9.85339,-5.20539,8.02529,-0.757469,0.306668,-6.85656,2.36377,0,0,-12,0,0,0,0,0,6.201,0,0,0,
0.492644,0.120925,0.843119,0.654518,0.466216,-0.509812,-0.307148,-5.56902e-06,-7.66521e-06,-3.74268e-07,4.47163e-06,-4.49677e-06,-2.32797e-05,0.424742,0.396173,0.67933,0.0490546,0.976499,-0.208644,0.0226018,-0.178981,0.0799403,0.739144,0.694609,0.287715,0.609158,-0.25232,0,0,0,0,0,0,0,0.000436069,0.0029046,-0.00509694,-0.0045889,-22.7923,9.84832,-5.45092,8.09072,-0.615283,0.372983,-7.0513,2.42649,0,0,-12,0,0,0,0,0,6.20099,0,0,0,
0.492644,0.120925,0.843119,0.654518,0.466216,-0.509812,-0.307148,-1.38339e-06,-3.64339e-06,5.29604e-07,-5.18136e-07,-9.47934e-07,-7.87471e-06,0.424742,0.396173,0.67933,0.0490544,0.976499,-0.208644,0.0226019,-0.178981,0.0799403,0.739144,0.694609,0.287715,0.609158,-0.25232,0,0,0,0,0,0,0,-0.00791315,0.00243269,-0.00336045,-0.00509572,-22.9842,9.84654,-5.48375,8.09988,-0.587778,0.386164,-7.09104,2.43909,0,0,-12,0,0,0,0,0,6.20099,0,0,0,
0.492644,0.120926,0.84312,0.654518,0.466217,-0.509812,-0.307147,2.38523e-08,-7.62105e-07,3.54449e-06,-5.2966e-06,-1.17812e-05,4.56562e-06,0.424742,0.396173,0.67933,0.0490539,0.976499,-0.208644,0.022602,-0.178981,0.0799403,0.739144,0.694609,0.287715,0.609158,-0.25232,0,0,0,0,0,0,0,-0.00350217,0.00132669,-0.00346826,-0.000215554,-23.8302,9.84321,-5.75934,8.17123,-0.454227,0.448287,-7.26748,2.49638,0,0,-12,0,0,0,0,0,6.20097,0,0,0,
0.492645,0.120926,0.84312,0.654518,0.466217,-0.509812,-0.307147,-1.24877e-06,-1.96117e-06,1.31646e-06,-1.459e-06,-1.02417e-05,-9.61362e-07,0.424742,0.396174,0.67933,0.0490537,0.976499,-0.208644,0.0226019,-0.178981,0.0799403,0.739144,0.694609,0.287715,0.609158,-0.25232,0,0,0,0,0,0,0,-0.00143444,0.0050026,-0.00677895,-0.00661732,-24.2391,9.84732,-5.88802,8.21014,-0.390001,0.477131,-7.35363,2.52385,0,0,-12,0,0,0,0,0,6.20101,0,0,0,
0.492644,0.120926,0.84312,0.654518,0.466217,-0.509812,-0.307147,-2.01392e-06,1.19539e-07,1.07783e-06,-9.89725e-07,-1.17969e-05,-5.40937e-07,0.424742,0.396174,0.67933,0.0490537,0.976499,-0.208644,0.0226019,-0.178981,0.0799403,0.739144,0.694609,0.287715,0.609158,-0.25232,0,0,0,0,0,0,0,-0.00576309,0.00345707,-0.00550121,-0.00419015,-25.3717,9.84169,-6.22451,8.29785,-0.214136,0.558954,-7.58974,2.60027,0,0,-12,0,0,0,0,0,6.20101,0,0,0,
0.492644,0.120926,0.843119,0.654518,0.466217,-0.509813,-0.307148,1.6869e-06,3.48926e-07,-1.12974e-07,-1.25531e-07,2.1726e-06,4.83582e-06,0.424742,0.396174,0.67933,0.0490537,0.976499,-0.208644,0.0226019,-0.178981,0.0799403,0.739144,0.694609,0.287715,0.609158,-0.25232,0,0,0,0,0,0,0,0.00731475,0.00410646,-0.0057383,-0.00965492,-25.8229,9.84138,-6.40583,8.34369,-0.139248,0.591724,-7.68534,2.631,0,0,-12,0,0,0,0,0,6.20101,0,0,0,
0.492644,0.120926,0.843119,0.654518,0.466216,-0.509812,-0.307148,-4.29539e-06,-3.12495e-06,5.78752e-07,-9.40992e-08,-4.97673e-06,-1.49176e-05,0.424742,0.396174,0.67933,0.049054,0.976499,-0.208644,0.0226019,-0.178981,0.0799403,0.739144,0.694609,0.287715,0.609158,-0.25232,0,0,0,0,0,0,0,0.0108361,0.00310074,-0.00516456,-0.0048314,-26.3651,9.83907,-6.58492,8.38974,-0.0534786,0.631834,-7.79833,2.6676,0,0,-12,0,0,0,0,0,6.20101,0,0,0,
0.492644,0.120926,0.843119,0.654518,0.466216,-0.509812,-0.307148,-1.68693e-06,-3.48933e-07,1.12976e-07,1.25533e-07,-2.17265e-06,-4.83592e-06,0.424742,0.396174,0.67933,0.049054,0.976499,-0.208644,0.0226019,-0.178981,0.0799403,0.739144,0.694609,0.287715,0.609158,-0.25232,0,0,0,0,0,0,0,0.00530467,0.00332873,-0.00529328,-0.00507377,-26.4157,9.83898,-6.5823,8.39036,-0.0473364,0.635059,-7.80861,2.67089,0,0,-12,0,0,0,0,0,6.20101,0,0,0,
0.492645,0.120926,0.843119,0.654518,0.466217,-0.509813,-0.307148,4.98073e-06,4.76493e-06,-2.40596e-07,-3.69423e-06,1.35076e-05,1.37468e-05,0.424742,0.396174,0.67933,0.0490537,0.976499,-0.208644,0.0226019,-0.178981,0.0799403,0.739144,0.694609,0.287715,0.609158,-0.25232,0,0,0,0,0,0,0,-0.00307195,0.00342168,-0.00520177,-0.00613293,-27.2489,9.83621,-6.81174,8.45258,0.0803117,0.694479,-7.98226,2.72695,0,0,-12,0,0,0,0,0,6.20101,0,0,0,
0.492645,0.120926,0.843119,0.654517,0.466217,-0.509813,-0.307148,3.98826e-06,6.41615e-06,-9.94811e-07,7.37564e-07,3.74804e-06,1.79432e-05,0.424742,0.396174,0.67933,0.0490532,0.976499,-0.208644,0.0226018,-0.178981,0.0799403,0.739144,0.694609,0.287715,0.609158,-0.25232,0,0,0,0,0,0,0,-0.00729398,0.00361181,-0.00535824,-0.00596421,-27.6226,9.83527,-6.91288,8.48048,0.13735,0.721199,-8.06007,2.75205,0,0,-12,0,0,0,0,0,6.20101,0,0,0,
0.492645,0.120926,0.843119,0.654518,0.466217,-0.509813,-0.307148,3.47899e-06,3.13526e-06,-2.98429e-06,4.10698e-06,6.82912e-06,1.19961e-05,0.424742,0.396174,0.67933,0.0490534,0.976499,-0.208644,0.0226019,-0.178981,0.0799403,0.739144,0.694609,0.287715,0.609158,-0.25232,0,0,0,0,0,0,0,-0.00148343,0.00328012,-0.00534751,-0.00447924,-26.9812,9.83704,-6.73441,8.43188,0.0388837,0.675496,-7.92626,2.70892,0,0,-12,0,0,0,0,0,6.20101,0,0,0,
0.492644,0.120926,0.843119,0.654518,0.466216,-0.509812,-0.307148,-1.35634e-06,-8.16254e-07,-8.51405e-07,1.23967e-06,7.44929e-06,-9.1166e-06,0.424742,0.396174,0.67933,0.0490541,0.976499,-0.208644,0.022602,-0.178981,0.0799403,0.739144,0.694609,0.287715,0.609158,-0.25232,0,0,0,0,0,0,0,0.00160317,0.00296008,-0.00529475,-0.00320774,-29.6858,9.82921,-7.57769,8.65456,0.46268,0.871294,-8.49132,2.89142,0,0,-12,0,0,0,0,0,6.20101,0,0,0,
0.492644,0.120926,0.843119,0.654518,0.466217,-0.509813,-0.307148,3.26513e-07,-4.67762e-07,-9.63396e-07,1.11357e-06,9.60973e-06,-4.28845e-06,0.424742,0.396174,0.67933,0.0490537,0.976499,-0.208644,0.0226019,-0.178981,0.0799403,0.739144,0.694609,0.287715,0.609158,-0.25232,0,0,0,0,0,0,0,-0.0084058,0.0036167,-0.0053484,-0.00596766,-30.0416,9.8284,-7.65433,8.6772,0.51518,0.895877,-8.56535,2.91519,0,0,-12,0,0,0,0,0,6.20101,0,0,0,
0.492645,0.120926,0.843119,0.654518,0.466217,-0.509813,-0.307147,1.68437e-06,3.48404e-07,-1.12805e-07,-1.25343e-07,2.16934e-06,4.82856e-06,0.424742,0.396174,0.67933,0.0490532,0.976499,-0.208644,0.0226018,-0.178981,0.0799403,0.739144,0.694609,0.287715,0.609158,-0.25232,0,0,0,0,0,0,0,-0.00609829,0.00268982,-0.00473414,-0.00208091,-30.1497,9.82723,-7.69582,8.68693,0.532748,0.904406,-8.58769,2.92251,0,0,-12,0,0,0,0,0,6.20101,0,0,0,
0.492645,0.120926,0.843119,0.654518,0.466217,-0.509813,-0.307147,2.60605e-06,2.77891e-06,-4.66056e-07,2.20437e-07,2.80014e-06,1.00787e-05,0.424742,0.396174,0.67933,0.0490532,0.976499,-0.208644,0.0226018,-0.178981,0.0799403,0.739144,0.694609,0.287715,0.609158,-0.25232,0,0,0,0,0,0,0,-0.00107189,0.00332693,-0.00527238,-0.00505151,-30.6521,9.8267,-7.86644,8.73182,0.612946,0.940652,-8.69324,2.95653,0,0,-12,0,0,0,0,0,6.20101,0,0,0,
0.492644,0.120926,0.843119,0.654518,0.466216,-0.509812,-0.307148,-1.68437e-06,-3.48401e-07,1.12804e-07,1.25342e-07,-2.16934e-06,-4.82856e-06,0.424742,0.396174,0.67933,0.0490541,0.976499,-0.208644,0.022602,-0.178981,0.0799403,0.739144,0.694609,0.287715,0.609158,-0.25232,0,0,0,0,0,0,0,0.00518994,0.00367961,-0.00573875,-0.00715868,-30.5536,9.82757,-7.85619,8.72823,0.599579,0.933684,-8.67321,2.95006,0,0,-12,0,0,0,0,0,6.20101,0,0,0,
0.492644,0.120926,0.843119,0.654518,0.466217,-0.509813,-0.307148,-7.61424e-07,2.08234e-06,-2.40529e-07,4.71025e-07,-1.53692e-06,4.25167e-07,0.424742,0.396174,0.67933,0.0490537,0.976499,-0.208644,0.0226019,-0.178981,0.0799403,0.739144,0.694609,0.287715,0.609158,-0.25232,0,0,0,0,0,0,0,0.00523643,0.00361478,-0.0053451,-0.00595907,-30.9423,9.82656,-7.97606,8.76008,0.660305,0.961954,-8.75434,2.97616,0,0,-12,0,0,0,0,0,6.20101,0,0,0,
0.492645,0.120926,0.843119,0.654517,0.466217,-0.509813,-0.307148,3.36877e-06,6.96815e-07,-2.25612e-07,-2.50688e-07,4.33873e-06,9.65722e-06,0.424742,0.396174,0.67933,0.0490532,0.976499,-0.208644,0.0226018,-0.178981,0.0799403,0.739144,0.694609,0.287715,0.609158,-0.25232,0,0,0,0,0,0,0,0.0161603,0.00348343,-0.00511827,-0.00677536,-31.5731,9.82501,-8.20611,8.81876,0.762446,1.00821,-8.88686,3.0189,0,0,-12,0,0,0,0,0,6.20101,0,0,0,
0.492644,0.120926,0.843119,0.654518,0.466216,-0.509812,-0.307148,-4.29677e-06,-3.1286e-06,5.79282e-07,-9.46181e-08,-4.97768e-06,-1.49255e-05,0.424742,0.396174,0.67933,0.0490541,0.976499,-0.208644,0.022602,-0.178981,0.0799403,0.739144,0.694609,0.287715,0.609158,-0.25232,0,0,0,0,0,0,0,0.0151499,0.00291094,-0.00537186,-0.00261354,-31.948,9.82353,-8.31843,8.84855,0.820596,1.03581,-8.96466,3.04423,0,0,-12,0,0,0,0,0,6.20101,0,0,0,
0.492644,0.120926,0.843119,0.654518,0.466216,-0.509812,-0.307148,-9.22954e-07,-2.43077e-06,3.53336e-07,-3.45685e-07,-6.32434e-07,-5.25378e-06,0.424742,0.396173,0.67933,0.0490542,0.976499,-0.208644,0.0226019,-0.178981,0.0799403,0.739144,0.694609,0.287715,0.609158,-0.25232,0,0,0,0,0,0,0,0.00154547,0.00318999,-0.00510978,-0.00550476,-32.1567,9.8223,-8.33859,8.85618,0.849058,1.04947,-9.00776,3.05807,0,0,-12,0,0,0,0,0,6.201,0,0,0,
0.492645,0.120926,0.843119,0.654518,0.466217,-0.509813,-0.307148,1.68564e-06,3.48666e-07,-1.1289e-07,-1.25437e-07,2.17098e-06,4.83221e-06,0.424742,0.396174,0.67933,0.0490537,0.976499,-0.208644,0.0226019,-0.178981,0.0799403,0.739144,0.694609,0.287715,0.609158,-0.25232,0,0,0,0,0,0,0,-0.00228538,0.00362755,-0.00527423,-0.00638206,-32.8187,9.82084,-8.52961,8.90806,0.951296,1.0969,-9.14592,3.10259,0,0,-12,0,0,0,0,0,6.20101,0,0,0,
0.492644,0.120926,0.843119,0.654518,0.466216,-0.509812,-0.307148,-3.96769e-06,-3.59159e-06,-3.86367e-07,1.02142e-06,4.64801e-06,-1.92086e-05,0.424742,0.396174,0.67933,0.049054,0.976499,-0.208644,0.0226019,-0.178981,0.0799403,0.739144,0.694609,0.287715,0.609158,-0.25232,0,0,0,0,0,0,0,0.00681998,0.00324667,-0.00537715,-0.00409906,-32.8691,9.82085,-8.57486,8.91826,0.961988,1.10153,-9.15675,3.10618,0,0,-12,0,0,0,0,0,6.20101,0,0,0,
0.492645,0.120926,0.843119,0.654518,0.466217,-0.509813,-0.307148,-9.21558e-07,-2.4271e-06,3.52803e-07,-3.45163e-07,-6.31478e-07,-5.24584e-06,0.424742,0.396174,0.67933,0.0490535,0.976499,-0.208644,0.0226018,-0.178981,0.0799403,0.739144,0.694609,0.287715,0.609158,-0.25232,0,0,0,0,0,0,0,-0.00163125,0.00348551,-0.00509851,-0.00680957,-33.4652,9.81876,-8.7311,8.96101,1.05263,1.14358,-9.28106,3.14623,0,0,-12,0,0,0,0,0,6.20101,0,0,0,
0.492644,0.120926,0.843119,0.654518,0.466216,-0.509812,-0.307148,1.68564e-06,3.48665e-07,-1.12889e-07,-1.25437e-07,2.17098e-06,4.83221e-06,0.424742,0.396174,0.67933,0.049054,0.976499,-0.208644,0.0226019,-0.178981,0.0799403,0.739144,0.694609,0.287715,0.609158,-0.25232,0,0,0,0,0,0,0,0.0113398,0.00319459,-0.00544459,-0.00349779,-33.1394,9.82032,-8.67278,8.94345,1.00565,1.12148,-9.21343,3.12449,0,0,-12,0,0,0,0,0,6.20101,0,0,0,
0.492644,0.120926,0.843119,0.654518,0.466216,-0.509812,-0.307148,2.8738e-06,-3.09384e-06,-2.31618e-06,5.59494e-06,1.47301e-05,-3.89068e-07,0.424742,0.396173,0.67933,0.0490539,0.976499,-0.208644,0.0226018,-0.178981,0.0799403,0.739144,0.694609,0.287715,0.609158,-0.25232,0,0,0,0,0,0,0,0.0144433,0.00419574,-0.00699445,-0.0065964,-34.2844,9.81844,-9.03454,9.03999,1.18562,1.20399,-9.45306,3.20193,0,0,-12,0,0,0,0,0,6.201,0,0,0,
0.492644,0.120926,0.843119,0.654518,0.466216,-0.509813,-0.307148,-5.58905e-06,-4.50828e-06,8.10607e-07,-2.04241e-07,-6.36578e-06,-1.99252e-05,0.424742,0.396173,0.67933,0.0490539,0.976499,-0.208644,0.0226018,-0.178981,0.0799403,0.739144,0.694609,0.287715,0.609158,-0.25232,0,0,0,0,0,0,0,0.004271,0.00238982,-0.00339082,-0.00449781,-32.4923,9.82036,-8.45184,8.88446,0.902491,1.07406,-9.07801,3.08057,0,0,-12,0,0,0,0,0,6.201,0,0,0,
0.492644,0.120926,0.84312,0.654518,0.466217,-0.509812,-0.307148,-4.53425e-06,-4.02583e-07,1.24519e-06,-8.00463e-07,-1.5029e-05,-7.77384e-06,0.424742,0.396174,0.67933,0.0490541,0.976499,-0.208644,0.022602,-0.178981,0.0799403,0.739144,0.694609,0.287715,0.609158,-0.25232,0,0,0,0,0,0,0,-0.00627256,0.0025997,-0.00524074,0.00103146,-35.5804,9.81219,-9.36762,9.13054,1.38154,1.29719,-9.72185,3.2888,0,0,-12,0,0,0,0,0,6.20101,0,0,0,
0.492645,0.120926,0.843119,0.654518,0.466217,-0.509813,-0.307148,4.74854e-06,4.33696e-06,-7.54648e-07,2.67253e-07,5.28264e-06,1.75187e-05,0.424742,0.396174,0.67933,0.0490534,0.976499,-0.208644,0.0226019,-0.178981,0.0799403,0.739144,0.694609,0.287715,0.609158,-0.25232,0,0,0,0,0,0,0,-0.0128495,0.00446668,-0.00550882,-0.0114892,-34.6863,9.81569,-9.07014,9.05362,1.24009,1.23032,-9.53597,3.2284,0,0,-12,0,0,0,0,0,6.20101,0,0,0,
0.492645,0.120926,0.843119,0.654518,0.466217,-0.509813,-0.307147,4.8828e-06,6.01829e-06,3.23443e-08,-6.73724e-07,-4.01136e-06,2.44301e-05,0.424742,0.396174,0.67933,0.049053,0.976499,-0.208644,0.0226019,-0.178981,0.0799403,0.739144,0.694609,0.287715,0.609158,-0.25232,0,0,0,0,0,0,0,-0.00503095,0.00283077,-0.00501808,-0.00125933,-35.6462,9.81213,-9.39197,9.1367,1.39231,1.30171,-9.73594,3.29324,0,0,-12,0,0,0,0,0,6.20102,0,0,0,
0.492644,0.120926,0.84312,0.654518,0.466217,-0.509812,-0.307147,5.94346e-07,2.89302e-06,6.10859e-07,-7.68671e-07,-8.97873e-06,9.53033e-06,0.424742,0.396174,0.67933,0.0490537,0.976499,-0.208644,0.0226019,-0.178981,0.0799403,0.739144,0.694609,0.287715,0.609158,-0.25232,0,0,0,0,0,0,0,0.00345451,0.00295967,-0.00533868,-0.00315326,-35.4538,9.81304,-9.36028,9.12671,1.36501,1.28815,-9.69641,3.28051,0,0,-12,0,0,0,0,0,6.20101,0,0,0,
0.492644,0.120926,0.843119,0.654518,0.466216,-0.509812,-0.307148,-1.68309e-06,-3.48139e-07,1.12719e-07,1.25248e-07,-2.16771e-06,-4.82492e-06,0.424742,0.396174,0.67933,0.049054,0.976499,-0.208644,0.0226019,-0.178981,0.0799403,0.739144,0.694609,0.287715,0.609158,-0.25232,0,0,0,0,0,0,0,0.0113816,0.00387045,-0.00543776,-0.00931914,-34.9865,9.81541,-9.24175,9.09428,1.29467,1.25409,-9.5999,3.24911,0,0,-12,0,0,0,0,0,6.20101,0,0,0,
0.492644,0.120926,0.843119,0.654518,0.466216,-0.509812,-0.307148,-2.50339e-06,-3.67417e-06,-1.01408e-06,4.85657e-06,-1.38375e-06,-1.05833e-05,0.424742,0.396173,0.67933,0.0490542,0.976499,-0.208644,0.0226018,-0.178981,0.0799403,0.739144,0.694609,0.287715,0.609158,-0.25232,0,0,0,0,0,0,0,0.0166923,0.00411405,-0.00711983,-0.00557745,-35.9711,9.8138,-9.5613,9.17927,1.44998,1.32615,-9.80544,3.31573,0,0,-12,0,0,0,0,0,6.201,0,0,0,
0.492645,0.120926,0.843119,0.654518,0.466217,-0.509813,-0.307148,2.60987e-06,2.7797e-06,-4.66312e-07,2.20154e-07,2.80506e-06,1.00897e-05,0.424742,0.396174,0.67933,0.0490537,0.976499,-0.208644,0.0226018,-0.178981,0.0799403,0.739144,0.694609,0.287715,0.609158,-0.25232,0,0,0,0,0,0,0,0.0114605,0.00364439,-0.00529135,-0.00640259,-36.1071,9.8123,-9.58709,9.18595,1.46974,1.33547,-9.83373,3.3246,0,0,-12,0,0,0,0,0,6.201,0,0,0,
0.492645,0.120926,0.843119,0.654518,0.466217,-0.509813,-0.307148,9.22952e-07,2.43077e-06,-3.53336e-07,3.45685e-07,6.32434e-07,5.25378e-06,0.424742,0.396174,0.67933,0.0490537,0.976499,-0.208644,0.0226019,-0.178981,0.0799403,0.739144,0.694609,0.287715,0.609158,-0.25232,0,0,0,0,0,0,0,0.00278721,0.00239471,-0.00337952,-0.00450984,-36.4014,9.80926,-9.65105,9.20256,1.51315,1.35636,-9.89456,3.3442,0,0,-12,0,0,0,0,0,6.20101,0,0,0,
0.492644,0.120926,0.843119,0.654518,0.466216,-0.509812,-0.307148,1.25021e-06,1.96194e-06,-1.31892e-06,1.46179e-06,1.0264e-05,9.556e-07,0.424742,0.396174,0.67933,0.049054,0.976499,-0.208644,0.0226019,-0.178981,0.0799403,0.739144,0.694609,0.287715,0.609158,-0.25232,0,0,0,0,0,0,0,-0.00351686,0.00325223,-0.00539445,-0.00410596,-36.6929,9.80954,-9.71905,9.22333,1.55652,1.37702,-9.95495,3.36392,0,0,-12,0,0,0,0,0,6.20101,0,0,0,
0.492645,0.120926,0.84312,0.654518,0.466217,-0.509812,-0.307147,0,0,0,0,0,0,0.424742,0.396174,0.67933,0.0490537,0.976499,-0.208644,0.0226019,-0.178981,0.0799403,0.739144,0.694609,0.287715,0.609158,-0.25232,0,0,0,0,0,0,0,-0.00476726,0.00266064,-0.00490274,-0.00155686,-36.6128,9.80909,-9.69077,9.21551,1.54357,1.37151,-9.9379,3.35847,0,0,-12,0,0,0,0,0,6.20101,0,0,0,
0.492645,0.120926,0.843119,0.654518,0.466217,-0.509812,-0.307147,-2.60987e-06,-2.7797e-06,4.66311e-07,-2.20153e-07,-2.80506e-06,-1.00897e-05,0.424742,0.396174,0.67933,0.0490534,0.976499,-0.208644,0.0226019,-0.178981,0.0799403,0.739144,0.694609,0.287715,0.609158,-0.25232,0,0,0,0,0,0,0,-0.00240302,0.00356248,-0.00539071,-0.00532056,-36.8475,9.80951,-9.77007,9.23695,1.58106,1.38811,-9.98745,3.37433,0,0,-12,0,0,0,0,0,6.20101,0,0,0,
0.492644,0.120926,0.843119,0.654518,0.466216,-0.509812,-0.307148,-3.53422e-06,-5.21414e-06,8.20182e-07,-5.66362e-07,-3.43845e-06,-1.53514e-05,0.424742,0.396174,0.67933,0.049054,0.976499,-0.208644,0.0226019,-0.178981,0.0799403,0.739144,0.694609,0.287715,0.609158,-0.25232,0,0,0,0,0,0,0,0.00503969,0.00380772,-0.00552924,-0.00850075,-37.4528,9.80813,-9.98073,9.29131,1.67819,1.43191,-10.1146,3.41536,0,0,-12,0,0,0,0,0,6.20101,0,0,0,
0.492645,0.120926,0.843119,0.654518,0.466217,-0.509813,-0.307148,1.68692e-06,3.4893e-07,-1.12975e-07,-1.25532e-07,2.17263e-06,4.83587e-06,0.424742,0.396174,0.67933,0.0490537,0.976499,-0.208644,0.0226019,-0.178981,0.0799403,0.739144,0.694609,0.287715,0.609158,-0.25232,0,0,0,0,0,0,0,0.00542186,0.00343826,-0.00514496,-0.00619611,-37.7515,9.80704,-10.0742,9.3158,1.72494,1.45386,-10.1769,3.43544,0,0,-12,0,0,0,0,0,6.20101,0,0,0,
0.492644,0.120926,0.84312,0.654518,0.466217,-0.509812,-0.307147,-1.02814e-07,8.96617e-07,1.48238e-06,-5.08469e-06,-1.41853e-06,5.05338e-07,0.424742,0.396174,0.67933,0.049054,0.976499,-0.208644,0.0226019,-0.178981,0.0799403,0.739144,0.694609,0.287715,0.609158,-0.25232,0,0,0,0,0,0,0,0.00249131,0.00249811,-0.00517465,0.00038137,-37.221,9.80775,-9.90161,9.27024,1.64086,1.41626,-10.0652,3.39964,0,0,-12,0,0,0,0,0,6.20101,0,0,0,
0.492645,0.120926,0.843119,0.654518,0.466217,-0.509813,-0.307148,1.58171e-06,1.24367e-06,1.36735e-06,-5.2024e-06,7.52944e-07,5.33314e-06,0.424742,0.396174,0.67933,0.0490537,0.976499,-0.208644,0.0226019,-0.178981,0.0799403,0.739144,0.694609,0.287715,0.609158,-0.25232,0,0,0,0,0,0,0,0.00904199,0.00422602,-0.00538542,-0.0108564,-37.0845,9.80975,-9.88011,9.26418,1.62194,1.40527,-10.0382,3.39052,0,0,-12,0,0,0,0,0,6.20101,0,0,0,
0.492645,0.120926,0.84312,0.654518,0.466217,-0.509812,-0.307147,-2.00961e-06,1.19622e-07,1.07611e-06,-9.88325e-07,-1.17774e-05,-5.36469e-07,0.424742,0.396174,0.67933,0.0490537,0.976499,-0.208644,0.0226019,-0.178981,0.0799403,0.739144,0.694609,0.287715,0.609158,-0.25232,0,0,0,0,0,0,0,0.00416566,0.0025556,-0.00503766,-0.000450944,-39.1218,9.80246,-10.4925,9.4265,1.93858,1.55358,-10.4625,3.52785,0,0,-12,0,0,0,0,0,6.20101,0,0,0,
0.492645,0.120926,0.843119,0.654518,0.466217,-0.509813,-0.307148,3.26516e-07,-4.67767e-07,-9.63405e-07,1.11358e-06,9.60983e-06,-4.28849e-06,0.424742,0.396174,0.67933,0.0490537,0.976499,-0.208644,0.0226019,-0.178981,0.0799403,0.739144,0.694609,0.287715,0.609158,-0.25232,0,0,0,0,0,0,0,-0.000342106,0.0041151,-0.00549204,-0.00970898,-38.3418,9.80569,-10.2369,9.36042,1.81549,1.49558,-10.3002,3.47518,0,0,-12,0,0,0,0,0,6.20101,0,0,0,
0.492645,0.120926,0.843119,0.654518,0.466217,-0.509813,-0.307148,2.01115e-06,-1.19714e-07,-1.07694e-06,9.89081e-07,1.17865e-05,5.36879e-07,0.424742,0.396174,0.67933,0.0490537,0.976499,-0.208644,0.0226019,-0.178981,0.0799403,0.739144,0.694609,0.287715,0.609158,-0.25232,0,0,0,0,0,0,0,0.00370798,0.00334983,-0.00527453,-0.00516968,-38.5052,9.80482,-10.3007,9.3762,1.84218,1.50833,-10.3341,3.48626,0,0,-12,0,0,0,0,0,6.20101,0,0,0,
0.492644,0.120926,0.843119,0.654518,0.466216,-0.509812,-0.307148,-3.26619e-06,-1.5914e-06,-1.25341e-06,5.32386e-06,-2.92341e-06,-1.01614e-05,0.424742,0.396174,0.67933,0.049054,0.976499,-0.208644,0.0226018,-0.178981,0.0799403,0.739144,0.694609,0.287715,0.609158,-0.25232,0,0,0,0,0,0,0,-0.00454119,0.00421795,-0.00731831,-0.00481629,-38.8108,9.80497,-10.3668,9.39679,1.88714,1.52985,-10.3973,3.5069,0,0,-12,0,0,0,0,0,6.201,0,0,0,
0.492645,0.120926,0.843119,0.654518,0.466217,-0.509813,-0.307148,1.78701e-06,-5.46861e-07,-1.59294e-06,4.95167e-06,3.58571e-06,4.32394e-06,0.424742,0.396174,0.67933,0.0490537,0.976499,-0.208644,0.0226018,-0.178981,0.0799403,0.739144,0.694609,0.287715,0.609158,-0.25232,0,0,0,0,0,0,0,-0.00101267,0.00345405,-0.00517978,-0.0062012,-38.9262,9.80342,-10.4151,9.4073,1.90655,1.53824,-10.4219,3.51457,0,0,-12,0,0,0,0,0,6.201,0,0,0,
0.492645,0.120926,0.843119,0.654518,0.466217,-0.509813,-0.307148,2.0109e-06,-1.19356e-07,-1.0762e-06,9.88229e-07,1.17791e-05,5.40162e-07,0.424742,0.396174,0.67933,0.0490537,0.976499,-0.208644,0.0226019,-0.178981,0.0799403,0.739144,0.694609,0.287715,0.609158,-0.25232,0,0,0,0,0,0,0,0.00252043,0.00239179,-0.00337083,-0.00449616,-39.4047,9.80077,-10.5752,9.44755,1.9826,1.57332,-10.522,3.54676,0,0,-12,0,0,0,0,0,6.20101,0,0,0,
0.492645,0.120926,0.843119,0.654518,0.466217,-0.509813,-0.307148,9.22961e-07,2.43079e-06,-3.5334e-07,3.45689e-07,6.3244e-07,5.25383e-06,0.424742,0.396174,0.67933,0.0490534,0.976499,-0.208644,0.0226019,-0.178981,0.0799403,0.739144,0.694609,0.287715,0.609158,-0.25232,0,0,0,0,0,0,0,2.05439e-07,0.00358583,-0.00539016,-0.00543625,-39.6765,9.80167,-10.6492,9.46955,2.02408,1.59264,-10.5786,3.56516,0,0,-12,0,0,0,0,0,6.20101,0,0,0,
0.492645,0.120926,0.843119,0.654518,0.466217,-0.509813,-0.307148,9.22951e-07,2.43077e-06,-3.53336e-07,3.45685e-07,6.32434e-07,5.25378e-06,0.424742,0.396174,0.67933,0.0490534,0.976499,-0.208644,0.0226019,-0.178981,0.0799403,0.739144,0.694609,0.287715,0.609158,-0.25232,0,0,0,0,0,0,0,0.000273976,0.00335575,-0.00527433,-0.00518538,-39.9624,9.80053,-10.7384,9.4928,2.06891,1.61335,-10.6383,3.58449,0,0,-12,0,0,0,0,0,6.20101,0,0,0,
0.492644,0.120926,0.843119,0.654518,0.466216,-0.509812,-0.307148,-1.35991e-06,-8.17399e-07,-8.51878e-07,1.24079e-06,7.45164e-06,-9.1308e-06,0.424742,0.396174,0.67933,0.049054,0.976499,-0.208644,0.0226019,-0.178981,0.0799403,0.739144,0.694609,0.287715,0.609158,-0.25232,0,0,0,0,0,0,0,0.0032517,0.00303873,-0.00530432,-0.00390213,-39.5201,9.80159,-10.6121,9.45852,2.00069,1.5818,-10.546,3.55476,0,0,-12,0,0,0,0,0,6.20101,0,0,0,
0.492644,0.120926,0.843119,0.654518,0.466216,-0.509812,-0.307148,-1.68692e-06,-3.48929e-07,1.12975e-07,1.25532e-07,-2.17263e-06,-4.83587e-06,0.424742,0.396174,0.67933,0.049054,0.976499,-0.208644,0.0226019,-0.178981,0.0799403,0.739144,0.694609,0.287715,0.609158,-0.25232,0,0,0,0,0,0,0,0.00232468,0.0033524,-0.00527954,-0.00516124,-40.024,9.80047,-10.7641,9.49925,2.0792,1.61796,-10.6513,3.58868,0,0,-12,0,0,0,0,0,6.20101,0,0,0,
0.492644,0.120926,0.843119,0.654518,0.466216,-0.509812,-0.307148,-1.68692e-06,-3.48929e-07,1.12975e-07,1.25532e-07,-2.17263e-06,-4.83587e-06,0.424742,0.396174,0.67933,0.049054,0.976499,-0.208644,0.0226019,-0.178981,0.0799403,0.739144,0.694609,0.287715,0.609158,-0.25232,0,0,0,0,0,0,0,-0.000794848,0.00335296,-0.00528059,-0.00516201,-40.1413,9.79998,-10.79,9.50667,2.09653,1.6262,-10.6756,3.59654,0,0,-12,0,0,0,0,0,6.20101,0,0,0,
0.492645,0.120926,0.843119,0.654517,0.466217,-0.509813,-0.307148,4.19134e-06,4.0254e-06,9.04384e-07,-4.99373e-06,3.5548e-06,1.54239e-05,0.424742,0.396174,0.67933,0.0490532,0.976499,-0.208644,0.0226018,-0.178981,0.0799403,0.739144,0.694609,0.287715,0.609158,-0.25232,0,0,0,0,0,0,0,0.00433863,0.0037327,-0.00516669,-0.00709673,-40.3854,9.79991,-10.8817,9.53033,2.13636,1.64394,-10.7272,3.61303,0,0,-12,0,0,0,0,0,6.20101,0,0,0,
0.492644,0.120926,0.843119,0.654518,0.466217,-0.509813,-0.307148,-8.67592e-07,2.97321e-06,1.24273e-06,-4.61435e-06,-2.95851e-06,9.15008e-07,0.424742,0.396174,0.67933,0.0490537,0.976499,-0.208644,0.0226019,-0.178981,0.0799403,0.739144,0.694609,0.287715,0.609158,-0.25232,0,0,0,0,0,0,0,0.00993054,0.00321225,-0.00550559,-0.00353432,-40.603,9.79922,-10.967,9.55179,2.17202,1.66057,-10.7725,3.62787,0,0,-12,0,0,0,0,0,6.20101,0,0,0,
0.492644,0.120926,0.843119,0.654518,0.466217,-0.509813,-0.307148,-7.66054e-07,2.07633e-06,-2.39561e-07,4.70435e-07,-1.54162e-06,4.06014e-07,0.424742,0.396174,0.67933,0.0490537,0.976499,-0.208644,0.0226019,-0.178981,0.0799403,0.739144,0.694609,0.287715,0.609158,-0.25232,0,0,0,0,0,0,0,0.00109568,0.00335779,-0.00528188,-0.00517281,-40.9052,9.79792,-11.0315,9.57034,2.21656,1.68153,-10.8353,3.64809,0,0,-12,0,0,0,0,0,6.20101,0,0,0,
0.492645,0.120926,0.843119,0.654518,0.466217,-0.509813,-0.307148,-9.20862e-07,-2.42526e-06,3.52536e-07,-3.44902e-07,-6.31002e-07,-5.24188e-06,0.424742,0.396174,0.67933,0.0490537,0.976499,-0.208644,0.0226019,-0.178981,0.0799403,0.739144,0.694609,0.287715,0.609158,-0.25232,0,0,0,0,0,0,0,0.0052128,0.0032212,-0.00502899,-0.0059531,-40.6907,9.79841,-10.9791,9.55533,2.1844,1.66621,-10.7908,3.63371,0,0,-12,0,0,0,0,0,6.20101,0,0,0,
0.492645,0.120926,0.843119,0.654518,0.466217,-0.509813,-0.307148,-9.20862e-07,-2.42526e-06,3.52536e-07,-3.44902e-07,-6.31002e-07,-5.24188e-06,0.424742,0.396174,0.67933,0.0490537,0.976499,-0.208644,0.0226019,-0.178981,0.0799403,0.739144,0.694609,0.287715,0.609158,-0.25232,0,0,0,0,0,0,0,0.00829851,0.00335698,-0.00528627,-0.00518122,-40.2205,9.80023,-10.844,9.51938,2.11179,1.63259,-10.6927,3.60203,0,0,-12,0,0,0,0,0,6.20101,0,0,0,
0.492644,0.120926,0.84312,0.654518,0.466217,-0.509812,-0.307148,-2.93175e-06,-2.30592e-06,1.42874e-06,-1.33315e-06,-1.24101e-05,-5.78205e-06,0.424742,0.396173,0.67933,0.0490542,0.976499,-0.208644,0.0226019,-0.178981,0.0799403,0.739144,0.694609,0.287715,0.609158,-0.25232,0,0,0,0,0,0,0,-0.000589122,0.00229192,-0.00517063,0.000686713,-41.3576,9.79562,-11.1659,9.60559,2.28661,1.71492,-10.9291,3.67864,0,0,-12,0,0,0,0,0,6.201,0,0,0,
0.492645,0.120926,0.843119,0.654518,0.466217,-0.509813,-0.307148,1.68437e-06,3.48403e-07,-1.12804e-07,-1.25342e-07,2.16934e-06,4.82856e-06,0.424742,0.396174,0.67933,0.0490537,0.976499,-0.208644,0.0226019,-0.178981,0.0799403,0.739144,0.694609,0.287715,0.609158,-0.25232,0,0,0,0,0,0,0,-0.00536339,0.00443408,-0.00538793,-0.0110966,-41.4091,9.79712,-11.1651,9.60759,2.29346,1.71661,-10.9408,3.68192,0,0,-12,0,0,0,0,0,6.20101,0,0,0,
0.492645,0.120926,0.843119,0.654518,0.466217,-0.509813,-0.307148,1.68437e-06,3.48403e-07,-1.12804e-07,-1.25342e-07,2.16934e-06,4.82856e-06,0.424742,0.396174,0.67933,0.0490537,0.976499,-0.208644,0.0226019,-0.178981,0.0799403,0.739144,0.694609,0.287715,0.609158,-0.25232,0,0,0,0,0,0,0,0.0038089,0.00335863,-0.0052837,-0.00518909,-41.1788,9.79729,-11.1245,9.59453,2.26019,1.70149,-10.8926,3.66659,0,0,-12,0,0,0,0,0,6.20101,0,0,0,
0.492644,0.120926,0.843119,0.654518,0.466216,-0.509812,-0.307148,-3.36873e-06,-6.96804e-07,2.25608e-07,2.50684e-07,-4.33869e-06,-9.65712e-06,0.424742,0.396174,0.67933,0.049054,0.976499,-0.208644,0.0226019,-0.178981,0.0799403,0.739144,0.694609,0.287715,0.609158,-0.25232,0,0,0,0,0,0,0,0.0042375,0.00326729,-0.0054347,-0.00414751,-41.1527,9.79738,-11.1179,9.59274,2.2562,1.69978,-10.8871,3.66485,0,0,-12,0,0,0,0,0,6.20101,0,0,0,
0.492645,0.120926,0.843119,0.654518,0.466217,-0.509813,-0.307148,7.61537e-07,-2.07896e-06,2.40083e-07,-4.70411e-07,1.53623e-06,-4.20927e-07,0.424742,0.396174,0.67933,0.0490537,0.976499,-0.208644,0.0226019,-0.178981,0.0799403,0.739144,0.694609,0.287715,0.609158,-0.25232,0,0,0,0,0,0,0,-0.000461233,0.00345087,-0.00513894,-0.00621824,-41.3529,9.79659,-11.1644,9.60578,2.28611,1.71361,-10.9289,3.67825,0,0,-12,0,0,0,0,0,6.20101,0,0,0,
0.492645,0.120926,0.843119,0.654518,0.466217,-0.509813,-0.307148,7.60142e-07,-2.08263e-06,2.40617e-07,-4.70933e-07,1.53527e-06,-4.28865e-07,0.424742,0.396174,0.67933,0.0490537,0.976499,-0.208644,0.0226019,-0.178981,0.0799403,0.739144,0.694609,0.287715,0.609158,-0.25232,0,0,0,0,0,0,0,0.000745773,0.00336028,-0.00528944,-0.00518893,-41.1581,9.7972,-11.1082,9.59075,2.25599,1.69977,-10.8881,3.66515,0,0,-12,0,0,0,0,0,6.20101,0,0,0,
0.492644,0.120926,0.843119,0.654518,0.466216,-0.509812,-0.307148,-1.68564e-06,-3.48665e-07,1.12889e-07,1.25437e-07,-2.17098e-06,-4.83221e-06,0.424742,0.396174,0.67933,0.049054,0.976499,-0.208644,0.0226019,-0.178981,0.0799403,0.739144,0.694609,0.287715,0.609158,-0.25232,0,0,0,0,0,0,0,0.00477422,0.00326929,-0.00544066,-0.004153,-41.2874,9.79703,-11.1611,9.60411,2.27743,1.70955,-10.9153,3.67395,0,0,-12,0,0,0,0,0,6.20101,0,0,0,
0.492645,0.120926,0.843119,0.654518,0.466217,-0.509813,-0.307148,3.27007e-07,-4.68469e-07,-9.64853e-07,1.11526e-06,9.62427e-06,-4.29493e-06,0.424742,0.396174,0.67933,0.0490537,0.976499,-0.208644,0.0226019,-0.178981,0.0799403,0.739144,0.694609,0.287715,0.609158,-0.25232,0,0,0,0,0,0,0,0.00528761,0.00345163,-0.00514517,-0.00620666,-41.1786,9.79738,-11.1293,9.59549,2.26067,1.70143,-10.8928,3.66658,0,0,-12,0,0,0,0,0,6.20101,0,0,0,
0.492644,0.120926,0.843119,0.654518,0.466216,-0.509812,-0.307148,1.68564e-06,3.48665e-07,-1.12889e-07,-1.25437e-07,2.17098e-06,4.83221e-06,0.424742,0.396174,0.67933,0.049054,0.976499,-0.208644,0.0226019,-0.178981,0.0799403,0.739144,0.694609,0.287715,0.609158,-0.25232,0,0,0,0,0,0,0,-0.00206183,0.00327058,-0.00544458,-0.00415613,-41.3692,9.79645,-11.1641,9.6061,2.28806,1.71496,-10.932,3.67935,0,0,-12,0,0,0,0,0,6.20101,0,0,0,
0.492645,0.120926,0.843119,0.654518,0.466217,-0.509813,-0.307148,2.60985e-06,2.77969e-06,-4.6631e-07,2.20155e-07,2.80504e-06,1.00896e-05,0.424742,0.396174,0.67933,0.0490537,0.976499,-0.208644,0.0226019,-0.178981,0.0799403,0.739144,0.694609,0.287715,0.609158,-0.25232,0,0,0,0,0,0,0,0.00370072,0.00345306,-0.00514566,-0.00621149,-41.3094,9.79693,-11.1644,9.60508,2.28061,1.71077,-10.92,3.67538,0,0,-12,0,0,0,0,0,6.20101,0,0,0,
0.492645,0.120926,0.843119,0.654518,0.466217,-0.509813,-0.307148,0,0,0,0,0,0,0.424742,0.396174,0.67933,0.0490537,0.976499,-0.208644,0.0226019,-0.178981,0.0799403,0.739144,0.694609,0.287715,0.609158,-0.25232,0,0,0,0,0,0,0,0.00230769,0.00336305,-0.00529882,-0.005189,-41.0967,9.79745,-11.0944,9.58681,2.24688,1.69545,-10.8754,3.66103,0,0,-12,0,0,0,0,0,6.20101,0,0,0,
0.492644,0.120926,0.843119,0.654518,0.466216,-0.509812,-0.307148,0,0,0,0,0,0,0.424742,0.396174,0.67933,0.049054,0.976499,-0.208644,0.0226019,-0.178981,0.0799403,0.739144,0.694609,0.287715,0.609158,-0.25232,0,0,0,0,0,0,0,0.00245045,0.0032709,-0.0054543,-0.00414138,-41.3177,9.79683,-11.1629,9.605,2.28144,1.71157,-10.9215,3.67596,0,0,-12,0,0,0,0,0,6.20101,0,0,0,
0.492645,0.120926,0.843119,0.654518,0.466217,-0.509813,-0.307148,1.68692e-06,3.4893e-07,-1.12975e-07,-1.25532e-07,2.17263e-06,4.83587e-06,0.424742,0.396174,0.67933,0.0490537,0.976499,-0.208644,0.0226019,-0.178981,0.0799403,0.739144,0.694609,0.287715,0.609158,-0.25232,0,0,0,0,0,0,0,0.00567405,0.00345339,-0.00515475,-0.00619335,-40.8937,9.79821,-11.0428,9.57251,2.21626,1.68089,-10.8333,3.64738,0,0,-12,0,0,0,0,0,6.20101,0,0,0,
0.492644,0.120926,0.843119,0.654518,0.466216,-0.509812,-0.307148,-1.68438e-06,-3.48405e-07,1.12805e-07,1.25343e-07,-2.16937e-06,-4.82861e-06,0.424742,0.396174,0.67933,0.049054,0.976499,-0.208644,0.0226019,-0.178981,0.0799403,0.739144,0.694609,0.287715,0.609158,-0.25232,0,0,0,0,0,0,0,0.00123536,0.00327182,-0.00545985,-0.00413924,-41.2282,9.79702,-11.1313,9.59685,2.26705,1.70501,-10.9027,3.6699,0,0,-12,0,0,0,0,0,6.20101,0,0,0,
0.492645,0.120926,0.843119,0.654518,0.466217,-0.509813,-0.307148,1.68564e-06,3.48666e-07,-1.1289e-07,-1.25437e-07,2.17098e-06,4.83221e-06,0.424742,0.396174,0.67933,0.0490537,0.976499,-0.208644,0.0226019,-0.178981,0.0799403,0.739144,0.694609,0.287715,0.609158,-0.25232,0,0,0,0,0,0,0,0.00515919,0.00345567,-0.00515553,-0.00620654,-40.8181,9.7984,-11.0179,9.56598,2.20427,1.67538,-10.8175,3.64227,0,0,-12,0,0,0,0,0,6.20101,0,0,0,
0.492645,0.120926,0.843119,0.654518,0.466217,-0.509813,-0.307148,0,0,0,0,0,0,0.424742,0.396174,0.67933,0.0490537,0.976499,-0.208644,0.0226019,-0.178981,0.0799403,0.739144,0.694609,0.287715,0.609158,-0.25232,0,0,0,0,0,0,0,0.00618816,0.00336581,-0.00531479,-0.00518284,-40.2115,9.80016,-10.8343,9.51721,2.10971,1.63178,-10.6907,3.60139,0,0,-12,0,0,0,0,0,6.20101,0,0,0,
0.492644,0.120926,0.843119,0.654518,0.466216,-0.509812,-0.307148,0,0,0,0,0,0,0.424742,0.396174,0.67933,0.049054,0.976499,-0.208644,0.0226019,-0.178981,0.0799403,0.739144,0.694609,0.287715,0.609158,-0.25232,0,0,0,0,0,0,0,0.00726396,0.0032784,-0.00545603,-0.00419741,-41.4509,9.79671,-11.2195,9.61917,2.30378,1.72154,-10.9496,3.68502,0,0,-12,0,0,0,0,0,6.20101,0,0,0,
0.492645,0.120926,0.843119,0.654518,0.466217,-0.509813,-0.307148,9.20861e-07,2.42526e-06,-3.52536e-07,3.44902e-07,6.31002e-07,5.24188e-06,0.424742,0.396174,0.67933,0.0490534,0.976499,-0.208644,0.0226019,-0.178981,0.0799403,0.739144,0.694609,0.287715,0.609158,-0.25232,0,0,0,0,0,0,0,0.00262291,0.00365364,-0.00527552,-0.00632823,-40.6438,9.79907,-10.9557,9.55027,2.17618,1.66259,-10.7809,3.63044,0,0,-12,0,0,0,0,0,6.20101,0,0,0,
0.492644,0.120926,0.843119,0.654518,0.466217,-0.509813,-0.307148,-7.63505e-07,2.07686e-06,-2.39732e-07,4.70245e-07,-1.53834e-06,4.13321e-07,0.424742,0.396174,0.67933,0.0490537,0.976499,-0.208644,0.0226019,-0.178981,0.0799403,0.739144,0.694609,0.287715,0.609158,-0.25232,0,0,0,0,0,0,0,0.00552544,0.00327978,-0.00547528,-0.00416188,-40.5399,9.79919,-10.9333,9.54361,2.1608,1.6556,-10.7592,3.62355,0,0,-12,0,0,0,0,0,6.20101,0,0,0,
0.492644,0.120926,0.84312,0.654518,0.466217,-0.509812,-0.307147,-3.26514e-07,4.67762e-07,9.63395e-07,-1.11358e-06,-9.60973e-06,4.28845e-06,0.424742,0.396174,0.67933,0.049054,0.976499,-0.208644,0.0226019,-0.178981,0.0799403,0.739144,0.694609,0.287715,0.609158,-0.25232,0,0,0,0,0,0,0,0.00495866,0.00234388,-0.00510757,-0.000178799,-40.6941,9.79774,-10.9796,9.55515,2.18467,1.66726,-10.7909,3.63398,0,0,-12,0,0,0,0,0,6.20101,0,0,0,
0.492645,0.120926,0.843119,0.654518,0.466217,-0.509813,-0.307148,1.68437e-06,3.48403e-07,-1.12805e-07,-1.25342e-07,2.16934e-06,4.82856e-06,0.424742,0.396174,0.67933,0.0490535,0.976499,-0.208644,0.0226018,-0.178981,0.0799403,0.739144,0.694609,0.287715,0.609158,-0.25232,0,0,0,0,0,0,0,0.00569276,0.00428868,-0.0051703,-0.0114288,-40.3996,9.80026,-10.8903,9.5325,2.13918,1.64444,-10.7306,3.61402,0,0,-12,0,0,0,0,0,6.20101,0,0,0,
0.492644,0.120926,0.843119,0.654518,0.466216,-0.509812,-0.307148,0,0,0,0,0,0,0.424742,0.396174,0.67933,0.049054,0.976499,-0.208644,0.0226019,-0.178981,0.0799403,0.739144,0.694609,0.287715,0.609158,-0.25232,0,0,0,0,0,0,0,0.00640437,0.0032238,-0.0055751,-0.00354294,-40.2656,9.8,-10.8516,9.52186,2.11818,1.63594,-10.7019,3.60508,0,0,-12,0,0,0,0,0,6.20101,0,0,0,
0.492645,0.120926,0.843119,0.654518,0.466217,-0.509813,-0.307148,0,0,0,0,0,0,0.424742,0.396174,0.67933,0.0490537,0.976499,-0.208644,0.0226019,-0.178981,0.0799403,0.739144,0.694609,0.287715,0.609158,-0.25232,0,0,0,0,0,0,0,0.0043748,0.00346108,-0.00516774,-0.00621459,-40.2259,9.80004,-10.8329,9.51711,2.11144,1.63254,-10.6937,3.60231,0,0,-12,0,0,0,0,0,6.20101,0,0,0,
0.492645,0.120926,0.843119,0.654518,0.466217,-0.509813,-0.307148,0,0,0,0,0,0,0.424742,0.396174,0.67933,0.0490537,0.976499,-0.208644,0.0226019,-0.178981,0.0799403,0.739144,0.694609,0.287715,0.609158,-0.25232,0,0,0,0,0,0,0,-0.00145189,0.00337028,-0.00532646,-0.00518667,-40.2557,9.79964,-10.8231,9.51559,2.11422,1.63441,-10.6995,3.60425,0,0,-12,0,0,0,0,0,6.20101,0,0,0,
0.492644,0.120926,0.843119,0.654518,0.466216,-0.509812,-0.307148,7.63962e-07,-2.08184e-06,2.40362e-07,-4.71217e-07,1.54019e-06,-4.17913e-07,0.424742,0.396173,0.67933,0.0490542,0.976499,-0.208644,0.0226019,-0.178981,0.0799403,0.739144,0.694609,0.287715,0.609158,-0.25232,0,0,0,0,0,0,0,0.00593051,0.00308849,-0.00539451,-0.00396459,-39.7288,9.80121,-10.685,9.47745,2.03416,1.59706,-10.5897,3.56888,0,0,-12,0,0,0,0,0,6.201,0,0,0,
0.492644,0.120926,0.843119,0.654518,0.466216,-0.509813,-0.307148,-1.38443e-06,-3.64615e-06,5.30005e-07,-5.18528e-07,-9.48651e-07,-7.88067e-06,0.424742,0.396173,0.67933,0.0490539,0.976499,-0.208644,0.0226018,-0.178981,0.0799403,0.739144,0.694609,0.287715,0.609158,-0.25232,0,0,0,0,0,0,0,0.00244546,0.00345894,-0.00517238,-0.00619901,-40.0546,9.80042,-10.7739,9.5018,2.08405,1.62002,-10.6578,3.59073,0,0,-12,0,0,0,0,0,6.201,0,0,0,
0.492644,0.120926,0.843119,0.654518,0.466216,-0.509812,-0.307148,-2.60987e-06,-2.7797e-06,4.66311e-07,-2.20153e-07,-2.80506e-06,-1.00897e-05,0.424742,0.396174,0.67933,0.049054,0.976499,-0.208644,0.0226019,-0.178981,0.0799403,0.739144,0.694609,0.287715,0.609158,-0.25232,0,0,0,0,0,0,0,-0.00256115,0.00347692,-0.00558551,-0.00437699,-39.8861,9.80092,-10.7054,9.48493,2.056,1.60775,-10.6221,3.57929,0,0,-12,0,0,0,0,0,6.20101,0,0,0,
0.492645,0.120926,0.843119,0.654518,0.466217,-0.509813,-0.307148,2.93523e-06,2.30791e-06,-1.4299e-06,1.33404e-06,1.24211e-05,5.79002e-06,0.424742,0.396174,0.67933,0.0490534,0.976499,-0.208644,0.0226019,-0.178981,0.0799403,0.739144,0.694609,0.287715,0.609158,-0.25232,0,0,0,0,0,0,0,0.00374068,0.00369005,-0.00528967,-0.00644828,-39.6046,9.8021,-10.6392,9.46623,2.01407,1.58758,-10.5639,3.56036,0,0,-12,0,0,0,0,0,6.20101,0,0,0,
0.492645,0.120926,0.843119,0.654518,0.466217,-0.509813,-0.307148,-7.65358e-07,2.07817e-06,-2.39827e-07,4.70696e-07,-1.54115e-06,4.09974e-07,0.424742,0.396174,0.67933,0.0490534,0.976499,-0.208644,0.0226019,-0.178981,0.0799403,0.739144,0.694609,0.287715,0.609158,-0.25232,0,0,0,0,0,0,0,0.00710783,0.00337625,-0.00534079,-0.00518911,-39.6213,9.80188,-10.6555,9.46967,2.01773,1.58921,-10.5675,3.5616,0,0,-12,0,0,0,0,0,6.20101,0,0,0,
0.492644,0.120926,0.843119,0.654518,0.466216,-0.509812,-0.307148,0,0,0,0,0,0,0.424742,0.396174,0.67933,0.049054,0.976499,-0.208644,0.0226019,-0.178981,0.0799403,0.739144,0.694609,0.287715,0.609158,-0.25232,0,0,0,0,0,0,0,-0.000332983,0.00305581,-0.00539719,-0.00389411,-39.2936,9.80207,-10.5306,9.43759,1.96414,1.56516,-10.4984,3.53943,0,0,-12,0,0,0,0,0,6.20101,0,0,0,
0.492645,0.120926,0.84312,0.654518,0.466217,-0.509812,-0.307147,1.35785e-06,8.16165e-07,8.50591e-07,-1.23891e-06,-7.44039e-06,9.11701e-06,0.424742,0.396174,0.67933,0.0490537,0.976499,-0.208644,0.0226019,-0.178981,0.0799403,0.739144,0.694609,0.287715,0.609158,-0.25232,0,0,0,0,0,0,0,-0.00383465,0.0026912,-0.00510664,-0.00157391,-38.8765,9.8028,-10.391,9.40099,1.89774,1.53511,-10.4108,3.5112,0,0,-12,0,0,0,0,0,6.20101,0,0,0,
0.492644,0.120926,0.84312,0.654518,0.466217,-0.509812,-0.307147,-3.6927e-06,-2.28515e-07,1.18883e-06,-8.63083e-07,-1.39451e-05,-5.36139e-06,0.424742,0.396174,0.67933,0.049054,0.976499,-0.208644,0.0226019,-0.178981,0.0799403,0.739144,0.694609,0.287715,0.609158,-0.25232,0,0,0,0,0,0,0,0.000852904,0.00327098,-0.00551146,-0.00404256,-38.9751,9.80337,-10.4361,9.41268,1.91469,1.54223,-10.432,3.51794,0,0,-12,0,0,0,0,0,6.20101,0,0,0,
0.492644,0.120926,0.84312,0.654518,0.466217,-0.509812,-0.307147,5.95044e-07,2.89486e-06,6.10593e-07,-7.68416e-07,-8.97826e-06,9.53429e-06,0.424742,0.396174,0.67933,0.049054,0.976499,-0.208644,0.0226019,-0.178981,0.0799403,0.739144,0.694609,0.287715,0.609158,-0.25232,0,0,0,0,0,0,0,-0.000497406,0.00336316,-0.0053532,-0.00507358,-38.82,9.80375,-10.384,9.39905,1.89006,1.53077,-10.3996,3.50744,0,0,-12,0,0,0,0,0,6.20101,0,0,0,
0.492645,0.120926,0.84312,0.654518,0.466217,-0.509812,-0.307147,3.96127e-06,3.59114e-06,3.85152e-07,-1.0189e-06,-4.6428e-06,1.91842e-05,0.424742,0.396174,0.67933,0.0490535,0.976499,-0.208644,0.0226018,-0.178981,0.0799403,0.739144,0.694609,0.287715,0.609158,-0.25232,0,0,0,0,0,0,0,-0.00261341,0.00350959,-0.00509815,-0.00672294,-38.5967,9.80428,-10.3084,9.3793,1.85456,1.51425,-10.353,3.49232,0,0,-12,0,0,0,0,0,6.20101,0,0,0,
0.492644,0.120926,0.84312,0.654518,0.466217,-0.509812,-0.307147,-2.0101e-06,1.20331e-07,1.07757e-06,-9.90015e-07,-1.1792e-05,-5.29984e-07,0.424742,0.396174,0.67933,0.049054,0.976499,-0.208644,0.0226019,-0.178981,0.0799403,0.739144,0.694609,0.287715,0.609158,-0.25232,0,0,0,0,0,0,0,-0.0015126,0.00322157,-0.00561055,-0.00346466,-38.3656,9.80496,-10.2407,9.36132,1.81862,1.4981,-10.3044,3.47681,0,0,-12,0,0,0,0,0,6.20101,0,0,0,
0.492644,0.120926,0.84312,0.654518,0.466217,-0.509812,-0.307147,-2.01037e-06,1.20682e-07,1.0783e-06,-9.90857e-07,-1.17993e-05,-5.26782e-07,0.424742,0.396174,0.67933,0.049054,0.976499,-0.208644,0.0226019,-0.178981,0.0799403,0.739144,0.694609,0.287715,0.609158,-0.25232,0,0,0,0,0,0,0,-0.000768967,0.00336481,-0.00536232,-0.0050701,-38.1399,9.80565,-10.1736,9.34335,1.78365,1.48162,-10.2575,3.46157,0,0,-12,0,0,0,0,0,6.20101,0,0,0,
0.492645,0.120926,0.843119,0.654518,0.466217,-0.509813,-0.307148,-9.22952e-07,-2.43077e-06,3.53336e-07,-3.45685e-07,-6.32434e-07,-5.25378e-06,0.424742,0.396174,0.67933,0.0490537,0.976499,-0.208644,0.0226019,-0.178981,0.0799403,0.739144,0.694609,0.287715,0.609158,-0.25232,0,0,0,0,0,0,0,-0.000912232,0.00425103,-0.00528453,-0.0108507,-37.8903,9.80701,-10.096,9.32317,1.74477,1.46275,-10.206,3.44468,0,0,-12,0,0,0,0,0,6.20101,0,0,0,
0.492645,0.120926,0.843119,0.654518,0.466217,-0.509813,-0.307148,1.68438e-06,3.48406e-07,-1.12806e-07,-1.25343e-07,2.16937e-06,4.82861e-06,0.424742,0.396174,0.67933,0.0490537,0.976499,-0.208644,0.0226019,-0.178981,0.0799403,0.739144,0.694609,0.287715,0.609158,-0.25232,0,0,0,0,0,0,0,0.00100466,0.00337807,-0.00536702,-0.00517419,-37.6224,9.80721,-10.02,9.30232,1.70331,1.44435,-10.1495,3.42669,0,0,-12,0,0,0,0,0,6.20101,0,0,0,
0.492645,0.120926,0.843119,0.654518,0.466217,-0.509813,-0.307148,3.27007e-07,-4.68469e-07,-9.64853e-07,1.11526e-06,9.62427e-06,-4.29493e-06,0.424742,0.396174,0.67933,0.0490537,0.976499,-0.208644,0.0226019,-0.178981,0.0799403,0.739144,0.694609,0.287715,0.609158,-0.25232,0,0,0,0,0,0,0,-0.000470186,0.0033787,-0.00537325,-0.00517037,-37.0461,9.80876,-9.83772,9.25426,1.61274,1.40261,-10.029,3.38779,0,0,-12,0,0,0,0,0,6.20101,0,0,0,
0.492644,0.120926,0.843119,0.654518,0.466216,-0.509812,-0.307148,3.27007e-07,-4.68469e-07,-9.64852e-07,1.11526e-06,9.62427e-06,-4.29493e-06,0.424742,0.396174,0.67933,0.049054,0.976499,-0.208644,0.0226019,-0.178981,0.0799403,0.739144,0.694609,0.287715,0.609158,-0.25232,0,0,0,0,0,0,0,0.00163658,0.00328829,-0.00553613,-0.00414173,-36.9882,9.80902,-9.8267,9.25103,1.60432,1.39873,-10.017,3.38395,0,0,-12,0,0,0,0,0,6.20101,0,0,0,
0.492644,0.120926,0.843119,0.654518,0.466216,-0.509812,-0.307148,3.26516e-07,-4.67767e-07,-9.63405e-07,1.11359e-06,9.60983e-06,-4.28849e-06,0.424742,0.396174,0.67933,0.049054,0.976499,-0.208644,0.0226019,-0.178981,0.0799403,0.739144,0.694609,0.287715,0.609158,-0.25232,0,0,0,0,0,0,0,0.00104912,0.00337854,-0.00537826,-0.00515292,-37.0502,9.80883,-9.84391,9.25564,1.61387,1.40302,-10.03,3.3881,0,0,-12,0,0,0,0,0,6.20101,0,0,0,
0.492644,0.120926,0.843119,0.654518,0.466216,-0.509812,-0.307148,-3.04732e-06,-1.16562e-06,-7.37446e-07,1.36464e-06,5.26448e-06,-1.39602e-05,0.424742,0.396174,0.67933,0.049054,0.976499,-0.208644,0.0226019,-0.178981,0.0799403,0.739144,0.694609,0.287715,0.609158,-0.25232,0,0,0,0,0,0,0,-0.00522955,0.00337908,-0.00538091,-0.00515223,-36.8585,9.80905,-9.76446,9.23568,1.58191,1.38871,-9.98954,3.37506,0,0,-12,0,0,0,0,0,6.20101,0,0,0,
0.492644,0.120926,0.843119,0.654518,0.466217,-0.509813,-0.307148,1.24946e-06,1.96301e-06,-1.31673e-06,1.45926e-06,1.02422e-05,9.65335e-07,0.424742,0.396174,0.67933,0.0490537,0.976499,-0.208644,0.0226019,-0.178981,0.0799403,0.739144,0.694609,0.287715,0.609158,-0.25232,0,0,0,0,0,0,0,-0.00415073,0.00360546,-0.00549038,-0.00540399,-36.7162,9.80984,-9.72391,9.22508,1.55998,1.37848,-9.95992,3.36545,0,0,-12,0,0,0,0,0,6.20101,0,0,0,
0.492645,0.120926,0.843119,0.654518,0.466217,-0.509813,-0.307148,2.93371e-06,2.308e-06,-1.42909e-06,1.33329e-06,1.24122e-05,5.78961e-06,0.424742,0.396174,0.67933,0.0490534,0.976499,-0.208644,0.0226019,-0.178981,0.0799403,0.739144,0.694609,0.287715,0.609158,-0.25232,0,0,0,0,0,0,0,-0.00278502,0.00347618,-0.00522672,-0.00620276,-36.1182,9.81128,-9.54444,9.17689,1.46699,1.33526,-9.83516,3.32516,0,0,-12,0,0,0,0,0,6.20101,0,0,0,
0.492645,0.120926,0.843119,0.654518,0.466217,-0.509813,-0.307148,9.20861e-07,2.42526e-06,-3.52536e-07,3.44902e-07,6.31002e-07,5.24188e-06,0.424742,0.396174,0.67933,0.0490534,0.976499,-0.208644,0.0226019,-0.178981,0.0799403,0.739144,0.694609,0.287715,0.609158,-0.25232,0,0,0,0,0,0,0,-0.00100188,0.00338519,-0.00539246,-0.00517005,-35.7535,9.81239,-9.43784,9.14838,1.41048,1.30918,-9.75896,3.3006,0,0,-12,0,0,0,0,0,6.20101,0,0,0,
0.492645,0.120926,0.843119,0.654518,0.466217,-0.509813,-0.307148,9.21557e-07,2.4271e-06,-3.52802e-07,3.45163e-07,6.31478e-07,5.24584e-06,0.424742,0.396174,0.67933,0.0490534,0.976499,-0.208644,0.0226019,-0.178981,0.0799403,0.739144,0.694609,0.287715,0.609158,-0.25232,0,0,0,0,0,0,0,0.00476051,0.00338574,-0.00539694,-0.00516766,-35.3435,9.81384,-9.3303,9.11887,1.34822,1.27999,-9.67367,3.27305,0,0,-12,0,0,0,0,0,6.20101,0,0,0,
0.492645,0.120926,0.843119,0.654518,0.466217,-0.509813,-0.307148,9.20861e-07,2.42526e-06,-3.52536e-07,3.44902e-07,6.31002e-07,5.24188e-06,0.424742,0.396174,0.67933,0.0490534,0.976499,-0.208644,0.0226019,-0.178981,0.0799403,0.739144,0.694609,0.287715,0.609158,-0.25232,0,0,0,0,0,0,0,0.00905452,0.00338629,-0.00539859,-0.00516797,-35.2509,9.81433,-9.31572,9.11425,1.3351,1.27362,-9.65458,3.26687,0,0,-12,0,0,0,0,0,6.20101,0,0,0,
0.492645,0.120926,0.843119,0.654518,0.466217,-0.509813,-0.307148,0,0,0,0,0,0,0.424742,0.396174,0.67933,0.0490537,0.976499,-0.208644,0.0226019,-0.178981,0.0799403,0.739144,0.694609,0.287715,0.609158,-0.25232,0,0,0,0,0,0,0,0.00267943,0.00315505,-0.00529508,-0.00490489,-34.5827,9.81554,-9.08945,9.05506,1.22865,1.22491,-9.51457,3.22174,0,0,-12,0,0,0,0,0,6.20101,0,0,0,
0.492645,0.120926,0.843119,0.654518,0.466217,-0.509813,-0.307148,1.68311e-06,3.48143e-07,-1.1272e-07,-1.25249e-07,2.16773e-06,4.82496e-06,0.424742,0.396174,0.67933,0.0490537,0.976499,-0.208644,0.0226019,-0.178981,0.0799403,0.739144,0.694609,0.287715,0.609158,-0.25232,0,0,0,0,0,0,0,-0.00329876,0.00338423,-0.00540474,-0.00515916,-34.4989,9.81581,-9.04396,9.04439,1.21362,1.21838,-9.49672,3.21595,0,0,-12,0,0,0,0,0,6.20101,0,0,0,
0.492645,0.120926,0.843119,0.654518,0.466217,-0.509813,-0.307148,1.68311e-06,3.48143e-07,-1.1272e-07,-1.25249e-07,2.16773e-06,4.82496e-06,0.424742,0.396174,0.67933,0.0490537,0.976499,-0.208644,0.0226019,-0.178981,0.0799403,0.739144,0.694609,0.287715,0.609158,-0.25232,0,0,0,0,0,0,0,-0.00267085,0.00338478,-0.00540836,-0.00515756,-34.1732,9.81676,-8.9457,9.01824,1.16291,1.1949,-9.42873,3.194,0,0,-12,0,0,0,0,0,6.20101,0,0,0,
0.492645,0.120926,0.843119,0.654518,0.466217,-0.509813,-0.307148,1.68309e-06,3.4814e-07,-1.12719e-07,-1.25248e-07,2.16771e-06,4.82492e-06,0.424742,0.396174,0.67933,0.0490537,0.976499,-0.208644,0.0226019,-0.178981,0.0799403,0.739144,0.694609,0.287715,0.609158,-0.25232,0,0,0,0,0,0,0,-0.00145957,0.00338534,-0.00541089,-0.00515707,-33.9719,9.8174,-8.88763,9.00263,1.13182,1.18045,-9.38675,3.18044,0,0,-12,0,0,0,0,0,6.20101,0,0,0,
0.492645,0.120926,0.843119,0.654518,0.466217,-0.509813,-0.307148,0,0,0,0,0,0,0.424742,0.396174,0.67933,0.0490534,0.976499,-0.208644,0.0226019,-0.178981,0.0799403,0.739144,0.694609,0.287715,0.609158,-0.25232,0,0,0,0,0,0,0,-0.00566503,0.00361151,-0.00552262,-0.0054065,-33.5688,9.81865,-8.74954,8.96711,1.06743,1.15098,-9.3023,3.15314,0,0,-12,0,0,0,0,0,6.20101,0,0,0,
0.492645,0.120926,0.843119,0.654518,0.466217,-0.509813,-0.307148,0,0,0,0,0,0,0.424742,0.396174,0.67933,0.0490534,0.976499,-0.208644,0.0226019,-0.178981,0.0799403,0.739144,0.694609,0.287715,0.609158,-0.25232,0,0,0,0,0,0,0,-0.00563543,0.00338964,-0.00541882,-0.00516004,-33.4711,9.8186,-8.71979,8.95888,1.05219,1.14395,-9.28186,3.14659,0,0,-12,0,0,0,0,0,6.20101,0,0,0,
0.492644,0.120926,0.843119,0.654518,0.466216,-0.509812,-0.307148,-2.61045e-06,-2.77812e-06,4.66129e-07,-2.19797e-07,-2.80623e-06,-1.00893e-05,0.424742,0.396174,0.67933,0.049054,0.976499,-0.208644,0.0226019,-0.178981,0.0799403,0.739144,0.694609,0.287715,0.609158,-0.25232,0,0,0,0,0,0,0,0.00355298,0.00306736,-0.00547573,-0.00385677,-32.9693,9.82013,-8.59531,8.924,0.97665,1.10856,-9.17745,3.11296,0,0,-12,0,0,0,0,0,6.20101,0,0,0,
0.492645,0.120926,0.843119,0.654518,0.466217,-0.509813,-0.307148,-9.22255e-07,-2.42893e-06,3.53069e-07,-3.45424e-07,-6.31956e-07,-5.24981e-06,0.424742,0.396174,0.67933,0.0490537,0.976499,-0.208644,0.0226019,-0.178981,0.0799403,0.739144,0.694609,0.287715,0.609158,-0.25232,0,0,0,0,0,0,0,0.00297733,0.00347598,-0.0052703,-0.00614701,-32.7184,9.82118,-8.51598,8.90331,0.937303,1.09007,-9.12526,3.09595,0,0,-12,0,0,0,0,0,6.20101,0,0,0,
0.492645,0.120926,0.843119,0.654518,0.466217,-0.509813,-0.307148,0,0,0,0,0,0,0.424742,0.396174,0.67933,0.0490537,0.976499,-0.208644,0.0226019,-0.178981,0.0799403,0.739144,0.694609,0.287715,0.609158,-0.25232,0,0,0,0,0,0,0,0.00580886,0.00338813,-0.00542485,-0.00515318,-32.7754,9.82115,-8.5427,8.90995,0.947066,1.09454,-9.13723,3.09986,0,0,-12,0,0,0,0,0,6.20101,0,0,0,
0.492644,0.120926,0.843119,0.654518,0.466216,-0.509812,-0.307148,-1.68692e-06,-3.48929e-07,1.12975e-07,1.25532e-07,-2.17263e-06,-4.83587e-06,0.424742,0.396174,0.67933,0.049054,0.976499,-0.208644,0.0226019,-0.178981,0.0799403,0.739144,0.694609,0.287715,0.609158,-0.25232,0,0,0,0,0,0,0,0.0052417,0.00329645,-0.00559072,-0.00410671,-32.2981,9.82246,-8.39379,8.87064,0.872215,1.06016,-9.03736,3.06767,0,0,-12,0,0,0,0,0,6.20101,0,0,0,
0.492645,0.120926,0.843119,0.654518,0.466217,-0.509813,-0.307148,0,0,0,0,0,0,0.424742,0.396174,0.67933,0.0490537,0.976499,-0.208644,0.0226019,-0.178981,0.0799403,0.739144,0.694609,0.287715,0.609158,-0.25232,0,0,0,0,0,0,0,0.00116342,0.00347784,-0.0052783,-0.00614767,-32.0785,9.82289,-8.31299,8.84983,0.836693,1.04371,-8.99148,3.05276,0,0,-12,0,0,0,0,0,6.20101,0,0,0,
0.492645,0.120926,0.843119,0.654518,0.466217,-0.509813,-0.307148,0,0,0,0,0,0,0.424742,0.396174,0.67933,0.0490537,0.976499,-0.208644,0.0226019,-0.178981,0.0799403,0.739144,0.694609,0.287715,0.609158,-0.25232,0,0,0,0,0,0,0,0.0038207,0.00338984,-0.00543814,-0.00514628,-31.4828,9.8247,-8.13811,8.80307,0.744354,1.00101,-8.86707,3.01264,0,0,-12,0,0,0,0,0,6.20101,0,0,0,
0.492644,0.120926,0.843119,0.654518,0.466216,-0.509812,-0.307148,-2.60778e-06,-2.77419e-06,4.65511e-07,-2.1937e-07,-2.80363e-06,-1.00778e-05,0.424742,0.396174,0.67933,0.049054,0.976499,-0.208644,0.0226019,-0.178981,0.0799403,0.739144,0.694609,0.287715,0.609158,-0.25232,0,0,0,0,0,0,0,0.00288075,0.00330449,-0.00558656,-0.00417595,-31.6406,9.82419,-8.18363,8.81535,0.768687,1.01248,-8.89988,3.02329,0,0,-12,0,0,0,0,0,6.20101,0,0,0,
0.492645,0.120926,0.843119,0.654518,0.466217,-0.509813,-0.307148,-9.21567e-07,-2.42712e-06,3.52806e-07,-3.45166e-07,-6.31485e-07,-5.2459e-06,0.424742,0.396174,0.67933,0.0490537,0.976499,-0.208644,0.0226019,-0.178981,0.0799403,0.739144,0.694609,0.287715,0.609158,-0.25232,0,0,0,0,0,0,0,0.000838031,0.0034819,-0.00528393,-0.00617145,-31.3015,9.82507,-8.0726,8.78618,0.715111,0.987544,-8.82913,3.00035,0,0,-12,0,0,0,0,0,6.20101,0,0,0,
0.492644,0.120926,0.843119,0.654518,0.466216,-0.509812,-0.307148,0,0,0,0,0,0,0.424742,0.396174,0.67933,0.049054,0.976499,-0.208644,0.0226019,-0.178981,0.0799403,0.739144,0.694609,0.287715,0.609158,-0.25232,0,0,0,0,0,0,0,0.00408826,0.00329739,-0.00560948,-0.00407832,-30.6886,9.82694,-7.89429,8.73846,0.620218,0.943802,-8.70104,2.9591,0,0,-12,0,0,0,0,0,6.20101,0,0,0,
0.492645,0.120926,0.843119,0.654518,0.466217,-0.509813,-0.307148,1.68311e-06,3.48143e-07,-1.1272e-07,-1.25249e-07,2.16773e-06,4.82496e-06,0.424742,0.396174,0.67933,0.0490537,0.976499,-0.208644,0.0226019,-0.178981,0.0799403,0.739144,0.694609,0.287715,0.609158,-0.25232,0,0,0,0,0,0,0,0.00199166,0.00348203,-0.0052924,-0.00615856,-30.7215,9.82677,-7.8977,8.73962,0.624799,0.945729,-8.70803,2.96125,0,0,-12,0,0,0,0,0,6.20101,0,0,0,
0.492645,0.120926,0.843119,0.654518,0.466217,-0.509813,-0.307148,0,0,0,0,0,0,0.424742,0.396174,0.67933,0.0490537,0.976499,-0.208644,0.0226019,-0.178981,0.0799403,0.739144,0.694609,0.287715,0.609158,-0.25232,0,0,0,0,0,0,0,0.0019687,0.00339262,-0.0054485,-0.00514574,-30.6229,9.82703,-7.86722,8.7316,0.609327,0.938748,-8.68731,2.95462,0,0,-12,0,0,0,0,0,6.20101,0,0,0,
0.492644,0.120926,0.843119,0.654518,0.466216,-0.509812,-0.307148,0,0,0,0,0,0,0.424742,0.396174,0.67933,0.049054,0.976499,-0.208644,0.0226019,-0.178981,0.0799403,0.739144,0.694609,0.287715,0.609158,-0.25232,0,0,0,0,0,0,0,0.00783794,0.00330161,-0.00561163,-0.00410533,-30.0003,9.82908,-7.69447,8.68484,0.5138,0.894349,-8.55748,2.91274,0,0,-12,0,0,0,0,0,6.20101,0,0,0,
0.492645,0.120926,0.843119,0.654518,0.466217,-0.509813,-0.307148,0,0,0,0,0,0,0.424742,0.396174,0.67933,0.0490537,0.976499,-0.208644,0.0226019,-0.178981,0.0799403,0.739144,0.694609,0.287715,0.609158,-0.25232,0,0,0,0,0,0,0,0.00327738,0.00348647,-0.00529819,-0.00618663,-29.814,9.82939,-7.62237,8.66643,0.483335,0.880259,-8.51853,2.90006,0,0,-12,0,0,0,0,0,6.20101,0,0,0,
0.492645,0.120926,0.843119,0.654518,0.466217,-0.509813,-0.307148,0,0,0,0,0,0,0.424742,0.396174,0.67933,0.0490537,0.976499,-0.208644,0.0226019,-0.178981,0.0799403,0.739144,0.694609,0.287715,0.609158,-0.25232,0,0,0,0,0,0,0,-0.00159527,0.00339426,-0.00546018,-0.00514007,-29.4623,9.83013,-7.49816,8.63441,0.426753,0.854637,-8.44463,2.87628,0,0,-12,0,0,0,0,0,6.20101,0,0,0,
0.492645,0.120926,0.843119,0.654518,0.466217,-0.509813,-0.307148,1.68309e-06,3.4814e-07,-1.12719e-07,-1.25248e-07,2.16771e-06,4.82492e-06,0.424742,0.396174,0.67933,0.0490537,0.976499,-0.208644,0.0226019,-0.178981,0.0799403,0.739144,0.694609,0.287715,0.609158,-0.25232,0,0,0,0,0,0,0,-0.00150785,0.00339481,-0.00546066,-0.00514145,-29.4606,9.83014,-7.49794,8.63434,0.426524,0.854525,-8.4443,2.87617,0,0,-12,0,0,0,0,0,6.20101,0,0,0,
0.492645,0.120926,0.843119,0.654518,0.466217,-0.509813,-0.307148,0,0,0,0,0,0,0.424742,0.396174,0.67933,0.0490537,0.976499,-0.208644,0.0226019,-0.178981,0.0799403,0.739144,0.694609,0.287715,0.609158,-0.25232,0,0,0,0,0,0,0,2.70047e-05,0.00339536,-0.00546254,-0.00514154,-29.303,9.83066,-7.45437,8.62252,0.402367,0.843251,-8.41146,2.86556,0,0,-12,0,0,0,0,0,6.20101,0,0,0,
0.492645,0.120926,0.843119,0.654518,0.466217,-0.509813,-0.307148,9.22951e-07,2.43077e-06,-3.53336e-07,3.45685e-07,6.32434e-07,5.25378e-06,0.424742,0.396174,0.67933,0.0490534,0.976499,-0.208644,0.0226019,-0.178981,0.0799403,0.739144,0.694609,0.287715,0.609158,-0.25232,0,0,0,0,0,0,0,0.00397036,0.00362415,-0.00557389,-0.00539609,-29.2203,9.83144,-7.44146,8.61875,0.39065,0.837536,-8.39445,2.86001,0,0,-12,0,0,0,0,0,6.20101,0,0,0,
0.492645,0.120926,0.843119,0.654518,0.466217,-0.509813,-0.307148,2.60987e-06,2.7797e-06,-4.66312e-07,2.20153e-07,2.80506e-06,1.00897e-05,0.424742,0.396174,0.67933,0.0490534,0.976499,-0.208644,0.0226019,-0.178981,0.0799403,0.739144,0.694609,0.287715,0.609158,-0.25232,0,0,0,0,0,0,0,0.0071577,0.00339965,-0.00547123,-0.00514371,-28.669,9.83282,-7.28224,8.57566,0.305494,0.79797,-8.27944,2.82292,0,0,-12,0,0,0,0,0,6.20101,0,0,0,
0.492645,0.120926,0.843119,0.654518,0.466217,-0.509813,-0.307148,0,0,0,0,0,0,0.424742,0.396174,0.67933,0.0490537,0.976499,-0.208644,0.0226019,-0.178981,0.0799403,0.739144,0.694609,0.287715,0.609158,-0.25232,0,0,0,0,0,0,0,0.00217625,0.00317421,-0.00536044,-0.00489579,-28.8965,9.83158,-7.33639,8.59055,0.339524,0.81407,-8.32664,2.83822,0,0,-12,0,0,0,0,0,6.20101,0,0,0,
0.492644,0.120926,0.843119,0.654518,0.466216,-0.509812,-0.307148,0,0,0,0,0,0,0.424742,0.396174,0.67933,0.049054,0.976499,-0.208644,0.0226019,-0.178981,0.0799403,0.739144,0.694609,0.287715,0.609158,-0.25232,0,0,0,0,0,0,0,0.00184479,0.00330654,-0.00562372,-0.00411016,-28.6001,9.83273,-7.24372,8.56643,0.292999,0.792748,-8.2646,2.8182,0,0,-12,0,0,0,0,0,6.20101,0,0,0,
0.492645,0.120926,0.843119,0.654518,0.466217,-0.509813,-0.307148,0,0,0,0,0,0,0.424742,0.396174,0.67933,0.0490537,0.976499,-0.208644,0.0226019,-0.178981,0.0799403,0.739144,0.694609,0.287715,0.609158,-0.25232,0,0,0,0,0,0,0,0.0024768,0.00348812,-0.0053216,-0.00615568,-28.4777,9.83313,-7.20816,8.55679,0.274163,0.783661,-8.23931,2.80992,0,0,-12,0,0,0,0,0,6.20101,0,0,0,
0.492645,0.120926,0.84312,0.654518,0.466217,-0.509812,-0.307147,-3.26271e-07,4.67414e-07,9.62678e-07,-1.11274e-06,-9.60258e-06,4.28525e-06,0.424742,0.396174,0.67933,0.0490537,0.976499,-0.208644,0.0226019,-0.178981,0.0799403,0.739144,0.694609,0.287715,0.609158,-0.25232,0,0,0,0,0,0,0,0.00429656,0.00264092,-0.00535721,-0.000617246,-27.9833,9.83399,-7.06211,8.51739,0.19726,0.748866,-8.13554,2.77664,0,0,-12,0,0,0,0,0,6.20101,0,0,0,
0.492644,0.120926,0.84312,0.654518,0.466217,-0.509812,-0.307147,-3.26514e-07,4.67762e-07,9.63395e-07,-1.11358e-06,-9.60973e-06,4.28845e-06,0.424742,0.396174,0.67933,0.049054,0.976499,-0.208644,0.0226019,-0.178981,0.0799403,0.739144,0.694609,0.287715,0.609158,-0.25232,0,0,0,0,0,0,0,0.00343527,0.00329962,-0.00561875,-0.00404988,-28.3011,9.83365,-7.15681,8.54312,0.246767,0.771278,-8.20224,2.79807,0,0,-12,0,0,0,0,0,6.20101,0,0,0,
0.492644,0.120926,0.84312,0.654518,0.466217,-0.509812,-0.307147,-2.01343e-06,1.18833e-07,1.07637e-06,-9.88047e-07,-1.17824e-05,-5.47422e-07,0.424742,0.396174,0.67933,0.049054,0.976499,-0.208644,0.0226019,-0.178981,0.0799403,0.739144,0.694609,0.287715,0.609158,-0.25232,0,0,0,0,0,0,0,0.00210802,0.0033877,-0.0054747,-0.00503663,-28.1696,9.83397,-7.11203,8.53144,0.225836,0.761539,-8.1748,2.78916,0,0,-12,0,0,0,0,0,6.20101,0,0,0,
0.492644,0.120926,0.843119,0.654518,0.466216,-0.509812,-0.307148,-2.60973e-06,-2.77628e-06,4.65862e-07,-2.19537e-07,-2.80573e-06,-1.00853e-05,0.424742,0.396174,0.67933,0.049054,0.976499,-0.208644,0.0226019,-0.178981,0.0799403,0.739144,0.694609,0.287715,0.609158,-0.25232,0,0,0,0,0,0,0,0.00522407,0.00418319,-0.00560895,-0.00977716,-27.8427,9.8357,-7.02107,8.50723,0.17585,0.737473,-8.10718,2.76714,0,0,-12,0,0,0,0,0,6.20101,0,0,0,
0.492644,0.120926,0.843119,0.654518,0.466216,-0.509812,-0.307148,-2.6072e-06,-2.77576e-06,4.65692e-07,-2.19726e-07,-2.80246e-06,-1.00781e-05,0.424742,0.396174,0.67933,0.049054,0.976499,-0.208644,0.0226019,-0.178981,0.0799403,0.739144,0.694609,0.287715,0.609158,-0.25232,0,0,0,0,0,0,0,0.00610127,0.00339964,-0.00548307,-0.00512334,-27.787,9.83526,-7.00716,8.50294,0.167288,0.73418,-8.09513,2.76342,0,0,-12,0,0,0,0,0,6.20101,0,0,0,
0.492644,0.120926,0.843119,0.654518,0.466216,-0.509812,-0.307148,-1.68437e-06,-3.48402e-07,1.12804e-07,1.25342e-07,-2.16934e-06,-4.82856e-06,0.424742,0.396174,0.67933,0.049054,0.976499,-0.208644,0.0226019,-0.178981,0.0799403,0.739144,0.694609,0.287715,0.609158,-0.25232,0,0,0,0,0,0,0,-0.00232534,0.0034002,-0.00548107,-0.00512716,-28.0754,9.83401,-7.06862,8.52071,0.209709,0.754393,-8.15486,2.78273,0,0,-12,0,0,0,0,0,6.20101,0,0,0,
0.492645,0.120926,0.843119,0.654518,0.466217,-0.509813,-0.307148,1.68437e-06,3.48403e-07,-1.12804e-07,-1.25342e-07,2.16934e-06,4.82856e-06,0.424742,0.396174,0.67933,0.0490537,0.976499,-0.208644,0.0226019,-0.178981,0.0799403,0.739144,0.694609,0.287715,0.609158,-0.25232,0,0,0,0,0,0,0,-0.000585667,0.00349087,-0.00533776,-0.00614509,-27.5484,9.8356,-6.91197,8.47883,0.127908,0.716299,-8.04498,2.7472,0,0,-12,0,0,0,0,0,6.20101,0,0,0,
0.492645,0.120926,0.843119,0.654518,0.466217,-0.509813,-0.307148,1.68437e-06,3.48403e-07,-1.12804e-07,-1.25342e-07,2.16934e-06,4.82856e-06,0.424742,0.396174,0.67933,0.0490537,0.976499,-0.208644,0.0226019,-0.178981,0.0799403,0.739144,0.694609,0.287715,0.609158,-0.25232,0,0,0,0,0,0,0,0.00423654,0.0034026,-0.00548901,-0.00514036,-27.0005,9.83738,-6.75886,8.43746,0.0437375,0.67722,-7.93071,2.71034,0,0,-12,0,0,0,0,0,6.20101,0,0,0,
0.492644,0.120926,0.843119,0.654518,0.466216,-0.509812,-0.307148,-1.35711e-06,-8.17226e-07,-8.52778e-07,1.24145e-06,7.4622e-06,-9.12674e-06,0.424742,0.396174,0.67933,0.049054,0.976499,-0.208644,0.0226019,-0.178981,0.0799403,0.739144,0.694609,0.287715,0.609158,-0.25232,0,0,0,0,0,0,0,0.00720044,0.00331547,-0.00563167,-0.00414937,-27.1685,9.83705,-6.82019,8.45325,0.0708949,0.689717,-7.96588,2.72174,0,0,-12,0,0,0,0,0,6.20101,0,0,0,
0.492645,0.120926,0.843119,0.654518,0.466217,-0.509813,-0.307148,2.01088e-06,-1.19359e-07,-1.0762e-06,9.8823e-07,1.17791e-05,5.40114e-07,0.424742,0.396174,0.67933,0.0490537,0.976499,-0.208644,0.0226019,-0.178981,0.0799403,0.739144,0.694609,0.287715,0.609158,-0.25232,0,0,0,0,0,0,0,-0.000414229,0.00348906,-0.00534663,-0.00610932,-27.5049,9.83573,-6.89914,8.47541,0.121167,0.713178,-8.03591,2.74427,0,0,-12,0,0,0,0,0,6.20101,0,0,0,
0.492644,0.120926,0.843119,0.654518,0.466216,-0.509812,-0.307148,3.2676e-07,-4.68116e-07,-9.64124e-07,1.11442e-06,9.61699e-06,-4.29169e-06,0.424742,0.396174,0.67933,0.049054,0.976499,-0.208644,0.0226019,-0.178981,0.0799403,0.739144,0.694609,0.287715,0.609158,-0.25232,0,0,0,0,0,0,0,0.00231454,0.00331765,-0.00563166,-0.00416228,-27.0195,9.83722,-6.75843,8.43774,0.0460564,0.678591,-7.93445,2.71161,0,0,-12,0,0,0,0,0,6.20101,0,0,0,
0.492645,0.120926,0.843119,0.654518,0.466217,-0.509813,-0.307148,1.68437e-06,3.48403e-07,-1.12804e-07,-1.25342e-07,2.16934e-06,4.82856e-06,0.424742,0.396174,0.67933,0.0490537,0.976499,-0.208644,0.0226019,-0.178981,0.0799403,0.739144,0.694609,0.287715,0.609158,-0.25232,0,0,0,0,0,0,0,0.00364405,0.00349339,-0.0053468,-0.0061447,-27.101,9.83708,-6.78792,8.44522,0.0593084,0.684293,-7.95178,2.71709,0,0,-12,0,0,0,0,0,6.20101,0,0,0,
0.492645,0.120926,0.843119,0.654518,0.466217,-0.509813,-0.307148,1.68692e-06,3.4893e-07,-1.12975e-07,-1.25532e-07,2.17263e-06,4.83587e-06,0.424742,0.396174,0.67933,0.0490537,0.976499,-0.208644,0.0226019,-0.178981,0.0799403,0.739144,0.694609,0.287715,0.609158,-0.25232,0,0,0,0,0,0,0,0.00304281,0.00340548,-0.00549457,-0.00514472,-26.6619,9.83828,-6.65067,8.409,-0.00958553,0.652665,-7.85989,2.68748,0,0,-12,0,0,0,0,0,6.20101,0,0,0,
0.492645,0.120926,0.843119,0.654518,0.466217,-0.509813,-0.307148,1.68692e-06,3.4893e-07,-1.12975e-07,-1.25532e-07,2.17263e-06,4.83587e-06,0.424742,0.396174,0.67933,0.0490537,0.976499,-0.208644,0.0226019,-0.178981,0.0799403,0.739144,0.694609,0.287715,0.609158,-0.25232,0,0,0,0,0,0,0,0.00344487,0.00340604,-0.00549264,-0.00514852,-26.9427,9.83751,-6.73848,8.4322,0.0344522,0.672985,-7.91859,2.70643,0,0,-12,0,0,0,0,0,6.20101,0,0,0,
0.492644,0.120926,0.843119,0.654518,0.466216,-0.509812,-0.307148,-1.68692e-06,-3.48929e-07,1.12975e-07,1.25532e-07,-2.17263e-06,-4.83587e-06,0.424742,0.396174,0.67933,0.049054,0.976499,-0.208644,0.0226019,-0.178981,0.0799403,0.739144,0.694609,0.287715,0.609158,-0.25232,0,0,0,0,0,0,0,0.00206467,0.00331707,-0.00563986,-0.00413289,-26.675,9.83819,-6.6515,8.40944,-0.00788687,0.653686,-7.86246,2.68837,0,0,-12,0,0,0,0,0,6.20101,0,0,0,
0.492645,0.120926,0.843119,0.654518,0.466217,-0.509813,-0.307148,0,0,0,0,0,0,0.424742,0.396174,0.67933,0.0490537,0.976499,-0.208644,0.0226019,-0.178981,0.0799403,0.739144,0.694609,0.287715,0.609158,-0.25232,0,0,0,0,0,0,0,0.00253695,0.00349886,-0.00535115,-0.00618108,-26.4166,9.83896,-6.5735,8.38858,-0.0480492,0.634756,-7.80873,2.67091,0,0,-12,0,0,0,0,0,6.20101,0,0,0,
0.492645,0.120926,0.843119,0.654518,0.466217,-0.509813,-0.307148,1.68692e-06,3.4893e-07,-1.12975e-07,-1.25532e-07,2.17263e-06,4.83587e-06,0.424742,0.396174,0.67933,0.0490537,0.976499,-0.208644,0.0226019,-0.178981,0.0799403,0.739144,0.694609,0.287715,0.609158,-0.25232,0,0,0,0,0,0,0,0.00345152,0.00340771,-0.00549874,-0.00514826,-26.4227,9.83898,-6.57833,8.38976,-0.0468444,0.635417,-7.80995,2.67136,0,0,-12,0,0,0,0,0,6.20101,0,0,0,
0.492644,0.120926,0.843119,0.654518,0.466216,-0.509812,-0.307148,-1.68692e-06,-3.48929e-07,1.12975e-07,1.25532e-07,-2.17263e-06,-4.83587e-06,0.424742,0.396174,0.67933,0.049054,0.976499,-0.208644,0.0226019,-0.178981,0.0799403,0.739144,0.694609,0.287715,0.609158,-0.25232,0,0,0,0,0,0,0,0.00568598,0.00331487,-0.0056505,-0.00408948,-26.2095,9.83969,-6.51987,8.37393,-0.0795247,0.620327,-7.76542,2.65703,0,0,-12,0,0,0,0,0,6.20101,0,0,0,
0.492645,0.120926,0.843119,0.654518,0.466217,-0.509813,-0.307148,1.68438e-06,3.48406e-07,-1.12806e-07,-1.25343e-07,2.16937e-06,4.82861e-06,0.424742,0.396174,0.67933,0.0490537,0.976499,-0.208644,0.0226019,-0.178981,0.0799403,0.739144,0.694609,0.287715,0.609158,-0.25232,0,0,0,0,0,0,0,0.000870314,0.00349842,-0.00535944,-0.00615949,-26.154,9.83962,-6.48721,8.36601,-0.0896279,0.615666,-7.75377,2.65317,0,0,-12,0,0,0,0,0,6.20101,0,0,0,
0.492645,0.120926,0.843119,0.654518,0.466217,-0.509813,-0.307148,0,0,0,0,0,0,0.424742,0.396174,0.67933,0.0490537,0.976499,-0.208644,0.0226019,-0.178981,0.0799403,0.739144,0.694609,0.287715,0.609158,-0.25232,0,0,0,0,0,0,0,-0.000412351,0.00340935,-0.0055055,-0.00514728,-25.8251,9.84047,-6.38172,8.33833,-0.141489,0.591961,-7.68488,2.63099,0,0,-12,0,0,0,0,0,6.20101,0,0,0,
0.492645,0.120926,0.84312,0.654518,0.466217,-0.509812,-0.307147,-3.27256e-07,4.68824e-07,9.65582e-07,-1.1161e-06,-9.63155e-06,4.29818e-06,0.424742,0.396174,0.67933,0.0490537,0.976499,-0.208644,0.0226019,-0.178981,0.0799403,0.739144,0.694609,0.287715,0.609158,-0.25232,0,0,0,0,0,0,0,0.000619545,0.00263757,-0.0053475,-0.000544823,-26.0847,9.83916,-6.4654,8.35989,-0.100718,0.611446,-7.73869,2.64853,0,0,-12,0,0,0,0,0,6.20101,0,0,0,
0.492645,0.120926,0.843119,0.654518,0.466217,-0.509813,-0.307148,0,0,0,0,0,0,0.424742,0.396174,0.67933,0.0490537,0.976499,-0.208644,0.0226019,-0.178981,0.0799403,0.739144,0.694609,0.287715,0.609158,-0.25232,0,0,0,0,0,0,0,0.0031427,0.00418866,-0.00566645,-0.00976479,-25.4519,9.84234,-6.27791,8.31064,-0.198584,0.564598,-7.6076,2.60587,0,0,-12,0,0,0,0,0,6.20101,0,0,0,
0.492644,0.120926,0.843119,0.654518,0.466216,-0.509812,-0.307148,0,0,0,0,0,0,0.424742,0.396174,0.67933,0.049054,0.976499,-0.208644,0.0226019,-0.178981,0.0799403,0.739144,0.694609,0.287715,0.609158,-0.25232,0,0,0,0,0,0,0,-0.000147938,0.00331842,-0.00565694,-0.00409829,-25.4024,9.84167,-6.25235,8.30405,-0.207536,0.561593,-7.59648,2.6025,0,0,-12,0,0,0,0,0,6.20101,0,0,0,
0.492644,0.120926,0.843119,0.654518,0.466216,-0.509812,-0.307148,-1.68437e-06,-3.48402e-07,1.12804e-07,1.25342e-07,-2.16934e-06,-4.82856e-06,0.424742,0.396174,0.67933,0.049054,0.976499,-0.208644,0.0226019,-0.178981,0.0799403,0.739144,0.694609,0.287715,0.609158,-0.25232,0,0,0,0,0,0,0,-0.00314677,0.00341028,-0.0055158,-0.00512748,-25.1415,9.84226,-6.16226,8.28064,-0.249236,0.54237,-7.54189,2.58484,0,0,-12,0,0,0,0,0,6.20101,0,0,0,
0.492645,0.120926,0.843119,0.654518,0.466217,-0.509813,-0.307148,0,0,0,0,0,0,0.424742,0.396174,0.67933,0.0490537,0.976499,-0.208644,0.0226019,-0.178981,0.0799403,0.739144,0.694609,0.287715,0.609158,-0.25232,0,0,0,0,0,0,0,0.00264297,0.00350191,-0.00537373,-0.00616095,-25.0826,9.84274,-6.16298,8.27977,-0.256556,0.538398,-7.53007,2.58095,0,0,-12,0,0,0,0,0,6.20101,0,0,0,
0.492644,0.120926,0.843119,0.654518,0.466216,-0.509812,-0.307148,0,0,0,0,0,0,0.424742,0.396174,0.67933,0.049054,0.976499,-0.208644,0.0226019,-0.178981,0.0799403,0.739144,0.694609,0.287715,0.609158,-0.25232,0,0,0,0,0,0,0,0.00494634,0.00332041,-0.00566103,-0.00410192,-24.908,9.84333,-6.11659,8.26718,-0.283229,0.526245,-7.49349,2.56923,0,0,-12,0,0,0,0,0,6.20101,0,0,0,
0.492644,0.120926,0.843119,0.654518,0.466216,-0.509812,-0.307148,-1.6869e-06,-3.48926e-07,1.12974e-07,1.25531e-07,-2.17261e-06,-4.83582e-06,0.424742,0.396174,0.67933,0.049054,0.976499,-0.208644,0.0226019,-0.178981,0.0799403,0.739144,0.694609,0.287715,0.609158,-0.25232,0,0,0,0,0,0,0,0.00104408,0.00341193,-0.00552104,-0.00512797,-24.7087,9.8437,-6.04258,8.24819,-0.315565,0.511415,-7.45174,2.55572,0,0,-12,0,0,0,0,0,6.20101,0,0,0,
0.492645,0.120926,0.843119,0.654518,0.466217,-0.509813,-0.307148,9.22951e-07,2.43077e-06,-3.53336e-07,3.45685e-07,6.32434e-07,5.25378e-06,0.424742,0.396174,0.67933,0.0490534,0.976499,-0.208644,0.0226019,-0.178981,0.0799403,0.739144,0.694609,0.287715,0.609158,-0.25232,0,0,0,0,0,0,0,0.000116448,0.00373222,-0.00549251,-0.00641724,-24.7084,9.84401,-6.03924,8.24776,-0.315901,0.511143,-7.45175,2.55563,0,0,-12,0,0,0,0,0,6.20101,0,0,0,
0.492645,0.120926,0.843119,0.654518,0.466217,-0.509813,-0.307148,2.01217e-06,-1.19092e-07,-1.07629e-06,9.88134e-07,1.17807e-05,5.43813e-07,0.424742,0.396174,0.67933,0.0490537,0.976499,-0.208644,0.0226019,-0.178981,0.0799403,0.739144,0.694609,0.287715,0.609158,-0.25232,0,0,0,0,0,0,0,0.0060856,0.00318766,-0.00541081,-0.00489796,-24.3793,9.84455,-5.95773,8.22448,-0.365449,0.488012,-7.38319,2.53361,0,0,-12,0,0,0,0,0,6.20101,0,0,0,
0.492644,0.120926,0.843119,0.654518,0.466216,-0.509812,-0.307148,-1.68564e-06,-3.48665e-07,1.12889e-07,1.25437e-07,-2.17098e-06,-4.83221e-06,0.424742,0.396174,0.67933,0.049054,0.976499,-0.208644,0.0226019,-0.178981,0.0799403,0.739144,0.694609,0.287715,0.609158,-0.25232,0,0,0,0,0,0,0,0.00348427,0.00332464,-0.00566645,-0.0041221,-23.9724,9.8459,-5.82367,8.1898,-0.429957,0.458543,-7.29795,2.50611,0,0,-12,0,0,0,0,0,6.20101,0,0,0,
0.492645,0.120926,0.843119,0.654518,0.466217,-0.509813,-0.307148,1.68564e-06,3.48666e-07,-1.1289e-07,-1.25437e-07,2.17098e-06,4.83221e-06,0.424742,0.396174,0.67933,0.0490537,0.976499,-0.208644,0.0226019,-0.178981,0.0799403,0.739144,0.694609,0.287715,0.609158,-0.25232,0,0,0,0,0,0,0,0.00116704,0.00349767,-0.00539825,-0.00607657,-24.2256,9.84508,-5.8942,8.2088,-0.391014,0.476385,-7.35092,2.52312,0,0,-12,0,0,0,0,0,6.20101,0,0,0,
0.492645,0.120926,0.843119,0.654518,0.466217,-0.509813,-0.307148,1.68564e-06,3.48666e-07,-1.1289e-07,-1.25437e-07,2.17098e-06,4.83221e-06,0.424742,0.396174,0.67933,0.0490537,0.976499,-0.208644,0.0226019,-0.178981,0.0799403,0.739144,0.694609,0.287715,0.609158,-0.25232,0,0,0,0,0,0,0,0.00592756,0.00341605,-0.00552613,-0.0051499,-24.1535,9.84552,-5.88742,8.20622,-0.400826,0.471659,-7.33604,2.51835,0,0,-12,0,0,0,0,0,6.20101,0,0,0,
0.492645,0.120926,0.84312,0.654518,0.466217,-0.509812,-0.307147,-3.27008e-07,4.68469e-07,9.64852e-07,-1.11526e-06,-9.62427e-06,4.29493e-06,0.424742,0.396174,0.67933,0.0490537,0.976499,-0.208644,0.0226019,-0.178981,0.0799403,0.739144,0.694609,0.287715,0.609158,-0.25232,0,0,0,0,0,0,0,0.00440572,0.00264413,-0.00535262,-0.000542629,-23.7889,9.84585,-5.77057,8.17508,-0.458434,0.445868,-7.25932,2.49374,0,0,-12,0,0,0,0,0,6.20101,0,0,0,
0.492644,0.120926,0.843119,0.654518,0.466216,-0.509812,-0.307148,-1.68564e-06,-3.48665e-07,1.12889e-07,1.25437e-07,-2.17098e-06,-4.83221e-06,0.424742,0.396174,0.67933,0.049054,0.976499,-0.208644,0.0226019,-0.178981,0.0799403,0.739144,0.694609,0.287715,0.609158,-0.25232,0,0,0,0,0,0,0,0.00726489,0.00411795,-0.00585971,-0.00879364,-23.3824,9.84841,-5.65384,8.14459,-0.520857,0.415534,-7.17541,2.46638,0,0,-12,0,0,0,0,0,6.20101,0,0,0,
0.492645,0.120926,0.843119,0.654518,0.466217,-0.509813,-0.307148,1.68309e-06,3.4814e-07,-1.12719e-07,-1.25248e-07,2.16771e-06,4.82492e-06,0.424742,0.396174,0.67933,0.0490537,0.976499,-0.208644,0.0226019,-0.178981,0.0799403,0.739144,0.694609,0.287715,0.609158,-0.25232,0,0,0,0,0,0,0,-2.09929e-05,0.00350722,-0.00539625,-0.00615936,-23.5667,9.84688,-5.68741,8.1542,-0.494392,0.428685,-7.21322,2.47866,0,0,-12,0,0,0,0,0,6.20101,0,0,0,
0.492645,0.120926,0.843119,0.654518,0.466217,-0.509813,-0.307148,-9.20862e-07,-2.42526e-06,3.52536e-07,-3.44902e-07,-6.31002e-07,-5.24188e-06,0.424742,0.396174,0.67933,0.0490537,0.976499,-0.208644,0.0226019,-0.178981,0.0799403,0.739144,0.694609,0.287715,0.609158,-0.25232,0,0,0,0,0,0,0,0.00478561,0.00341825,-0.00553601,-0.00514768,-23.2413,9.84804,-5.60275,8.13097,-0.543794,0.405675,-7.14541,2.45681,0,0,-12,0,0,0,0,0,6.20101,0,0,0,
0.492645,0.120926,0.843119,0.654518,0.466217,-0.509813,-0.307148,0,0,0,0,0,0,0.424742,0.396174,0.67933,0.0490537,0.976499,-0.208644,0.0226019,-0.178981,0.0799403,0.739144,0.694609,0.287715,0.609158,-0.25232,0,0,0,0,0,0,0,0.00478349,0.00341885,-0.00553669,-0.00514906,-23.2246,9.84809,-5.59758,8.12961,-0.546415,0.404464,-7.14191,2.45568,0,0,-12,0,0,0,0,0,6.20101,0,0,0,
0.492645,0.120926,0.843119,0.654518,0.466217,-0.509813,-0.307148,1.68437e-06,3.48403e-07,-1.12804e-07,-1.25342e-07,2.16934e-06,4.82856e-06,0.424742,0.396174,0.67933,0.0490537,0.976499,-0.208644,0.0226019,-0.178981,0.0799403,0.739144,0.694609,0.287715,0.609158,-0.25232,0,0,0,0,0,0,0,0.00462967,0.00341944,-0.00554053,-0.0051473,-22.8414,9.84916,-5.47907,8.09822,-0.606365,0.376772,-7.06186,2.42983,0,0,-12,0,0,0,0,0,6.20101,0,0,0,
0.492644,0.120926,0.843119,0.654518,0.466216,-0.509812,-0.307148,-1.68438e-06,-3.48405e-07,1.12805e-07,1.25343e-07,-2.16937e-06,-4.82861e-06,0.424742,0.396174,0.67933,0.049054,0.976499,-0.208644,0.0226019,-0.178981,0.0799403,0.739144,0.694609,0.287715,0.609158,-0.25232,0,0,0,0,0,0,0,0.00267053,0.00333832,-0.00566045,-0.00422506,-23.3125,9.84772,-5.61777,8.13537,-0.533377,0.410794,-7.16005,2.46159,0,0,-12,0,0,0,0,0,6.20101,0,0,0,
0.492645,0.120926,0.843119,0.654518,0.466217,-0.509813,-0.307148,0,0,0,0,0,0,0.424742,0.396174,0.67933,0.0490537,0.976499,-0.208644,0.0226019,-0.178981,0.0799403,0.739144,0.694609,0.287715,0.609158,-0.25232,0,0,0,0,0,0,0,0.0029033,0.00350921,-0.0054129,-0.0061461,-22.3413,9.8505,-5.31946,8.05617,-0.685048,0.340372,-6.95739,2.39606,0,0,-12,0,0,0,0,0,6.20101,0,0,0,
0.492645,0.120926,0.843119,0.654518,0.466217,-0.509813,-0.307148,3.26513e-07,-4.67762e-07,-9.63396e-07,1.11357e-06,9.60973e-06,-4.28845e-06,0.424742,0.396174,0.67933,0.0490537,0.976499,-0.208644,0.0226019,-0.178981,0.0799403,0.739144,0.694609,0.287715,0.609158,-0.25232,0,0,0,0,0,0,0,0.00556268,0.0034212,-0.00554214,-0.00515173,-22.8393,9.84922,-5.48146,8.09869,-0.606395,0.37669,-7.06148,2.42971,0,0,-12,0,0,0,0,0,6.20101,0,0,0,
0.492645,0.120926,0.843119,0.654518,0.466217,-0.509813,-0.307148,2.01088e-06,-1.19359e-07,-1.0762e-06,9.8823e-07,1.17791e-05,5.40114e-07,0.424742,0.396174,0.67933,0.0490537,0.976499,-0.208644,0.0226019,-0.178981,0.0799403,0.739144,0.694609,0.287715,0.609158,-0.25232,0,0,0,0,0,0,0,0.00361686,0.00342175,-0.00554398,-0.00515181,-22.6869,9.84955,-5.4282,8.08492,-0.630834,0.365537,-7.02953,2.4194,0,0,-12,0,0,0,0,0,6.20101,0,0,0,
0.492644,0.120926,0.843119,0.654518,0.466216,-0.509812,-0.307148,-1.68564e-06,-3.48665e-07,1.12889e-07,1.25437e-07,-2.17098e-06,-4.83221e-06,0.424742,0.396174,0.67933,0.049054,0.976499,-0.208644,0.0226019,-0.178981,0.0799403,0.739144,0.694609,0.287715,0.609158,-0.25232,0,0,0,0,0,0,0,0.0012758,0.00332994,-0.00568616,-0.00410148,-22.2368,9.85069,-5.28192,8.04661,-0.701992,0.332997,-6.93524,2.38902,0,0,-12,0,0,0,0,0,6.20101,0,0,0,
0.492645,0.120926,0.843119,0.654518,0.466217,-0.509813,-0.307148,0,0,0,0,0,0,0.424742,0.396174,0.67933,0.0490537,0.976499,-0.208644,0.0226019,-0.178981,0.0799403,0.739144,0.694609,0.287715,0.609158,-0.25232,0,0,0,0,0,0,0,0.000231642,0.00351479,-0.00541307,-0.00618815,-22.1565,9.85088,-5.25386,8.03926,-0.71478,0.326819,-6.91863,2.38355,0,0,-12,0,0,0,0,0,6.20101,0,0,0,
0.492645,0.120926,0.843119,0.654518,0.466217,-0.509813,-0.307148,0,0,0,0,0,0,0.424742,0.396174,0.67933,0.0490537,0.976499,-0.208644,0.0226019,-0.178981,0.0799403,0.739144,0.694609,0.287715,0.609158,-0.25232,0,0,0,0,0,0,0,0.00477291,0.00342341,-0.00554867,-0.00515285,-22.3204,9.85065,-5.31907,8.0558,-0.687768,0.339144,-6.95303,2.3947,0,0,-12,0,0,0,0,0,6.20101,0,0,0,
0.492644,0.120926,0.843119,0.654518,0.466216,-0.509812,-0.307148,-1.68564e-06,-3.48665e-07,1.12889e-07,1.25437e-07,-2.17098e-06,-4.83221e-06,0.424742,0.396174,0.67933,0.049054,0.976499,-0.208644,0.0226019,-0.178981,0.0799403,0.739144,0.694609,0.287715,0.609158,-0.25232,0,0,0,0,0,0,0,0.0035873,0.00333186,-0.00568852,-0.00410613,-21.9621,9.85159,-5.2048,8.02577,-0.744214,0.313317,-6.87798,2.37052,0,0,-12,0,0,0,0,0,6.20101,0,0,0,
0.492645,0.120926,0.843119,0.654518,0.466217,-0.509813,-0.307148,1.68564e-06,3.48666e-07,-1.1289e-07,-1.25437e-07,2.17098e-06,4.83221e-06,0.424742,0.396174,0.67933,0.0490537,0.976499,-0.208644,0.0226019,-0.178981,0.0799403,0.739144,0.694609,0.287715,0.609158,-0.25232,0,0,0,0,0,0,0,0.00442511,0.00351471,-0.00541955,-0.00617151,-22.0172,9.85149,-5.22457,8.03076,-0.735237,0.317064,-6.88977,2.37423,0,0,-12,0,0,0,0,0,6.20101,0,0,0,
0.492645,0.120926,0.843119,0.654518,0.466217,-0.509813,-0.307148,1.68564e-06,3.48666e-07,-1.1289e-07,-1.25437e-07,2.17098e-06,4.83221e-06,0.424742,0.396174,0.67933,0.0490537,0.976499,-0.208644,0.0226019,-0.178981,0.0799403,0.739144,0.694609,0.287715,0.609158,-0.25232,0,0,0,0,0,0,0,-0.000406169,0.00342505,-0.00555609,-0.00515115,-21.6404,9.8523,-5.0928,7.99673,-0.795712,0.289637,-6.81066,2.34875,0,0,-12,0,0,0,0,0,6.20101,0,0,0,
0.492644,0.120926,0.843119,0.654518,0.466216,-0.509812,-0.307148,-1.68566e-06,-3.48669e-07,1.1289e-07,1.25438e-07,-2.17101e-06,-4.83226e-06,0.424742,0.396174,0.67933,0.049054,0.976499,-0.208644,0.0226019,-0.178981,0.0799403,0.739144,0.694609,0.287715,0.609158,-0.25232,0,0,0,0,0,0,0,0.00213602,0.00333518,-0.00568983,-0.00412569,-21.5735,9.85261,-5.08041,7.99306,-0.805416,0.285137,-6.79672,2.34429,0,0,-12,0,0,0,0,0,6.20101,0,0,0,
0.492645,0.120926,0.843119,0.654518,0.466217,-0.509813,-0.307148,0,0,0,0,0,0,0.424742,0.396174,0.67933,0.0490537,0.976499,-0.208644,0.0226019,-0.178981,0.0799403,0.739144,0.694609,0.287715,0.609158,-0.25232,0,0,0,0,0,0,0,0.00949105,0.00351745,-0.00542484,-0.00618395,-21.5277,9.85314,-5.09024,7.99428,-0.810167,0.28207,-6.78781,2.34129,0,0,-12,0,0,0,0,0,6.20101,0,0,0,
0.492644,0.120926,0.843119,0.654518,0.466216,-0.509812,-0.307148,0,0,0,0,0,0,0.424742,0.396174,0.67933,0.049054,0.976499,-0.208644,0.0226019,-0.178981,0.0799403,0.739144,0.694609,0.287715,0.609158,-0.25232,0,0,0,0,0,0,0,0.0051107,0.00333724,-0.00569411,-0.00413368,-20.9481,9.85453,-4.89744,7.94405,-0.902251,0.240172,-6.66625,2.30216,0,0,-12,0,0,0,0,0,6.20101,0,0,0,
0.492645,0.120926,0.843119,0.654518,0.466217,-0.509813,-0.307148,0,0,0,0,0,0,0.424742,0.396174,0.67933,0.0490537,0.976499,-0.208644,0.0226019,-0.178981,0.0799403,0.739144,0.694609,0.287715,0.609158,-0.25232,0,0,0,0,0,0,0,0.0045212,0.00351699,-0.00543032,-0.0061676,-21.3686,9.85333,-5.02511,7.97789,-0.8366,0.270217,-6.75429,2.33049,0,0,-12,0,0,0,0,0,6.20101,0,0,0,
0.492645,0.120926,0.843119,0.654518,0.466217,-0.509813,-0.307148,0,0,0,0,0,0,0.424742,0.396174,0.67933,0.0490537,0.976499,-0.208644,0.0226019,-0.178981,0.0799403,0.739144,0.694609,0.287715,0.609158,-0.25232,0,0,0,0,0,0,0,0.000973216,0.00342784,-0.00556066,-0.00515618,-21.4118,9.85302,-5.02686,7.97902,-0.831018,0.273221,-6.76299,2.33335,0,0,-12,0,0,0,0,0,6.20101,0,0,0,
0.492645,0.120926,0.843119,0.654518,0.466217,-0.509813,-0.307148,1.68437e-06,3.48403e-07,-1.12804e-07,-1.25342e-07,2.16934e-06,4.82856e-06,0.424742,0.396174,0.67933,0.0490537,0.976499,-0.208644,0.0226019,-0.178981,0.0799403,0.739144,0.694609,0.287715,0.609158,-0.25232,0,0,0,0,0,0,0,0.00324039,0.00342841,-0.00556488,-0.00515396,-20.9875,9.85433,-4.90353,7.94594,-0.896639,0.242733,-6.67448,2.30477,0,0,-12,0,0,0,0,0,6.20101,0,0,0,
0.492645,0.120926,0.843119,0.654518,0.466217,-0.509813,-0.307148,0,0,0,0,0,0,0.424742,0.396174,0.67933,0.0490537,0.976499,-0.208644,0.0226019,-0.178981,0.0799403,0.739144,0.694609,0.287715,0.609158,-0.25232,0,0,0,0,0,0,0,0.000428878,0.00342897,-0.00556869,-0.00515212,-20.6071,9.85526,-4.77723,7.91296,-0.956996,0.215045,-6.59484,2.27907,0,0,-12,0,0,0,0,0,6.20101,0,0,0,
0.492644,0.120926,0.843119,0.654518,0.466216,-0.509812,-0.307148,-1.68437e-06,-3.48402e-07,1.12804e-07,1.25342e-07,-2.16934e-06,-4.82856e-06,0.424742,0.396174,0.67933,0.049054,0.976499,-0.208644,0.0226019,-0.178981,0.0799403,0.739144,0.694609,0.287715,0.609158,-0.25232,0,0,0,0,0,0,0,-0.000652975,0.00334126,-0.00569427,-0.00415305,-20.8254,9.85458,-4.84093,7.93008,-0.923253,0.230881,-6.64027,2.29379,0,0,-12,0,0,0,0,0,6.20101,0,0,0,
0.492645,0.120926,0.843119,0.654518,0.466217,-0.509813,-0.307148,1.68437e-06,3.48403e-07,-1.12804e-07,-1.25342e-07,2.16934e-06,4.82856e-06,0.424742,0.396174,0.67933,0.0490537,0.976499,-0.208644,0.0226019,-0.178981,0.0799403,0.739144,0.694609,0.287715,0.609158,-0.25232,0,0,0,0,0,0,0,-1.59883e-05,0.00352197,-0.00543896,-0.00619219,-20.5324,9.85546,-4.75282,7.90651,-0.968765,0.209467,-6.57933,2.27401,0,0,-12,0,0,0,0,0,6.20101,0,0,0,
0.492645,0.120926,0.84312,0.654518,0.466217,-0.509812,-0.307147,-3.26514e-07,4.67762e-07,9.63395e-07,-1.11357e-06,-9.60973e-06,4.28845e-06,0.424742,0.396174,0.67933,0.0490537,0.976499,-0.208644,0.0226019,-0.178981,0.0799403,0.739144,0.694609,0.287715,0.609158,-0.25232,0,0,0,0,0,0,0,0.00261732,0.002677,-0.00535489,-0.000665648,-20.6558,9.85463,-4.79973,7.91811,-0.948814,0.21937,-6.6047,2.28239,0,0,-12,0,0,0,0,0,6.20101,0,0,0,
0.492645,0.120926,0.843119,0.654518,0.466217,-0.509812,-0.307147,2.28335e-06,3.24746e-06,4.97084e-07,-8.93415e-07,-6.80467e-06,1.43781e-05,0.424742,0.396174,0.67933,0.0490534,0.976499,-0.208644,0.0226019,-0.178981,0.0799403,0.739144,0.694609,0.287715,0.609158,-0.25232,0,0,0,0,0,0,0,0.00357278,0.00364598,-0.00568324,-0.00531522,-20.1961,9.85692,-4.6606,7.88183,-1.02029,0.185568,-6.50919,2.25137,0,0,-12,0,0,0,0,0,6.20101,0,0,0,
0.492645,0.120926,0.843119,0.654518,0.466217,-0.509813,-0.307148,0,0,0,0,0,0,0.424742,0.396174,0.67933,0.0490537,0.976499,-0.208644,0.0226019,-0.178981,0.0799403,0.739144,0.694609,0.287715,0.609158,-0.25232,0,0,0,0,0,0,0,0.00749745,0.00397364,-0.00567892,-0.0094539,-20.3868,9.85654,-4.73219,7.89989,-0.989044,0.199028,-6.54968,2.26436,0,0,-12,0,0,0,0,0,6.20101,0,0,0,
0.492644,0.120926,0.843119,0.654518,0.466216,-0.509812,-0.307148,-1.68692e-06,-3.48929e-07,1.12975e-07,1.25532e-07,-2.17263e-06,-4.83587e-06,0.424742,0.396174,0.67933,0.049054,0.976499,-0.208644,0.0226019,-0.178981,0.0799403,0.739144,0.694609,0.287715,0.609158,-0.25232,0,0,0,0,0,0,0,0.00155719,0.00334129,-0.00570393,-0.00412379,-20.2618,9.85629,-4.6745,7.88559,-1.01067,0.190328,-6.52265,2.25581,0,0,-12,0,0,0,0,0,6.20101,0,0,0,
0.492645,0.120926,0.843119,0.654518,0.466217,-0.509813,-0.307148,0,0,0,0,0,0,0.424742,0.396174,0.67933,0.0490537,0.976499,-0.208644,0.0226019,-0.178981,0.0799403,0.739144,0.694609,0.287715,0.609158,-0.25232,0,0,0,0,0,0,0,-0.000188004,0.00352319,-0.00545051,-0.00617676,-19.9787,9.85702,-4.5817,7.8612,-1.05539,0.169454,-6.46364,2.23667,0,0,-12,0,0,0,0,0,6.20101,0,0,0,
0.492645,0.120926,0.843119,0.654518,0.466217,-0.509813,-0.307148,0,0,0,0,0,0,0.424742,0.396174,0.67933,0.0490537,0.976499,-0.208644,0.0226019,-0.178981,0.0799403,0.739144,0.694609,0.287715,0.609158,-0.25232,0,0,0,0,0,0,0,0.00184263,0.00343344,-0.00557597,-0.00516019,-20.2654,9.85631,-4.67659,7.88604,-1.00996,0.190465,-6.52355,2.25605,0,0,-12,0,0,0,0,0,6.20101,0,0,0,
0.492644,0.120926,0.843119,0.654518,0.466216,-0.509812,-0.307148,3.2701e-07,-4.68474e-07,-9.64862e-07,1.11527e-06,9.62436e-06,-4.29497e-06,0.424742,0.396174,0.67933,0.049054,0.976499,-0.208644,0.0226019,-0.178981,0.0799403,0.739144,0.694609,0.287715,0.609158,-0.25232,0,0,0,0,0,0,0,0.00674145,0.00334104,-0.00571036,-0.00410301,-19.8967,9.85759,-4.5789,7.85935,-1.06611,0.164341,-6.44671,2.23127,0,0,-12,0,0,0,0,0,6.20101,0,0,0,
0.492645,0.120926,0.843119,0.654518,0.466217,-0.509813,-0.307148,0,0,0,0,0,0,0.424742,0.396174,0.67933,0.0490537,0.976499,-0.208644,0.0226019,-0.178981,0.0799403,0.739144,0.694609,0.287715,0.609158,-0.25232,0,0,0,0,0,0,0,0.00481945,0.00352371,-0.00545447,-0.00616828,-20.0217,9.85716,-4.61121,7.86815,-1.04708,0.172931,-6.47292,2.23965,0,0,-12,0,0,0,0,0,6.20101,0,0,0,
0.492644,0.120926,0.843119,0.654518,0.466216,-0.509812,-0.307148,-1.35863e-06,-8.17135e-07,-8.51963e-07,1.2407e-06,7.45328e-06,-9.12714e-06,0.424742,0.396174,0.67933,0.049054,0.976499,-0.208644,0.0226019,-0.178981,0.0799403,0.739144,0.694609,0.287715,0.609158,-0.25232,0,0,0,0,0,0,0,0.00190098,0.00334371,-0.00571077,-0.00412111,-19.6478,9.85804,-4.48651,7.83571,-1.10655,0.145999,-6.39441,2.21441,0,0,-12,0,0,0,0,0,6.20101,0,0,0,
0.492645,0.120926,0.843119,0.654518,0.466217,-0.509813,-0.307148,1.09002e-06,-2.54463e-06,-7.23674e-07,6.43339e-07,1.11482e-05,-4.70181e-06,0.424742,0.396174,0.67933,0.0490537,0.976499,-0.208644,0.0226019,-0.178981,0.0799403,0.739144,0.694609,0.287715,0.609158,-0.25232,0,0,0,0,0,0,0,0.00362076,0.00352783,-0.00545661,-0.00620071,-19.4902,9.8586,-4.4436,7.82393,-1.13055,0.134438,-6.36182,2.20378,0,0,-12,0,0,0,0,0,6.20101,0,0,0,
0.492645,0.120926,0.843119,0.654518,0.466217,-0.509813,-0.307148,-9.21558e-07,-2.4271e-06,3.52802e-07,-3.45163e-07,-6.31478e-07,-5.24584e-06,0.424742,0.396174,0.67933,0.0490537,0.976499,-0.208644,0.0226019,-0.178981,0.0799403,0.739144,0.694609,0.287715,0.609158,-0.25232,0,0,0,0,0,0,0,-0.000462294,0.00343618,-0.00558249,-0.00516315,-19.834,9.85741,-4.53621,7.84924,-1.07815,0.159124,-6.43328,2.22691,0,0,-12,0,0,0,0,0,6.20101,0,0,0,
0.492644,0.120926,0.843119,0.654518,0.466216,-0.509812,-0.307148,-1.68437e-06,-3.48402e-07,1.12804e-07,1.25342e-07,-2.16934e-06,-4.82856e-06,0.424742,0.396174,0.67933,0.049054,0.976499,-0.208644,0.0226019,-0.178981,0.0799403,0.739144,0.694609,0.287715,0.609158,-0.25232,0,0,0,0,0,0,0,0.00433048,0.00334572,-0.00570987,-0.00413032,-19.7761,9.85781,-4.53391,7.84785,-1.08573,0.155444,-6.42136,2.2231,0,0,-12,0,0,0,0,0,6.20101,0,0,0,
0.492645,0.120926,0.843119,0.654518,0.466217,-0.509813,-0.307148,1.68437e-06,3.48403e-07,-1.12804e-07,-1.25342e-07,2.16934e-06,4.82856e-06,0.424742,0.396174,0.67933,0.0490537,0.976499,-0.208644,0.0226019,-0.178981,0.0799403,0.739144,0.694609,0.287715,0.609158,-0.25232,0,0,0,0,0,0,0,0.00187996,0.0035292,-0.00546125,-0.00620012,-19.3113,9.85901,-4.38284,7.80813,-1.15908,0.121383,-6.32433,2.19168,0,0,-12,0,0,0,0,0,6.20101,0,0,0,
0.492645,0.120926,0.843119,0.654518,0.466217,-0.509813,-0.307148,0,0,0,0,0,0,0.424742,0.396174,0.67933,0.0490537,0.976499,-0.208644,0.0226019,-0.178981,0.0799403,0.739144,0.694609,0.287715,0.609158,-0.25232,0,0,0,0,0,0,0,0.00563282,0.00343784,-0.0055873,-0.00516408,-19.481,9.85872,-4.44727,7.82461,-1.13141,0.134069,-6.3599,2.2032,0,0,-12,0,0,0,0,0,6.20101,0,0,0,
0.492644,0.120926,0.843119,0.654518,0.466216,-0.509812,-0.307148,0,0,0,0,0,0,0.424742,0.396174,0.67933,0.049054,0.976499,-0.208644,0.0226019,-0.178981,0.0799403,0.739144,0.694609,0.287715,0.609158,-0.25232,0,0,0,0,0,0,0,0.00084833,0.00334577,-0.00571842,-0.00411042,-19.1282,9.85946,-4.32304,7.79257,-1.18812,0.108382,-6.2858,2.17934,0,0,-12,0,0,0,0,0,6.20101,0,0,0,
0.492645,0.120926,0.843119,0.654518,0.466217,-0.509813,-0.307148,0,0,0,0,0,0,0.424742,0.396174,0.67933,0.0490537,0.976499,-0.208644,0.0226019,-0.178981,0.0799403,0.739144,0.694609,0.287715,0.609158,-0.25232,0,0,0,0,0,0,0,0.00292356,0.00352836,-0.00546556,-0.00617771,-19.5302,9.85845,-4.45365,7.82672,-1.12453,0.137278,-6.37012,2.20646,0,0,-12,0,0,0,0,0,6.20101,0,0,0,
0.492644,0.120926,0.843119,0.654518,0.466216,-0.509812,-0.307148,-1.68311e-06,-3.48142e-07,1.1272e-07,1.25249e-07,-2.16773e-06,-4.82496e-06,0.424742,0.396174,0.67933,0.049054,0.976499,-0.208644,0.0226019,-0.178981,0.0799403,0.739144,0.694609,0.287715,0.609158,-0.25232,0,0,0,0,0,0,0,0.00249368,0.00334681,-0.00571734,-0.00411409,-19.3326,9.85897,-4.39135,7.81039,-1.15564,0.123274,-6.32861,2.19316,0,0,-12,0,0,0,0,0,6.20101,0,0,0,
0.492644,0.120926,0.843119,0.654518,0.466216,-0.509812,-0.307148,0,0,0,0,0,0,0.424742,0.396174,0.67933,0.049054,0.976499,-0.208644,0.0226019,-0.178981,0.0799403,0.739144,0.694609,0.287715,0.609158,-0.25232,0,0,0,0,0,0,0,-0.00149597,0.00343878,-0.00559378,-0.0051478,-19.2467,9.85902,-4.35195,7.8006,-1.17029,0.116622,-6.31053,2.18729,0,0,-12,0,0,0,0,0,6.20101,0,0,0,
0.492645,0.120926,0.843119,0.654518,0.466217,-0.509813,-0.307148,0,0,0,0,0,0,0.424742,0.396174,0.67933,0.0490537,0.976499,-0.208644,0.0226019,-0.178981,0.0799403,0.739144,0.694609,0.287715,0.609158,-0.25232,0,0,0,0,0,0,0,0.00510281,0.00353046,-0.00547098,-0.00618341,-19.1495,9.85964,-4.34349,7.79715,-1.18334,0.10994,-6.29074,2.18083,0,0,-12,0,0,0,0,0,6.20101,0,0,0,
0.492644,0.120926,0.843119,0.654518,0.466216,-0.509812,-0.307148,0,0,0,0,0,0,0.424742,0.396174,0.67933,0.049054,0.976499,-0.208644,0.0226019,-0.178981,0.0799403,0.739144,0.694609,0.287715,0.609158,-0.25232,0,0,0,0,0,0,0,0.00841476,0.00335107,-0.00571901,-0.00414285,-18.8412,9.86067,-4.25922,7.77433,-1.23059,0.0882025,-6.2263,2.16011,0,0,-12,0,0,0,0,0,6.20101,0,0,0,
0.492644,0.120926,0.843119,0.654518,0.466216,-0.509812,-0.307148,-1.68564e-06,-3.48665e-07,1.12889e-07,1.25437e-07,-2.17098e-06,-4.83221e-06,0.424742,0.396174,0.67933,0.049054,0.976499,-0.208644,0.0226019,-0.178981,0.0799403,0.739144,0.694609,0.287715,0.609158,-0.25232,0,0,0,0,0,0,0,0.00229574,0.00344046,-0.00559705,-0.00515032,-19.0831,9.85968,-4.31388,7.78984,-1.19466,0.105083,-6.27658,2.17631,0,0,-12,0,0,0,0,0,6.20101,0,0,0,
0.492645,0.120926,0.843119,0.654518,0.466217,-0.509813,-0.307148,0,0,0,0,0,0,0.424742,0.396174,0.67933,0.0490537,0.976499,-0.208644,0.0226019,-0.178981,0.0799403,0.739144,0.694609,0.287715,0.609158,-0.25232,0,0,0,0,0,0,0,0.00178395,0.00353252,-0.00547525,-0.00618969,-18.9162,9.86013,-4.26084,7.77582,-1.22087,0.0928374,-6.24179,2.16504,0,0,-12,0,0,0,0,0,6.20101,0,0,0,
0.492645,0.120926,0.843119,0.654518,0.466217,-0.509813,-0.307148,1.68309e-06,3.4814e-07,-1.12719e-07,-1.25248e-07,2.16771e-06,4.82492e-06,0.424742,0.396174,0.67933,0.0490537,0.976499,-0.208644,0.0226019,-0.178981,0.0799403,0.739144,0.694609,0.287715,0.609158,-0.25232,0,0,0,0,0,0,0,0.0030172,0.00344283,-0.00559773,-0.00517088,-18.9137,9.86019,-4.26404,7.77651,-1.22092,0.0928933,-6.24123,2.1649,0,0,-12,0,0,0,0,0,6.20101,0,0,0,
0.492645,0.120926,0.843119,0.654518,0.466217,-0.509813,-0.307148,0,0,0,0,0,0,0.424742,0.396174,0.67933,0.0490537,0.976499,-0.208644,0.0226019,-0.178981,0.0799403,0.739144,0.694609,0.287715,0.609158,-0.25232,0,0,0,0,0,0,0,0.000663446,0.00344338,-0.00559949,-0.00517102,-18.7822,9.86044,-4.21589,7.76416,-1.24222,0.083219,-6.21362,2.15599,0,0,-12,0,0,0,0,0,6.20101,0,0,0,
0.492645,0.120926,0.843119,0.654518,0.466217,-0.509813,-0.307148,0,0,0,0,0,0,0.424742,0.396174,0.67933,0.0490537,0.976499,-0.208644,0.0226019,-0.178981,0.0799403,0.739144,0.694609,0.287715,0.609158,-0.25232,0,0,0,0,0,0,0,0.0055477,0.00344392,-0.00560408,-0.00516832,-18.3207,9.862,-4.08963,7.72984,-1.31282,0.0502429,-6.11751,2.12495,0,0,-12,0,0,0,0,0,6.20101,0,0,0,
0.492645,0.120926,0.843119,0.654518,0.466217,-0.509813,-0.307148,1.68182e-06,3.47877e-07,-1.12634e-07,-1.25153e-07,2.16607e-06,4.82128e-06,0.424742,0.396174,0.67933,0.0490537,0.976499,-0.208644,0.0226019,-0.178981,0.0799403,0.739144,0.694609,0.287715,0.609158,-0.25232,0,0,0,0,0,0,0,0.00318094,0.00344447,-0.00560305,-0.00517125,-18.5116,9.86134,-4.14074,7.7438,-1.28372,0.0638598,-6.15725,2.13779,0,0,-12,0,0,0,0,0,6.20101,0,0,0,
0.492644,0.120926,0.843119,0.654518,0.466216,-0.509812,-0.307148,-1.68309e-06,-3.48139e-07,1.12719e-07,1.25248e-07,-2.16771e-06,-4.82492e-06,0.424742,0.396174,0.67933,0.049054,0.976499,-0.208644,0.0226019,-0.178981,0.0799403,0.739144,0.694609,0.287715,0.609158,-0.25232,0,0,0,0,0,0,0,0.00312456,0.00335079,-0.00572438,-0.00410752,-19.1404,9.85955,-4.33419,7.79514,-1.18549,0.109434,-6.28849,2.1802,0,0,-12,0,0,0,0,0,6.20101,0,0,0,
0.492645,0.120926,0.843119,0.654518,0.466217,-0.509813,-0.307148,1.68437e-06,3.48403e-07,-1.12804e-07,-1.25342e-07,2.16934e-06,4.82856e-06,0.424742,0.396174,0.67933,0.0490537,0.976499,-0.208644,0.0226019,-0.178981,0.0799403,0.739144,0.694609,0.287715,0.609158,-0.25232,0,0,0,0,0,0,0,0.00153091,0.00353815,-0.00548418,-0.00621748,-18.1417,9.86231,-4.02146,7.71243,-1.34203,0.0368599,-6.07998,2.1128,0,0,-12,0,0,0,0,0,6.20101,0,0,0,
0.492645,0.120926,0.843119,0.654518,0.466217,-0.509813,-0.307148,1.68309e-06,3.4814e-07,-1.12719e-07,-1.25248e-07,2.16771e-06,4.82492e-06,0.424742,0.396174,0.67933,0.0490537,0.976499,-0.208644,0.0226019,-0.178981,0.0799403,0.739144,0.694609,0.287715,0.609158,-0.25232,0,0,0,0,0,0,0,0.00471661,0.00344608,-0.00560763,-0.00517225,-18.1991,9.8623,-4.04945,7.71934,-1.3321,0.041392,-6.09205,2.11673,0,0,-12,0,0,0,0,0,6.20101,0,0,0,
0.492644,0.120926,0.843119,0.654518,0.466216,-0.509812,-0.307148,-1.68309e-06,-3.48139e-07,1.12719e-07,1.25248e-07,-2.16771e-06,-4.82492e-06,0.424742,0.396174,0.67933,0.049054,0.976499,-0.208644,0.0226019,-0.178981,0.0799403,0.739144,0.694609,0.287715,0.609158,-0.25232,0,0,0,0,0,0,0,0.00282482,0.00335572,-0.00572842,-0.00414107,-18.2799,9.86197,-4.06816,7.72468,-1.32012,0.0472376,-6.1087,2.12216,0,0,-12,0,0,0,0,0,6.20101,0,0,0,
0.492645,0.120926,0.843119,0.654518,0.466217,-0.509813,-0.307148,0,0,0,0,0,0,0.424742,0.396174,0.67933,0.0490537,0.976499,-0.208644,0.0226019,-0.178981,0.0799403,0.739144,0.694609,0.287715,0.609158,-0.25232,0,0,0,0,0,0,0,-0.00216157,0.00353806,-0.00549054,-0.00620046,-17.9881,9.86255,-3.96217,7.69736,-1.36721,0.0254962,-6.04767,2.10238,0,0,-12,0,0,0,0,0,6.20101,0,0,0,
0.492645,0.120926,0.843119,0.654518,0.466217,-0.509813,-0.307148,0,0,0,0,0,0,0.424742,0.396174,0.67933,0.0490537,0.976499,-0.208644,0.0226019,-0.178981,0.0799403,0.739144,0.694609,0.287715,0.609158,-0.25232,0,0,0,0,0,0,0,0.00307593,0.00344774,-0.00561059,-0.00517503,-18.0784,9.86256,-4.00695,7.70836,-1.35149,0.0325508,-6.06674,2.10856,0,0,-12,0,0,0,0,0,6.20101,0,0,0,
0.492644,0.120926,0.843119,0.654518,0.466216,-0.509812,-0.307148,0,0,0,0,0,0,0.424742,0.396174,0.67933,0.049054,0.976499,-0.208644,0.0226019,-0.178981,0.0799403,0.739144,0.694609,0.287715,0.609158,-0.25232,0,0,0,0,0,0,0,0.00466314,0.00335761,-0.0057304,-0.00414625,-18.1439,9.86245,-4.03224,7.71484,-1.3408,0.0375476,-6.0804,2.11302,0,0,-12,0,0,0,0,0,6.20101,0,0,0,
0.492645,0.120926,0.843119,0.654518,0.466217,-0.509813,-0.307148,0,0,0,0,0,0,0.424742,0.396174,0.67933,0.0490537,0.976499,-0.208644,0.0226019,-0.178981,0.0799403,0.739144,0.694609,0.287715,0.609158,-0.25232,0,0,0,0,0,0,0,6.94112e-05,0.00354067,-0.00549368,-0.00621349,-17.7988,9.8632,-3.9111,7.68344,-1.3961,0.011981,-6.00826,2.08965,0,0,-12,0,0,0,0,0,6.20101,0,0,0,
0.492645,0.120926,0.84312,0.654518,0.466217,-0.509812,-0.307147,-3.27011e-07,4.68474e-07,9.64862e-07,-1.11527e-06,-9.62436e-06,4.29498e-06,0.424742,0.396174,0.67933,0.0490537,0.976499,-0.208644,0.0226019,-0.178981,0.0799403,0.739144,0.694609,0.287715,0.609158,-0.25232,0,0,0,0,0,0,0,0.00449325,0.0026618,-0.0053434,-0.000487061,-17.7276,9.86299,-3.90389,7.68035,-1.40602,0.00798115,-5.99306,2.08491,0,0,-12,0,0,0,0,0,6.20101,0,0,0,
0.492644,0.120926,0.843119,0.654518,0.466216,-0.509812,-0.307148,0,0,0,0,0,0,0.424742,0.396174,0.67933,0.049054,0.976499,-0.208644,0.0226019,-0.178981,0.0799403,0.739144,0.694609,0.287715,0.609158,-0.25232,0,0,0,0,0,0,0,0.0050204,0.00413016,-0.00600069,-0.00870961,-17.8371,9.86396,-3.93852,7.69039,-1.38851,0.0147607,-6.0168,2.09235,0,0,-12,0,0,0,0,0,6.20101,0,0,0,
0.492644,0.120926,0.843119,0.654518,0.466216,-0.509812,-0.307148,-1.68692e-06,-3.48929e-07,1.12975e-07,1.25532e-07,-2.17263e-06,-4.83587e-06,0.424742,0.396174,0.67933,0.049054,0.976499,-0.208644,0.0226019,-0.178981,0.0799403,0.739144,0.694609,0.287715,0.609158,-0.25232,0,0,0,0,0,0,0,-0.00195249,0.00344922,-0.00561851,-0.00515911,-17.7678,9.86318,-3.89495,7.67957,-1.40163,0.00974554,-6.00155,2.08754,0,0,-12,0,0,0,0,0,6.20101,0,0,0,
0.492645,0.120926,0.843119,0.654518,0.466217,-0.509813,-0.307148,1.68311e-06,3.48143e-07,-1.1272e-07,-1.25249e-07,2.16773e-06,4.82496e-06,0.424742,0.396174,0.67933,0.0490537,0.976499,-0.208644,0.0226019,-0.178981,0.0799403,0.739144,0.694609,0.287715,0.609158,-0.25232,0,0,0,0,0,0,0,0.00296398,0.00354199,-0.00550063,-0.00620656,-17.5537,9.86405,-3.84501,7.66542,-1.4335,-0.00551075,-5.95723,2.07316,0,0,-12,0,0,0,0,0,6.20101,0,0,0,
0.492645,0.120926,0.843119,0.654518,0.466217,-0.509813,-0.307148,1.68437e-06,3.48403e-07,-1.12804e-07,-1.25342e-07,2.16934e-06,4.82856e-06,0.424742,0.396174,0.67933,0.0490537,0.976499,-0.208644,0.0226019,-0.178981,0.0799403,0.739144,0.694609,0.287715,0.609158,-0.25232,0,0,0,0,0,0,0,0.00360992,0.00345159,-0.00561874,-0.00518015,-17.6626,9.86377,-3.8806,7.67479,-1.41633,0.00254731,-5.9799,2.08053,0,0,-12,0,0,0,0,0,6.20101,0,0,0,
0.492645,0.120926,0.843119,0.654518,0.466217,-0.509813,-0.307148,0,0,0,0,0,0,0.424742,0.396174,0.67933,0.0490537,0.976499,-0.208644,0.0226019,-0.178981,0.0799403,0.739144,0.694609,0.287715,0.609158,-0.25232,0,0,0,0,0,0,0,-0.000974701,0.00345214,-0.00561975,-0.00518106,-17.6242,9.86364,-3.85388,7.66851,-1.42378,-0.000563798,-5.9716,2.07786,0,0,-12,0,0,0,0,0,6.20101,0,0,0,
0.492645,0.120926,0.84312,0.654518,0.466217,-0.509812,-0.307147,1.35633e-06,8.16255e-07,8.51404e-07,-1.23966e-06,-7.44929e-06,9.1166e-06,0.424742,0.396174,0.67933,0.0490537,0.976499,-0.208644,0.0226019,-0.178981,0.0799403,0.739144,0.694609,0.287715,0.609158,-0.25232,0,0,0,0,0,0,0,-0.00263197,0.00265934,-0.00534078,-0.000458484,-17.4479,9.86341,-3.79462,7.65264,-1.452,-0.0127418,-5.9342,2.06593,0,0,-12,0,0,0,0,0,6.20101,0,0,0,
0.492645,0.120926,0.843119,0.654518,0.466217,-0.509813,-0.307148,1.68309e-06,3.4814e-07,-1.12719e-07,-1.25248e-07,2.16771e-06,4.82492e-06,0.424742,0.396174,0.67933,0.0490537,0.976499,-0.208644,0.0226019,-0.178981,0.0799403,0.739144,0.694609,0.287715,0.609158,-0.25232,0,0,0,0,0,0,0,0.00281185,0.00420832,-0.00588959,-0.00965405,-17.3688,9.86517,-3.78713,7.6506,-1.46238,-0.0193738,-5.91893,2.06072,0,0,-12,0,0,0,0,0,6.20101,0,0,0,
0.492645,0.120926,0.843119,0.654518,0.466217,-0.509813,-0.307148,0,0,0,0,0,0,0.424742,0.396174,0.67933,0.0490537,0.976499,-0.208644,0.0226019,-0.178981,0.0799403,0.739144,0.694609,0.287715,0.609158,-0.25232,0,0,0,0,0,0,0,0.000534466,0.00345379,-0.00562343,-0.00518309,-17.4323,9.86426,-3.79968,7.65388,-1.45331,-0.0143163,-5.9316,2.06494,0,0,-12,0,0,0,0,0,6.20101,0,0,0,
0.492645,0.120926,0.843119,0.654518,0.466217,-0.509813,-0.307148,0,0,0,0,0,0,0.424742,0.396174,0.67933,0.0490537,0.976499,-0.208644,0.0226019,-0.178981,0.0799403,0.739144,0.694609,0.287715,0.609158,-0.25232,0,0,0,0,0,0,0,0.00411007,0.00345435,-0.00562659,-0.00518182,-17.1429,9.86526,-3.72216,7.63272,-1.49741,-0.034957,-5.87137,2.04549,0,0,-12,0,0,0,0,0,6.20101,0,0,0,
0.492644,0.120926,0.843119,0.654518,0.466216,-0.509812,-0.307148,0,0,0,0,0,0,0.424742,0.396174,0.67933,0.049054,0.976499,-0.208644,0.0226019,-0.178981,0.0799403,0.739144,0.694609,0.287715,0.609158,-0.25232,0,0,0,0,0,0,0,0.00335306,0.00336116,-0.00574805,-0.00411747,-17.1086,9.86531,-3.70912,7.62944,-1.50306,-0.0373358,-5.86405,2.04317,0,0,-12,0,0,0,0,0,6.20101,0,0,0,
0.492644,0.120926,0.843119,0.654518,0.466216,-0.509812,-0.307148,-1.68309e-06,-3.48139e-07,1.12719e-07,1.25248e-07,-2.16771e-06,-4.82492e-06,0.424742,0.396174,0.67933,0.049054,0.976499,-0.208644,0.0226019,-0.178981,0.0799403,0.739144,0.694609,0.287715,0.609158,-0.25232,0,0,0,0,0,0,0,-0.000694607,0.00345417,-0.00563028,-0.00516438,-17.0971,9.86514,-3.69245,7.62568,-1.50609,-0.0386175,-5.86151,2.04232,0,0,-12,0,0,0,0,0,6.20101,0,0,0,
0.492645,0.120926,0.843119,0.654518,0.466217,-0.509813,-0.307148,0,0,0,0,0,0,0.424742,0.396174,0.67933,0.0490537,0.976499,-0.208644,0.0226019,-0.178981,0.0799403,0.739144,0.694609,0.287715,0.609158,-0.25232,0,0,0,0,0,0,0,0.00226515,0.00354476,-0.00551589,-0.00618891,-17.0742,9.86537,-3.69503,7.6258,-1.50869,-0.0402027,-5.85701,2.04081,0,0,-12,0,0,0,0,0,6.20101,0,0,0,
0.492645,0.120926,0.843119,0.654518,0.466217,-0.509813,-0.307148,0,0,0,0,0,0,0.424742,0.396174,0.67933,0.0490537,0.976499,-0.208644,0.0226019,-0.178981,0.0799403,0.739144,0.694609,0.287715,0.609158,-0.25232,0,0,0,0,0,0,0,0.00431459,0.00345655,-0.00562972,-0.00518633,-17.0975,9.8654,-3.70882,7.62915,-1.50446,-0.0382268,-5.86189,2.04242,0,0,-12,0,0,0,0,0,6.20101,0,0,0,
0.492645,0.120926,0.843119,0.654518,0.466217,-0.509813,-0.307148,0,0,0,0,0,0,0.424742,0.396174,0.67933,0.0490537,0.976499,-0.208644,0.0226019,-0.178981,0.0799403,0.739144,0.694609,0.287715,0.609158,-0.25232,0,0,0,0,0,0,0,0.00110488,0.00345709,-0.00563386,-0.00518405,-16.6932,9.86638,-3.57389,7.59395,-1.56867,-0.0676664,-5.77724,2.01511,0,0,-12,0,0,0,0,0,6.20101,0,0,0,
0.492645,0.120926,0.843119,0.654518,0.466217,-0.509813,-0.307148,0,0,0,0,0,0,0.424742,0.396174,0.67933,0.0490537,0.976499,-0.208644,0.0226019,-0.178981,0.0799403,0.739144,0.694609,0.287715,0.609158,-0.25232,0,0,0,0,0,0,0,0.00597464,0.00345767,-0.00563276,-0.00518716,-16.9051,9.86603,-3.65496,7.61458,-1.534,-0.0520019,-5.8218,2.02948,0,0,-12,0,0,0,0,0,6.20101,0,0,0,
0.492644,0.120926,0.843119,0.654518,0.466216,-0.509812,-0.307148,-1.68564e-06,-3.48665e-07,1.12889e-07,1.25437e-07,-2.17098e-06,-4.83221e-06,0.424742,0.396174,0.67933,0.049054,0.976499,-0.208644,0.0226019,-0.178981,0.0799403,0.739144,0.694609,0.287715,0.609158,-0.25232,0,0,0,0,0,0,0,0.00178014,0.00336873,-0.00574773,-0.00417019,-16.8366,9.866,-3.62021,7.60615,-1.54609,-0.0571148,-5.80712,2.0248,0,0,-12,0,0,0,0,0,6.20101,0,0,0,
0.492644,0.120926,0.84312,0.654518,0.466217,-0.509812,-0.307147,-2.0129e-06,1.20159e-07,1.07847e-06,-9.90669e-07,-1.18025e-05,-5.34031e-07,0.424742,0.396174,0.67933,0.049054,0.976499,-0.208644,0.0226019,-0.178981,0.0799403,0.739144,0.694609,0.287715,0.609158,-0.25232,0,0,0,0,0,0,0,-0.000278446,0.00268689,-0.0053507,-0.000583803,-16.9577,9.86494,-3.65125,7.61425,-1.52789,-0.0480025,-5.83195,2.03291,0,0,-12,0,0,0,0,0,6.20101,0,0,0,
0.492645,0.120926,0.84312,0.654518,0.466217,-0.509812,-0.307147,-3.26764e-07,4.6812e-07,9.64133e-07,-1.11442e-06,-9.61709e-06,4.29173e-06,0.424742,0.396174,0.67933,0.0490537,0.976499,-0.208644,0.0226019,-0.178981,0.0799403,0.739144,0.694609,0.287715,0.609158,-0.25232,0,0,0,0,0,0,0,0.00625778,0.00353866,-0.0055165,-0.00612214,-16.7003,9.86663,-3.59283,7.59802,-1.56589,-0.0669124,-5.77913,2.01566,0,0,-12,0,0,0,0,0,6.20101,0,0,0,
0.492645,0.120926,0.84312,0.654518,0.466217,-0.509812,-0.307147,1.35658e-06,8.15902e-07,8.50676e-07,-1.23882e-06,-7.44203e-06,9.11336e-06,0.424742,0.396174,0.67933,0.0490537,0.976499,-0.208644,0.0226019,-0.178981,0.0799403,0.739144,0.694609,0.287715,0.609158,-0.25232,0,0,0,0,0,0,0,0.00196137,0.00344903,-0.00563104,-0.00510306,-16.6884,9.86644,-3.57518,7.59414,-1.56916,-0.0679412,-5.77627,2.0148,0,0,-12,0,0,0,0,0,6.20101,0,0,0,
0.492644,0.120926,0.84312,0.654518,0.466217,-0.509812,-0.307147,-2.00938e-06,1.19267e-07,1.07539e-06,-9.8749e-07,-1.17702e-05,-5.39752e-07,0.424742,0.396174,0.67933,0.049054,0.976499,-0.208644,0.0226019,-0.178981,0.0799403,0.739144,0.694609,0.287715,0.609158,-0.25232,0,0,0,0,0,0,0,-0.00187953,0.00335826,-0.00574688,-0.00406592,-16.682,9.86625,-3.5607,7.59103,-1.57142,-0.0685384,-5.77459,2.01431,0,0,-12,0,0,0,0,0,6.20101,0,0,0,
0.492645,0.120926,0.84312,0.654518,0.466217,-0.509812,-0.307147,-3.26268e-07,4.67409e-07,9.62668e-07,-1.11273e-06,-9.60248e-06,4.28521e-06,0.424742,0.396174,0.67933,0.0490537,0.976499,-0.208644,0.0226019,-0.178981,0.0799403,0.739144,0.694609,0.287715,0.609158,-0.25232,0,0,0,0,0,0,0,-0.00203729,0.00353799,-0.00552234,-0.00609929,-16.6931,9.86622,-3.56368,7.59175,-1.56963,-0.0680375,-5.77713,2.01504,0,0,-12,0,0,0,0,0,6.20101,0,0,0,
0.492645,0.120926,0.843119,0.654518,0.466217,-0.509813,-0.307148,0,0,0,0,0,0,0.424742,0.396174,0.67933,0.0490537,0.976499,-0.208644,0.0226019,-0.178981,0.0799403,0.739144,0.694609,0.287715,0.609158,-0.25232,0,0,0,0,0,0,0,0.00561691,0.00420253,-0.00591805,-0.00957961,-16.4634,9.86787,-3.51736,7.57861,-1.60305,-0.0845689,-5.72994,1.9997,0,0,-12,0,0,0,0,0,6.20101,0,0,0,
0.492645,0.120926,0.843119,0.654518,0.466217,-0.509813,-0.307148,0,0,0,0,0,0,0.424742,0.396174,0.67933,0.0490537,0.976499,-0.208644,0.0226019,-0.178981,0.0799403,0.739144,0.694609,0.287715,0.609158,-0.25232,0,0,0,0,0,0,0,0.00281248,0.00346213,-0.00564198,-0.00519325,-16.505,9.86701,-3.52147,7.57976,-1.59755,-0.081138,-5.73803,2.00244,0,0,-12,0,0,0,0,0,6.20101,0,0,0,
0.492645,0.120926,0.843119,0.654518,0.466217,-0.509813,-0.307148,1.68437e-06,3.48403e-07,-1.12804e-07,-1.25342e-07,2.16934e-06,4.82856e-06,0.424742,0.396174,0.67933,0.0490537,0.976499,-0.208644,0.0226019,-0.178981,0.0799403,0.739144,0.694609,0.287715,0.609158,-0.25232,0,0,0,0,0,0,0,0.00256559,0.00346268,-0.0056432,-0.00519394,-16.4471,9.86716,-3.50282,7.57486,-1.60668,-0.085341,-5.72592,1.99853,0,0,-12,0,0,0,0,0,6.20101,0,0,0,
0.492645,0.120926,0.843119,0.654518,0.466217,-0.509813,-0.307148,1.68437e-06,3.48403e-07,-1.12804e-07,-1.25342e-07,2.16934e-06,4.82856e-06,0.424742,0.396174,0.67933,0.0490537,0.976499,-0.208644,0.0226019,-0.178981,0.0799403,0.739144,0.694609,0.287715,0.609158,-0.25232,0,0,0,0,0,0,0,0.00179134,0.00346326,-0.00564412,-0.00519504,-16.4298,9.86717,-3.49499,7.57292,-1.60963,-0.0866455,-5.72226,1.99736,0,0,-12,0,0,0,0,0,6.20101,0,0,0,
0.492645,0.120926,0.843119,0.654518,0.466217,-0.509813,-0.307148,3.2676e-07,-4.68115e-07,-9.64124e-07,1.11441e-06,9.617e-06,-4.29169e-06,0.424742,0.396174,0.67933,0.0490537,0.976499,-0.208644,0.0226019,-0.178981,0.0799403,0.739144,0.694609,0.287715,0.609158,-0.25232,0,0,0,0,0,0,0,0.00218927,0.00346382,-0.00564613,-0.00519498,-16.2822,9.8676,-3.45081,7.56114,-1.63258,-0.097283,-5.69144,1.9874,0,0,-12,0,0,0,0,0,6.20101,0,0,0,
0.492645,0.120926,0.843119,0.654518,0.466217,-0.509813,-0.307148,3.2676e-07,-4.68115e-07,-9.64124e-07,1.11441e-06,9.617e-06,-4.29169e-06,0.424742,0.396174,0.67933,0.0490537,0.976499,-0.208644,0.0226019,-0.178981,0.0799403,0.739144,0.694609,0.287715,0.609158,-0.25232,0,0,0,0,0,0,0,0.00316229,0.00346438,-0.00564687,-0.00519618,-16.2824,9.86765,-3.45403,7.56183,-1.63225,-0.0971975,-5.69154,1.98743,0,0,-12,0,0,0,0,0,6.20101,0,0,0,
0.492645,0.120926,0.843119,0.654518,0.466217,-0.509813,-0.307148,2.01367e-06,-1.19185e-07,-1.0771e-06,9.88882e-07,1.17896e-05,5.44181e-07,0.424742,0.396174,0.67933,0.0490537,0.976499,-0.208644,0.0226019,-0.178981,0.0799403,0.739144,0.694609,0.287715,0.609158,-0.25232,0,0,0,0,0,0,0,-0.000249006,0.00346492,-0.00564868,-0.00519624,-16.1546,9.86784,-3.40358,7.54906,-1.6533,-0.106682,-5.66464,1.97876,0,0,-12,0,0,0,0,0,6.20101,0,0,0,
0.492645,0.120926,0.843119,0.654518,0.466217,-0.509813,-0.307148,2.01367e-06,-1.19185e-07,-1.0771e-06,9.88882e-07,1.17896e-05,5.44181e-07,0.424742,0.396174,0.67933,0.0490537,0.976499,-0.208644,0.0226019,-0.178981,0.0799403,0.739144,0.694609,0.287715,0.609158,-0.25232,0,0,0,0,0,0,0,0.00306926,0.00346548,-0.00564946,-0.00519738,-16.1492,9.86803,-3.41271,7.5509,-1.65309,-0.106824,-5.66372,1.97845,0,0,-12,0,0,0,0,0,6.20101,0,0,0,
0.492645,0.120926,0.843119,0.654518,0.466217,-0.509813,-0.307148,0,0,0,0,0,0,0.424742,0.396174,0.67933,0.0490537,0.976499,-0.208644,0.0226019,-0.178981,0.0799403,0.739144,0.694609,0.287715,0.609158,-0.25232,0,0,0,0,0,0,0,0.00307818,0.00346603,-0.00565083,-0.00519793,-16.0759,9.86824,-3.39015,7.54492,-1.66455,-0.112121,-5.6484,1.97351,0,0,-12,0,0,0,0,0,6.20101,0,0,0,
0.492645,0.120926,0.843119,0.654518,0.466217,-0.509813,-0.307148,0,0,0,0,0,0,0.424742,0.396174,0.67933,0.0490537,0.976499,-0.208644,0.0226019,-0.178981,0.0799403,0.739144,0.694609,0.287715,0.609158,-0.25232,0,0,0,0,0,0,0,0.000299156,0.00346658,-0.00565329,-0.00519735,-15.8729,9.86867,-3.3186,7.52644,-1.69717,-0.126992,-5.60583,1.95977,0,0,-12,0,0,0,0,0,6.20101,0,0,0,
0.492645,0.120926,0.843119,0.654518,0.466217,-0.509813,-0.307148,0,0,0,0,0,0,0.424742,0.396174,0.67933,0.0490537,0.976499,-0.208644,0.0226019,-0.178981,0.0799403,0.739144,0.694609,0.287715,0.609158,-0.25232,0,0,0,0,0,0,0,0.00200097,0.00346714,-0.00565329,-0.00519932,-15.9605,9.86851,-3.35112,7.53476,-1.68293,-0.120535,-5.62424,1.96571,0,0,-12,0,0,0,0,0,6.20101,0,0,0,
0.492645,0.120926,0.843119,0.654518,0.466217,-0.509813,-0.307148,0,0,0,0,0,0,0.424742,0.396174,0.67933,0.0490537,0.976499,-0.208644,0.0226019,-0.178981,0.0799403,0.739144,0.694609,0.287715,0.609158,-0.25232,0,0,0,0,0,0,0,0.000545947,0.0034677,-0.00565602,-0.00519853,-15.7292,9.86908,-3.27515,7.51488,-1.71955,-0.137354,-5.57582,1.95008,0,0,-12,0,0,0,0,0,6.20101,0,0,0,
0.492645,0.120926,0.843119,0.654518,0.466217,-0.509813,-0.307148,0,0,0,0,0,0,0.424742,0.396174,0.67933,0.0490537,0.976499,-0.208644,0.0226019,-0.178981,0.0799403,0.739144,0.694609,0.287715,0.609158,-0.25232,0,0,0,0,0,0,0,0.00375358,0.00346826,-0.00565691,-0.00519957,-15.7112,9.8693,-3.28,7.51561,-1.72136,-0.138422,-5.57225,1.94892,0,0,-12,0,0,0,0,0,6.20101,0,0,0,
0.492645,0.120926,0.843119,0.654518,0.466217,-0.509813,-0.307148,0,0,0,0,0,0,0.424742,0.396174,0.67933,0.0490537,0.976499,-0.208644,0.0226019,-0.178981,0.0799403,0.739144,0.694609,0.287715,0.609158,-0.25232,0,0,0,0,0,0,0,0.00163754,0.00346882,-0.0056598,-0.0051986,-15.4591,9.86991,-3.1955,7.49358,-1.76143,-0.156787,-5.51946,1.93188,0,0,-12,0,0,0,0,0,6.20101,0,0,0,
0.492645,0.120926,0.843119,0.654518,0.466217,-0.509813,-0.307148,0,0,0,0,0,0,0.424742,0.396174,0.67933,0.0490537,0.976499,-0.208644,0.0226019,-0.178981,0.0799403,0.739144,0.694609,0.287715,0.609158,-0.25232,0,0,0,0,0,0,0,0.00474199,0.00346938,-0.00566098,-0.00519936,-15.4064,9.87022,-3.18933,7.4914,-1.7687,-0.160369,-5.50863,1.92837,0,0,-12,0,0,0,0,0,6.20101,0,0,0,
0.492645,0.120926,0.843119,0.654518,0.466217,-0.509813,-0.307148,0,0,0,0,0,0,0.424742,0.396174,0.67933,0.0490537,0.976499,-0.208644,0.0226019,-0.178981,0.0799403,0.739144,0.694609,0.287715,0.609158,-0.25232,0,0,0,0,0,0,0,0.00214528,0.00346993,-0.00565826,-0.00520406,-15.8124,9.86894,-3.30597,7.52277,-1.70604,-0.131225,-5.59331,1.95572,0,0,-12,0,0,0,0,0,6.20101,0,0,0,
0.492645,0.120926,0.843119,0.654518,0.466217,-0.509813,-0.307148,0,0,0,0,0,0,0.424742,0.396174,0.67933,0.0490537,0.976499,-0.208644,0.0226019,-0.178981,0.0799403,0.739144,0.694609,0.287715,0.609158,-0.25232,0,0,0,0,0,0,0,0.00216403,0.00347048,-0.0056651,-0.00519901,-15.0958,9.87096,-3.08529,7.46428,-1.81807,-0.182998,-5.44359,1.90739,0,0,-12,0,0,0,0,0,6.20101,0,0,0,
0.492645,0.120926,0.843119,0.654518,0.466217,-0.509813,-0.307148,0,0,0,0,0,0,0.424742,0.396174,0.67933,0.0490537,0.976499,-0.208644,0.0226019,-0.178981,0.0799403,0.739144,0.694609,0.287715,0.609158,-0.25232,0,0,0,0,0,0,0,0.00505039,0.00347104,-0.00566539,-0.00520068,-15.1468,9.87097,-3.11039,7.47043,-1.80918,-0.179096,-5.45443,1.91088,0,0,-12,0,0,0,0,0,6.20101,0,0,0,
0.492644,0.120926,0.843119,0.654518,0.466216,-0.509812,-0.307148,-1.68309e-06,-3.48139e-07,1.12719e-07,1.25248e-07,-2.16771e-06,-4.82492e-06,0.424742,0.396174,0.67933,0.049054,0.976499,-0.208644,0.0226019,-0.178981,0.0799403,0.739144,0.694609,0.287715,0.609158,-0.25232,0,0,0,0,0,0,0,0.00432862,0.00337932,-0.00577888,-0.00415161,-15.0445,9.87121,-3.07649,7.46163,-1.82545,-0.186392,-5.43289,1.90397,0,0,-12,0,0,0,0,0,6.20101,0,0,0,
0.492644,0.120926,0.843119,0.654518,0.466216,-0.509812,-0.307148,-1.68309e-06,-3.48139e-07,1.12719e-07,1.25248e-07,-2.16771e-06,-4.82492e-06,0.424742,0.396174,0.67933,0.049054,0.976499,-0.208644,0.0226019,-0.178981,0.0799403,0.739144,0.694609,0.287715,0.609158,-0.25232,0,0,0,0,0,0,0,0.00357826,0.00347086,-0.00566927,-0.00518295,-15.0771,9.87109,-3.08412,7.46373,-1.82055,-0.184242,-5.43977,1.90615,0,0,-12,0,0,0,0,0,6.20101,0,0,0,
0.492645,0.120926,0.843119,0.654518,0.466217,-0.509813,-0.307148,0,0,0,0,0,0,0.424742,0.396174,0.67933,0.0490537,0.976499,-0.208644,0.0226019,-0.178981,0.0799403,0.739144,0.694609,0.287715,0.609158,-0.25232,0,0,0,0,0,0,0,0.00264253,0.00356363,-0.00556156,-0.00622998,-14.7254,9.87204,-2.9728,7.43434,-1.87577,-0.209867,-5.36636,1.88241,0,0,-12,0,0,0,0,0,6.20101,0,0,0,
0.492645,0.120926,0.843119,0.654518,0.466217,-0.509813,-0.307148,0,0,0,0,0,0,0.424742,0.396174,0.67933,0.0490537,0.976499,-0.208644,0.0226019,-0.178981,0.0799403,0.739144,0.694609,0.287715,0.609158,-0.25232,0,0,0,0,0,0,0,0.00732857,0.00347323,-0.00567286,-0.00520074,-14.6036,9.87262,-2.95047,7.42765,-1.89338,-0.218174,-5.34109,1.87427,0,0,-12,0,0,0,0,0,6.20101,0,0,0,
0.492644,0.120926,0.843119,0.654518,0.466216,-0.509812,-0.307148,-1.68692e-06,-3.48929e-07,1.12975e-07,1.25532e-07,-2.17263e-06,-4.83587e-06,0.424742,0.396174,0.67933,0.049054,0.976499,-0.208644,0.0226019,-0.178981,0.0799403,0.739144,0.694609,0.287715,0.609158,-0.25232,0,0,0,0,0,0,0,0.000292759,0.00338104,-0.00578342,-0.00414887,-14.8039,9.87168,-2.98927,7.43922,-1.86435,-0.204072,-5.38238,1.88768,0,0,-12,0,0,0,0,0,6.20101,0,0,0,
0.492644,0.120926,0.843119,0.654518,0.466216,-0.509812,-0.307148,-1.68692e-06,-3.48929e-07,1.12975e-07,1.25532e-07,-2.17263e-06,-4.83587e-06,0.424742,0.396174,0.67933,0.049054,0.976499,-0.208644,0.0226019,-0.178981,0.0799403,0.739144,0.694609,0.287715,0.609158,-0.25232,0,0,0,0,0,0,0,-0.00503503,0.00347306,-0.00567516,-0.00518464,-14.7187,9.87166,-2.94578,7.42857,-1.87929,-0.210764,-5.36439,1.88184,0,0,-12,0,0,0,0,0,6.20101,0,0,0,
0.492645,0.120926,0.843119,0.654518,0.466217,-0.509813,-0.307148,0,0,0,0,0,0,0.424742,0.396174,0.67933,0.0490537,0.976499,-0.208644,0.0226019,-0.178981,0.0799403,0.739144,0.694609,0.287715,0.609158,-0.25232,0,0,0,0,0,0,0,9.81301e-05,0.00356491,-0.00556913,-0.00622156,-14.4094,9.8728,-2.86719,7.4068,-1.92599,-0.232886,-5.30018,1.86105,0,0,-12,0,0,0,0,0,6.20101,0,0,0,
0.492645,0.120926,0.84312,0.654518,0.466217,-0.509812,-0.307147,-3.26514e-07,4.67762e-07,9.63395e-07,-1.11357e-06,-9.60973e-06,4.28845e-06,0.424742,0.396174,0.67933,0.0490537,0.976499,-0.208644,0.0226019,-0.178981,0.0799403,0.739144,0.694609,0.287715,0.609158,-0.25232,0,0,0,0,0,0,0,0.00136574,0.00268229,-0.00535592,-0.000484518,-14.2185,9.87276,-2.81289,7.39177,-1.95561,-0.245761,-5.25979,1.84818,0,0,-12,0,0,0,0,0,6.20101,0,0,0,
0.492645,0.120926,0.843119,0.654518,0.466217,-0.509813,-0.307148,0,0,0,0,0,0,0.424742,0.396174,0.67933,0.0490537,0.976499,-0.208644,0.0226019,-0.178981,0.0799403,0.739144,0.694609,0.287715,0.609158,-0.25232,0,0,0,0,0,0,0,0.000634323,0.00424343,-0.00599076,-0.00974618,-14.2214,9.87398,-2.8106,7.3922,-1.95512,-0.246931,-5.26129,1.84841,0,0,-12,0,0,0,0,0,6.20101,0,0,0,
0.492645,0.120926,0.843119,0.654518,0.466217,-0.509813,-0.307148,1.68309e-06,3.4814e-07,-1.12719e-07,-1.25248e-07,2.16771e-06,4.82492e-06,0.424742,0.396174,0.67933,0.0490537,0.976499,-0.208644,0.0226019,-0.178981,0.0799403,0.739144,0.694609,0.287715,0.609158,-0.25232,0,0,0,0,0,0,0,0.000775331,0.00347653,-0.00568042,-0.00520457,-14.2164,9.87338,-2.80992,7.39155,-1.95599,-0.246632,-5.2598,1.84805,0,0,-12,0,0,0,0,0,6.20101,0,0,0,
0.492645,0.120926,0.843119,0.654518,0.466217,-0.509813,-0.307148,1.68311e-06,3.48143e-07,-1.1272e-07,-1.25249e-07,2.16773e-06,4.82496e-06,0.424742,0.396174,0.67933,0.0490537,0.976499,-0.208644,0.0226019,-0.178981,0.0799403,0.739144,0.694609,0.287715,0.609158,-0.25232,0,0,0,0,0,0,0,0.00521473,0.00347708,-0.00568384,-0.005203,-13.8965,9.87451,-2.7258,7.36848,-2.0046,-0.269416,-5.19323,1.82655,0,0,-12,0,0,0,0,0,6.20101,0,0,0,
0.492645,0.120926,0.843119,0.654518,0.466217,-0.509813,-0.307148,0,0,0,0,0,0,0.424742,0.396174,0.67933,0.0490537,0.976499,-0.208644,0.0226019,-0.178981,0.0799403,0.739144,0.694609,0.287715,0.609158,-0.25232,0,0,0,0,0,0,0,0.00172368,0.00347763,-0.00568111,-0.00520772,-14.3008,9.87319,-2.83898,7.39909,-1.9425,-0.240468,-5.27748,1.85376,0,0,-12,0,0,0,0,0,6.20101,0,0,0,
0.492645,0.120926,0.843119,0.654518,0.466217,-0.509813,-0.307148,0,0,0,0,0,0,0.424742,0.396174,0.67933,0.0490537,0.976499,-0.208644,0.0226019,-0.178981,0.0799403,0.739144,0.694609,0.287715,0.609158,-0.25232,0,0,0,0,0,0,0,0.000315568,0.00347818,-0.00568653,-0.0052041,-13.747,9.87468,-2.66386,7.35292,-2.02951,-0.280573,-5.16172,1.81639,0,0,-12,0,0,0,0,0,6.20101,0,0,0,
0.492645,0.120926,0.843119,0.654518,0.466217,-0.509813,-0.307148,1.68437e-06,3.48403e-07,-1.12804e-07,-1.25342e-07,2.16934e-06,4.82856e-06,0.424742,0.396174,0.67933,0.0490537,0.976499,-0.208644,0.0226019,-0.178981,0.0799403,0.739144,0.694609,0.287715,0.609158,-0.25232,0,0,0,0,0,0,0,-0.000520385,0.00347874,-0.00568671,-0.0052059,-13.8102,9.87446,-2.68058,7.3575,-2.01991,-0.276076,-5.17485,1.82063,0,0,-12,0,0,0,0,0,6.20101,0,0,0,
0.492645,0.120926,0.843119,0.654518,0.466217,-0.509813,-0.307148,0,0,0,0,0,0,0.424742,0.396174,0.67933,0.0490537,0.976499,-0.208644,0.0226019,-0.178981,0.0799403,0.739144,0.694609,0.287715,0.609158,-0.25232,0,0,0,0,0,0,0,0.00593336,0.00347929,-0.0056895,-0.00520495,-13.563,9.87549,-2.62542,7.34175,-2.05651,-0.293454,-5.12361,1.80407,0,0,-12,0,0,0,0,0,6.20101,0,0,0,
0.492644,0.120926,0.843119,0.654518,0.466216,-0.509812,-0.307148,-1.68438e-06,-3.48405e-07,1.12805e-07,1.25343e-07,-2.16937e-06,-4.82861e-06,0.424742,0.396174,0.67933,0.049054,0.976499,-0.208644,0.0226019,-0.178981,0.0799403,0.739144,0.694609,0.287715,0.609158,-0.25232,0,0,0,0,0,0,0,0.00537209,0.00338828,-0.00579844,-0.00416379,-13.4821,9.87568,-2.59863,7.3348,-2.06939,-0.299194,-5.10655,1.79861,0,0,-12,0,0,0,0,0,6.20101,0,0,0,
0.492645,0.120926,0.843119,0.654518,0.466217,-0.509813,-0.307148,0,0,0,0,0,0,0.424742,0.396174,0.67933,0.0490537,0.976499,-0.208644,0.0226019,-0.178981,0.0799403,0.739144,0.694609,0.287715,0.609158,-0.25232,0,0,0,0,0,0,0,0.00329149,0.00357168,-0.00558551,-0.00623957,-13.4041,9.87581,-2.56792,7.32693,-2.08214,-0.305281,-5.09036,1.7933,0,0,-12,0,0,0,0,0,6.20101,0,0,0,
0.492645,0.120926,0.843119,0.654518,0.466217,-0.509813,-0.307148,0,0,0,0,0,0,0.424742,0.396174,0.67933,0.0490537,0.976499,-0.208644,0.0226019,-0.178981,0.0799403,0.739144,0.694609,0.287715,0.609158,-0.25232,0,0,0,0,0,0,0,0.00114613,0.00348094,-0.00569207,-0.00520814,-13.5077,9.8754,-2.59284,7.33396,-2.06667,-0.297803,-5.11177,1.80026,0,0,-12,0,0,0,0,0,6.20101,0,0,0,
0.492644,0.120926,0.843119,0.654518,0.466216,-0.509812,-0.307148,-1.68692e-06,-3.48929e-07,1.12975e-07,1.25532e-07,-2.17263e-06,-4.83587e-06,0.424742,0.396174,0.67933,0.049054,0.976499,-0.208644,0.0226019,-0.178981,0.0799403,0.739144,0.694609,0.287715,0.609158,-0.25232,0,0,0,0,0,0,0,-0.00198978,0.00338835,-0.00580376,-0.00414732,-13.2343,9.876,-2.4984,7.30953,-2.11046,-0.317636,-5.05434,1.78178,0,0,-12,0,0,0,0,0,6.20101,0,0,0,
0.492645,0.120926,0.843119,0.654518,0.466217,-0.509813,-0.307148,0,0,0,0,0,0,0.424742,0.396174,0.67933,0.0490537,0.976499,-0.208644,0.0226019,-0.178981,0.0799403,0.739144,0.694609,0.287715,0.609158,-0.25232,0,0,0,0,0,0,0,0.00115722,0.00357217,-0.00559109,-0.00622868,-13.2376,9.87617,-2.50971,7.31188,-2.10884,-0.317462,-5.05546,1.78204,0,0,-12,0,0,0,0,0,6.20101,0,0,0,
0.492644,0.120926,0.843119,0.654518,0.466216,-0.509812,-0.307148,-1.68564e-06,-3.48665e-07,1.12889e-07,1.25437e-07,-2.17098e-06,-4.83221e-06,0.424742,0.396174,0.67933,0.049054,0.976499,-0.208644,0.0226019,-0.178981,0.0799403,0.739144,0.694609,0.287715,0.609158,-0.25232,0,0,0,0,0,0,0,0.00372611,0.00339037,-0.00580256,-0.0041613,-13.3613,9.87594,-2.5561,7.32382,-2.08879,-0.308038,-5.08123,1.79044,0,0,-12,0,0,0,0,0,6.20101,0,0,0,
0.492644,0.120926,0.843119,0.654518,0.466216,-0.509812,-0.307148,-1.68564e-06,-3.48665e-07,1.12889e-07,1.25437e-07,-2.17098e-06,-4.83221e-06,0.424742,0.396174,0.67933,0.049054,0.976499,-0.208644,0.0226019,-0.178981,0.0799403,0.739144,0.694609,0.287715,0.609158,-0.25232,0,0,0,0,0,0,0,0.00360239,0.00348187,-0.00570163,-0.00518832,-12.9189,9.87719,-2.41944,7.28758,-2.15795,-0.340161,-4.9889,1.76059,0,0,-12,0,0,0,0,0,6.20101,0,0,0,
0.492645,0.120926,0.843119,0.654518,0.466217,-0.509813,-0.307148,0,0,0,0,0,0,0.424742,0.396174,0.67933,0.0490537,0.976499,-0.208644,0.0226019,-0.178981,0.0799403,0.739144,0.694609,0.287715,0.609158,-0.25232,0,0,0,0,0,0,0,0.000794776,0.00357405,-0.00559624,-0.00623228,-12.9317,9.87702,-2.4143,7.28665,-2.15679,-0.339592,-4.99152,1.7614,0,0,-12,0,0,0,0,0,6.20101,0,0,0,
0.492644,0.120926,0.843119,0.654518,0.466216,-0.509812,-0.307148,0,0,0,0,0,0,0.424742,0.396174,0.67933,0.049054,0.976499,-0.208644,0.0226019,-0.178981,0.0799403,0.739144,0.694609,0.287715,0.609158,-0.25232,0,0,0,0,0,0,0,-0.00170289,0.00339257,-0.00580509,-0.00416918,-13.1563,9.87624,-2.47531,7.30336,-2.12256,-0.323252,-5.03807,1.77652,0,0,-12,0,0,0,0,0,6.20101,0,0,0,
0.492644,0.120926,0.84312,0.654518,0.466217,-0.509812,-0.307147,-1.6869e-06,-3.48926e-07,1.12974e-07,1.25531e-07,-2.17261e-06,-4.83582e-06,0.424742,0.396174,0.67933,0.049054,0.976499,-0.208644,0.0226019,-0.178981,0.0799403,0.739144,0.694609,0.287715,0.609158,-0.25232,0,0,0,0,0,0,0,-0.000509985,0.00269198,-0.00536289,-0.000485762,-12.9726,9.87619,-2.42305,7.28879,-2.15098,-0.335907,-4.99941,1.76412,0,0,-12,0,0,0,0,0,6.20101,0,0,0,
0.492645,0.120926,0.84312,0.654518,0.466217,-0.509812,-0.307147,-3.26514e-07,4.67762e-07,9.63395e-07,-1.11357e-06,-9.60973e-06,4.28845e-06,0.424742,0.396174,0.67933,0.0490537,0.976499,-0.208644,0.0226019,-0.178981,0.0799403,0.739144,0.694609,0.287715,0.609158,-0.25232,0,0,0,0,0,0,0,0.000891201,0.00356364,-0.00559486,-0.0061335,-12.7224,9.87761,-2.35014,7.26964,-2.18948,-0.354692,-4.94779,1.74728,0,0,-12,0,0,0,0,0,6.20101,0,0,0,
0.492645,0.120926,0.84312,0.654518,0.466217,-0.509812,-0.307147,1.35785e-06,8.16169e-07,8.506e-07,-1.23893e-06,-7.44049e-06,9.11705e-06,0.424742,0.396174,0.67933,0.0490537,0.976499,-0.208644,0.0226019,-0.178981,0.0799403,0.739144,0.694609,0.287715,0.609158,-0.25232,0,0,0,0,0,0,0,0.000293469,0.00347503,-0.00569708,-0.00512586,-12.8065,9.87734,-2.37408,7.27613,-2.17657,-0.348513,-4.96522,1.75295,0,0,-12,0,0,0,0,0,6.20101,0,0,0,
0.492644,0.120926,0.84312,0.654518,0.466217,-0.509812,-0.307147,-2.00961e-06,1.19628e-07,1.07612e-06,-9.88342e-07,-1.17775e-05,-5.36427e-07,0.424742,0.396174,0.67933,0.049054,0.976499,-0.208644,0.0226019,-0.178981,0.0799403,0.739144,0.694609,0.287715,0.609158,-0.25232,0,0,0,0,0,0,0,-0.00279173,0.00338389,-0.00580416,-0.00408207,-12.6298,9.87767,-2.30962,7.25964,-2.20521,-0.361353,-4.92801,1.741,0,0,-12,0,0,0,0,0,6.20101,0,0,0,
0.492645,0.120926,0.84312,0.654518,0.466217,-0.509812,-0.307147,1.35863e-06,8.17135e-07,8.51962e-07,-1.24069e-06,-7.45328e-06,9.12714e-06,0.424742,0.396174,0.67933,0.0490537,0.976499,-0.208644,0.0226019,-0.178981,0.0799403,0.739144,0.694609,0.287715,0.609158,-0.25232,0,0,0,0,0,0,0,0.000954329,0.00356625,-0.00559598,-0.00614862,-12.8,9.8774,-2.37425,7.27602,-2.17733,-0.349083,-4.96401,1.75252,0,0,-12,0,0,0,0,0,6.20101,0,0,0,
0.492645,0.120926,0.843119,0.654518,0.466217,-0.509813,-0.307148,1.68437e-06,3.48403e-07,-1.12804e-07,-1.25342e-07,2.16934e-06,4.82856e-06,0.424742,0.396174,0.67933,0.0490537,0.976499,-0.208644,0.0226019,-0.178981,0.0799403,0.739144,0.694609,0.287715,0.609158,-0.25232,0,0,0,0,0,0,0,0.00374633,0.0042652,-0.00604835,-0.00981258,-12.2203,9.87981,-2.20433,7.231,-2.26698,-0.39128,-4.84343,1.7135,0,0,-12,0,0,0,0,0,6.20101,0,0,0,
0.492645,0.120926,0.843119,0.654518,0.466217,-0.509813,-0.307148,0,0,0,0,0,0,0.424742,0.396174,0.67933,0.0490537,0.976499,-0.208644,0.0226019,-0.178981,0.0799403,0.739144,0.694609,0.287715,0.609158,-0.25232,0,0,0,0,0,0,0,0.00391519,0.00348808,-0.00570935,-0.00521533,-12.5588,9.87823,-2.30955,7.2584,-2.21414,-0.366155,-4.9137,1.73631,0,0,-12,0,0,0,0,0,6.20101,0,0,0,
0.492644,0.120926,0.843119,0.654518,0.466216,-0.509812,-0.307148,-1.68437e-06,-3.48402e-07,1.12804e-07,1.25342e-07,-2.16934e-06,-4.82856e-06,0.424742,0.396174,0.67933,0.049054,0.976499,-0.208644,0.0226019,-0.178981,0.0799403,0.739144,0.694609,0.287715,0.609158,-0.25232,0,0,0,0,0,0,0,0.0011122,0.00339612,-0.00581658,-0.00416214,-12.3732,9.8786,-2.24326,7.24137,-2.24409,-0.379614,-4.87466,1.72375,0,0,-12,0,0,0,0,0,6.20101,0,0,0,
0.492645,0.120926,0.843119,0.654518,0.466217,-0.509813,-0.307148,1.68437e-06,3.48403e-07,-1.12804e-07,-1.25342e-07,2.16934e-06,4.82856e-06,0.424742,0.396174,0.67933,0.0490537,0.976499,-0.208644,0.0226019,-0.178981,0.0799403,0.739144,0.694609,0.287715,0.609158,-0.25232,0,0,0,0,0,0,0,0.00394924,0.0035796,-0.00561126,-0.00623914,-12.2578,9.87909,-2.21697,7.23381,-2.26115,-0.388047,-4.85093,1.716,0,0,-12,0,0,0,0,0,6.20101,0,0,0,
0.492645,0.120926,0.843119,0.654518,0.466217,-0.509813,-0.307148,3.27007e-07,-4.68469e-07,-9.64853e-07,1.11526e-06,9.62427e-06,-4.29493e-06,0.424742,0.396174,0.67933,0.0490537,0.976499,-0.208644,0.0226019,-0.178981,0.0799403,0.739144,0.694609,0.287715,0.609158,-0.25232,0,0,0,0,0,0,0,0.0068089,0.00348973,-0.00571443,-0.00521592,-12.2147,9.87936,-2.21294,7.23229,-2.26703,-0.390804,-4.84198,1.71314,0,0,-12,0,0,0,0,0,6.20101,0,0,0,
0.492644,0.120926,0.843119,0.654518,0.466216,-0.509812,-0.307148,-1.3604e-06,-8.16691e-07,-8.50421e-07,1.23911e-06,7.43711e-06,-9.12432e-06,0.424742,0.396174,0.67933,0.049054,0.976499,-0.208644,0.0226019,-0.178981,0.0799403,0.739144,0.694609,0.287715,0.609158,-0.25232,0,0,0,0,0,0,0,0.00214092,0.00339715,-0.00582157,-0.00415582,-12.0373,9.87961,-2.14314,7.21466,-2.29628,-0.403806,-4.80454,1.70111,0,0,-12,0,0,0,0,0,6.20101,0,0,0,
0.492645,0.120926,0.843119,0.654518,0.466217,-0.509813,-0.307148,2.01341e-06,-1.1884e-07,-1.07638e-06,9.88053e-07,1.17824e-05,5.47331e-07,0.424742,0.396174,0.67933,0.0490537,0.976499,-0.208644,0.0226019,-0.178981,0.0799403,0.739144,0.694609,0.287715,0.609158,-0.25232,0,0,0,0,0,0,0,-0.000170744,0.0035805,-0.00561593,-0.0062332,-12.1409,9.87921,-2.16759,7.22145,-2.28072,-0.396792,-4.82626,1.70805,0,0,-12,0,0,0,0,0,6.20101,0,0,0,
0.492645,0.120926,0.843119,0.654518,0.466217,-0.509813,-0.307148,2.01469e-06,-1.18571e-07,-1.07646e-06,9.87947e-07,1.1784e-05,5.51035e-07,0.424742,0.396174,0.67933,0.0490537,0.976499,-0.208644,0.0226019,-0.178981,0.0799403,0.739144,0.694609,0.287715,0.609158,-0.25232,0,0,0,0,0,0,0,0.00178825,0.00349137,-0.0057191,-0.00521689,-11.9163,9.87994,-2.10474,7.20449,-2.31526,-0.412729,-4.77935,1.69294,0,0,-12,0,0,0,0,0,6.20101,0,0,0,
0.492645,0.120926,0.843119,0.654518,0.466217,-0.509813,-0.307148,0,0,0,0,0,0,0.424742,0.396174,0.67933,0.0490537,0.976499,-0.208644,0.0226019,-0.178981,0.0799403,0.739144,0.694609,0.287715,0.609158,-0.25232,0,0,0,0,0,0,0,0.00578327,0.00349193,-0.00571985,-0.0052181,-11.9145,9.88015,-2.11717,7.20709,-2.31428,-0.412563,-4.77922,1.69288,0,0,-12,0,0,0,0,0,6.20101,0,0,0,
0.492645,0.120926,0.843119,0.654518,0.466217,-0.509813,-0.307148,0,0,0,0,0,0,0.424742,0.396174,0.67933,0.0490537,0.976499,-0.208644,0.0226019,-0.178981,0.0799403,0.739144,0.694609,0.287715,0.609158,-0.25232,0,0,0,0,0,0,0,-0.00224136,0.00349248,-0.00572058,-0.00521926,-11.9126,9.87974,-2.09053,7.20143,-2.31711,-0.41329,-4.77834,1.69263,0,0,-12,0,0,0,0,0,6.20101,0,0,0,
0.492645,0.120926,0.843119,0.654518,0.466217,-0.509813,-0.307148,1.68692e-06,3.4893e-07,-1.12975e-07,-1.25532e-07,2.17263e-06,4.83587e-06,0.424742,0.396174,0.67933,0.0490537,0.976499,-0.208644,0.0226019,-0.178981,0.0799403,0.739144,0.694609,0.287715,0.609158,-0.25232,0,0,0,0,0,0,0,0.00106089,0.00349303,-0.00572203,-0.00521972,-11.8285,9.88015,-2.07535,7.19683,-2.32921,-0.419122,-4.76097,1.68701,0,0,-12,0,0,0,0,0,6.20101,0,0,0,
0.492645,0.120926,0.843119,0.654518,0.466217,-0.509813,-0.307148,0,0,0,0,0,0,0.424742,0.396174,0.67933,0.0490537,0.976499,-0.208644,0.0226019,-0.178981,0.0799403,0.739144,0.694609,0.287715,0.609158,-0.25232,0,0,0,0,0,0,0,0.00174279,0.00349358,-0.00572325,-0.0052204,-11.7706,9.88035,-2.05972,7.19257,-2.33805,-0.423258,-4.74891,1.68311,0,0,-12,0,0,0,0,0,6.20101,0,0,0,
0.492645,0.120926,0.843119,0.654518,0.466217,-0.509813,-0.307148,0,0,0,0,0,0,0.424742,0.396174,0.67933,0.0490537,0.976499,-0.208644,0.0226019,-0.178981,0.0799403,0.739144,0.694609,0.287715,0.609158,-0.25232,0,0,0,0,0,0,0,0.00241146,0.00349415,-0.00572649,-0.00521905,-11.4756,9.88122,-1.97103,7.16895,-2.38396,-0.444521,-4.68732,1.66323,0,0,-12,0,0,0,0,0,6.20101,0,0,0,
0.492645,0.120926,0.843119,0.654518,0.466217,-0.509813,-0.307148,0,0,0,0,0,0,0.424742,0.396174,0.67933,0.0490537,0.976499,-0.208644,0.0226019,-0.178981,0.0799403,0.739144,0.694609,0.287715,0.609158,-0.25232,0,0,0,0,0,0,0,0.00276449,0.00349469,-0.00572725,-0.00522019,-11.4691,9.88126,-1.97016,7.16866,-2.38487,-0.444966,-4.68598,1.66279,0,0,-12,0,0,0,0,0,6.20101,0,0,0,
0.492645,0.120926,0.843119,0.654518,0.466217,-0.509813,-0.307148,1.68311e-06,3.48143e-07,-1.1272e-07,-1.25249e-07,2.16773e-06,4.82496e-06,0.424742,0.396174,0.67933,0.0490537,0.976499,-0.208644,0.0226019,-0.178981,0.0799403,0.739144,0.694609,0.287715,0.609158,-0.25232,0,0,0,0,0,0,0,0.00149376,0.00349524,-0.00572497,-0.00522449,-11.8257,9.88019,-2.07586,7.1969,-2.32953,-0.4193,-4.7604,1.68682,0,0,-12,0,0,0,0,0,6.20101,0,0,0,
0.492645,0.120926,0.843119,0.654518,0.466217,-0.509813,-0.307148,0,0,0,0,0,0,0.424742,0.396174,0.67933,0.0490537,0.976499,-0.208644,0.0226019,-0.178981,0.0799403,0.739144,0.694609,0.287715,0.609158,-0.25232,0,0,0,0,0,0,0,0.00125554,0.00349579,-0.00573003,-0.00522119,-11.3146,9.88162,-1.91767,7.15501,-2.4095,-0.456239,-4.65361,1.65235,0,0,-12,0,0,0,0,0,6.20101,0,0,0,
0.492645,0.120926,0.843119,0.654518,0.466217,-0.509813,-0.307148,0,0,0,0,0,0,0.424742,0.396174,0.67933,0.0490537,0.976499,-0.208644,0.0226019,-0.178981,0.0799403,0.739144,0.694609,0.287715,0.609158,-0.25232,0,0,0,0,0,0,0,0.00217083,0.00349634,-0.00573165,-0.00522147,-11.2091,9.88196,-1.88817,7.14703,-2.4257,-0.46379,-4.63164,1.64525,0,0,-12,0,0,0,0,0,6.20101,0,0,0,
0.492645,0.120926,0.843119,0.654518,0.466217,-0.509813,-0.307148,0,0,0,0,0,0,0.424742,0.396174,0.67933,0.0490537,0.976499,-0.208644,0.0226019,-0.178981,0.0799403,0.739144,0.694609,0.287715,0.609158,-0.25232,0,0,0,0,0,0,0,0.00371517,0.00349689,-0.00573276,-0.00522225,-11.1624,9.88217,-1.87879,7.14428,-2.43251,-0.467051,-4.62198,1.64212,0,0,-12,0,0,0,0,0,6.20101,0,0,0,
0.492644,0.120926,0.843119,0.654518,0.466216,-0.509812,-0.307148,-1.68438e-06,-3.48405e-07,1.12805e-07,1.25343e-07,-2.16937e-06,-4.82861e-06,0.424742,0.396174,0.67933,0.049054,0.976499,-0.208644,0.0226019,-0.178981,0.0799403,0.739144,0.694609,0.287715,0.609158,-0.25232,0,0,0,0,0,0,0,0.000662598,0.00340563,-0.0058337,-0.00417878,-11.2085,9.88188,-1.88304,7.14599,-2.42632,-0.463798,-4.6313,1.64519,0,0,-12,0,0,0,0,0,6.20101,0,0,0,
0.492645,0.120926,0.843119,0.654518,0.466217,-0.509813,-0.307148,0,0,0,0,0,0,0.424742,0.396174,0.67933,0.0490537,0.976499,-0.208644,0.0226019,-0.178981,0.0799403,0.739144,0.694609,0.287715,0.609158,-0.25232,0,0,0,0,0,0,0,0.000771675,0.00358856,-0.00563753,-0.00624853,-10.916,9.88273,-1.79335,7.1221,-2.47193,-0.485221,-4.57042,1.62545,0,0,-12,0,0,0,0,0,6.20101,0,0,0,
0.492645,0.120926,0.843119,0.654518,0.466217,-0.509813,-0.307148,0,0,0,0,0,0,0.424742,0.396174,0.67933,0.0490537,0.976499,-0.208644,0.0226019,-0.178981,0.0799403,0.739144,0.694609,0.287715,0.609158,-0.25232,0,0,0,0,0,0,0,0.00565897,0.00349854,-0.00573827,-0.00522239,-10.7673,9.88339,-1.76342,7.11337,-2.49366,-0.49545,-4.53956,1.61551,0,0,-12,0,0,0,0,0,6.20101,0,0,0,
0.492644,0.120926,0.843119,0.654518,0.466216,-0.509812,-0.307148,-1.68564e-06,-3.48665e-07,1.12889e-07,1.25437e-07,-2.17098e-06,-4.83221e-06,0.424742,0.396174,0.67933,0.049054,0.976499,-0.208644,0.0226019,-0.178981,0.0799403,0.739144,0.694609,0.287715,0.609158,-0.25232,0,0,0,0,0,0,0,0.00370846,0.00340859,-0.00583593,-0.0041948,-10.9551,9.88275,-1.81487,7.12739,-2.46498,-0.481885,-4.57854,1.62814,0,0,-12,0,0,0,0,0,6.20101,0,0,0,
0.492644,0.120926,0.843119,0.654518,0.466216,-0.509812,-0.307148,-1.68692e-06,-3.48929e-07,1.12975e-07,1.25532e-07,-2.17263e-06,-4.83587e-06,0.424742,0.396174,0.67933,0.049054,0.976499,-0.208644,0.0226019,-0.178981,0.0799403,0.739144,0.694609,0.287715,0.609158,-0.25232,0,0,0,0,0,0,0,0.000162169,0.00349837,-0.0057427,-0.00520385,-10.6067,9.88356,-1.6961,7.09649,-2.52051,-0.507455,-4.50567,1.60459,0,0,-12,0,0,0,0,0,6.20101,0,0,0,
0.492645,0.120926,0.843119,0.654518,0.466217,-0.509813,-0.307148,0,0,0,0,0,0,0.424742,0.396174,0.67933,0.0490537,0.976499,-0.208644,0.0226019,-0.178981,0.0799403,0.739144,0.694609,0.287715,0.609158,-0.25232,0,0,0,0,0,0,0,-0.000174349,0.00359133,-0.00564362,-0.00625684,-10.5675,9.88366,-1.68293,7.09301,-2.52671,-0.51047,-4.49756,1.60193,0,0,-12,0,0,0,0,0,6.20101,0,0,0,
0.492645,0.120926,0.843119,0.654518,0.466217,-0.509813,-0.307148,0,0,0,0,0,0,0.424742,0.396174,0.67933,0.0490537,0.976499,-0.208644,0.0226019,-0.178981,0.0799403,0.739144,0.694609,0.287715,0.609158,-0.25232,0,0,0,0,0,0,0,0.0055451,0.00350073,-0.00574606,-0.00522207,-10.1829,9.88504,-1.58304,7.06558,-2.58506,-0.537679,-4.41746,1.57609,0,0,-12,0,0,0,0,0,6.20101,0,0,0,
0.492645,0.120926,0.843119,0.654518,0.466217,-0.509813,-0.307148,0,0,0,0,0,0,0.424742,0.396174,0.67933,0.0490537,0.976499,-0.208644,0.0226019,-0.178981,0.0799403,0.739144,0.694609,0.287715,0.609158,-0.25232,0,0,0,0,0,0,0,0.00180077,0.0035013,-0.00574541,-0.00522474,-10.3448,9.88439,-1.62073,7.07623,-2.56094,-0.526262,-4.45105,1.58695,0,0,-12,0,0,0,0,0,6.20101,0,0,0,
0.492645,0.120926,0.843119,0.654518,0.466217,-0.509813,-0.307148,1.68564e-06,3.48666e-07,-1.1289e-07,-1.25437e-07,2.17098e-06,4.83221e-06,0.424742,0.396174,0.67933,0.0490537,0.976499,-0.208644,0.0226019,-0.178981,0.0799403,0.739144,0.694609,0.287715,0.609158,-0.25232,0,0,0,0,0,0,0,0.000532431,0.00350185,-0.00574768,-0.00522434,-10.1599,9.88485,-1.55968,7.06027,-2.59024,-0.53971,-4.41236,1.57446,0,0,-12,0,0,0,0,0,6.20101,0,0,0,
0.492645,0.120926,0.843119,0.654518,0.466217,-0.509813,-0.307148,0,0,0,0,0,0,0.424742,0.396174,0.67933,0.0490537,0.976499,-0.208644,0.0226019,-0.178981,0.0799403,0.739144,0.694609,0.287715,0.609158,-0.25232,0,0,0,0,0,0,0,0.00285514,0.00350239,-0.00575125,-0.00522256,-9.81839,9.88593,-1.46202,7.03398,-2.64291,-0.564214,-4.34114,1.55146,0,0,-12,0,0,0,0,0,6.20101,0,0,0,
0.492645,0.120926,0.84312,0.654518,0.466217,-0.509812,-0.307147,-3.27008e-07,4.68469e-07,9.64852e-07,-1.11526e-06,-9.62427e-06,4.29493e-06,0.424742,0.396174,0.67933,0.0490537,0.976499,-0.208644,0.0226019,-0.178981,0.0799403,0.739144,0.694609,0.287715,0.609158,-0.25232,0,0,0,0,0,0,0,0.00324138,0.00273024,-0.00538587,-0.000632287,-9.90119,9.88509,-1.48918,7.04066,-2.62997,-0.557545,-4.35801,1.55702,0,0,-12,0,0,0,0,0,6.20101,0,0,0,
0.492645,0.120926,0.84312,0.654518,0.466217,-0.509812,-0.307147,-3.27008e-07,4.68469e-07,9.64852e-07,-1.11526e-06,-9.62427e-06,4.29493e-06,0.424742,0.396174,0.67933,0.0490537,0.976499,-0.208644,0.0226019,-0.178981,0.0799403,0.739144,0.694609,0.287715,0.609158,-0.25232,0,0,0,0,0,0,0,0.0031019,0.00349264,-0.00574428,-0.00513849,-9.86043,9.88582,-1.47577,7.03758,-2.63626,-0.561146,-4.34993,1.5543,0,0,-12,0,0,0,0,0,6.20101,0,0,0,
0.492645,0.120926,0.843119,0.654518,0.466217,-0.509813,-0.307148,1.68437e-06,3.48403e-07,-1.12804e-07,-1.25342e-07,2.16934e-06,4.82856e-06,0.424742,0.396174,0.67933,0.0490537,0.976499,-0.208644,0.0226019,-0.178981,0.0799403,0.739144,0.694609,0.287715,0.609158,-0.25232,0,0,0,0,0,0,0,-0.000321692,0.00428651,-0.00612622,-0.00984952,-9.38304,9.88763,-1.31719,6.99662,-2.71184,-0.596563,-4.25046,1.52209,0,0,-12,0,0,0,0,0,6.20101,0,0,0,
0.492645,0.120926,0.843119,0.654518,0.466217,-0.509813,-0.307148,0,0,0,0,0,0,0.424742,0.396174,0.67933,0.0490537,0.976499,-0.208644,0.0226019,-0.178981,0.0799403,0.739144,0.694609,0.287715,0.609158,-0.25232,0,0,0,0,0,0,0,0.00267165,0.00350459,-0.00575879,-0.00522244,-9.24876,9.88753,-1.28597,6.98736,-2.73202,-0.60538,-4.22213,1.51304,0,0,-12,0,0,0,0,0,6.20101,0,0,0,
0.492644,0.120926,0.843119,0.654518,0.466216,-0.509812,-0.307148,-1.68437e-06,-3.48402e-07,1.12804e-07,1.25342e-07,-2.16934e-06,-4.82856e-06,0.424742,0.396174,0.67933,0.049054,0.976499,-0.208644,0.0226019,-0.178981,0.0799403,0.739144,0.694609,0.287715,0.609158,-0.25232,0,0,0,0,0,0,0,0.00425688,0.00341461,-0.00585648,-0.00419148,-9.10418,9.88801,-1.24656,6.97668,-2.75417,-0.61556,-4.19191,1.50332,0,0,-12,0,0,0,0,0,6.20101,0,0,0,
0.492644,0.120926,0.843119,0.654518,0.466216,-0.509812,-0.307148,-1.68437e-06,-3.48402e-07,1.12804e-07,1.25342e-07,-2.16934e-06,-4.82856e-06,0.424742,0.396174,0.67933,0.049054,0.976499,-0.208644,0.0226019,-0.178981,0.0799403,0.739144,0.694609,0.287715,0.609158,-0.25232,0,0,0,0,0,0,0,0.00260545,0.00350442,-0.00576294,-0.00520411,-9.09673,9.88796,-1.23893,6.9749,-2.75581,-0.616366,-4.19037,1.50279,0,0,-12,0,0,0,0,0,6.20101,0,0,0,
0.492645,0.120926,0.843119,0.654518,0.466217,-0.509813,-0.307148,0,0,0,0,0,0,0.424742,0.396174,0.67933,0.0490537,0.976499,-0.208644,0.0226019,-0.178981,0.0799403,0.739144,0.694609,0.287715,0.609158,-0.25232,0,0,0,0,0,0,0,0.00216271,0.00359545,-0.00566768,-0.00623645,-9.18414,9.8877,-1.26444,6.98169,-2.74224,-0.610233,-4.20871,1.50867,0,0,-12,0,0,0,0,0,6.20101,0,0,0,
0.492645,0.120926,0.843119,0.654518,0.466217,-0.509813,-0.307148,0,0,0,0,0,0,0.424742,0.396174,0.67933,0.0490537,0.976499,-0.208644,0.0226019,-0.178981,0.0799403,0.739144,0.694609,0.287715,0.609158,-0.25232,0,0,0,0,0,0,0,0.00351542,0.00350681,-0.00576374,-0.00522514,-8.98266,9.88833,-1.20675,6.96621,-2.77335,-0.624543,-4.16659,1.49511,0,0,-12,0,0,0,0,0,6.20101,0,0,0,
0.492645,0.120926,0.843119,0.654518,0.466217,-0.509813,-0.307148,3.26763e-07,-4.6812e-07,-9.64133e-07,1.11442e-06,9.61709e-06,-4.29173e-06,0.424742,0.396174,0.67933,0.0490537,0.976499,-0.208644,0.0226019,-0.178981,0.0799403,0.739144,0.694609,0.287715,0.609158,-0.25232,0,0,0,0,0,0,0,-0.000204367,0.00350736,-0.00576662,-0.00522409,-8.72122,9.88887,-1.11414,6.94232,-2.8154,-0.643704,-4.11175,1.47741,0,0,-12,0,0,0,0,0,6.20101,0,0,0,
0.492645,0.120926,0.843119,0.654518,0.466217,-0.509813,-0.307148,3.2676e-07,-4.68115e-07,-9.64124e-07,1.11441e-06,9.617e-06,-4.29169e-06,0.424742,0.396174,0.67933,0.0490537,0.976499,-0.208644,0.0226019,-0.178981,0.0799403,0.739144,0.694609,0.287715,0.609158,-0.25232,0,0,0,0,0,0,0,0.000819952,0.0035079,-0.00576796,-0.0052246,-8.63844,9.88916,-1.09197,6.93627,-2.82802,-0.649609,-4.09452,1.47185,0,0,-12,0,0,0,0,0,6.20101,0,0,0,
0.492645,0.120926,0.843119,0.654518,0.466217,-0.509813,-0.307148,3.2676e-07,-4.68115e-07,-9.64124e-07,1.11441e-06,9.617e-06,-4.29169e-06,0.424742,0.396174,0.67933,0.0490537,0.976499,-0.208644,0.0226019,-0.178981,0.0799403,0.739144,0.694609,0.287715,0.609158,-0.25232,0,0,0,0,0,0,0,0.00539242,0.00350844,-0.00577122,-0.00522314,-8.32852,9.89027,-1.01136,6.9141,-2.87503,-0.671662,-4.03005,1.45102,0,0,-12,0,0,0,0,0,6.20101,0,0,0,
0.492645,0.120926,0.843119,0.654518,0.466217,-0.509813,-0.307148,0,0,0,0,0,0,0.424742,0.396174,0.67933,0.0490537,0.976499,-0.208644,0.0226019,-0.178981,0.0799403,0.739144,0.694609,0.287715,0.609158,-0.25232,0,0,0,0,0,0,0,0.00404433,0.00350899,-0.00577108,-0.00522523,-8.42273,9.88994,-1.036,6.92087,-2.86072,-0.664956,-4.04965,1.45735,0,0,-12,0,0,0,0,0,6.20101,0,0,0,
0.492644,0.120926,0.843119,0.654518,0.466216,-0.509812,-0.307148,-1.68692e-06,-3.48929e-07,1.12975e-07,1.25532e-07,-2.17263e-06,-4.83587e-06,0.424742,0.396174,0.67933,0.049054,0.976499,-0.208644,0.0226019,-0.178981,0.0799403,0.739144,0.694609,0.287715,0.609158,-0.25232,0,0,0,0,0,0,0,0.00303466,0.00341843,-0.00586461,-0.00419024,-8.59131,9.8894,-1.08462,6.93398,-2.83474,-0.652702,-4.0847,1.46871,0,0,-12,0,0,0,0,0,6.20101,0,0,0,
0.492644,0.120926,0.843119,0.654518,0.466216,-0.509812,-0.307148,0,0,0,0,0,0,0.424742,0.396174,0.67933,0.049054,0.976499,-0.208644,0.0226019,-0.178981,0.0799403,0.739144,0.694609,0.287715,0.609158,-0.25232,0,0,0,0,0,0,0,-0.000341588,0.00350883,-0.00577484,-0.00520728,-8.3175,9.89001,-0.989345,6.90927,-2.87856,-0.672878,-4.0274,1.45018,0,0,-12,0,0,0,0,0,6.20101,0,0,0,
0.492645,0.120926,0.843119,0.654518,0.466217,-0.509813,-0.307148,0,0,0,0,0,0,0.424742,0.396174,0.67933,0.0490537,0.976499,-0.208644,0.0226019,-0.178981,0.0799403,0.739144,0.694609,0.287715,0.609158,-0.25232,0,0,0,0,0,0,0,-9.01414e-05,0.00360166,-0.00568132,-0.00625871,-8.22782,9.89028,-0.962567,6.90208,-2.89245,-0.67949,-4.00879,1.44413,0,0,-12,0,0,0,0,0,6.20101,0,0,0,
0.492644,0.120926,0.843119,0.654518,0.466216,-0.509812,-0.307148,-1.68692e-06,-3.48929e-07,1.12975e-07,1.25532e-07,-2.17263e-06,-4.83587e-06,0.424742,0.396174,0.67933,0.049054,0.976499,-0.208644,0.0226019,-0.178981,0.0799403,0.739144,0.694609,0.287715,0.609158,-0.25232,0,0,0,0,0,0,0,0.00381104,0.00341916,-0.00587062,-0.00417948,-8.13585,9.89073,-0.946851,6.89734,-2.9057,-0.685548,-3.98959,1.438,0,0,-12,0,0,0,0,0,6.20101,0,0,0,
0.492645,0.120926,0.843119,0.654518,0.466217,-0.509813,-0.307148,0,0,0,0,0,0,0.424742,0.396174,0.67933,0.0490537,0.976499,-0.208644,0.0226019,-0.178981,0.0799403,0.739144,0.694609,0.287715,0.609158,-0.25232,0,0,0,0,0,0,0,1.82766e-05,0.00360128,-0.00568677,-0.00624232,-7.98397,9.89098,-0.887811,6.88225,-2.93054,-0.697097,-3.95786,1.42769,0,0,-12,0,0,0,0,0,6.20101,0,0,0,
0.492645,0.120926,0.843119,0.654518,0.466217,-0.509813,-0.307148,9.2087e-07,2.42529e-06,-3.5254e-07,3.44906e-07,6.31008e-07,5.24193e-06,0.424742,0.396174,0.67933,0.0490534,0.976499,-0.208644,0.0226019,-0.178981,0.0799403,0.739144,0.694609,0.287715,0.609158,-0.25232,0,0,0,0,0,0,0,-0.00016604,0.0037424,-0.00590329,-0.00547888,-8.14967,9.89084,-0.937963,6.89597,-2.90478,-0.685023,-3.99238,1.43883,0,0,-12,0,0,0,0,0,6.20101,0,0,0,
0.492644,0.120926,0.843119,0.654518,0.466216,-0.509812,-0.307148,-1.68437e-06,-3.48402e-07,1.12804e-07,1.25342e-07,-2.16934e-06,-4.82856e-06,0.424742,0.396174,0.67933,0.049054,0.976499,-0.208644,0.0226019,-0.178981,0.0799403,0.739144,0.694609,0.287715,0.609158,-0.25232,0,0,0,0,0,0,0,0.00655219,0.00319508,-0.00575179,-0.0039409,-7.73225,9.89167,-0.831693,6.866,-2.9679,-0.714476,-3.90541,1.41086,0,0,-12,0,0,0,0,0,6.20101,0,0,0,
0.492644,0.120926,0.843119,0.654518,0.466216,-0.509812,-0.307148,-1.68438e-06,-3.48405e-07,1.12805e-07,1.25343e-07,-2.16937e-06,-4.82861e-06,0.424742,0.396174,0.67933,0.049054,0.976499,-0.208644,0.0226019,-0.178981,0.0799403,0.739144,0.694609,0.287715,0.609158,-0.25232,0,0,0,0,0,0,0,0.00431393,0.00351213,-0.00578407,-0.00520927,-7.69681,9.89201,-0.813282,6.8618,-2.97413,-0.717377,-3.89802,1.4084,0,0,-12,0,0,0,0,0,6.20101,0,0,0,
0.492645,0.120926,0.84312,0.654518,0.466217,-0.509812,-0.307147,-3.27256e-07,4.68824e-07,9.65582e-07,-1.1161e-06,-9.63155e-06,4.29818e-06,0.424742,0.396174,0.67933,0.0490537,0.976499,-0.208644,0.0226019,-0.178981,0.0799403,0.739144,0.694609,0.287715,0.609158,-0.25232,0,0,0,0,0,0,0,0.00151242,0.0028374,-0.00530963,-0.00168644,-7.65891,9.89136,-0.792945,6.85641,-2.98102,-0.719817,-3.88959,1.40575,0,0,-12,0,0,0,0,0,6.20101,0,0,0,
0.492645,0.120926,0.843119,0.654518,0.466217,-0.509813,-0.307148,1.68438e-06,3.48406e-07,-1.12806e-07,-1.25343e-07,2.16937e-06,4.82861e-06,0.424742,0.396174,0.67933,0.0490537,0.976499,-0.208644,0.0226019,-0.178981,0.0799403,0.739144,0.694609,0.287715,0.609158,-0.25232,0,0,0,0,0,0,0,0.00306723,0.00427534,-0.0061664,-0.00972691,-7.53293,9.89302,-0.758349,6.84791,-3.00001,-0.729956,-3.86415,1.39736,0,0,-12,0,0,0,0,0,6.20101,0,0,0,
0.492644,0.120926,0.843119,0.654518,0.466216,-0.509812,-0.307148,-1.68437e-06,-3.48402e-07,1.12804e-07,1.25342e-07,-2.16934e-06,-4.82856e-06,0.424742,0.396174,0.67933,0.049054,0.976499,-0.208644,0.0226019,-0.178981,0.0799403,0.739144,0.694609,0.287715,0.609158,-0.25232,0,0,0,0,0,0,0,-0.00123721,0.00342317,-0.00587929,-0.00418346,-7.42928,9.89247,-0.712826,6.8362,-3.01775,-0.736965,-3.84168,1.39027,0,0,-12,0,0,0,0,0,6.20101,0,0,0,
0.492645,0.120926,0.843119,0.654518,0.466217,-0.509813,-0.307148,0,0,0,0,0,0,0.424742,0.396174,0.67933,0.0490537,0.976499,-0.208644,0.0226019,-0.178981,0.0799403,0.739144,0.694609,0.287715,0.609158,-0.25232,0,0,0,0,0,0,0,5.78355e-05,0.00360681,-0.00569736,-0.00626413,-7.30584,9.8929,-0.679065,6.82693,-3.03655,-0.746088,-3.81619,1.38195,0,0,-12,0,0,0,0,0,6.20101,0,0,0,
0.492645,0.120926,0.843119,0.654518,0.466217,-0.509813,-0.307148,1.68564e-06,3.48666e-07,-1.1289e-07,-1.25437e-07,2.17098e-06,4.83221e-06,0.424742,0.396174,0.67933,0.0490537,0.976499,-0.208644,0.0226019,-0.178981,0.0799403,0.739144,0.694609,0.287715,0.609158,-0.25232,0,0,0,0,0,0,0,0.00455765,0.00351616,-0.00578994,-0.00523088,-7.22716,9.89335,-0.669415,6.82363,-3.04747,-0.751292,-3.79992,1.37672,0,0,-12,0,0,0,0,0,6.20101,0,0,0,
0.492645,0.120926,0.843119,0.654518,0.466217,-0.509813,-0.307148,0,0,0,0,0,0,0.424742,0.396174,0.67933,0.0490537,0.976499,-0.208644,0.0226019,-0.178981,0.0799403,0.739144,0.694609,0.287715,0.609158,-0.25232,0,0,0,0,0,0,0,0.00578429,0.00351671,-0.00579053,-0.00523221,-7.23777,9.89338,-0.676667,6.82534,-3.04543,-0.750436,-3.80221,1.37746,0,0,-12,0,0,0,0,0,6.20101,0,0,0,
0.492645,0.120926,0.843119,0.654518,0.466217,-0.509813,-0.307148,0,0,0,0,0,0,0.424742,0.396174,0.67933,0.0490537,0.976499,-0.208644,0.0226019,-0.178981,0.0799403,0.739144,0.694609,0.287715,0.609158,-0.25232,0,0,0,0,0,0,0,0.000838012,0.00351726,-0.00579174,-0.00523292,-7.17631,9.8933,-0.641672,6.81693,-3.0566,-0.75524,-3.78907,1.37323,0,0,-12,0,0,0,0,0,6.20101,0,0,0,
0.492645,0.120926,0.843119,0.654518,0.466217,-0.509813,-0.307148,1.68564e-06,3.48666e-07,-1.1289e-07,-1.25437e-07,2.17098e-06,4.83221e-06,0.424742,0.396174,0.67933,0.0490537,0.976499,-0.208644,0.0226019,-0.178981,0.0799403,0.739144,0.694609,0.287715,0.609158,-0.25232,0,0,0,0,0,0,0,0.00555516,0.0035178,-0.0057963,-0.00523006,-6.71161,9.89486,-0.513859,6.78223,-3.12776,-0.788465,-3.69228,1.34197,0,0,-12,0,0,0,0,0,6.20101,0,0,0,
0.492645,0.120926,0.843119,0.654518,0.466217,-0.509813,-0.307148,0,0,0,0,0,0,0.424742,0.396174,0.67933,0.0490537,0.976499,-0.208644,0.0226019,-0.178981,0.0799403,0.739144,0.694609,0.287715,0.609158,-0.25232,0,0,0,0,0,0,0,0.00330236,0.00351836,-0.00579666,-0.00523164,-6.74757,9.89464,-0.517617,6.78362,-3.12285,-0.786033,-3.69965,1.34436,0,0,-12,0,0,0,0,0,6.20101,0,0,0,
0.492645,0.120926,0.84312,0.654518,0.466217,-0.509812,-0.307147,-3.26268e-07,4.67409e-07,9.62668e-07,-1.11273e-06,-9.60248e-06,4.28521e-06,0.424742,0.396174,0.67933,0.0490537,0.976499,-0.208644,0.0226019,-0.178981,0.0799403,0.739144,0.694609,0.287715,0.609158,-0.25232,0,0,0,0,0,0,0,0.00453757,0.0027448,-0.00539516,-0.000637676,-6.99178,9.89339,-0.597261,6.80406,-3.08441,-0.76764,-3.75029,1.3608,0,0,-12,0,0,0,0,0,6.20101,0,0,0,
0.492644,0.120926,0.843119,0.654518,0.466216,-0.509812,-0.307148,0,0,0,0,0,0,0.424742,0.396174,0.67933,0.049054,0.976499,-0.208644,0.0226019,-0.178981,0.0799403,0.739144,0.694609,0.287715,0.609158,-0.25232,0,0,0,0,0,0,0,0.0016337,0.00421226,-0.00629561,-0.00881526,-6.54417,9.89576,-0.449098,6.76627,-3.15509,-0.801363,-3.65741,1.33066,0,0,-12,0,0,0,0,0,6.20101,0,0,0,
0.492645,0.120926,0.843119,0.654518,0.466217,-0.509813,-0.307148,0,0,0,0,0,0,0.424742,0.396174,0.67933,0.0490537,0.976499,-0.208644,0.0226019,-0.178981,0.0799403,0.739144,0.694609,0.287715,0.609158,-0.25232,0,0,0,0,0,0,0,-0.00159898,0.00361041,-0.00570984,-0.00626079,-6.80718,9.89423,-0.520089,6.78509,-3.11503,-0.782235,-3.71192,1.3483,0,0,-12,0,0,0,0,0,6.20101,0,0,0,
0.492645,0.120926,0.843119,0.654518,0.466217,-0.509813,-0.307148,0,0,0,0,0,0,0.424742,0.396174,0.67933,0.0490537,0.976499,-0.208644,0.0226019,-0.178981,0.0799403,0.739144,0.694609,0.287715,0.609158,-0.25232,0,0,0,0,0,0,0,0.00623558,0.00352056,-0.00580117,-0.00523473,-6.53931,9.89538,-0.462995,6.76864,-3.15448,-0.800863,-3.65632,1.33036,0,0,-12,0,0,0,0,0,6.20101,0,0,0,
0.492645,0.120926,0.843119,0.654518,0.466217,-0.509813,-0.307148,0,0,0,0,0,0,0.424742,0.396174,0.67933,0.0490537,0.976499,-0.208644,0.0226019,-0.178981,0.0799403,0.739144,0.694609,0.287715,0.609158,-0.25232,0,0,0,0,0,0,0,0.00181245,0.00352111,-0.00580482,-0.00523284,-6.18357,9.89616,-0.339061,6.73656,-3.21149,-0.826889,-3.58174,1.30629,0,0,-12,0,0,0,0,0,6.20101,0,0,0,
0.492645,0.120926,0.843119,0.654518,0.466217,-0.509813,-0.307148,0,0,0,0,0,0,0.424742,0.396174,0.67933,0.0490537,0.976499,-0.208644,0.0226019,-0.178981,0.0799403,0.739144,0.694609,0.287715,0.609158,-0.25232,0,0,0,0,0,0,0,0.00170186,0.00352165,-0.00580597,-0.00523355,-6.12456,9.89632,-0.320526,6.73167,-3.22075,-0.83116,-3.56941,1.30231,0,0,-12,0,0,0,0,0,6.20101,0,0,0,
0.492645,0.120926,0.843119,0.654518,0.466217,-0.509813,-0.307148,0,0,0,0,0,0,0.424742,0.396174,0.67933,0.0490537,0.976499,-0.208644,0.0226019,-0.178981,0.0799403,0.739144,0.694609,0.287715,0.609158,-0.25232,0,0,0,0,0,0,0,0.000128389,0.0035222,-0.00580477,-0.00523677,-6.34833,9.89561,-0.384337,6.74886,-3.18627,-0.81511,-3.61606,1.31738,0,0,-12,0,0,0,0,0,6.20101,0,0,0,
0.492644,0.120926,0.843119,0.654518,0.466216,-0.509812,-0.307148,-1.68309e-06,-3.48139e-07,1.12719e-07,1.25248e-07,-2.16771e-06,-4.82492e-06,0.424742,0.396174,0.67933,0.049054,0.976499,-0.208644,0.0226019,-0.178981,0.0799403,0.739144,0.694609,0.287715,0.609158,-0.25232,0,0,0,0,0,0,0,0.00393787,0.0034345,-0.00589098,-0.00423182,-6.31572,9.89589,-0.386637,6.74885,-3.19021,-0.817041,-3.60937,1.31524,0,0,-12,0,0,0,0,0,6.20101,0,0,0,
0.492645,0.120926,0.843119,0.654518,0.466217,-0.509813,-0.307148,3.2676e-07,-4.68115e-07,-9.64124e-07,1.11441e-06,9.617e-06,-4.29169e-06,0.424742,0.396174,0.67933,0.0490537,0.976499,-0.208644,0.0226019,-0.178981,0.0799403,0.739144,0.694609,0.287715,0.609158,-0.25232,0,0,0,0,0,0,0,0.00139654,0.00361428,-0.00572358,-0.00626558,-5.78094,9.89728,-0.213719,6.70337,-3.27452,-0.856157,-3.49771,1.27913,0,0,-12,0,0,0,0,0,6.20101,0,0,0,
0.492645,0.120926,0.843119,0.654518,0.466217,-0.509813,-0.307148,1.68309e-06,3.4814e-07,-1.12719e-07,-1.25248e-07,2.16771e-06,4.82492e-06,0.424742,0.396174,0.67933,0.0490537,0.976499,-0.208644,0.0226019,-0.178981,0.0799403,0.739144,0.694609,0.287715,0.609158,-0.25232,0,0,0,0,0,0,0,0.00593635,0.00352387,-0.0058106,-0.00523659,-5.90126,9.89717,-0.265494,6.71635,-3.25433,-0.846982,-3.52301,1.28732,0,0,-12,0,0,0,0,0,6.20101,0,0,0,
0.492644,0.120926,0.843119,0.654518,0.466216,-0.509812,-0.307148,-1.68562e-06,-3.48662e-07,1.12888e-07,1.25436e-07,-2.17096e-06,-4.83216e-06,0.424742,0.396174,0.67933,0.049054,0.976499,-0.208644,0.0226019,-0.178981,0.0799403,0.739144,0.694609,0.287715,0.609158,-0.25232,0,0,0,0,0,0,0,-0.000117089,0.00343237,-0.00590057,-0.00418765,-5.75175,9.89727,-0.19976,6.70003,-3.27966,-0.858076,-3.4913,1.27714,0,0,-12,0,0,0,0,0,6.20101,0,0,0,
0.492645,0.120926,0.843119,0.654518,0.466217,-0.509813,-0.307148,0,0,0,0,0,0,0.424742,0.396174,0.67933,0.0490537,0.976499,-0.208644,0.0226019,-0.178981,0.0799403,0.739144,0.694609,0.287715,0.609158,-0.25232,0,0,0,0,0,0,0,0.00220907,0.00361319,-0.00573287,-0.00623417,-5.32394,9.89862,-0.0755962,6.66662,-3.34571,-0.889108,-3.40228,1.24832,0,0,-12,0,0,0,0,0,6.20101,0,0,0,
0.492645,0.120926,0.843119,0.654518,0.466217,-0.509813,-0.307148,0,0,0,0,0,0,0.424742,0.396174,0.67933,0.0490537,0.976499,-0.208644,0.0226019,-0.178981,0.0799403,0.739144,0.694609,0.287715,0.609158,-0.25232,0,0,0,0,0,0,0,0.00582741,0.00352555,-0.00581479,-0.00523814,-5.64519,9.89789,-0.186269,6.69537,-3.29439,-0.865489,-3.46951,1.27005,0,0,-12,0,0,0,0,0,6.20101,0,0,0,
0.492645,0.120926,0.843119,0.654518,0.466217,-0.509813,-0.307148,0,0,0,0,0,0,0.424742,0.396174,0.67933,0.0490537,0.976499,-0.208644,0.0226019,-0.178981,0.0799403,0.739144,0.694609,0.287715,0.609158,-0.25232,0,0,0,0,0,0,0,0.00103445,0.0035261,-0.00581701,-0.00523777,-5.46292,9.89816,-0.114562,6.6772,-3.3244,-0.87901,-3.43114,1.25768,0,0,-12,0,0,0,0,0,6.20101,0,0,0,
0.492645,0.120926,0.843119,0.654518,0.466217,-0.509813,-0.307148,0,0,0,0,0,0,0.424742,0.396174,0.67933,0.0490537,0.976499,-0.208644,0.0226019,-0.178981,0.0799403,0.739144,0.694609,0.287715,0.609158,-0.25232,0,0,0,0,0,0,0,0.0036235,0.00352666,-0.00581869,-0.00523799,-5.34423,9.89863,-0.0864107,6.66929,-3.34214,-0.887394,-3.4065,1.24971,0,0,-12,0,0,0,0,0,6.20101,0,0,0,
0.492645,0.120926,0.843119,0.654518,0.466217,-0.509813,-0.307148,1.68564e-06,3.48666e-07,-1.1289e-07,-1.25437e-07,2.17098e-06,4.83221e-06,0.424742,0.396174,0.67933,0.0490537,0.976499,-0.208644,0.0226019,-0.178981,0.0799403,0.739144,0.694609,0.287715,0.609158,-0.25232,0,0,0,0,0,0,0,-7.27346e-05,0.00352721,-0.00582241,-0.00523603,-4.97992,9.89947,0.0378036,6.63702,-3.40026,-0.913986,-3.33017,1.22508,0,0,-12,0,0,0,0,0,6.20101,0,0,0,
0.492645,0.120926,0.843119,0.654518,0.466217,-0.509813,-0.307148,0,0,0,0,0,0,0.424742,0.396174,0.67933,0.0490537,0.976499,-0.208644,0.0226019,-0.178981,0.0799403,0.739144,0.694609,0.287715,0.609158,-0.25232,0,0,0,0,0,0,0,0.00445919,0.00352775,-0.00582072,-0.00523974,-5.26091,9.89891,-0.0634616,6.66306,-3.3549,-0.893352,-3.38915,1.24411,0,0,-12,0,0,0,0,0,6.20101,0,0,0,
0.492645,0.120926,0.843119,0.654518,0.466217,-0.509813,-0.307148,0,0,0,0,0,0,0.424742,0.396174,0.67933,0.0490537,0.976499,-0.208644,0.0226019,-0.178981,0.0799403,0.739144,0.694609,0.287715,0.609158,-0.25232,0,0,0,0,0,0,0,0.00658401,0.00352833,-0.00582519,-0.00523711,-4.81284,9.90028,0.0676493,6.62794,-3.42428,-0.925566,-3.29567,1.21392,0,0,-12,0,0,0,0,0,6.20101,0,0,0,
0.492645,0.120926,0.843119,0.654518,0.466217,-0.509813,-0.307148,1.68309e-06,3.4814e-07,-1.12719e-07,-1.25248e-07,2.16771e-06,4.82492e-06,0.424742,0.396174,0.67933,0.0490537,0.976499,-0.208644,0.0226019,-0.178981,0.0799403,0.739144,0.694609,0.287715,0.609158,-0.25232,0,0,0,0,0,0,0,0.00245297,0.00352889,-0.00582596,-0.00523829,-4.80101,9.9001,0.0847078,6.62415,-3.42744,-0.926725,-3.29295,1.21306,0,0,-12,0,0,0,0,0,6.20101,0,0,0,
0.492645,0.120926,0.843119,0.654518,0.466217,-0.509813,-0.307148,0,0,0,0,0,0,0.424742,0.396174,0.67933,0.0490537,0.976499,-0.208644,0.0226019,-0.178981,0.0799403,0.739144,0.694609,0.287715,0.609158,-0.25232,0,0,0,0,0,0,0,-0.00169024,0.00352945,-0.00582624,-0.00524,-4.85027,9.89975,0.0829901,6.62533,-3.42104,-0.923471,-3.30299,1.21631,0,0,-12,0,0,0,0,0,6.20101,0,0,0,
0.492645,0.120926,0.84312,0.654518,0.466217,-0.509812,-0.307147,-3.27008e-07,4.68469e-07,9.64852e-07,-1.11526e-06,-9.62427e-06,4.29493e-06,0.424742,0.396174,0.67933,0.0490537,0.976499,-0.208644,0.0226019,-0.178981,0.0799403,0.739144,0.694609,0.287715,0.609158,-0.25232,0,0,0,0,0,0,0,0.00280165,0.00273928,-0.00539459,-0.000547594,-4.78767,9.89952,0.0872595,6.62294,-3.42954,-0.92699,-3.28972,1.21211,0,0,-12,0,0,0,0,0,6.20101,0,0,0,
0.492645,0.120926,0.843119,0.654518,0.466217,-0.509813,-0.307148,0,0,0,0,0,0,0.424742,0.396174,0.67933,0.0490537,0.976499,-0.208644,0.0226019,-0.178981,0.0799403,0.739144,0.694609,0.287715,0.609158,-0.25232,0,0,0,0,0,0,0,0.00689649,0.00429232,-0.00624583,-0.0097384,-4.46242,9.90191,0.174981,6.5999,-3.47884,-0.951505,-3.22293,1.19034,0,0,-12,0,0,0,0,0,6.20101,0,0,0,
0.492645,0.120926,0.843119,0.654518,0.466217,-0.509813,-0.307148,0,0,0,0,0,0,0.424742,0.396174,0.67933,0.0490537,0.976499,-0.208644,0.0226019,-0.178981,0.0799403,0.739144,0.694609,0.287715,0.609158,-0.25232,0,0,0,0,0,0,0,0.0066053,0.0035311,-0.00583299,-0.0052387,-4.28401,9.90178,0.230467,6.58479,-3.50695,-0.96377,-3.18519,1.17825,0,0,-12,0,0,0,0,0,6.20101,0,0,0,
0.492645,0.120926,0.843119,0.654518,0.466217,-0.509813,-0.307148,0,0,0,0,0,0,0.424742,0.396174,0.67933,0.0490537,0.976499,-0.208644,0.0226019,-0.178981,0.0799403,0.739144,0.694609,0.287715,0.609158,-0.25232,0,0,0,0,0,0,0,0.00219147,0.00353165,-0.00583131,-0.00524243,-4.56552,9.90076,0.158094,6.60475,-3.46433,-0.943758,-3.24374,1.19717,0,0,-12,0,0,0,0,0,6.20101,0,0,0,
0.492644,0.120926,0.843119,0.654518,0.466216,-0.509812,-0.307148,-1.68309e-06,-3.48139e-07,1.12719e-07,1.25248e-07,-2.16771e-06,-4.82492e-06,0.424742,0.396174,0.67933,0.049054,0.976499,-0.208644,0.0226019,-0.178981,0.0799403,0.739144,0.694609,0.287715,0.609158,-0.25232,0,0,0,0,0,0,0,-0.00333261,0.00343952,-0.00591823,-0.00418587,-4.38937,9.90096,0.230315,6.58662,-3.49367,-0.956738,-3.20649,1.1852,0,0,-12,0,0,0,0,0,6.20101,0,0,0,
0.492645,0.120926,0.843119,0.654518,0.466217,-0.509813,-0.307148,0,0,0,0,0,0,0.424742,0.396174,0.67933,0.0490537,0.976499,-0.208644,0.0226019,-0.178981,0.0799403,0.739144,0.694609,0.287715,0.609158,-0.25232,0,0,0,0,0,0,0,0.00184698,0.00362204,-0.00575542,-0.00625345,-4.08463,9.9021,0.307305,6.56521,-3.53958,-0.978671,-3.14336,1.16473,0,0,-12,0,0,0,0,0,6.20101,0,0,0,
0.492645,0.120926,0.843119,0.654518,0.466217,-0.509813,-0.307148,0,0,0,0,0,0,0.424742,0.396174,0.67933,0.0490537,0.976499,-0.208644,0.0226019,-0.178981,0.0799403,0.739144,0.694609,0.287715,0.609158,-0.25232,0,0,0,0,0,0,0,0.00861958,0.0035333,-0.00583703,-0.00524228,-4.12601,9.90233,0.272592,6.57328,-3.53101,-0.975037,-3.15231,1.16763,0,0,-12,0,0,0,0,0,6.20101,0,0,0,
0.492644,0.120926,0.843119,0.654518,0.466216,-0.509812,-0.307148,-1.35888e-06,-8.16785e-07,-8.51244e-07,1.23987e-06,7.44611e-06,-9.12394e-06,0.424742,0.396174,0.67933,0.049054,0.976499,-0.208644,0.0226019,-0.178981,0.0799403,0.739144,0.694609,0.287715,0.609158,-0.25232,0,0,0,0,0,0,0,0.00310706,0.00344378,-0.00591964,-0.00421632,-4.0897,9.90214,0.301705,6.56658,-3.53848,-0.977918,-3.14428,1.16509,0,0,-12,0,0,0,0,0,6.20101,0,0,0,
0.492645,0.120926,0.843119,0.654518,0.466217,-0.509813,-0.307148,0,0,0,0,0,0,0.424742,0.396174,0.67933,0.0490537,0.976499,-0.208644,0.0226019,-0.178981,0.0799403,0.739144,0.694609,0.287715,0.609158,-0.25232,0,0,0,0,0,0,0,0.00104462,0.00362615,-0.0057586,-0.00628238,-3.77819,9.90293,0.404299,6.53965,-3.58774,-1.00087,-3.0793,1.14405,0,0,-12,0,0,0,0,0,6.20101,0,0,0,
0.492645,0.120926,0.843119,0.654518,0.466217,-0.509813,-0.307148,0,0,0,0,0,0,0.424742,0.396174,0.67933,0.0490537,0.976499,-0.208644,0.0226019,-0.178981,0.0799403,0.739144,0.694609,0.287715,0.609158,-0.25232,0,0,0,0,0,0,0,0.00339123,0.00353496,-0.00584162,-0.00524334,-3.82158,9.90292,0.383339,6.54484,-3.58026,-0.997415,-3.0884,1.14701,0,0,-12,0,0,0,0,0,6.20101,0,0,0,
0.492644,0.120926,0.843119,0.654518,0.466216,-0.509812,-0.307148,-1.68564e-06,-3.48665e-07,1.12889e-07,1.25437e-07,-2.17098e-06,-4.83221e-06,0.424742,0.396174,0.67933,0.049054,0.976499,-0.208644,0.0226019,-0.178981,0.0799403,0.739144,0.694609,0.287715,0.609158,-0.25232,0,0,0,0,0,0,0,0.00219627,0.00344312,-0.00592529,-0.00419136,-3.80944,9.90289,0.390988,6.54307,-3.58259,-0.998229,-3.08568,1.14618,0,0,-12,0,0,0,0,0,6.20101,0,0,0,
0.492645,0.120926,0.843119,0.654518,0.466217,-0.509813,-0.307148,0,0,0,0,0,0,0.424742,0.396174,0.67933,0.0490537,0.976499,-0.208644,0.0226019,-0.178981,0.0799403,0.739144,0.694609,0.287715,0.609158,-0.25232,0,0,0,0,0,0,0,-0.00137779,0.00362334,-0.00576418,-0.00623671,-3.93463,9.90237,0.363983,6.55076,-3.56405,-0.989743,-3.11183,1.15456,0,0,-12,0,0,0,0,0,6.20101,0,0,0,
0.492645,0.120926,0.843119,0.654518,0.466217,-0.509813,-0.307148,1.68437e-06,3.48403e-07,-1.12804e-07,-1.25342e-07,2.16934e-06,4.82856e-06,0.424742,0.396174,0.67933,0.0490537,0.976499,-0.208644,0.0226019,-0.178981,0.0799403,0.739144,0.694609,0.287715,0.609158,-0.25232,0,0,0,0,0,0,0,0.00176123,0.00353663,-0.00584493,-0.0052458,-3.67939,9.90324,0.43243,6.53212,-3.603,-1.00781,-3.05859,1.1374,0,0,-12,0,0,0,0,0,6.20101,0,0,0,
0.492645,0.120926,0.843119,0.654518,0.466217,-0.509813,-0.307148,1.68309e-06,3.4814e-07,-1.12719e-07,-1.25248e-07,2.16771e-06,4.82492e-06,0.424742,0.396174,0.67933,0.0490537,0.976499,-0.208644,0.0226019,-0.178981,0.0799403,0.739144,0.694609,0.287715,0.609158,-0.25232,0,0,0,0,0,0,0,0.00161723,0.00353718,-0.00584847,-0.00524403,-3.33794,9.9042,0.538068,6.50415,-3.65643,-1.03249,-2.98725,1.11437,0,0,-12,0,0,0,0,0,6.20101,0,0,0,
0.492644,0.120926,0.843119,0.654518,0.466216,-0.509812,-0.307148,-1.68309e-06,-3.48139e-07,1.12719e-07,1.25248e-07,-2.16771e-06,-4.82492e-06,0.424742,0.396174,0.67933,0.049054,0.976499,-0.208644,0.0226019,-0.178981,0.0799403,0.739144,0.694609,0.287715,0.609158,-0.25232,0,0,0,0,0,0,0,0.00106832,0.00344539,-0.00593169,-0.00419186,-3.24547,9.90442,0.568358,6.49626,-3.67111,-1.03906,-2.96779,1.10812,0,0,-12,0,0,0,0,0,6.20101,0,0,0,
0.492645,0.120926,0.843119,0.654518,0.466217,-0.509813,-0.307148,0,0,0,0,0,0,0.424742,0.396174,0.67933,0.0490537,0.976499,-0.208644,0.0226019,-0.178981,0.0799403,0.739144,0.694609,0.287715,0.609158,-0.25232,0,0,0,0,0,0,0,0.00173839,0.0036294,-0.00577119,-0.00627847,-3.13473,9.90479,0.60024,6.4876,-3.68811,-1.04731,-2.94492,1.10066,0,0,-12,0,0,0,0,0,6.20101,0,0,0,
0.492645,0.120926,0.84312,0.654518,0.466217,-0.509812,-0.307147,1.68309e-06,3.4814e-07,-1.12719e-07,-1.25248e-07,2.16771e-06,4.82492e-06,0.424742,0.396174,0.67933,0.0490537,0.976499,-0.208644,0.0226019,-0.178981,0.0799403,0.739144,0.694609,0.287715,0.609158,-0.25232,0,0,0,0,0,0,0,0.00479922,0.00273744,-0.00539482,-0.00049109,-3.04977,9.90453,0.616061,6.48245,-3.70061,-1.05239,-2.92678,1.09493,0,0,-12,0,0,0,0,0,6.20101,0,0,0,
0.492645,0.120926,0.84312,0.654518,0.466217,-0.509812,-0.307147,-3.26514e-07,4.67762e-07,9.63395e-07,-1.11357e-06,-9.60973e-06,4.28845e-06,0.424742,0.396174,0.67933,0.0490537,0.976499,-0.208644,0.0226019,-0.178981,0.0799403,0.739144,0.694609,0.287715,0.609158,-0.25232,0,0,0,0,0,0,0,0.00298064,0.0035285,-0.00584374,-0.00515997,-3.08367,9.90498,0.611957,6.48433,-3.69575,-1.05074,-2.93421,1.09724,0,0,-12,0,0,0,0,0,6.20101,0,0,0,
0.492644,0.120926,0.84312,0.654518,0.466217,-0.509812,-0.307147,-2.00961e-06,1.19623e-07,1.07611e-06,-9.88331e-07,-1.17774e-05,-5.36469e-07,0.424742,0.396174,0.67933,0.049054,0.976499,-0.208644,0.0226019,-0.178981,0.0799403,0.739144,0.694609,0.287715,0.609158,-0.25232,0,0,0,0,0,0,0,-0.000692513,0.00343726,-0.00592529,-0.00411407,-3.00675,9.905,0.647603,6.47557,-3.70899,-1.05642,-2.91781,1.09199,0,0,-12,0,0,0,0,0,6.20101,0,0,0,
0.492645,0.120926,0.84312,0.654518,0.466217,-0.509812,-0.307147,1.35913e-06,8.16428e-07,8.50506e-07,-1.23901e-06,-7.43875e-06,9.12066e-06,0.424742,0.396174,0.67933,0.0490537,0.976499,-0.208644,0.0226019,-0.178981,0.0799403,0.739144,0.694609,0.287715,0.609158,-0.25232,0,0,0,0,0,0,0,-0.000857507,0.00361774,-0.00577025,-0.00616028,-2.86239,9.90542,0.692555,6.46359,-3.73152,-1.06716,-2.88785,1.08225,0,0,-12,0,0,0,0,0,6.20101,0,0,0,
0.492645,0.120926,0.84312,0.654518,0.466217,-0.509812,-0.307147,-3.26514e-07,4.67762e-07,9.63395e-07,-1.11357e-06,-9.60973e-06,4.28845e-06,0.424742,0.396174,0.67933,0.0490537,0.976499,-0.208644,0.0226019,-0.178981,0.0799403,0.739144,0.694609,0.287715,0.609158,-0.25232,0,0,0,0,0,0,0,0.00244174,0.00353015,-0.00584914,-0.00515994,-2.67067,9.90612,0.740917,6.45024,-3.76049,-1.08062,-2.84789,1.06937,0,0,-12,0,0,0,0,0,6.20101,0,0,0,
0.492645,0.120926,0.84312,0.654518,0.466217,-0.509812,-0.307147,-3.26514e-07,4.67762e-07,9.63395e-07,-1.11357e-06,-9.60973e-06,4.28845e-06,0.424742,0.396174,0.67933,0.0490537,0.976499,-0.208644,0.0226019,-0.178981,0.0799403,0.739144,0.694609,0.287715,0.609158,-0.25232,0,0,0,0,0,0,0,-0.00043234,0.00353069,-0.00584957,-0.00516143,-2.70325,9.90588,0.740216,6.45093,-3.75631,-1.07848,-2.85453,1.07152,0,0,-12,0,0,0,0,0,6.20101,0,0,0,
0.492644,0.120926,0.84312,0.654518,0.466217,-0.509812,-0.307147,-3.26761e-07,4.68116e-07,9.64123e-07,-1.11442e-06,-9.61699e-06,4.29169e-06,0.424742,0.396174,0.67933,0.049054,0.976499,-0.208644,0.0226019,-0.178981,0.0799403,0.739144,0.694609,0.287715,0.609158,-0.25232,0,0,0,0,0,0,0,0.00145778,0.00344041,-0.00592847,-0.0041271,-2.72745,9.90591,0.726651,6.45425,-3.75198,-1.07644,-2.85959,1.07319,0,0,-12,0,0,0,0,0,6.20101,0,0,0,
0.492645,0.120926,0.843119,0.654518,0.466217,-0.509813,-0.307148,1.68692e-06,3.4893e-07,-1.12975e-07,-1.25532e-07,2.17263e-06,4.83587e-06,0.424742,0.396174,0.67933,0.0490537,0.976499,-0.208644,0.0226019,-0.178981,0.0799403,0.739144,0.694609,0.287715,0.609158,-0.25232,0,0,0,0,0,0,0,0.002537,0.00439937,-0.00622818,-0.0107946,-2.51483,9.9072,0.789008,6.4379,-3.78465,-1.09268,-2.8159,1.05892,0,0,-12,0,0,0,0,0,6.20101,0,0,0,
0.492645,0.120926,0.843119,0.654518,0.466217,-0.509813,-0.307148,0,0,0,0,0,0,0.424742,0.396174,0.67933,0.0490537,0.976499,-0.208644,0.0226019,-0.178981,0.0799403,0.739144,0.694609,0.287715,0.609158,-0.25232,0,0,0,0,0,0,0,0.00350049,0.00354321,-0.00586359,-0.0052493,-2.42439,9.90688,0.813341,6.43087,-3.79866,-1.09835,-2.79652,1.05278,0,0,-12,0,0,0,0,0,6.20101,0,0,0,
0.492644,0.120926,0.843119,0.654518,0.466216,-0.509812,-0.307148,-1.35712e-06,-8.17221e-07,-8.52769e-07,1.24144e-06,7.46211e-06,-9.1267e-06,0.424742,0.396174,0.67933,0.049054,0.976499,-0.208644,0.0226019,-0.178981,0.0799403,0.739144,0.694609,0.287715,0.609158,-0.25232,0,0,0,0,0,0,0,0.00247854,0.00345149,-0.00594341,-0.00419822,-2.38784,9.90693,0.827945,6.42723,-3.80475,-1.10091,-2.78871,1.0503,0,0,-12,0,0,0,0,0,6.20101,0,0,0,
0.492644,0.120926,0.843119,0.654518,0.466216,-0.509812,-0.307148,3.27254e-07,-4.68824e-07,-9.65583e-07,1.11611e-06,9.63155e-06,-4.29818e-06,0.424742,0.396174,0.67933,0.049054,0.976499,-0.208644,0.0226019,-0.178981,0.0799403,0.739144,0.694609,0.287715,0.609158,-0.25232,0,0,0,0,0,0,0,0.00078564,0.00354303,-0.00586909,-0.0052291,-2.0737,9.90773,0.930173,6.40038,-3.85434,-1.12388,-2.72309,1.02909,0,0,-12,0,0,0,0,0,6.20101,0,0,0,
0.492645,0.120926,0.843119,0.654518,0.466217,-0.509813,-0.307148,3.27502e-07,-4.69179e-07,-9.66314e-07,1.11695e-06,9.63884e-06,-4.30144e-06,0.424742,0.396174,0.67933,0.0490537,0.976499,-0.208644,0.0226019,-0.178981,0.0799403,0.739144,0.694609,0.287715,0.609158,-0.25232,0,0,0,0,0,0,0,0.00210952,0.00363786,-0.0057913,-0.00630368,-1.88685,9.90834,0.9834,6.38599,-3.88309,-1.13744,-2.68425,1.0165,0,0,-12,0,0,0,0,0,6.20101,0,0,0,
0.492644,0.120926,0.843119,0.654518,0.466216,-0.509812,-0.307148,-1.35561e-06,-8.17317e-07,-8.53584e-07,1.24219e-06,7.47102e-06,-9.12636e-06,0.424742,0.396174,0.67933,0.049054,0.976499,-0.208644,0.0226019,-0.178981,0.0799403,0.739144,0.694609,0.287715,0.609158,-0.25232,0,0,0,0,0,0,0,0.000912574,0.00345276,-0.00594527,-0.00419748,-2.35251,9.90695,0.843913,6.42327,-3.81076,-1.10358,-2.78123,1.04789,0,0,-12,0,0,0,0,0,6.20101,0,0,0,
0.492644,0.120926,0.843119,0.654518,0.466216,-0.509812,-0.307148,-1.35686e-06,-8.17581e-07,-8.5351e-07,1.24229e-06,7.4695e-06,-9.13e-06,0.424742,0.396174,0.67933,0.049054,0.976499,-0.208644,0.0226019,-0.178981,0.0799403,0.739144,0.694609,0.287715,0.609158,-0.25232,0,0,0,0,0,0,0,4.36541e-05,0.00354467,-0.00587132,-0.00523258,-2.05445,9.90775,0.938515,6.3983,-3.85759,-1.12533,-2.71902,1.02777,0,0,-12,0,0,0,0,0,6.20101,0,0,0,
0.492645,0.120926,0.843119,0.654518,0.466217,-0.509813,-0.307148,2.01061e-06,-1.21036e-07,-1.07903e-06,9.91696e-07,1.18066e-05,5.23527e-07,0.424742,0.396174,0.67933,0.0490537,0.976499,-0.208644,0.0226019,-0.178981,0.0799403,0.739144,0.694609,0.287715,0.609158,-0.25232,0,0,0,0,0,0,0,0.00541165,0.0036382,-0.00579751,-0.00629021,-1.61429,9.90928,1.05663,6.36601,-3.92465,-1.15688,-2.62751,0.998175,0,0,-12,0,0,0,0,0,6.20101,0,0,0,
0.492645,0.120926,0.843119,0.654518,0.466217,-0.509813,-0.307148,1.68437e-06,3.48403e-07,-1.12804e-07,-1.25342e-07,2.16934e-06,4.82856e-06,0.424742,0.396174,0.67933,0.0490537,0.976499,-0.208644,0.0226019,-0.178981,0.0799403,0.739144,0.694609,0.287715,0.609158,-0.25232,0,0,0,0,0,0,0,-0.000392384,0.00354705,-0.00587286,-0.00525317,-1.89275,9.90819,0.989735,6.3848,-3.883,-1.13704,-2.68522,1.01686,0,0,-12,0,0,0,0,0,6.20101,0,0,0,
0.492644,0.120926,0.843119,0.654518,0.466216,-0.509812,-0.307148,-1.68437e-06,-3.48402e-07,1.12804e-07,1.25342e-07,-2.16934e-06,-4.82856e-06,0.424742,0.396174,0.67933,0.049054,0.976499,-0.208644,0.0226019,-0.178981,0.0799403,0.739144,0.694609,0.287715,0.609158,-0.25232,0,0,0,0,0,0,0,9.08991e-07,0.00345418,-0.00595382,-0.00418678,-1.6143,9.90899,1.07425,6.36239,-3.92646,-1.15698,-2.62696,0.998089,0,0,-12,0,0,0,0,0,6.20101,0,0,0,
0.492645,0.120926,0.843119,0.654518,0.466217,-0.509813,-0.307148,0,0,0,0,0,0,0.424742,0.396174,0.67933,0.0490537,0.976499,-0.208644,0.0226019,-0.178981,0.0799403,0.739144,0.694609,0.287715,0.609158,-0.25232,0,0,0,0,0,0,0,0.00284174,0.00363887,-0.00580182,-0.00628212,-1.53794,9.90936,1.08849,6.35802,-3.9374,-1.16259,-2.6114,0.992984,0,0,-12,0,0,0,0,0,6.20101,0,0,0,
0.492645,0.120926,0.843119,0.654518,0.466217,-0.509813,-0.307148,1.68692e-06,3.4893e-07,-1.12975e-07,-1.25532e-07,2.17263e-06,4.83587e-06,0.424742,0.396174,0.67933,0.0490537,0.976499,-0.208644,0.0226019,-0.178981,0.0799403,0.739144,0.694609,0.287715,0.609158,-0.25232,0,0,0,0,0,0,0,0.00507579,0.00354869,-0.00587744,-0.00525416,-1.5912,9.90932,1.06486,6.36394,-3.92842,-1.15843,-2.62255,0.996612,0,0,-12,0,0,0,0,0,6.20101,0,0,0,
0.492644,0.120926,0.843119,0.654518,0.466216,-0.509812,-0.307148,-1.68564e-06,-3.48665e-07,1.12889e-07,1.25437e-07,-2.17098e-06,-4.83221e-06,0.424742,0.396174,0.67933,0.049054,0.976499,-0.208644,0.0226019,-0.178981,0.0799403,0.739144,0.694609,0.287715,0.609158,-0.25232,0,0,0,0,0,0,0,-0.00105622,0.00345672,-0.00595636,-0.00419852,-1.37734,9.9096,1.15067,6.34232,-3.96384,-1.17417,-2.5774,0.98209,0,0,-12,0,0,0,0,0,6.20101,0,0,0,
0.492645,0.120926,0.843119,0.654518,0.466217,-0.509813,-0.307148,0,0,0,0,0,0,0.424742,0.396174,0.67933,0.0490537,0.976499,-0.208644,0.0226019,-0.178981,0.0799403,0.739144,0.694609,0.287715,0.609158,-0.25232,0,0,0,0,0,0,0,-0.00347671,0.00363938,-0.00580698,-0.00627143,-1.37404,9.9095,1.1595,6.34031,-3.96503,-1.17489,-2.57678,0.981828,0,0,-12,0,0,0,0,0,6.20101,0,0,0,
0.492645,0.120926,0.843119,0.654518,0.466217,-0.509813,-0.307148,1.68564e-06,3.48666e-07,-1.1289e-07,-1.25437e-07,2.17098e-06,4.83221e-06,0.424742,0.396174,0.67933,0.0490537,0.976499,-0.208644,0.0226019,-0.178981,0.0799403,0.739144,0.694609,0.287715,0.609158,-0.25232,0,0,0,0,0,0,0,0.00514582,0.00355034,-0.00588258,-0.0052546,-1.22633,9.91036,1.17702,6.3342,-3.98544,-1.18478,-2.54633,0.972004,0,0,-12,0,0,0,0,0,6.20101,0,0,0,
0.492645,0.120926,0.843119,0.654518,0.466217,-0.509813,-0.307148,0,0,0,0,0,0,0.424742,0.396174,0.67933,0.0490537,0.976499,-0.208644,0.0226019,-0.178981,0.0799403,0.739144,0.694609,0.287715,0.609158,-0.25232,0,0,0,0,0,0,0,0.00289388,0.00355089,-0.00588545,-0.0052535,-0.964396,9.91098,1.26501,6.31128,-4.0271,-1.20387,-2.49148,0.954302,0,0,-12,0,0,0,0,0,6.20101,0,0,0,
0.492645,0.120926,0.843119,0.654518,0.466217,-0.509813,-0.307148,0,0,0,0,0,0,0.424742,0.396174,0.67933,0.0490537,0.976499,-0.208644,0.0226019,-0.178981,0.0799403,0.739144,0.694609,0.287715,0.609158,-0.25232,0,0,0,0,0,0,0,0.000804396,0.00355144,-0.0058865,-0.00525438,-0.922048,9.91099,1.28484,6.30639,-4.03438,-1.20708,-2.4825,0.951412,0,0,-12,0,0,0,0,0,6.20101,0,0,0,
0.492645,0.120926,0.843119,0.654518,0.466217,-0.509813,-0.307148,1.68309e-06,3.4814e-07,-1.12719e-07,-1.25248e-07,2.16771e-06,4.82492e-06,0.424742,0.396174,0.67933,0.0490537,0.976499,-0.208644,0.0226019,-0.178981,0.0799403,0.739144,0.694609,0.287715,0.609158,-0.25232,0,0,0,0,0,0,0,-0.00159099,0.003552,-0.00588575,-0.00525719,-1.09818,9.91037,1.23837,6.31912,-4.0076,-1.19454,-2.51916,0.963253,0,0,-12,0,0,0,0,0,6.20101,0,0,0,
0.492644,0.120926,0.843119,0.654518,0.466216,-0.509812,-0.307148,-1.68564e-06,-3.48665e-07,1.12889e-07,1.25437e-07,-2.17098e-06,-4.83221e-06,0.424742,0.396174,0.67933,0.049054,0.976499,-0.208644,0.0226019,-0.178981,0.0799403,0.739144,0.694609,0.287715,0.609158,-0.25232,0,0,0,0,0,0,0,-0.00165299,0.00346221,-0.0059623,-0.00422497,-0.775046,9.91128,1.33812,6.29274,-4.05819,-1.21774,-2.45154,0.941458,0,0,-12,0,0,0,0,0,6.20101,0,0,0,
0.492645,0.120926,0.843119,0.654518,0.466217,-0.509813,-0.307148,0,0,0,0,0,0,0.424742,0.396174,0.67933,0.0490537,0.976499,-0.208644,0.0226019,-0.178981,0.0799403,0.739144,0.694609,0.287715,0.609158,-0.25232,0,0,0,0,0,0,0,0.0063246,0.00363466,-0.00582564,-0.00618034,-0.610551,9.91217,1.36284,6.28471,-4.08129,-1.22932,-2.41786,0.930492,0,0,-12,0,0,0,0,0,6.20101,0,0,0,
0.492645,0.120926,0.843119,0.654518,0.466217,-0.509813,-0.307148,1.68437e-06,3.48403e-07,-1.12804e-07,-1.25342e-07,2.16934e-06,4.82856e-06,0.424742,0.396174,0.67933,0.0490537,0.976499,-0.208644,0.0226019,-0.178981,0.0799403,0.739144,0.694609,0.287715,0.609158,-0.25232,0,0,0,0,0,0,0,0.00409276,0.00355377,-0.00588828,-0.00526083,-1.06543,9.91076,1.23,6.32035,-4.01093,-1.19648,-2.51266,0.961136,0,0,-12,0,0,0,0,0,6.20101,0,0,0,
0.492645,0.120926,0.843119,0.654518,0.466217,-0.509813,-0.307148,0,0,0,0,0,0,0.424742,0.396174,0.67933,0.0490537,0.976499,-0.208644,0.0226019,-0.178981,0.0799403,0.739144,0.694609,0.287715,0.609158,-0.25232,0,0,0,0,0,0,0,0.00158584,0.00355434,-0.00589404,-0.0052567,-0.461213,9.91234,1.42425,6.26931,-4.10618,-1.24032,-2.38628,0.920344,0,0,-12,0,0,0,0,0,6.20101,0,0,0,
0.492645,0.120926,0.843119,0.654518,0.466217,-0.509813,-0.307148,0,0,0,0,0,0,0.424742,0.396174,0.67933,0.0490537,0.976499,-0.208644,0.0226019,-0.178981,0.0799403,0.739144,0.694609,0.287715,0.609158,-0.25232,0,0,0,0,0,0,0,0.00205398,0.00355489,-0.00589505,-0.00525761,-0.423786,9.91247,1.43425,6.26657,-4.11188,-1.24299,-2.37849,0.917827,0,0,-12,0,0,0,0,0,6.20101,0,0,0,
0.492644,0.120926,0.843119,0.654518,0.466216,-0.509812,-0.307148,-1.68309e-06,-3.48139e-07,1.12719e-07,1.25248e-07,-2.16771e-06,-4.82492e-06,0.424742,0.396174,0.67933,0.049054,0.976499,-0.208644,0.0226019,-0.178981,0.0799403,0.739144,0.694609,0.287715,0.609158,-0.25232,0,0,0,0,0,0,0,0.00395741,0.00346727,-0.00596375,-0.00425506,-0.690366,9.91181,1.34599,6.28968,-4.06965,-1.22344,-2.43419,0.935836,0,0,-12,0,0,0,0,0,6.20101,0,0,0,
0.492644,0.120926,0.843119,0.654518,0.466216,-0.509812,-0.307148,-1.68437e-06,-3.48402e-07,1.12804e-07,1.25342e-07,-2.16934e-06,-4.82856e-06,0.424742,0.396174,0.67933,0.049054,0.976499,-0.208644,0.0226019,-0.178981,0.0799403,0.739144,0.694609,0.287715,0.609158,-0.25232,0,0,0,0,0,0,0,0.00381358,0.00355474,-0.00589573,-0.00524257,-0.656273,9.9119,1.35693,6.28676,-4.07498,-1.22606,-2.42716,0.933535,0,0,-12,0,0,0,0,0,6.20101,0,0,0,
0.492645,0.120926,0.843119,0.654518,0.466217,-0.509813,-0.307148,0,0,0,0,0,0,0.424742,0.396174,0.67933,0.0490537,0.976499,-0.208644,0.0226019,-0.178981,0.0799403,0.739144,0.694609,0.287715,0.609158,-0.25232,0,0,0,0,0,0,0,0.00169961,0.0036483,-0.00582471,-0.00630278,-0.44011,9.91241,1.43035,6.26762,-4.1094,-1.24199,-2.38199,0.918923,0,0,-12,0,0,0,0,0,6.20101,0,0,0,
0.492645,0.120926,0.843119,0.654518,0.466217,-0.509813,-0.307148,1.68692e-06,3.4893e-07,-1.12975e-07,-1.25532e-07,2.17263e-06,4.83587e-06,0.424742,0.396174,0.67933,0.0490537,0.976499,-0.208644,0.0226019,-0.178981,0.0799403,0.739144,0.694609,0.287715,0.609158,-0.25232,0,0,0,0,0,0,0,0.000368014,0.00355713,-0.00589943,-0.00526096,-0.251846,9.91287,1.49269,6.25138,-4.1393,-1.25554,-2.34247,0.906203,0,0,-12,0,0,0,0,0,6.20101,0,0,0,
0.492645,0.120926,0.843119,0.654518,0.466217,-0.509813,-0.307148,0,0,0,0,0,0,0.424742,0.396174,0.67933,0.0490537,0.976499,-0.208644,0.0226019,-0.178981,0.0799403,0.739144,0.694609,0.287715,0.609158,-0.25232,0,0,0,0,0,0,0,0.00124116,0.00355769,-0.00589849,-0.00526397,-0.454049,9.91234,1.42757,6.26849,-4.10741,-1.24086,-2.38476,0.919855,0,0,-12,0,0,0,0,0,6.20101,0,0,0,
0.492645,0.120926,0.843119,0.654518,0.466217,-0.509813,-0.307148,0,0,0,0,0,0,0.424742,0.396174,0.67933,0.0490537,0.976499,-0.208644,0.0226019,-0.178981,0.0799403,0.739144,0.694609,0.287715,0.609158,-0.25232,0,0,0,0,0,0,0,-0.000164798,0.00355824,-0.00590107,-0.00526319,-0.232243,9.9129,1.50046,6.24942,-4.14253,-1.25699,-2.33834,0.904873,0,0,-12,0,0,0,0,0,6.20101,0,0,0,
0.492645,0.120926,0.843119,0.654518,0.466217,-0.509813,-0.307148,0,0,0,0,0,0,0.424742,0.396174,0.67933,0.0490537,0.976499,-0.208644,0.0226019,-0.178981,0.0799403,0.739144,0.694609,0.287715,0.609158,-0.25232,0,0,0,0,0,0,0,0.00301183,0.00355879,-0.00590364,-0.00526243,-0.0106292,9.91369,1.5584,6.23351,-4.17617,-1.27277,-2.29224,0.889977,0,0,-12,0,0,0,0,0,6.20101,0,0,0,
0.492645,0.120926,0.843119,0.654518,0.466217,-0.509813,-0.307148,0,0,0,0,0,0,0.424742,0.396174,0.67933,0.0490537,0.976499,-0.208644,0.0226019,-0.178981,0.0799403,0.739144,0.694609,0.287715,0.609158,-0.25232,0,0,0,0,0,0,0,0.00324496,0.00355935,-0.00590349,-0.00526461,-0.118302,9.9134,1.52448,6.24246,-4.15927,-1.26497,-2.31474,0.897243,0,0,-12,0,0,0,0,0,6.20101,0,0,0,
0.492645,0.120926,0.843119,0.654518,0.466217,-0.509813,-0.307148,0,0,0,0,0,0,0.424742,0.396174,0.67933,0.0490537,0.976499,-0.208644,0.0226019,-0.178981,0.0799403,0.739144,0.694609,0.287715,0.609158,-0.25232,0,0,0,0,0,0,0,0.00155109,0.00355993,-0.00590632,-0.00526363,0.131685,9.91402,1.60698,6.22089,-4.19888,-1.28316,-2.26242,0.880355,0,0,-12,0,0,0,0,0,6.20101,0,0,0,
0.492645,0.120926,0.843119,0.654518,0.466217,-0.509813,-0.307148,1.68311e-06,3.48143e-07,-1.1272e-07,-1.25249e-07,2.16773e-06,4.82496e-06,0.424742,0.396174,0.67933,0.0490537,0.976499,-0.208644,0.0226019,-0.178981,0.0799403,0.739144,0.694609,0.287715,0.609158,-0.25232,0,0,0,0,0,0,0,0.00499665,0.0035605,-0.00590481,-0.00526732,-0.143067,9.91342,1.51117,6.24568,-4.15484,-1.26305,-2.32002,0.898941,0,0,-12,0,0,0,0,0,6.20101,0,0,0,
0.492645,0.120926,0.843119,0.654518,0.466217,-0.509813,-0.307148,0,0,0,0,0,0,0.424742,0.396174,0.67933,0.0490537,0.976499,-0.208644,0.0226019,-0.178981,0.0799403,0.739144,0.694609,0.287715,0.609158,-0.25232,0,0,0,0,0,0,0,0.00218308,0.00356106,-0.00590917,-0.00526465,0.291833,9.9145,1.65426,6.20825,-4.22372,-1.29468,-2.229,0.869564,0,0,-12,0,0,0,0,0,6.20101,0,0,0,
0.492645,0.120926,0.843119,0.654518,0.466217,-0.509813,-0.307148,0,0,0,0,0,0,0.424742,0.396174,0.67933,0.0490537,0.976499,-0.208644,0.0226019,-0.178981,0.0799403,0.739144,0.694609,0.287715,0.609158,-0.25232,0,0,0,0,0,0,0,0.00243409,0.00356163,-0.00591141,-0.00526429,0.472913,9.91503,1.70922,6.19364,-4.25195,-1.30774,-2.19118,0.857355,0,0,-12,0,0,0,0,0,6.20101,0,0,0,
0.492645,0.120926,0.843119,0.654518,0.466217,-0.509813,-0.307148,0,0,0,0,0,0,0.424742,0.396174,0.67933,0.0490537,0.976499,-0.208644,0.0226019,-0.178981,0.0799403,0.739144,0.694609,0.287715,0.609158,-0.25232,0,0,0,0,0,0,0,-0.00189873,0.00356218,-0.00590983,-0.00526797,0.193738,9.91402,1.6373,6.21346,-4.20968,-1.28789,-2.24925,0.876115,0,0,-12,0,0,0,0,0,6.20101,0,0,0,
0.492645,0.120926,0.843119,0.654518,0.466217,-0.509813,-0.307148,0,0,0,0,0,0,0.424742,0.396174,0.67933,0.0490537,0.976499,-0.208644,0.0226019,-0.178981,0.0799403,0.739144,0.694609,0.287715,0.609158,-0.25232,0,0,0,0,0,0,0,0.00178806,0.00356274,-0.0059125,-0.00526713,0.425005,9.91486,1.69656,6.19711,-4.24467,-1.30433,-2.20115,0.860576,0,0,-12,0,0,0,0,0,6.20101,0,0,0,
0.492645,0.120926,0.84312,0.654518,0.466217,-0.509812,-0.307147,-3.26764e-07,4.6812e-07,9.64133e-07,-1.11442e-06,-9.61709e-06,4.29173e-06,0.424742,0.396174,0.67933,0.0490537,0.976499,-0.208644,0.0226019,-0.178981,0.0799403,0.739144,0.694609,0.287715,0.609158,-0.25232,0,0,0,0,0,0,0,0.00239842,0.00276899,-0.00541138,-0.000559587,0.621278,9.91481,1.75459,6.18115,-4.27529,-1.31779,-2.15973,0.847281,0,0,-12,0,0,0,0,0,6.20101,0,0,0,
0.492645,0.120926,0.84312,0.654518,0.466217,-0.509812,-0.307147,-3.26761e-07,4.68115e-07,9.64123e-07,-1.11441e-06,-9.617e-06,4.29169e-06,0.424742,0.396174,0.67933,0.0490537,0.976499,-0.208644,0.0226019,-0.178981,0.0799403,0.739144,0.694609,0.287715,0.609158,-0.25232,0,0,0,0,0,0,0,0.000291813,0.00355298,-0.00590676,-0.00517951,0.804307,9.91585,1.81825,6.16512,-4.30444,-1.33183,-2.12182,0.834967,0,0,-12,0,0,0,0,0,6.20101,0,0,0,
0.492645,0.120926,0.84312,0.654518,0.466217,-0.509812,-0.307147,-3.26761e-07,4.68115e-07,9.64123e-07,-1.11441e-06,-9.617e-06,4.29169e-06,0.424742,0.396174,0.67933,0.0490537,0.976499,-0.208644,0.0226019,-0.178981,0.0799403,0.739144,0.694609,0.287715,0.609158,-0.25232,0,0,0,0,0,0,0,0.00400774,0.00355353,-0.00590745,-0.00518073,0.799046,9.91603,1.80456,6.1681,-4.30244,-1.33118,-2.12314,0.835381,0,0,-12,0,0,0,0,0,6.20101,0,0,0,
0.492645,0.120926,0.843119,0.654518,0.466217,-0.509813,-0.307148,0,0,0,0,0,0,0.424742,0.396174,0.67933,0.0490537,0.976499,-0.208644,0.0226019,-0.178981,0.0799403,0.739144,0.694609,0.287715,0.609158,-0.25232,0,0,0,0,0,0,0,0.00354044,0.00434171,-0.00641168,-0.0098481,0.930494,9.91701,1.847,6.1574,-4.32301,-1.34138,-2.0961,0.826575,0,0,-12,0,0,0,0,0,6.20101,0,0,0,
0.492645,0.120926,0.843119,0.654518,0.466217,-0.509813,-0.307148,0,0,0,0,0,0,0.424742,0.396174,0.67933,0.0490537,0.976499,-0.208644,0.0226019,-0.178981,0.0799403,0.739144,0.694609,0.287715,0.609158,-0.25232,0,0,0,0,0,0,0,0.00248162,0.00356548,-0.00592136,-0.00526739,1.05809,9.91669,1.88931,6.14591,-4.34342,-1.35002,-2.06894,0.817888,0,0,-12,0,0,0,0,0,6.20101,0,0,0,
0.492645,0.120926,0.843119,0.654518,0.466217,-0.509813,-0.307148,0,0,0,0,0,0,0.424742,0.396174,0.67933,0.0490537,0.976499,-0.208644,0.0226019,-0.178981,0.0799403,0.739144,0.694609,0.287715,0.609158,-0.25232,0,0,0,0,0,0,0,0.00507118,0.00356605,-0.0059232,-0.00526745,1.19141,9.9172,1.92196,6.1368,-4.36345,-1.35946,-2.04124,0.808938,0,0,-12,0,0,0,0,0,6.20101,0,0,0,
0.492645,0.120926,0.843119,0.654518,0.466217,-0.509813,-0.307148,0,0,0,0,0,0,0.424742,0.396174,0.67933,0.0490537,0.976499,-0.208644,0.0226019,-0.178981,0.0799403,0.739144,0.694609,0.287715,0.609158,-0.25232,0,0,0,0,0,0,0,0.001808,0.00356659,-0.00592536,-0.00526709,1.3666,9.91752,1.98652,6.12026,-4.39187,-1.37235,-2.00445,0.79707,0,0,-12,0,0,0,0,0,6.20101,0,0,0,
0.492644,0.120926,0.843119,0.654518,0.466216,-0.509812,-0.307148,-1.68692e-06,-3.48929e-07,1.12975e-07,1.25532e-07,-2.17263e-06,-4.83587e-06,0.424742,0.396174,0.67933,0.049054,0.976499,-0.208644,0.0226019,-0.178981,0.0799403,0.739144,0.694609,0.287715,0.609158,-0.25232,0,0,0,0,0,0,0,0.000604786,0.00347467,-0.0059926,-0.0042156,1.11768,9.91675,1.91378,6.1398,-4.35338,-1.35431,-2.05627,0.813838,0,0,-12,0,0,0,0,0,6.20101,0,0,0,
0.492644,0.120926,0.843119,0.654518,0.466216,-0.509812,-0.307148,-1.68693e-06,-3.48933e-07,1.12976e-07,1.25533e-07,-2.17265e-06,-4.83592e-06,0.424742,0.396174,0.67933,0.049054,0.976499,-0.208644,0.0226019,-0.178981,0.0799403,0.739144,0.694609,0.287715,0.609158,-0.25232,0,0,0,0,0,0,0,-0.00218511,0.00356641,-0.00593025,-0.00524728,1.66283,9.91815,2.09073,6.09334,-4.43944,-1.39405,-1.94232,0.777026,0,0,-12,0,0,0,0,0,6.20101,0,0,0,
0.492645,0.120926,0.843119,0.654518,0.466217,-0.509813,-0.307148,3.27007e-07,-4.68469e-07,-9.64853e-07,1.11526e-06,9.62427e-06,-4.29493e-06,0.424742,0.396174,0.67933,0.0490537,0.976499,-0.208644,0.0226019,-0.178981,0.0799403,0.739144,0.694609,0.287715,0.609158,-0.25232,0,0,0,0,0,0,0,0.00418544,0.00365949,-0.00586219,-0.00630499,1.58798,9.91828,2.04696,6.10378,-4.42568,-1.38832,-1.95845,0.782179,0,0,-12,0,0,0,0,0,6.20101,0,0,0,
0.492645,0.120926,0.843119,0.654518,0.466217,-0.509813,-0.307148,3.27007e-07,-4.68469e-07,-9.64853e-07,1.11526e-06,9.62427e-06,-4.29493e-06,0.424742,0.396174,0.67933,0.0490537,0.976499,-0.208644,0.0226019,-0.178981,0.0799403,0.739144,0.694609,0.287715,0.609158,-0.25232,0,0,0,0,0,0,0,0.00489735,0.00356879,-0.00592949,-0.00527055,1.51926,9.91812,2.02351,6.10992,-4.41476,-1.38316,-1.97274,0.786824,0,0,-12,0,0,0,0,0,6.20101,0,0,0,
0.492645,0.120926,0.843119,0.654518,0.466217,-0.509813,-0.307148,0,0,0,0,0,0,0.424742,0.396174,0.67933,0.0490537,0.976499,-0.208644,0.0226019,-0.178981,0.0799403,0.739144,0.694609,0.287715,0.609158,-0.25232,0,0,0,0,0,0,0,0.000350345,0.00356933,-0.00593272,-0.00526905,1.82317,9.91874,2.13188,6.08199,-4.46371,-1.40545,-1.90898,0.766253,0,0,-12,0,0,0,0,0,6.20101,0,0,0,
0.492645,0.120926,0.843119,0.654518,0.466217,-0.509813,-0.307148,0,0,0,0,0,0,0.424742,0.396174,0.67933,0.0490537,0.976499,-0.208644,0.0226019,-0.178981,0.0799403,0.739144,0.694609,0.287715,0.609158,-0.25232,0,0,0,0,0,0,0,0.00411354,0.00356988,-0.0059357,-0.00526779,2.10013,9.91972,2.20497,6.06197,-4.50582,-1.42518,-1.85135,0.747634,0,0,-12,0,0,0,0,0,6.20101,0,0,0,
0.492645,0.120926,0.843119,0.654518,0.466217,-0.509813,-0.307148,0,0,0,0,0,0,0.424742,0.396174,0.67933,0.0490537,0.976499,-0.208644,0.0226019,-0.178981,0.0799403,0.739144,0.694609,0.287715,0.609158,-0.25232,0,0,0,0,0,0,0,0.00349345,0.00357044,-0.00593484,-0.00527077,1.90792,9.91914,2.14778,6.07723,-4.47596,-1.41134,-1.89146,0.760588,0,0,-12,0,0,0,0,0,6.20101,0,0,0,
0.492644,0.120926,0.843119,0.654518,0.466216,-0.509812,-0.307148,-1.68437e-06,-3.48402e-07,1.12804e-07,1.25342e-07,-2.16934e-06,-4.82856e-06,0.424742,0.396174,0.67933,0.049054,0.976499,-0.208644,0.0226019,-0.178981,0.0799403,0.739144,0.694609,0.287715,0.609158,-0.25232,0,0,0,0,0,0,0,0.00308653,0.00347688,-0.00600273,-0.00419924,1.80335,9.91882,2.11692,6.08553,-4.45979,-1.40366,-1.91317,0.767632,0,0,-12,0,0,0,0,0,6.20101,0,0,0,
0.492644,0.120926,0.843119,0.654518,0.466216,-0.509812,-0.307148,0,0,0,0,0,0,0.424742,0.396174,0.67933,0.049054,0.976499,-0.208644,0.0226019,-0.178981,0.0799403,0.739144,0.694609,0.287715,0.609158,-0.25232,0,0,0,0,0,0,0,0.00416222,0.00357026,-0.0059398,-0.00525085,2.21452,9.92004,2.24004,6.05266,-4.52369,-1.43344,-1.82745,0.739919,0,0,-12,0,0,0,0,0,6.20101,0,0,0,
0.492645,0.120926,0.843119,0.654518,0.466217,-0.509813,-0.307148,1.68438e-06,3.48406e-07,-1.12806e-07,-1.25343e-07,2.16937e-06,4.82861e-06,0.424742,0.396174,0.67933,0.0490537,0.976499,-0.208644,0.0226019,-0.178981,0.0799403,0.739144,0.694609,0.287715,0.609158,-0.25232,0,0,0,0,0,0,0,0.00272468,0.00366299,-0.00587763,-0.00630028,2.61411,9.9211,2.36777,6.01902,-4.58656,-1.46256,-1.744,0.712948,0,0,-12,0,0,0,0,0,6.20101,0,0,0,
0.492644,0.120926,0.843119,0.654518,0.466216,-0.509812,-0.307148,-1.68437e-06,-3.48402e-07,1.12804e-07,1.25342e-07,-2.16934e-06,-4.82856e-06,0.424742,0.396174,0.67933,0.049054,0.976499,-0.208644,0.0226019,-0.178981,0.0799403,0.739144,0.694609,0.287715,0.609158,-0.25232,0,0,0,0,0,0,0,0.00258389,0.00348026,-0.00600798,-0.00421694,2.42772,9.92056,2.31086,6.03422,-4.55756,-1.44881,-1.78271,0.725512,0,0,-12,0,0,0,0,0,6.20101,0,0,0,
0.492644,0.120926,0.84312,0.654518,0.466217,-0.509812,-0.307147,-2.00938e-06,1.19272e-07,1.0754e-06,-9.87501e-07,-1.17703e-05,-5.3971e-07,0.424742,0.396174,0.67933,0.049054,0.976499,-0.208644,0.0226019,-0.178981,0.0799403,0.739144,0.694609,0.287715,0.609158,-0.25232,0,0,0,0,0,0,0,0.0023258,0.00278068,-0.00542391,-0.000564262,2.61483,9.92045,2.36887,6.01837,-4.58698,-1.46182,-1.74326,0.712819,0,0,-12,0,0,0,0,0,6.20101,0,0,0,
0.492645,0.120926,0.843119,0.654518,0.466217,-0.509813,-0.307148,0,0,0,0,0,0,0.424742,0.396174,0.67933,0.0490537,0.976499,-0.208644,0.0226019,-0.178981,0.0799403,0.739144,0.694609,0.287715,0.609158,-0.25232,0,0,0,0,0,0,0,0.00119825,0.00443734,-0.00638879,-0.0108553,2.74633,9.92202,2.41388,6.00753,-4.60758,-1.47288,-1.71673,0.704074,0,0,-12,0,0,0,0,0,6.20101,0,0,0,
0.492645,0.120926,0.843119,0.654518,0.466217,-0.509813,-0.307148,0,0,0,0,0,0,0.424742,0.396174,0.67933,0.0490537,0.976499,-0.208644,0.0226019,-0.178981,0.0799403,0.739144,0.694609,0.287715,0.609158,-0.25232,0,0,0,0,0,0,0,0.0020265,0.00357428,-0.0059454,-0.00527317,2.58777,9.92099,2.36195,6.02073,-4.58271,-1.46056,-1.74935,0.714712,0,0,-12,0,0,0,0,0,6.20101,0,0,0,
0.492644,0.120926,0.843119,0.654518,0.466216,-0.509812,-0.307148,-1.68564e-06,-3.48665e-07,1.12889e-07,1.25437e-07,-2.17098e-06,-4.83221e-06,0.424742,0.396174,0.67933,0.049054,0.976499,-0.208644,0.0226019,-0.178981,0.0799403,0.739144,0.694609,0.287715,0.609158,-0.25232,0,0,0,0,0,0,0,0.0033743,0.00348319,-0.00601275,-0.00422629,2.84842,9.92179,2.43788,6.00042,-4.62309,-1.47914,-1.69487,0.697151,0,0,-12,0,0,0,0,0,6.20101,0,0,0,
0.492644,0.120926,0.843119,0.654518,0.466216,-0.509812,-0.307148,-1.68564e-06,-3.48665e-07,1.12889e-07,1.25437e-07,-2.17098e-06,-4.83221e-06,0.424742,0.396174,0.67933,0.049054,0.976499,-0.208644,0.0226019,-0.178981,0.0799403,0.739144,0.694609,0.287715,0.609158,-0.25232,0,0,0,0,0,0,0,0.000838724,0.00357411,-0.00595017,-0.00525346,2.87761,9.92175,2.45508,5.99626,-4.6284,-1.48159,-1.68873,0.695143,0,0,-12,0,0,0,0,0,6.20101,0,0,0,
0.492645,0.120926,0.843119,0.654518,0.466217,-0.509813,-0.307148,2.60847e-06,2.77603e-06,-4.65778e-07,2.1963e-07,2.8041e-06,1.00817e-05,0.424742,0.396174,0.67933,0.0490534,0.976499,-0.208644,0.0226019,-0.178981,0.0799403,0.739144,0.694609,0.287715,0.609158,-0.25232,0,0,0,0,0,0,0,0.00374515,0.00389427,-0.00602056,-0.0065375,3.07507,9.9228,2.50669,5.98237,-4.65833,-1.49582,-1.64779,0.681845,0,0,-12,0,0,0,0,0,6.20101,0,0,0,
0.492645,0.120926,0.843119,0.654518,0.466217,-0.509813,-0.307148,9.20861e-07,2.42526e-06,-3.52536e-07,3.44902e-07,6.31002e-07,5.24188e-06,0.424742,0.396174,0.67933,0.0490534,0.976499,-0.208644,0.0226019,-0.178981,0.0799403,0.739144,0.694609,0.287715,0.609158,-0.25232,0,0,0,0,0,0,0,0.00522049,0.00357966,-0.00595692,-0.00527592,3.33361,9.92327,2.58131,5.96204,-4.6983,-1.51421,-1.59373,0.66446,0,0,-12,0,0,0,0,0,6.20101,0,0,0,
0.492645,0.120926,0.843119,0.654518,0.466217,-0.509813,-0.307148,0,0,0,0,0,0,0.424742,0.396174,0.67933,0.0490537,0.976499,-0.208644,0.0226019,-0.178981,0.0799403,0.739144,0.694609,0.287715,0.609158,-0.25232,0,0,0,0,0,0,0,0.00108472,0.00335294,-0.00582584,-0.00503584,3.27493,9.92255,2.57641,5.96372,-4.69041,-1.51025,-1.60571,0.668382,0,0,-12,0,0,0,0,0,6.20101,0,0,0,
0.492645,0.120926,0.843119,0.654518,0.466217,-0.509813,-0.307148,1.68437e-06,3.48403e-07,-1.12804e-07,-1.25342e-07,2.16934e-06,4.82856e-06,0.424742,0.396174,0.67933,0.0490537,0.976499,-0.208644,0.0226019,-0.178981,0.0799403,0.739144,0.694609,0.287715,0.609158,-0.25232,0,0,0,0,0,0,0,0.00157678,0.00357759,-0.00595539,-0.00527428,3.28651,9.92294,2.57863,5.96338,-4.69209,-1.51108,-1.60335,0.667577,0,0,-12,0,0,0,0,0,6.20101,0,0,0,
0.492645,0.120926,0.843119,0.654518,0.466217,-0.509813,-0.307148,0,0,0,0,0,0,0.424742,0.396174,0.67933,0.0490537,0.976499,-0.208644,0.0226019,-0.178981,0.0799403,0.739144,0.694609,0.287715,0.609158,-0.25232,0,0,0,0,0,0,0,0.00183141,0.00357815,-0.0059575,-0.00527403,3.45418,9.92343,2.62945,5.94987,-4.71823,-1.52317,-1.56834,0.656273,0,0,-12,0,0,0,0,0,6.20101,0,0,0,
0.492645,0.120926,0.843119,0.654518,0.466217,-0.509813,-0.307148,0,0,0,0,0,0,0.424742,0.396174,0.67933,0.0490537,0.976499,-0.208644,0.0226019,-0.178981,0.0799403,0.739144,0.694609,0.287715,0.609158,-0.25232,0,0,0,0,0,0,0,0.0027297,0.00357869,-0.00595926,-0.00527408,3.58408,9.92384,2.66654,5.93989,-4.73825,-1.53249,-1.54126,0.647526,0,0,-12,0,0,0,0,0,6.20101,0,0,0,
0.492645,0.120926,0.843119,0.654518,0.466217,-0.509813,-0.307148,1.68437e-06,3.48403e-07,-1.12804e-07,-1.25342e-07,2.16934e-06,4.82856e-06,0.424742,0.396174,0.67933,0.0490537,0.976499,-0.208644,0.0226019,-0.178981,0.0799403,0.739144,0.694609,0.287715,0.609158,-0.25232,0,0,0,0,0,0,0,0.00443219,0.00357924,-0.00595926,-0.00527609,3.49747,9.92369,2.63434,5.94812,-4.72417,-1.52611,-1.55945,0.653395,0,0,-12,0,0,0,0,0,6.20101,0,0,0,
0.492645,0.120926,0.843119,0.654518,0.466217,-0.509813,-0.307148,1.68437e-06,3.48403e-07,-1.12804e-07,-1.25342e-07,2.16934e-06,4.82856e-06,0.424742,0.396174,0.67933,0.0490537,0.976499,-0.208644,0.0226019,-0.178981,0.0799403,0.739144,0.694609,0.287715,0.609158,-0.25232,0,0,0,0,0,0,0,0.00320134,0.0035798,-0.00596218,-0.00527493,3.7642,9.92438,2.72049,5.92551,-4.76626,-1.54547,-1.50366,0.635386,0,0,-12,0,0,0,0,0,6.20101,0,0,0,
0.492645,0.120926,0.843119,0.654518,0.466217,-0.509813,-0.307148,-9.20862e-07,-2.42526e-06,3.52536e-07,-3.44902e-07,-6.31002e-07,-5.24188e-06,0.424742,0.396174,0.67933,0.0490537,0.976499,-0.208644,0.0226019,-0.178981,0.0799403,0.739144,0.694609,0.287715,0.609158,-0.25232,0,0,0,0,0,0,0,0.00101096,0.00358035,-0.00596466,-0.00527423,3.9805,9.92488,2.79422,5.90635,-4.80077,-1.56125,-1.45834,0.620762,0,0,-12,0,0,0,0,0,6.20101,0,0,0,
0.492644,0.120926,0.843119,0.654518,0.466216,-0.509812,-0.307148,-2.60535e-06,-2.77707e-06,4.65788e-07,-2.20176e-07,-2.79966e-06,-1.00747e-05,0.424742,0.396174,0.67933,0.049054,0.976499,-0.208644,0.0226019,-0.178981,0.0799403,0.739144,0.694609,0.287715,0.609158,-0.25232,0,0,0,0,0,0,0,0.00351104,0.00348827,-0.00602644,-0.00421968,3.82809,9.92457,2.73919,5.92055,-4.7762,-1.54991,-1.49022,0.631078,0,0,-12,0,0,0,0,0,6.20101,0,0,0,
0.492644,0.120926,0.843119,0.654518,0.466216,-0.509812,-0.307148,-2.60535e-06,-2.77707e-06,4.65788e-07,-2.20176e-07,-2.79966e-06,-1.00747e-05,0.424742,0.396174,0.67933,0.049054,0.976499,-0.208644,0.0226019,-0.178981,0.0799403,0.739144,0.694609,0.287715,0.609158,-0.25232,0,0,0,0,0,0,0,-0.00110187,0.00358019,-0.00596593,-0.00525831,3.84958,9.9244,2.76076,5.91559,-4.78097,-1.55195,-1.48556,0.629557,0,0,-12,0,0,0,0,0,6.20101,0,0,0,
0.492645,0.120926,0.843119,0.654518,0.466217,-0.509813,-0.307148,0,0,0,0,0,0,0.424742,0.396174,0.67933,0.0490537,0.976499,-0.208644,0.0226019,-0.178981,0.0799403,0.739144,0.694609,0.287715,0.609158,-0.25232,0,0,0,0,0,0,0,0.00442628,0.00367395,-0.00590733,-0.00632024,4.20823,9.9257,2.85326,5.89006,-4.83524,-1.57761,-1.41108,0.60546,0,0,-12,0,0,0,0,0,6.20101,0,0,0,
0.492645,0.120926,0.843119,0.654518,0.466217,-0.509813,-0.307148,0,0,0,0,0,0,0.424742,0.396174,0.67933,0.0490537,0.976499,-0.208644,0.0226019,-0.178981,0.0799403,0.739144,0.694609,0.287715,0.609158,-0.25232,0,0,0,0,0,0,0,0.00394683,0.00358256,-0.00596834,-0.00527822,4.08143,9.92532,2.81578,5.90012,-4.81562,-1.56833,-1.43743,0.614002,0,0,-12,0,0,0,0,0,6.20101,0,0,0,
0.492644,0.120926,0.843119,0.654518,0.466216,-0.509812,-0.307148,-1.68692e-06,-3.48929e-07,1.12975e-07,1.25532e-07,-2.17263e-06,-4.83587e-06,0.424742,0.396174,0.67933,0.049054,0.976499,-0.208644,0.0226019,-0.178981,0.0799403,0.739144,0.694609,0.287715,0.609158,-0.25232,0,0,0,0,0,0,0,0.00280107,0.00349134,-0.00603119,-0.00423044,4.24685,9.92572,2.87048,5.88588,-4.84189,-1.58021,-1.40269,0.602823,0,0,-12,0,0,0,0,0,6.20101,0,0,0,
0.492645,0.120926,0.843119,0.654518,0.466217,-0.509813,-0.307148,0,0,0,0,0,0,0.424742,0.396174,0.67933,0.0490537,0.976499,-0.208644,0.0226019,-0.178981,0.0799403,0.739144,0.694609,0.287715,0.609158,-0.25232,0,0,0,0,0,0,0,0.000740357,0.00367513,-0.00591111,-0.00631786,4.27784,9.92571,2.88667,5.88185,-4.84729,-1.58291,-1.39631,0.600707,0,0,-12,0,0,0,0,0,6.20101,0,0,0,
0.492645,0.120926,0.843119,0.654518,0.466217,-0.509813,-0.307148,0,0,0,0,0,0,0.424742,0.396174,0.67933,0.0490537,0.976499,-0.208644,0.0226019,-0.178981,0.0799403,0.739144,0.694609,0.287715,0.609158,-0.25232,0,0,0,0,0,0,0,-0.00149423,0.00358421,-0.00597347,-0.00527862,4.44344,9.92606,2.94495,5.86684,-4.87393,-1.59488,-1.36147,0.589499,0,0,-12,0,0,0,0,0,6.20101,0,0,0,
0.492644,0.120926,0.843119,0.654518,0.466216,-0.509812,-0.307148,-1.68692e-06,-3.48929e-07,1.12975e-07,1.25532e-07,-2.17263e-06,-4.83587e-06,0.424742,0.396174,0.67933,0.049054,0.976499,-0.208644,0.0226019,-0.178981,0.0799403,0.739144,0.694609,0.287715,0.609158,-0.25232,0,0,0,0,0,0,0,0.00328521,0.00349207,-0.0060342,-0.00422263,4.37035,9.92609,2.90694,5.87613,-4.86105,-1.5891,-1.37692,0.594501,0,0,-12,0,0,0,0,0,6.20101,0,0,0,
0.492644,0.120926,0.843119,0.654518,0.466216,-0.509812,-0.307148,-1.68692e-06,-3.48929e-07,1.12975e-07,1.25532e-07,-2.17263e-06,-4.83587e-06,0.424742,0.396174,0.67933,0.049054,0.976499,-0.208644,0.0226019,-0.178981,0.0799403,0.739144,0.694609,0.287715,0.609158,-0.25232,0,0,0,0,0,0,0,-0.00335899,0.00358403,-0.00597542,-0.00526184,4.39913,9.92584,2.93736,5.86918,-4.8676,-1.59182,-1.37062,0.592457,0,0,-12,0,0,0,0,0,6.20101,0,0,0,
0.492645,0.120926,0.843119,0.654518,0.466217,-0.509813,-0.307148,1.68564e-06,3.48666e-07,-1.1289e-07,-1.25437e-07,2.17098e-06,4.83221e-06,0.424742,0.396174,0.67933,0.0490537,0.976499,-0.208644,0.0226019,-0.178981,0.0799403,0.739144,0.694609,0.287715,0.609158,-0.25232,0,0,0,0,0,0,0,0.00407519,0.00367455,-0.00592044,-0.00628715,4.7248,9.92715,3.01351,5.84766,-4.91611,-1.61495,-1.30314,0.570615,0,0,-12,0,0,0,0,0,6.20101,0,0,0,
0.492645,0.120926,0.843119,0.654518,0.466217,-0.509813,-0.307148,0,0,0,0,0,0,0.424742,0.396174,0.67933,0.0490537,0.976499,-0.208644,0.0226019,-0.178981,0.0799403,0.739144,0.694609,0.287715,0.609158,-0.25232,0,0,0,0,0,0,0,0.00456972,0.00358641,-0.00597877,-0.00528082,4.73684,9.9272,3.01563,5.84705,-4.91789,-1.61564,-1.30055,0.569807,0,0,-12,0,0,0,0,0,6.20101,0,0,0,
0.492644,0.120926,0.84312,0.654518,0.466217,-0.509812,-0.307147,-2.01088e-06,1.1936e-07,1.0762e-06,-9.88236e-07,-1.17791e-05,-5.40115e-07,0.424742,0.396174,0.67933,0.049054,0.976499,-0.208644,0.0226019,-0.178981,0.0799403,0.739144,0.694609,0.287715,0.609158,-0.25232,0,0,0,0,0,0,0,0.00299176,0.00272359,-0.00550181,0.000327091,4.83957,9.92679,3.05199,5.83728,-4.93462,-1.62236,-1.27844,0.562773,0,0,-12,0,0,0,0,0,6.20101,0,0,0,
0.492645,0.120926,0.843119,0.654518,0.466217,-0.509813,-0.307148,0,0,0,0,0,0,0.424742,0.396174,0.67933,0.0490537,0.976499,-0.208644,0.0226019,-0.178981,0.0799403,0.739144,0.694609,0.287715,0.609158,-0.25232,0,0,0,0,0,0,0,0.00308389,0.0044597,-0.00646366,-0.0109179,5.03263,9.9286,3.11198,5.82221,-4.96442,-1.63793,-1.23921,0.549912,0,0,-12,0,0,0,0,0,6.20101,0,0,0,
0.492645,0.120926,0.843119,0.654518,0.466217,-0.509813,-0.307148,1.68438e-06,3.48406e-07,-1.12806e-07,-1.25343e-07,2.16937e-06,4.82861e-06,0.424742,0.396174,0.67933,0.0490537,0.976499,-0.208644,0.0226019,-0.178981,0.0799403,0.739144,0.694609,0.287715,0.609158,-0.25232,0,0,0,0,0,0,0,0.0029566,0.00358806,-0.00598395,-0.00528112,5.10649,9.92817,3.13473,5.81577,-4.97619,-1.64246,-1.22323,0.54485,0,0,-12,0,0,0,0,0,6.20101,0,0,0,
0.492645,0.120926,0.843119,0.654518,0.466217,-0.509813,-0.307148,0,0,0,0,0,0,0.424742,0.396174,0.67933,0.0490537,0.976499,-0.208644,0.0226019,-0.178981,0.0799403,0.739144,0.694609,0.287715,0.609158,-0.25232,0,0,0,0,0,0,0,0.00219883,0.0035886,-0.00598409,-0.00528293,5.03746,9.92793,3.11593,5.82089,-4.96563,-1.63753,-1.2376,0.549494,0,0,-12,0,0,0,0,0,6.20101,0,0,0,
0.492645,0.120926,0.843119,0.654518,0.466217,-0.509813,-0.307148,0,0,0,0,0,0,0.424742,0.396174,0.67933,0.0490537,0.976499,-0.208644,0.0226019,-0.178981,0.0799403,0.739144,0.694609,0.287715,0.609158,-0.25232,0,0,0,0,0,0,0,0.00144491,0.00358915,-0.00598673,-0.00528207,5.27026,9.92855,3.19008,5.80137,-5.00227,-1.6544,-1.18892,0.53378,0,0,-12,0,0,0,0,0,6.20101,0,0,0,
0.492645,0.120926,0.843119,0.654518,0.466217,-0.509813,-0.307148,1.68437e-06,3.48403e-07,-1.12804e-07,-1.25342e-07,2.16934e-06,4.82856e-06,0.424742,0.396174,0.67933,0.0490537,0.976499,-0.208644,0.0226019,-0.178981,0.0799403,0.739144,0.694609,0.287715,0.609158,-0.25232,0,0,0,0,0,0,0,0.000130388,0.0035897,-0.0059877,-0.00528299,5.30206,9.92857,3.20414,5.79787,-5.00765,-1.6568,-1.1822,0.531615,0,0,-12,0,0,0,0,0,6.20101,0,0,0,
0.492644,0.120926,0.843119,0.654518,0.466216,-0.509812,-0.307148,-1.68309e-06,-3.48139e-07,1.12719e-07,1.25248e-07,-2.16771e-06,-4.82492e-06,0.424742,0.396174,0.67933,0.049054,0.976499,-0.208644,0.0226019,-0.178981,0.0799403,0.739144,0.694609,0.287715,0.609158,-0.25232,0,0,0,0,0,0,0,0.0044737,0.00349913,-0.0060486,-0.00424054,5.66917,9.92983,3.30314,5.77092,-5.06373,-1.68285,-1.10566,0.50692,0,0,-12,0,0,0,0,0,6.20101,0,0,0,
0.492645,0.120926,0.843119,0.654518,0.466217,-0.509813,-0.307148,0,0,0,0,0,0,0.424742,0.396174,0.67933,0.0490537,0.976499,-0.208644,0.0226019,-0.178981,0.0799403,0.739144,0.694609,0.287715,0.609158,-0.25232,0,0,0,0,0,0,0,0.00186601,0.00368213,-0.00593548,-0.00631933,5.71265,9.92983,3.32495,5.7655,-5.07125,-1.68648,-1.09664,0.503954,0,0,-12,0,0,0,0,0,6.20101,0,0,0,
0.492645,0.120926,0.843119,0.654518,0.466217,-0.509813,-0.307148,1.68564e-06,3.48666e-07,-1.1289e-07,-1.25437e-07,2.17098e-06,4.83221e-06,0.424742,0.396174,0.67933,0.0490537,0.976499,-0.208644,0.0226019,-0.178981,0.0799403,0.739144,0.694609,0.287715,0.609158,-0.25232,0,0,0,0,0,0,0,0.00200792,0.00359135,-0.00599107,-0.00528531,5.45253,9.9291,3.2444,5.78688,-5.03058,-1.66753,-1.15088,0.521497,0,0,-12,0,0,0,0,0,6.20101,0,0,0,
0.492644,0.120926,0.843119,0.654518,0.466216,-0.509812,-0.307148,0,0,0,0,0,0,0.424742,0.396174,0.67933,0.049054,0.976499,-0.208644,0.0226019,-0.178981,0.0799403,0.739144,0.694609,0.287715,0.609158,-0.25232,0,0,0,0,0,0,0,0.0017719,0.0034995,-0.00605192,-0.00422845,5.80979,9.93009,3.35523,5.75759,-5.08656,-1.6932,-1.07612,0.497392,0,0,-12,0,0,0,0,0,6.20101,0,0,0,
0.492645,0.120926,0.843119,0.654518,0.466217,-0.509813,-0.307148,0,0,0,0,0,0,0.424742,0.396174,0.67933,0.0490537,0.976499,-0.208644,0.0226019,-0.178981,0.0799403,0.739144,0.694609,0.287715,0.609158,-0.25232,0,0,0,0,0,0,0,0.00588507,0.00368299,-0.00593966,-0.00631316,5.81104,9.93032,3.34221,5.76023,-5.08536,-1.69329,-1.07632,0.497383,0,0,-12,0,0,0,0,0,6.20101,0,0,0,
0.492645,0.120926,0.843119,0.654518,0.466217,-0.509813,-0.307148,0,0,0,0,0,0,0.424742,0.396174,0.67933,0.0490537,0.976499,-0.208644,0.0226019,-0.178981,0.0799403,0.739144,0.694609,0.287715,0.609158,-0.25232,0,0,0,0,0,0,0,0.00697958,0.00359301,-0.00599571,-0.00528624,5.75444,9.93021,3.32124,5.76564,-5.07621,-1.68897,-1.08811,0.501214,0,0,-12,0,0,0,0,0,6.20101,0,0,0,
0.492644,0.120926,0.843119,0.654518,0.466216,-0.509812,-0.307148,-1.68564e-06,-3.48665e-07,1.12889e-07,1.25437e-07,-2.17098e-06,-4.83221e-06,0.424742,0.396174,0.67933,0.049054,0.976499,-0.208644,0.0226019,-0.178981,0.0799403,0.739144,0.694609,0.287715,0.609158,-0.25232,0,0,0,0,0,0,0,0.000318679,0.00350263,-0.00605411,-0.00424697,6.00987,9.93058,3.42157,5.74026,-5.1183,-1.70777,-1.03424,0.483875,0,0,-12,0,0,0,0,0,6.20101,0,0,0,
0.492645,0.120926,0.843119,0.654518,0.466217,-0.509813,-0.307148,0,0,0,0,0,0,0.424742,0.396174,0.67933,0.0490537,0.976499,-0.208644,0.0226019,-0.178981,0.0799403,0.739144,0.694609,0.287715,0.609158,-0.25232,0,0,0,0,0,0,0,0.00111099,0.00368635,-0.00594558,-0.00633172,6.30706,9.93147,3.51049,5.71646,-5.16442,-1.72948,-0.972414,0.463852,0,0,-12,0,0,0,0,0,6.20101,0,0,0,
0.492645,0.120926,0.843119,0.654518,0.466217,-0.509813,-0.307148,1.68311e-06,3.48143e-07,-1.1272e-07,-1.25249e-07,2.16773e-06,4.82496e-06,0.424742,0.396174,0.67933,0.0490537,0.976499,-0.208644,0.0226019,-0.178981,0.0799403,0.739144,0.694609,0.287715,0.609158,-0.25232,0,0,0,0,0,0,0,0.00340579,0.00359465,-0.0059998,-0.00528776,5.99063,9.93069,3.4056,5.74391,-5.11427,-1.7063,-1.03855,0.485226,0,0,-12,0,0,0,0,0,6.20101,0,0,0,
0.492644,0.120926,0.843119,0.654518,0.466216,-0.509812,-0.307148,-1.68182e-06,-3.47876e-07,1.12634e-07,1.25153e-07,-2.16607e-06,-4.82128e-06,0.424742,0.396174,0.67933,0.049054,0.976499,-0.208644,0.0226019,-0.178981,0.0799403,0.739144,0.694609,0.287715,0.609158,-0.25232,0,0,0,0,0,0,0,0.00251935,0.00350356,-0.00605716,-0.00424111,6.15584,9.93111,3.45939,5.72986,-5.14043,-1.71815,-1.00387,0.474064,0,0,-12,0,0,0,0,0,6.20101,0,0,0,
0.492645,0.120926,0.843119,0.654518,0.466217,-0.509813,-0.307148,0,0,0,0,0,0,0.424742,0.396174,0.67933,0.0490537,0.976499,-0.208644,0.0226019,-0.178981,0.0799403,0.739144,0.694609,0.287715,0.609158,-0.25232,0,0,0,0,0,0,0,0.00371518,0.00368614,-0.00595107,-0.00631262,6.48601,9.93211,3.55715,5.70365,-5.19157,-1.74222,-0.935186,0.451825,0,0,-12,0,0,0,0,0,6.20101,0,0,0,
0.492645,0.120926,0.843119,0.654518,0.466217,-0.509813,-0.307148,0,0,0,0,0,0,0.424742,0.396174,0.67933,0.0490537,0.976499,-0.208644,0.0226019,-0.178981,0.0799403,0.739144,0.694609,0.287715,0.609158,-0.25232,0,0,0,0,0,0,0,0.00425413,0.00359631,-0.00600669,-0.00528622,6.56695,9.93236,3.58036,5.69745,-5.2041,-1.74787,-0.918202,0.44637,0,0,-12,0,0,0,0,0,6.20101,0,0,0,
0.492644,0.120926,0.843119,0.654518,0.466216,-0.509812,-0.307148,-1.68309e-06,-3.48139e-07,1.12719e-07,1.25248e-07,-2.16771e-06,-4.82492e-06,0.424742,0.396174,0.67933,0.049054,0.976499,-0.208644,0.0226019,-0.178981,0.0799403,0.739144,0.694609,0.287715,0.609158,-0.25232,0,0,0,0,0,0,0,0.00163903,0.00350583,-0.00606297,-0.00424647,6.74045,9.93271,3.64231,5.68153,-5.2321,-1.76045,-0.881691,0.434621,0,0,-12,0,0,0,0,0,6.20101,0,0,0,
0.492645,0.120926,0.843119,0.654518,0.466217,-0.509813,-0.307148,0,0,0,0,0,0,0.424742,0.396174,0.67933,0.0490537,0.976499,-0.208644,0.0226019,-0.178981,0.0799403,0.739144,0.694609,0.287715,0.609158,-0.25232,0,0,0,0,0,0,0,-0.000497872,0.0036892,-0.00595337,-0.00633215,6.51727,9.93199,3.58047,5.6982,-5.19779,-1.74479,-0.928402,0.449649,0,0,-12,0,0,0,0,0,6.20101,0,0,0,
0.492645,0.120926,0.843119,0.654518,0.466217,-0.509813,-0.307148,1.68309e-06,3.4814e-07,-1.12719e-07,-1.25248e-07,2.16771e-06,4.82492e-06,0.424742,0.396174,0.67933,0.0490537,0.976499,-0.208644,0.0226019,-0.178981,0.0799403,0.739144,0.694609,0.287715,0.609158,-0.25232,0,0,0,0,0,0,0,0.00390387,0.00359796,-0.0060124,-0.00528599,7.00106,9.93357,3.71521,5.66177,-5.27208,-1.77926,-0.827492,0.417086,0,0,-12,0,0,0,0,0,6.20101,0,0,0,
0.492645,0.120926,0.843119,0.654518,0.466217,-0.509813,-0.307148,0,0,0,0,0,0,0.424742,0.396174,0.67933,0.0490537,0.976499,-0.208644,0.0226019,-0.178981,0.0799403,0.739144,0.694609,0.287715,0.609158,-0.25232,0,0,0,0,0,0,0,0.004009,0.00359851,-0.00601334,-0.00528693,7.03163,9.93367,3.72428,5.65935,-5.27682,-1.78146,-0.821113,0.415026,0,0,-12,0,0,0,0,0,6.20101,0,0,0,
0.492645,0.120926,0.843119,0.654518,0.466217,-0.509813,-0.307148,0,0,0,0,0,0,0.424742,0.396174,0.67933,0.0490537,0.976499,-0.208644,0.0226019,-0.178981,0.0799403,0.739144,0.694609,0.287715,0.609158,-0.25232,0,0,0,0,0,0,0,-0.00119809,0.00359906,-0.00601368,-0.00528858,6.98566,9.93327,3.72703,5.65953,-5.27128,-1.77853,-0.830402,0.418043,0,0,-12,0,0,0,0,0,6.20101,0,0,0,
0.492645,0.120926,0.843119,0.654518,0.466217,-0.509813,-0.307148,0,0,0,0,0,0,0.424742,0.396174,0.67933,0.0490537,0.976499,-0.208644,0.0226019,-0.178981,0.0799403,0.739144,0.694609,0.287715,0.609158,-0.25232,0,0,0,0,0,0,0,0.000335984,0.00359961,-0.00601621,-0.00528779,7.20879,9.93398,3.79078,5.64237,-5.30568,-1.79453,-0.783881,0.403018,0,0,-12,0,0,0,0,0,6.20101,0,0,0,
0.492645,0.120926,0.843119,0.654518,0.466217,-0.509813,-0.307148,0,0,0,0,0,0,0.424742,0.396174,0.67933,0.0490537,0.976499,-0.208644,0.0226019,-0.178981,0.0799403,0.739144,0.694609,0.287715,0.609158,-0.25232,0,0,0,0,0,0,0,0.00646331,0.00360017,-0.00601859,-0.00528722,7.41194,9.93487,3.83345,5.62999,-5.33551,-1.80876,-0.741809,0.389415,0,0,-12,0,0,0,0,0,6.20101,0,0,0,
0.492645,0.120926,0.843119,0.654518,0.466217,-0.509813,-0.307148,0,0,0,0,0,0,0.424742,0.396174,0.67933,0.0490537,0.976499,-0.208644,0.0226019,-0.178981,0.0799403,0.739144,0.694609,0.287715,0.609158,-0.25232,0,0,0,0,0,0,0,0.00368962,0.00360071,-0.00602103,-0.00528651,7.62652,9.93533,3.90855,5.61057,-5.36993,-1.82446,-0.696816,0.374898,0,0,-12,0,0,0,0,0,6.20101,0,0,0,
0.492644,0.120926,0.84312,0.654518,0.466217,-0.509812,-0.307147,-2.01265e-06,1.19804e-07,1.07774e-06,-9.89825e-07,-1.17952e-05,-5.3728e-07,0.424742,0.396174,0.67933,0.049054,0.976499,-0.208644,0.0226019,-0.178981,0.0799403,0.739144,0.694609,0.287715,0.609158,-0.25232,0,0,0,0,0,0,0,0.00281251,0.00271911,-0.005496,0.000437486,7.49244,9.93427,3.86968,5.6206,-5.34943,-1.81402,-0.724215,0.383836,0,0,-12,0,0,0,0,0,6.20101,0,0,0,
0.492644,0.120926,0.843119,0.654518,0.466216,-0.509812,-0.307148,0,0,0,0,0,0,0.424742,0.396174,0.67933,0.049054,0.976499,-0.208644,0.0226019,-0.178981,0.0799403,0.739144,0.694609,0.287715,0.609158,-0.25232,0,0,0,0,0,0,0,-0.000749936,0.00438025,-0.00659094,-0.00985854,7.67554,9.93587,3.93851,5.60389,-5.37887,-1.82899,-0.686745,0.3716,0,0,-12,0,0,0,0,0,6.20101,0,0,0,
0.492645,0.120926,0.843119,0.654518,0.466217,-0.509813,-0.307148,0,0,0,0,0,0,0.424742,0.396174,0.67933,0.0490537,0.976499,-0.208644,0.0226019,-0.178981,0.0799403,0.739144,0.694609,0.287715,0.609158,-0.25232,0,0,0,0,0,0,0,0.00357936,0.00369133,-0.00597331,-0.00630053,7.69929,9.93554,3.93131,5.60452,-5.38129,-1.82988,-0.681711,0.369993,0,0,-12,0,0,0,0,0,6.20101,0,0,0,
0.492644,0.120926,0.843119,0.654518,0.466216,-0.509812,-0.307148,-1.68437e-06,-3.48402e-07,1.12804e-07,1.25342e-07,-2.16934e-06,-4.82856e-06,0.424742,0.396174,0.67933,0.049054,0.976499,-0.208644,0.0226019,-0.178981,0.0799403,0.739144,0.694609,0.287715,0.609158,-0.25232,0,0,0,0,0,0,0,0.00144539,0.00351215,-0.00607621,-0.00425357,7.77156,9.93562,3.96054,5.59723,-5.39336,-1.83496,-0.666274,0.365074,0,0,-12,0,0,0,0,0,6.20101,0,0,0,
0.492645,0.120926,0.843119,0.654518,0.466217,-0.509813,-0.307148,9.20861e-07,2.42526e-06,-3.52536e-07,3.44902e-07,6.31002e-07,5.24188e-06,0.424742,0.396174,0.67933,0.0490534,0.976499,-0.208644,0.0226019,-0.178981,0.0799403,0.739144,0.694609,0.287715,0.609158,-0.25232,0,0,0,0,0,0,0,-0.000767435,0.00392414,-0.00611432,-0.00656064,8.23299,9.93717,4.11006,5.55824,-5.46613,-1.86878,-0.569985,0.333898,0,0,-12,0,0,0,0,0,6.20101,0,0,0,
0.492645,0.120926,0.843119,0.654518,0.466217,-0.509813,-0.307148,9.20861e-07,2.42526e-06,-3.52536e-07,3.44902e-07,6.31002e-07,5.24188e-06,0.424742,0.396174,0.67933,0.0490534,0.976499,-0.208644,0.0226019,-0.178981,0.0799403,0.739144,0.694609,0.287715,0.609158,-0.25232,0,0,0,0,0,0,0,0.00514063,0.00360719,-0.00603216,-0.00529361,8.1558,9.93691,4.06687,5.56836,-5.45222,-1.8626,-0.586332,0.339225,0,0,-12,0,0,0,0,0,6.20101,0,0,0,
0.492644,0.120926,0.843119,0.654518,0.466216,-0.509812,-0.307148,-1.68437e-06,-3.48402e-07,1.12804e-07,1.25342e-07,-2.16934e-06,-4.82856e-06,0.424742,0.396174,0.67933,0.049054,0.976499,-0.208644,0.0226019,-0.178981,0.0799403,0.739144,0.694609,0.287715,0.609158,-0.25232,0,0,0,0,0,0,0,0.00640146,0.00328709,-0.00594645,-0.0040092,7.91225,9.93593,3.98752,5.58887,-5.41376,-1.84473,-0.637152,0.355696,0,0,-12,0,0,0,0,0,6.20101,0,0,0,
0.492644,0.120926,0.843119,0.654518,0.466216,-0.509812,-0.307148,-1.68437e-06,-3.48402e-07,1.12804e-07,1.25342e-07,-2.16934e-06,-4.82856e-06,0.424742,0.396174,0.67933,0.049054,0.976499,-0.208644,0.0226019,-0.178981,0.0799403,0.739144,0.694609,0.287715,0.609158,-0.25232,0,0,0,0,0,0,0,0.000451189,0.00360385,-0.00603242,-0.00527119,8.24581,9.93692,4.10982,5.5578,-5.46778,-1.86944,-0.567243,0.333077,0,0,-12,0,0,0,0,0,6.20101,0,0,0,
0.492645,0.120926,0.843119,0.654518,0.466217,-0.509813,-0.307148,2.00987e-06,-1.19972e-07,-1.07684e-06,9.89165e-07,1.17847e-05,5.33276e-07,0.424742,0.396174,0.67933,0.0490537,0.976499,-0.208644,0.0226019,-0.178981,0.0799403,0.739144,0.694609,0.287715,0.609158,-0.25232,0,0,0,0,0,0,0,0.00320986,0.00369511,-0.00598427,-0.00630732,8.36564,9.9374,4.13775,5.54987,-5.48559,-1.87805,-0.542484,0.325045,0,0,-12,0,0,0,0,0,6.20101,0,0,0,
0.492645,0.120926,0.843119,0.654518,0.466217,-0.509813,-0.307148,1.68309e-06,3.4814e-07,-1.12719e-07,-1.25248e-07,2.16771e-06,4.82492e-06,0.424742,0.396174,0.67933,0.0490537,0.976499,-0.208644,0.0226019,-0.178981,0.0799403,0.739144,0.694609,0.287715,0.609158,-0.25232,0,0,0,0,0,0,0,0.00521265,0.00360622,-0.00603424,-0.00529198,8.38056,9.93754,4.13586,5.55007,-5.48733,-1.87883,-0.539382,0.324066,0,0,-12,0,0,0,0,0,6.20101,0,0,0,
0.492645,0.120926,0.84312,0.654518,0.466217,-0.509812,-0.307147,-3.27256e-07,4.68824e-07,9.65582e-07,-1.1161e-06,-9.63155e-06,4.29818e-06,0.424742,0.396174,0.67933,0.0490537,0.976499,-0.208644,0.0226019,-0.178981,0.0799403,0.739144,0.694609,0.287715,0.609158,-0.25232,0,0,0,0,0,0,0,0.00273067,0.00284023,-0.00546563,-0.00075692,8.70825,9.93773,4.24442,5.52126,-5.53947,-1.90203,-0.470342,0.30184,0,0,-12,0,0,0,0,0,6.20101,0,0,0,
0.492645,0.120926,0.843119,0.654518,0.466217,-0.509813,-0.307148,1.68309e-06,3.4814e-07,-1.12719e-07,-1.25248e-07,2.16771e-06,4.82492e-06,0.424742,0.396174,0.67933,0.0490537,0.976499,-0.208644,0.0226019,-0.178981,0.0799403,0.739144,0.694609,0.287715,0.609158,-0.25232,0,0,0,0,0,0,0,0.0044363,0.00439355,-0.00662338,-0.00991663,8.86697,9.93951,4.28865,5.51019,-5.56349,-1.91469,-0.438163,0.29133,0,0,-12,0,0,0,0,0,6.20101,0,0,0,
0.492644,0.120926,0.843119,0.654518,0.466216,-0.509812,-0.307148,-1.68692e-06,-3.48929e-07,1.12975e-07,1.25532e-07,-2.17263e-06,-4.83587e-06,0.424742,0.396174,0.67933,0.049054,0.976499,-0.208644,0.0226019,-0.178981,0.0799403,0.739144,0.694609,0.287715,0.609158,-0.25232,0,0,0,0,0,0,0,0.00565796,0.00351603,-0.00608862,-0.00424358,8.734,9.93856,4.2433,5.52156,-5.5425,-1.90418,-0.465465,0.300229,0,0,-12,0,0,0,0,0,6.20101,0,0,0,
0.492645,0.120926,0.843119,0.654518,0.466217,-0.509813,-0.307148,-9.22952e-07,-2.43077e-06,3.53336e-07,-3.45685e-07,-6.32434e-07,-5.25378e-06,0.424742,0.396174,0.67933,0.0490537,0.976499,-0.208644,0.0226019,-0.178981,0.0799403,0.739144,0.694609,0.287715,0.609158,-0.25232,0,0,0,0,0,0,0,0.00257415,0.00367655,-0.00600533,-0.00606471,8.92303,9.93895,4.3115,5.50394,-5.57294,-1.91833,-0.425976,0.287441,0,0,-12,0,0,0,0,0,6.20101,0,0,0,
0.492645,0.120926,0.843119,0.654518,0.466217,-0.509813,-0.307148,1.68693e-06,3.48934e-07,-1.12976e-07,-1.25533e-07,2.17265e-06,4.83592e-06,0.424742,0.396174,0.67933,0.0490537,0.976499,-0.208644,0.0226019,-0.178981,0.0799403,0.739144,0.694609,0.287715,0.609158,-0.25232,0,0,0,0,0,0,0,0.00283001,0.00360916,-0.00604274,-0.00529331,8.96242,9.93907,4.32282,5.50093,-5.57905,-1.92104,-0.417683,0.284784,0,0,-12,0,0,0,0,0,6.20101,0,0,0,
0.492644,0.120926,0.843119,0.654518,0.466216,-0.509812,-0.307148,0,0,0,0,0,0,0.424742,0.396174,0.67933,0.049054,0.976499,-0.208644,0.0226019,-0.178981,0.0799403,0.739144,0.694609,0.287715,0.609158,-0.25232,0,0,0,0,0,0,0,0.00178901,0.00351719,-0.00609385,-0.00423621,9.15032,9.93954,4.3841,5.48492,-5.60881,-1.93454,-0.378257,0.272087,0,0,-12,0,0,0,0,0,6.20101,0,0,0,
0.492644,0.120926,0.843119,0.654518,0.466216,-0.509812,-0.307148,-1.68692e-06,-3.48929e-07,1.12975e-07,1.25532e-07,-2.17263e-06,-4.83587e-06,0.424742,0.396174,0.67933,0.049054,0.976499,-0.208644,0.0226019,-0.178981,0.0799403,0.739144,0.694609,0.287715,0.609158,-0.25232,0,0,0,0,0,0,0,-0.00123758,0.00360898,-0.00604738,-0.00527332,9.28167,9.93976,4.43436,5.47209,-5.63025,-1.9444,-0.350742,0.263186,0,0,-12,0,0,0,0,0,6.20101,0,0,0,
0.492645,0.120926,0.843119,0.654518,0.466217,-0.509813,-0.307148,0,0,0,0,0,0,0.424742,0.396174,0.67933,0.0490537,0.976499,-0.208644,0.0226019,-0.178981,0.0799403,0.739144,0.694609,0.287715,0.609158,-0.25232,0,0,0,0,0,0,0,0.00537629,0.0037009,-0.00600188,-0.00631636,9.47005,9.94064,4.47089,5.4612,-5.65756,-1.95768,-0.311895,0.250594,0,0,-12,0,0,0,0,0,6.20101,0,0,0,
0.492645,0.120926,0.843119,0.654518,0.466217,-0.509813,-0.307148,3.26516e-07,-4.67767e-07,-9.63405e-07,1.11358e-06,9.60983e-06,-4.28849e-06,0.424742,0.396174,0.67933,0.0490537,0.976499,-0.208644,0.0226019,-0.178981,0.0799403,0.739144,0.694609,0.287715,0.609158,-0.25232,0,0,0,0,0,0,0,0.00810714,0.00361136,-0.00605011,-0.00529319,9.52347,9.94093,4.4785,5.45876,-5.6651,-1.96119,-0.300794,0.247028,0,0,-12,0,0,0,0,0,6.20101,0,0,0,
0.492645,0.120926,0.843119,0.654518,0.466217,-0.509813,-0.307148,0,0,0,0,0,0,0.424742,0.396174,0.67933,0.0490537,0.976499,-0.208644,0.0226019,-0.178981,0.0799403,0.739144,0.694609,0.287715,0.609158,-0.25232,0,0,0,0,0,0,0,0.00322318,0.00361191,-0.00605146,-0.00529372,9.60285,9.9409,4.51881,5.44893,-5.67905,-1.96728,-0.283916,0.241596,0,0,-12,0,0,0,0,0,6.20101,0,0,0,
0.492644,0.120926,0.843119,0.654518,0.466216,-0.509812,-0.307148,0,0,0,0,0,0,0.424742,0.396174,0.67933,0.049054,0.976499,-0.208644,0.0226019,-0.178981,0.0799403,0.739144,0.694609,0.287715,0.609158,-0.25232,0,0,0,0,0,0,0,0.00356641,0.00352172,-0.00610166,-0.00425516,9.96011,9.94192,4.62775,5.42004,-5.73485,-1.99291,-0.209195,0.217499,0,0,-12,0,0,0,0,0,6.20101,0,0,0,
0.492645,0.120926,0.843119,0.654518,0.466217,-0.509813,-0.307148,1.68437e-06,3.48403e-07,-1.12804e-07,-1.25342e-07,2.16934e-06,4.82856e-06,0.424742,0.396174,0.67933,0.0490537,0.976499,-0.208644,0.0226019,-0.178981,0.0799403,0.739144,0.694609,0.287715,0.609158,-0.25232,0,0,0,0,0,0,0,0.00555589,0.00370524,-0.00600989,-0.00633999,10.1173,9.94248,4.66965,5.4085,-5.75869,-2.00442,-0.176702,0.206946,0,0,-12,0,0,0,0,0,6.20101,0,0,0,
0.492645,0.120926,0.843119,0.654518,0.466217,-0.509813,-0.307148,0,0,0,0,0,0,0.424742,0.396174,0.67933,0.0490537,0.976499,-0.208644,0.0226019,-0.178981,0.0799403,0.739144,0.694609,0.287715,0.609158,-0.25232,0,0,0,0,0,0,0,0.00249857,0.00361356,-0.00605531,-0.0052955,9.82253,9.94148,4.58883,5.4305,-5.71362,-1.9832,-0.237979,0.226768,0,0,-12,0,0,0,0,0,6.20101,0,0,0,
0.492644,0.120926,0.843119,0.654518,0.466216,-0.509812,-0.307148,0,0,0,0,0,0,0.424742,0.396174,0.67933,0.049054,0.976499,-0.208644,0.0226019,-0.178981,0.0799403,0.739144,0.694609,0.287715,0.609158,-0.25232,0,0,0,0,0,0,0,-0.000739455,0.00352138,-0.00610426,-0.00423598,10.0034,9.94182,4.65508,5.41355,-5.74298,-1.99636,-0.199884,0.214508,0,0,-12,0,0,0,0,0,6.20101,0,0,0,
0.492645,0.120926,0.843119,0.654518,0.466217,-0.509813,-0.307148,1.68309e-06,3.4814e-07,-1.12719e-07,-1.25248e-07,2.16771e-06,4.82492e-06,0.424742,0.396174,0.67933,0.0490537,0.976499,-0.208644,0.0226019,-0.178981,0.0799403,0.739144,0.694609,0.287715,0.609158,-0.25232,0,0,0,0,0,0,0,3.94459e-05,0.00370489,-0.00601662,-0.00631778,10.4635,9.94317,4.7942,5.37645,-5.81456,-2.02984,-0.104039,0.183506,0,0,-12,0,0,0,0,0,6.20101,0,0,0,
0.492645,0.120926,0.84312,0.654518,0.466217,-0.509812,-0.307147,1.35861e-06,8.17132e-07,8.51964e-07,-1.24069e-06,-7.4533e-06,9.1271e-06,0.424742,0.396174,0.67933,0.0490537,0.976499,-0.208644,0.0226019,-0.178981,0.0799403,0.739144,0.694609,0.287715,0.609158,-0.25232,0,0,0,0,0,0,0,0.00215426,0.00282216,-0.00545272,-0.000605974,10.5221,9.94281,4.80497,5.37279,-5.82323,-2.0331,-0.0913625,0.179486,0,0,-12,0,0,0,0,0,6.20101,0,0,0,
0.492644,0.120926,0.84312,0.654518,0.466217,-0.509812,-0.307147,-2.01139e-06,1.20064e-07,1.07766e-06,-9.89919e-07,-1.17936e-05,-5.33678e-07,0.424742,0.396174,0.67933,0.049054,0.976499,-0.208644,0.0226019,-0.178981,0.0799403,0.739144,0.694609,0.287715,0.609158,-0.25232,0,0,0,0,0,0,0,0.00200845,0.00351229,-0.00609965,-0.00414711,10.8573,9.94437,4.90914,5.34574,-5.8756,-2.05783,-0.0216708,0.156959,0,0,-12,0,0,0,0,0,6.20101,0,0,0,
0.492645,0.120926,0.843119,0.654518,0.466217,-0.509813,-0.307148,0,0,0,0,0,0,0.424742,0.396174,0.67933,0.0490537,0.976499,-0.208644,0.0226019,-0.178981,0.0799403,0.739144,0.694609,0.287715,0.609158,-0.25232,0,0,0,0,0,0,0,0.00479393,0.00448622,-0.00661908,-0.0109096,10.7388,9.94482,4.86401,5.3576,-5.85597,-2.05004,-0.0472491,0.165101,0,0,-12,0,0,0,0,0,6.20101,0,0,0,
0.492644,0.120926,0.843119,0.654518,0.466216,-0.509812,-0.307148,-1.68692e-06,-3.48929e-07,1.12975e-07,1.25532e-07,-2.17263e-06,-4.83587e-06,0.424742,0.396174,0.67933,0.049054,0.976499,-0.208644,0.0226019,-0.178981,0.0799403,0.739144,0.694609,0.287715,0.609158,-0.25232,0,0,0,0,0,0,0,0.00652544,0.00352508,-0.00611317,-0.00424478,10.9262,9.9448,4.91571,5.34321,-5.88495,-2.06249,-0.00755175,0.152388,0,0,-12,0,0,0,0,0,6.20101,0,0,0,
0.492644,0.120926,0.843119,0.654518,0.466216,-0.509812,-0.307148,-1.68692e-06,-3.48929e-07,1.12975e-07,1.25532e-07,-2.17263e-06,-4.83587e-06,0.424742,0.396174,0.67933,0.049054,0.976499,-0.208644,0.0226019,-0.178981,0.0799403,0.739144,0.694609,0.287715,0.609158,-0.25232,0,0,0,0,0,0,0,-0.000294591,0.00361611,-0.00607026,-0.00527386,11.0134,9.9447,4.9647,5.33137,-5.90069,-2.06944,0.0109788,0.146402,0,0,-12,0,0,0,0,0,6.20101,0,0,0,
0.492645,0.120926,0.843119,0.654518,0.466217,-0.509813,-0.307148,1.68692e-06,3.48931e-07,-1.12975e-07,-1.25532e-07,2.17263e-06,4.83587e-06,0.424742,0.396174,0.67933,0.0490535,0.976499,-0.208644,0.0226018,-0.178981,0.0799403,0.739144,0.694609,0.287715,0.609158,-0.25232,0,0,0,0,0,0,0,-0.00195437,0.0037648,-0.0060028,-0.00696366,11.4215,9.94578,5.09576,5.29685,-5.96493,-2.09929,0.0961591,0.118863,0,0,-12,0,0,0,0,0,6.20101,0,0,0,
0.492645,0.120926,0.843119,0.654518,0.466217,-0.509813,-0.307148,1.68692e-06,3.4893e-07,-1.12975e-07,-1.25532e-07,2.17263e-06,4.83587e-06,0.424742,0.396174,0.67933,0.0490537,0.976499,-0.208644,0.0226019,-0.178981,0.0799403,0.739144,0.694609,0.287715,0.609158,-0.25232,0,0,0,0,0,0,0,0.00674347,0.00356256,-0.00610259,-0.00465519,11.6009,9.94672,5.12281,5.28827,-5.99034,-2.11128,0.133345,0.106889,0,0,-12,0,0,0,0,0,6.20101,0,0,0,
0.492644,0.120926,0.843119,0.654518,0.466216,-0.509812,-0.307148,-1.68692e-06,-3.48929e-07,1.12975e-07,1.25532e-07,-2.17263e-06,-4.83587e-06,0.424742,0.396174,0.67933,0.049054,0.976499,-0.208644,0.0226019,-0.178981,0.0799403,0.739144,0.694609,0.287715,0.609158,-0.25232,0,0,0,0,0,0,0,-0.000857873,0.00352593,-0.00612254,-0.00422661,11.8364,9.94699,5.22003,5.26385,-6.02958,-2.12879,0.183042,0.0908806,0,0,-12,0,0,0,0,0,6.20101,0,0,0,
0.492645,0.120926,0.843119,0.654518,0.466217,-0.509813,-0.307148,0,0,0,0,0,0,0.424742,0.396174,0.67933,0.0490537,0.976499,-0.208644,0.0226019,-0.178981,0.0799403,0.739144,0.694609,0.287715,0.609158,-0.25232,0,0,0,0,0,0,0,-0.0015036,0.00370933,-0.0060366,-0.00631159,11.8472,9.947,5.22543,5.26244,-6.03137,-2.12992,0.185131,0.0901544,0,0,-12,0,0,0,0,0,6.20101,0,0,0,
0.492645,0.120926,0.843119,0.654518,0.466217,-0.509813,-0.307148,2.01343e-06,-1.18837e-07,-1.07638e-06,9.88051e-07,1.17825e-05,5.47379e-07,0.424742,0.396174,0.67933,0.0490537,0.976499,-0.208644,0.0226019,-0.178981,0.0799403,0.739144,0.694609,0.287715,0.609158,-0.25232,0,0,0,0,0,0,0,0.00138654,0.00362013,-0.00608019,-0.00529181,11.9067,9.94732,5.2344,5.2596,-6.03981,-2.13386,0.197496,0.0861796,0,0,-12,0,0,0,0,0,6.20101,0,0,0,
0.492645,0.120926,0.843119,0.654518,0.466217,-0.509813,-0.307148,3.26516e-07,-4.67767e-07,-9.63405e-07,1.11358e-06,9.60983e-06,-4.28849e-06,0.424742,0.396174,0.67933,0.0490537,0.976499,-0.208644,0.0226019,-0.178981,0.0799403,0.739144,0.694609,0.287715,0.609158,-0.25232,0,0,0,0,0,0,0,0.00493458,0.00362066,-0.0060852,-0.00528818,12.4478,9.94903,5.38952,5.21787,-6.12328,-2.17268,0.310308,0.0497464,0,0,-12,0,0,0,0,0,6.20101,0,0,0,
0.492645,0.120926,0.843119,0.654518,0.466217,-0.509813,-0.307148,0,0,0,0,0,0,0.424742,0.396174,0.67933,0.0490537,0.976499,-0.208644,0.0226019,-0.178981,0.0799403,0.739144,0.694609,0.287715,0.609158,-0.25232,0,0,0,0,0,0,0,0.00149132,0.00362122,-0.00608537,-0.00529004,12.3913,9.94869,5.3833,5.22012,-6.11553,-2.16886,0.298714,0.0535011,0,0,-12,0,0,0,0,0,6.20101,0,0,0,
0.492644,0.120926,0.843119,0.654518,0.466216,-0.509812,-0.307148,0,0,0,0,0,0,0.424742,0.396174,0.67933,0.049054,0.976499,-0.208644,0.0226019,-0.178981,0.0799403,0.739144,0.694609,0.287715,0.609158,-0.25232,0,0,0,0,0,0,0,4.41246e-05,0.00353113,-0.00612895,-0.00425404,12.5767,9.94913,5.44512,5.20404,-6.14502,-2.18221,0.337635,0.0409664,0,0,-12,0,0,0,0,0,6.20101,0,0,0,
0.492644,0.120926,0.843119,0.654518,0.466216,-0.509812,-0.307148,-1.68309e-06,-3.48139e-07,1.12719e-07,1.25248e-07,-2.16771e-06,-4.82492e-06,0.424742,0.396174,0.67933,0.049054,0.976499,-0.208644,0.0226019,-0.178981,0.0799403,0.739144,0.694609,0.287715,0.609158,-0.25232,0,0,0,0,0,0,0,0.00410245,0.00362105,-0.00608853,-0.00527149,12.5685,9.94933,5.42941,5.20745,-6.14242,-2.18146,0.335581,0.0415894,0,0,-12,0,0,0,0,0,6.20101,0,0,0,
0.492644,0.120926,0.843119,0.654518,0.466216,-0.509812,-0.307148,-1.68309e-06,-3.48139e-07,1.12719e-07,1.25248e-07,-2.16771e-06,-4.82492e-06,0.424742,0.396174,0.67933,0.049054,0.976499,-0.208644,0.0226019,-0.178981,0.0799403,0.739144,0.694609,0.287715,0.609158,-0.25232,0,0,0,0,0,0,0,0.00402014,0.00362159,-0.00609305,-0.0052684,13.0539,9.95069,5.57917,5.16777,-6.21832,-2.21653,0.436982,0.0088525,0,0,-12,0,0,0,0,0,6.20101,0,0,0,
0.492644,0.120926,0.843119,0.654518,0.466216,-0.509812,-0.307148,0,0,0,0,0,0,0.424742,0.396174,0.67933,0.049054,0.976499,-0.208644,0.0226019,-0.178981,0.0799403,0.739144,0.694609,0.287715,0.609158,-0.25232,0,0,0,0,0,0,0,0.00480268,0.00362214,-0.00609606,-0.005267,13.3536,9.95158,5.66895,5.14384,-6.26494,-2.23813,0.49955,-0.0113503,0,0,-12,0,0,0,0,0,6.20101,0,0,0,
0.492645,0.120926,0.843119,0.654518,0.466217,-0.509813,-0.307148,0,0,0,0,0,0,0.424742,0.396174,0.67933,0.0490537,0.976499,-0.208644,0.0226019,-0.178981,0.0799403,0.739144,0.694609,0.287715,0.609158,-0.25232,0,0,0,0,0,0,0,-0.00237593,0.0037144,-0.00605371,-0.00631892,13.0541,9.95037,5.59999,5.16332,-6.22033,-2.21717,0.437307,0.00874344,0,0,-12,0,0,0,0,0,6.20101,0,0,0,
0.492644,0.120926,0.843119,0.654518,0.466216,-0.509812,-0.307148,-1.68309e-06,-3.48139e-07,1.12719e-07,1.25248e-07,-2.16771e-06,-4.82492e-06,0.424742,0.396174,0.67933,0.049054,0.976499,-0.208644,0.0226019,-0.178981,0.0799403,0.739144,0.694609,0.287715,0.609158,-0.25232,0,0,0,0,0,0,0,0.00175562,0.00353302,-0.00613735,-0.00424352,13.3977,9.95154,5.69244,5.13819,-6.27284,-2.24139,0.50905,-0.0143805,0,0,-12,0,0,0,0,0,6.20101,0,0,0,
0.492644,0.120926,0.843119,0.654518,0.466216,-0.509812,-0.307148,0,0,0,0,0,0,0.424742,0.396174,0.67933,0.049054,0.976499,-0.208644,0.0226019,-0.178981,0.0799403,0.739144,0.694609,0.287715,0.609158,-0.25232,0,0,0,0,0,0,0,0.00405707,0.0036238,-0.00609828,-0.0052706,13.3978,9.95167,5.68499,5.13972,-6.27208,-2.24138,0.50883,-0.0143436,0,0,-12,0,0,0,0,0,6.20101,0,0,0,
0.492645,0.120926,0.843119,0.654518,0.466217,-0.509813,-0.307148,0,0,0,0,0,0,0.424742,0.396174,0.67933,0.0490537,0.976499,-0.208644,0.0226019,-0.178981,0.0799403,0.739144,0.694609,0.287715,0.609158,-0.25232,0,0,0,0,0,0,0,0.00550887,0.00371184,-0.00606509,-0.00626734,13.8754,9.9531,5.82737,5.10169,-6.34624,-2.27592,0.608421,-0.0465259,0,0,-12,0,0,0,0,0,6.20101,0,0,0,
0.492645,0.120926,0.843119,0.654518,0.466217,-0.509813,-0.307148,0,0,0,0,0,0,0.424742,0.396174,0.67933,0.0490537,0.976499,-0.208644,0.0226019,-0.178981,0.0799403,0.739144,0.694609,0.287715,0.609158,-0.25232,0,0,0,0,0,0,0,0.000691057,0.0036262,-0.00610196,-0.00528975,13.749,9.95249,5.8041,5.10874,-6.32805,-2.26701,0.582408,-0.038086,0,0,-12,0,0,0,0,0,6.20101,0,0,0,
0.492645,0.120926,0.843119,0.654518,0.466217,-0.509813,-0.307148,1.68692e-06,3.4893e-07,-1.12975e-07,-1.25532e-07,2.17263e-06,4.83587e-06,0.424742,0.396174,0.67933,0.0490537,0.976499,-0.208644,0.0226019,-0.178981,0.0799403,0.739144,0.694609,0.287715,0.609158,-0.25232,0,0,0,0,0,0,0,0.00252081,0.00362677,-0.00610213,-0.00529165,13.6907,9.95242,5.78018,5.11476,-6.31835,-2.26265,0.570102,-0.0341194,0,0,-12,0,0,0,0,0,6.20101,0,0,0,
0.492645,0.120926,0.843119,0.654518,0.466217,-0.509813,-0.307148,1.68692e-06,3.4893e-07,-1.12975e-07,-1.25532e-07,2.17263e-06,4.83587e-06,0.424742,0.396174,0.67933,0.0490537,0.976499,-0.208644,0.0226019,-0.178981,0.0799403,0.739144,0.694609,0.287715,0.609158,-0.25232,0,0,0,0,0,0,0,0.0035501,0.00362731,-0.006108,-0.00528706,14.3405,9.95431,5.97698,5.06242,-6.41961,-2.30952,0.705788,-0.0779289,0,0,-12,0,0,0,0,0,6.20101,0,0,0,
0.492645,0.120926,0.843119,0.654518,0.466217,-0.509813,-0.307148,1.68692e-06,3.4893e-07,-1.12975e-07,-1.25532e-07,2.17263e-06,4.83587e-06,0.424742,0.396174,0.67933,0.0490537,0.976499,-0.208644,0.0226019,-0.178981,0.0799403,0.739144,0.694609,0.287715,0.609158,-0.25232,0,0,0,0,0,0,0,0.0026359,0.00362786,-0.0061089,-0.00528806,14.3784,9.95437,5.99163,5.0587,-6.42583,-2.31233,0.713764,-0.0805007,0,0,-12,0,0,0,0,0,6.20101,0,0,0,
0.492645,0.120926,0.843119,0.654518,0.466217,-0.509813,-0.307148,1.68692e-06,3.4893e-07,-1.12975e-07,-1.25532e-07,2.17263e-06,4.83587e-06,0.424742,0.396174,0.67933,0.0490537,0.976499,-0.208644,0.0226019,-0.178981,0.0799403,0.739144,0.694609,0.287715,0.609158,-0.25232,0,0,0,0,0,0,0,0.00483555,0.00362839,-0.00610926,-0.00528959,14.3523,9.95441,5.97644,5.06234,-6.42105,-2.31028,0.708176,-0.0787042,0,0,-12,0,0,0,0,0,6.20101,0,0,0,
0.492645,0.120926,0.843119,0.654518,0.466217,-0.509813,-0.307148,0,0,0,0,0,0,0.424742,0.396174,0.67933,0.0490537,0.976499,-0.208644,0.0226019,-0.178981,0.0799403,0.739144,0.694609,0.287715,0.609158,-0.25232,0,0,0,0,0,0,0,0.00150325,0.00362892,-0.00611335,-0.00528698,14.7846,9.95545,6.12043,5.02476,-6.48969,-2.34176,0.798696,-0.107917,0,0,-12,0,0,0,0,0,6.20101,0,0,0,
0.492645,0.120926,0.843119,0.654518,0.466217,-0.509813,-0.307148,1.68309e-06,3.4814e-07,-1.12719e-07,-1.25248e-07,2.16771e-06,4.82492e-06,0.424742,0.396174,0.67933,0.0490537,0.976499,-0.208644,0.0226019,-0.178981,0.0799403,0.739144,0.694609,0.287715,0.609158,-0.25232,0,0,0,0,0,0,0,0.00170101,0.00362947,-0.00611337,-0.00528897,14.7139,9.95527,6.09801,5.03067,-6.47858,-2.33664,0.783913,-0.103145,0,0,-12,0,0,0,0,0,6.20101,0,0,0,
0.492644,0.120926,0.84312,0.654518,0.466217,-0.509812,-0.307147,-2.01137e-06,1.20063e-07,1.07765e-06,-9.89909e-07,-1.17935e-05,-5.33673e-07,0.424742,0.396174,0.67933,0.049054,0.976499,-0.208644,0.0226019,-0.178981,0.0799403,0.739144,0.694609,0.287715,0.609158,-0.25232,0,0,0,0,0,0,0,0.0057029,0.00280255,-0.00554501,8.06539e-05,15.2989,9.95653,6.2648,4.98536,-6.56895,-2.37783,0.906408,-0.142645,0,0,-12,0,0,0,0,0,6.20101,0,0,0,
0.492645,0.120926,0.84312,0.654518,0.466217,-0.509812,-0.307147,-3.27008e-07,4.68469e-07,9.64852e-07,-1.11526e-06,-9.62427e-06,4.29493e-06,0.424742,0.396174,0.67933,0.0490537,0.976499,-0.208644,0.0226019,-0.178981,0.0799403,0.739144,0.694609,0.287715,0.609158,-0.25232,0,0,0,0,0,0,0,0.00320451,0.00370973,-0.00606578,-0.00622824,14.7702,9.9555,6.11045,5.02706,-6.48686,-2.34073,0.795493,-0.106919,0,0,-12,0,0,0,0,0,6.20101,0,0,0,
0.492645,0.120926,0.843119,0.654518,0.466217,-0.509813,-0.307148,0,0,0,0,0,0,0.424742,0.396174,0.67933,0.0490537,0.976499,-0.208644,0.0226019,-0.178981,0.0799403,0.739144,0.694609,0.287715,0.609158,-0.25232,0,0,0,0,0,0,0,0.00208086,0.00439516,-0.00674749,-0.0097738,15.5473,9.95825,6.35393,4.96325,-6.60863,-2.39747,0.957581,-0.159259,0,0,-12,0,0,0,0,0,6.20101,0,0,0,
0.492645,0.120926,0.843119,0.654518,0.466217,-0.509813,-0.307148,9.20861e-07,2.42526e-06,-3.52536e-07,3.44902e-07,6.31002e-07,5.24188e-06,0.424742,0.396174,0.67933,0.0490534,0.976499,-0.208644,0.0226019,-0.178981,0.0799403,0.739144,0.694609,0.287715,0.609158,-0.25232,0,0,0,0,0,0,0,0.00261559,0.00386098,-0.00626074,-0.00552797,15.4635,9.95778,6.32619,4.97038,-6.59551,-2.39075,0.940432,-0.153718,0,0,-12,0,0,0,0,0,6.20101,0,0,0,
0.492645,0.120926,0.843119,0.654518,0.466217,-0.509813,-0.307148,0,0,0,0,0,0,0.424742,0.396174,0.67933,0.0490537,0.976499,-0.208644,0.0226019,-0.178981,0.0799403,0.739144,0.694609,0.287715,0.609158,-0.25232,0,0,0,0,0,0,0,0.00378856,0.00340705,-0.00598963,-0.00505067,15.8358,9.9582,6.43652,4.94025,-6.65327,-2.4175,1.01818,-0.178746,0,0,-12,0,0,0,0,0,6.20101,0,0,0,
0.492645,0.120926,0.843119,0.654518,0.466217,-0.509813,-0.307148,0,0,0,0,0,0,0.424742,0.396174,0.67933,0.0490537,0.976499,-0.208644,0.0226019,-0.178981,0.0799403,0.739144,0.694609,0.287715,0.609158,-0.25232,0,0,0,0,0,0,0,0.00856837,0.00363281,-0.00612597,-0.00528703,15.8319,9.95878,6.42006,4.94412,-6.65119,-2.4169,1.01705,-0.178438,0,0,-12,0,0,0,0,0,6.20101,0,0,0,
0.492645,0.120926,0.843119,0.654518,0.466217,-0.509813,-0.307148,0,0,0,0,0,0,0.424742,0.396174,0.67933,0.0490537,0.976499,-0.208644,0.0226019,-0.178981,0.0799403,0.739144,0.694609,0.287715,0.609158,-0.25232,0,0,0,0,0,0,0,0.00419716,0.00363337,-0.00612773,-0.00528709,15.9772,9.95897,6.47903,4.92926,-6.67529,-2.42772,1.04768,-0.188312,0,0,-12,0,0,0,0,0,6.20101,0,0,0,
0.492644,0.120926,0.843119,0.654518,0.466216,-0.509812,-0.307148,-1.68692e-06,-3.48929e-07,1.12975e-07,1.25532e-07,-2.17263e-06,-4.83587e-06,0.424742,0.396174,0.67933,0.049054,0.976499,-0.208644,0.0226019,-0.178981,0.0799403,0.739144,0.694609,0.287715,0.609158,-0.25232,0,0,0,0,0,0,0,0.00290014,0.0035408,-0.0061656,-0.0042212,16.3236,9.95987,6.58996,4.90013,-6.72991,-2.45269,1.12024,-0.211707,0,0,-12,0,0,0,0,0,6.20101,0,0,0,
0.492645,0.120926,0.843119,0.654518,0.466217,-0.509813,-0.307148,3.26513e-07,-4.67762e-07,-9.63396e-07,1.11357e-06,9.60973e-06,-4.28845e-06,0.424742,0.396174,0.67933,0.0490537,0.976499,-0.208644,0.0226019,-0.178981,0.0799403,0.739144,0.694609,0.287715,0.609158,-0.25232,0,0,0,0,0,0,0,0.00226788,0.00372541,-0.00609905,-0.00631996,16.4384,9.96017,6.62731,4.89025,-6.74795,-2.46133,1.14404,-0.219437,0,0,-12,0,0,0,0,0,6.20101,0,0,0,
0.492644,0.120926,0.843119,0.654518,0.466216,-0.509812,-0.307148,3.26513e-07,-4.67762e-07,-9.63396e-07,1.11358e-06,9.60973e-06,-4.28845e-06,0.424742,0.396174,0.67933,0.049054,0.976499,-0.208644,0.0226019,-0.178981,0.0799403,0.739144,0.694609,0.287715,0.609158,-0.25232,0,0,0,0,0,0,0,0.0058141,0.00354558,-0.00616559,-0.00426461,16.4389,9.96035,6.61599,4.89272,-6.74701,-2.46081,1.14413,-0.219432,0,0,-12,0,0,0,0,0,6.20101,0,0,0,
0.492644,0.120926,0.843119,0.654518,0.466216,-0.509812,-0.307148,-1.35888e-06,-8.16785e-07,-8.51244e-07,1.23987e-06,7.44611e-06,-9.12394e-06,0.424742,0.396174,0.67933,0.049054,0.976499,-0.208644,0.0226019,-0.178981,0.0799403,0.739144,0.694609,0.287715,0.609158,-0.25232,0,0,0,0,0,0,0,0.000291674,0.00363432,-0.00613803,-0.00526429,16.9395,9.96148,6.7881,4.84803,-6.82697,-2.49753,1.24895,-0.253276,0,0,-12,0,0,0,0,0,6.20101,0,0,0,
0.492645,0.120926,0.843119,0.654518,0.466217,-0.509813,-0.307148,-9.20871e-07,-2.42529e-06,3.5254e-07,-3.44906e-07,-6.31008e-07,-5.24193e-06,0.424742,0.396174,0.67933,0.0490537,0.976499,-0.208644,0.0226019,-0.178981,0.0799403,0.739144,0.694609,0.287715,0.609158,-0.25232,0,0,0,0,0,0,0,0.00495679,0.00372702,-0.00610222,-0.00632314,16.4661,9.96039,6.62712,4.88983,-6.75143,-2.46314,1.14966,-0.221262,0,0,-12,0,0,0,0,0,6.20101,0,0,0,
0.492645,0.120926,0.843119,0.654518,0.466217,-0.509813,-0.307148,0,0,0,0,0,0,0.424742,0.396174,0.67933,0.0490537,0.976499,-0.208644,0.0226019,-0.178981,0.0799403,0.739144,0.694609,0.287715,0.609158,-0.25232,0,0,0,0,0,0,0,0.001356,0.00363669,-0.00614301,-0.00528206,17.4407,9.96295,6.93901,4.80784,-6.90498,-2.53366,1.35358,-0.287061,0,0,-12,0,0,0,0,0,6.20101,0,0,0,
0.492645,0.120926,0.843119,0.654518,0.466217,-0.509813,-0.307148,0,0,0,0,0,0,0.424742,0.396174,0.67933,0.0490537,0.976499,-0.208644,0.0226019,-0.178981,0.0799403,0.739144,0.694609,0.287715,0.609158,-0.25232,0,0,0,0,0,0,0,0.00283529,0.00363726,-0.00614,-0.00528752,16.9968,9.96178,6.79749,4.84509,-6.83512,-2.50148,1.26076,-0.257099,0,0,-12,0,0,0,0,0,6.20101,0,0,0,
0.492645,0.120926,0.843119,0.654518,0.466217,-0.509813,-0.307148,0,0,0,0,0,0,0.424742,0.396174,0.67933,0.0490537,0.976499,-0.208644,0.0226019,-0.178981,0.0799403,0.739144,0.694609,0.287715,0.609158,-0.25232,0,0,0,0,0,0,0,0.00290481,0.00363782,-0.00614294,-0.00528627,17.2877,9.9626,6.88685,4.8214,-6.88057,-2.52249,1.32152,-0.276716,0,0,-12,0,0,0,0,0,6.20101,0,0,0,
0.492645,0.120926,0.843119,0.654518,0.466217,-0.509813,-0.307148,1.68309e-06,3.4814e-07,-1.12719e-07,-1.25248e-07,2.16771e-06,4.82492e-06,0.424742,0.396174,0.67933,0.0490537,0.976499,-0.208644,0.0226019,-0.178981,0.0799403,0.739144,0.694609,0.287715,0.609158,-0.25232,0,0,0,0,0,0,0,0.0056877,0.0036384,-0.00614584,-0.00528511,17.5736,9.96355,6.9659,4.79996,-6.9244,-2.54295,1.3811,-0.29596,0,0,-12,0,0,0,0,0,6.20101,0,0,0,
0.492645,0.120926,0.843119,0.654518,0.466217,-0.509813,-0.307148,0,0,0,0,0,0,0.424742,0.396174,0.67933,0.0490537,0.976499,-0.208644,0.0226019,-0.178981,0.0799403,0.739144,0.694609,0.287715,0.609158,-0.25232,0,0,0,0,0,0,0,0.00171112,0.00363897,-0.00614312,-0.00529029,17.1603,9.96218,6.85149,4.83098,-6.86103,-2.51337,1.29498,-0.268142,0,0,-12,0,0,0,0,0,6.20101,0,0,0,
0.492645,0.120926,0.843119,0.654518,0.466217,-0.509813,-0.307148,0,0,0,0,0,0,0.424742,0.396174,0.67933,0.0490537,0.976499,-0.208644,0.0226019,-0.178981,0.0799403,0.739144,0.694609,0.287715,0.609158,-0.25232,0,0,0,0,0,0,0,0.00543788,0.00363952,-0.00614888,-0.00528582,17.8005,9.96418,7.03658,4.78127,-6.95994,-2.55935,1.4285,-0.311263,0,0,-12,0,0,0,0,0,6.20101,0,0,0,
0.492644,0.120926,0.843119,0.654518,0.466216,-0.509812,-0.307148,0,0,0,0,0,0,0.424742,0.396174,0.67933,0.049054,0.976499,-0.208644,0.0226019,-0.178981,0.0799403,0.739144,0.694609,0.287715,0.609158,-0.25232,0,0,0,0,0,0,0,0.000504788,0.00354978,-0.00617932,-0.00425431,17.8755,9.96413,7.07574,4.7718,-6.97329,-2.56499,1.44459,-0.316416,0,0,-12,0,0,0,0,0,6.20101,0,0,0,
0.492645,0.120926,0.843119,0.654518,0.466217,-0.509813,-0.307148,0,0,0,0,0,0,0.424742,0.396174,0.67933,0.0490537,0.976499,-0.208644,0.0226019,-0.178981,0.0799403,0.739144,0.694609,0.287715,0.609158,-0.25232,0,0,0,0,0,0,0,-0.00177176,0.00373226,-0.00612345,-0.00632751,18.168,9.96485,7.17316,4.74629,-7.01962,-2.58658,1.5056,-0.336153,0,0,-12,0,0,0,0,0,6.20101,0,0,0,
0.492645,0.120926,0.84312,0.654518,0.466217,-0.509812,-0.307147,-3.26514e-07,4.67762e-07,9.63395e-07,-1.11357e-06,-9.60973e-06,4.28845e-06,0.424742,0.396174,0.67933,0.0490537,0.976499,-0.208644,0.0226019,-0.178981,0.0799403,0.739144,0.694609,0.287715,0.609158,-0.25232,0,0,0,0,0,0,0,0.00437811,0.00286386,-0.00548313,-0.000700163,18.3425,9.96504,7.20651,4.73594,-7.04514,-2.59792,1.54223,-0.347944,0,0,-12,0,0,0,0,0,6.20101,0,0,0,
0.492645,0.120926,0.843119,0.654518,0.466217,-0.509812,-0.307147,5.96437e-07,2.89853e-06,6.10059e-07,-7.67882e-07,-8.9773e-06,9.54223e-06,0.424742,0.396174,0.67933,0.0490534,0.976499,-0.208644,0.0226019,-0.178981,0.0799403,0.739144,0.694609,0.287715,0.609158,-0.25232,0,0,0,0,0,0,0,0.00388595,0.00385846,-0.0062793,-0.00543963,18.1619,9.96546,7.15321,4.75098,-7.01697,-2.58559,1.50409,-0.335703,0,0,-12,0,0,0,0,0,6.20101,0,0,0,
0.492644,0.120926,0.843119,0.654518,0.466216,-0.509812,-0.307148,-1.68564e-06,-3.48665e-07,1.12889e-07,1.25437e-07,-2.17098e-06,-4.83221e-06,0.424742,0.396174,0.67933,0.049054,0.976499,-0.208644,0.0226019,-0.178981,0.0799403,0.739144,0.694609,0.287715,0.609158,-0.25232,0,0,0,0,0,0,0,0.0077854,0.00408354,-0.00670028,-0.00843729,18.8868,9.96764,7.36377,4.69433,-7.12893,-2.63812,1.65502,-0.384376,0,0,-12,0,0,0,0,0,6.20101,0,0,0,
0.492645,0.120926,0.843119,0.654518,0.466217,-0.509813,-0.307148,0,0,0,0,0,0,0.424742,0.396174,0.67933,0.0490537,0.976499,-0.208644,0.0226019,-0.178981,0.0799403,0.739144,0.694609,0.287715,0.609158,-0.25232,0,0,0,0,0,0,0,0.0014124,0.00372745,-0.00613432,-0.00624736,18.7666,9.96671,7.34722,4.69961,-7.11221,-2.62959,1.63048,-0.37648,0,0,-12,0,0,0,0,0,6.20101,0,0,0,
0.492645,0.120926,0.843119,0.654518,0.466217,-0.509813,-0.307148,0,0,0,0,0,0,0.424742,0.396174,0.67933,0.0490537,0.976499,-0.208644,0.0226019,-0.178981,0.0799403,0.739144,0.694609,0.287715,0.609158,-0.25232,0,0,0,0,0,0,0,0.00362785,0.00364345,-0.00616025,-0.00528734,18.7082,9.96666,7.32205,4.70594,-7.10242,-2.62506,1.61824,-0.372513,0,0,-12,0,0,0,0,0,6.20101,0,0,0,
0.492644,0.120926,0.843119,0.654518,0.466216,-0.509812,-0.307148,-1.68564e-06,-3.48665e-07,1.12889e-07,1.25437e-07,-2.17098e-06,-4.83221e-06,0.424742,0.396174,0.67933,0.049054,0.976499,-0.208644,0.0226019,-0.178981,0.0799403,0.739144,0.694609,0.287715,0.609158,-0.25232,0,0,0,0,0,0,0,0.00100798,0.00355295,-0.00618959,-0.00424544,18.957,9.96722,7.40722,4.68387,-7.14221,-2.64308,1.67049,-0.38935,0,0,-12,0,0,0,0,0,6.20101,0,0,0,
0.492645,0.120926,0.843119,0.654518,0.466217,-0.509813,-0.307148,1.68819e-06,3.49194e-07,-1.13061e-07,-1.25627e-07,2.17427e-06,4.83953e-06,0.424742,0.396174,0.67933,0.0490537,0.976499,-0.208644,0.0226019,-0.178981,0.0799403,0.739144,0.694609,0.287715,0.609158,-0.25232,0,0,0,0,0,0,0,0.00319632,0.00373403,-0.00613753,-0.00630536,18.9883,9.96743,7.40971,4.68274,-7.14631,-2.64548,1.67668,-0.391402,0,0,-12,0,0,0,0,0,6.20101,0,0,0,
0.492644,0.120926,0.843119,0.654518,0.466216,-0.509812,-0.307148,-1.68692e-06,-3.48929e-07,1.12975e-07,1.25532e-07,-2.17263e-06,-4.83587e-06,0.424742,0.396174,0.67933,0.049054,0.976499,-0.208644,0.0226019,-0.178981,0.0799403,0.739144,0.694609,0.287715,0.609158,-0.25232,0,0,0,0,0,0,0,0.00394674,0.0035523,-0.00619491,-0.00422327,19.5094,9.96893,7.56781,4.6408,-7.22763,-2.68277,1.7857,-0.426557,0,0,-12,0,0,0,0,0,6.20101,0,0,0,
0.492645,0.120926,0.843119,0.654518,0.466217,-0.509813,-0.307148,0,0,0,0,0,0,0.424742,0.396174,0.67933,0.0490537,0.976499,-0.208644,0.0226019,-0.178981,0.0799403,0.739144,0.694609,0.287715,0.609158,-0.25232,0,0,0,0,0,0,0,0.00200563,0.00373571,-0.00614213,-0.00631151,19.345,9.96838,7.52344,4.6528,-7.20245,-2.67134,1.75127,-0.415478,0,0,-12,0,0,0,0,0,6.20101,0,0,0,
0.492645,0.120926,0.843119,0.654518,0.466217,-0.509813,-0.307148,-5.93855e-07,-2.89373e-06,-6.12316e-07,7.70354e-07,8.99326e-06,-9.53682e-06,0.424742,0.396174,0.67933,0.0490537,0.976499,-0.208644,0.0226019,-0.178981,0.0799403,0.739144,0.694609,0.287715,0.609158,-0.25232,0,0,0,0,0,0,0,0.00420499,0.0036462,-0.00617038,-0.00528598,19.6081,9.96923,7.59737,4.63287,-7.24294,-2.69004,1.80621,-0.433201,0,0,-12,0,0,0,0,0,6.20101,0,0,0,
0.492645,0.120926,0.843119,0.654518,0.466217,-0.509813,-0.307148,1.68309e-06,3.4814e-07,-1.12719e-07,-1.25248e-07,2.16771e-06,4.82492e-06,0.424742,0.396174,0.67933,0.0490537,0.976499,-0.208644,0.0226019,-0.178981,0.0799403,0.739144,0.694609,0.287715,0.609158,-0.25232,0,0,0,0,0,0,0,0.00311125,0.00364676,-0.00617168,-0.00528657,19.6971,9.96942,7.62831,4.62486,-7.25718,-2.69654,1.82485,-0.439216,0,0,-12,0,0,0,0,0,6.20101,0,0,0,
0.492645,0.120926,0.843119,0.654518,0.466217,-0.509813,-0.307148,0,0,0,0,0,0,0.424742,0.396174,0.67933,0.0490537,0.976499,-0.208644,0.0226019,-0.178981,0.0799403,0.739144,0.694609,0.287715,0.609158,-0.25232,0,0,0,0,0,0,0,0.00176464,0.0036473,-0.00617235,-0.0052878,19.7094,9.96939,7.63649,4.62293,-7.25954,-2.69753,1.82752,-0.440072,0,0,-12,0,0,0,0,0,6.20101,0,0,0,
0.492645,0.120926,0.843119,0.654518,0.466217,-0.509813,-0.307148,0,0,0,0,0,0,0.424742,0.396174,0.67933,0.0490537,0.976499,-0.208644,0.0226019,-0.178981,0.0799403,0.739144,0.694609,0.287715,0.609158,-0.25232,0,0,0,0,0,0,0,0.00378427,0.00364785,-0.00617676,-0.00528479,20.1869,9.97084,7.777,4.58534,-7.33355,-2.73188,1.92714,-0.472242,0,0,-12,0,0,0,0,0,6.20101,0,0,0,
0.492644,0.120926,0.843119,0.654518,0.466216,-0.509812,-0.307148,0,0,0,0,0,0,0.424742,0.396174,0.67933,0.049054,0.976499,-0.208644,0.0226019,-0.178981,0.0799403,0.739144,0.694609,0.287715,0.609158,-0.25232,0,0,0,0,0,0,0,0.000805316,0.00355934,-0.00620188,-0.0042661,20.3585,9.97117,7.83953,4.56933,-7.36136,-2.74434,1.96327,-0.483874,0,0,-12,0,0,0,0,0,6.20101,0,0,0,
0.492645,0.120926,0.843119,0.654518,0.466217,-0.509813,-0.307148,0,0,0,0,0,0,0.424742,0.396174,0.67933,0.0490537,0.976499,-0.208644,0.0226019,-0.178981,0.0799403,0.739144,0.694609,0.287715,0.609158,-0.25232,0,0,0,0,0,0,0,0.00191882,0.00373953,-0.00615675,-0.00631537,20.4703,9.97155,7.87032,4.56089,-7.37839,-2.75264,1.98635,-0.491374,0,0,-12,0,0,0,0,0,6.20101,0,0,0,
0.492645,0.120926,0.843119,0.654518,0.466217,-0.509813,-0.307148,0,0,0,0,0,0,0.424742,0.396174,0.67933,0.0490537,0.976499,-0.208644,0.0226019,-0.178981,0.0799403,0.739144,0.694609,0.287715,0.609158,-0.25232,0,0,0,0,0,0,0,0.00392507,0.00364951,-0.00618209,-0.00528485,20.6392,9.97213,7.91584,4.54852,-7.40421,-2.76454,2.02162,-0.502744,0,0,-12,0,0,0,0,0,6.20101,0,0,0,
0.492644,0.120926,0.84312,0.654518,0.466217,-0.509812,-0.307147,-2.00836e-06,1.19887e-07,1.07604e-06,-9.88435e-07,-1.17759e-05,-5.32834e-07,0.424742,0.396174,0.67933,0.049054,0.976499,-0.208644,0.0226019,-0.178981,0.0799403,0.739144,0.694609,0.287715,0.609158,-0.25232,0,0,0,0,0,0,0,0.00134991,0.00278871,-0.00550993,0.000288602,20.4619,9.97087,7.86918,4.5609,-7.3775,-2.75112,1.98528,-0.490959,0,0,-12,0,0,0,0,0,6.20101,0,0,0,
0.492645,0.120926,0.84312,0.654518,0.466217,-0.509812,-0.307147,-3.26518e-07,4.67767e-07,9.63405e-07,-1.11358e-06,-9.60983e-06,4.28849e-06,0.424742,0.396174,0.67933,0.0490537,0.976499,-0.208644,0.0226019,-0.178981,0.0799403,0.739144,0.694609,0.287715,0.609158,-0.25232,0,0,0,0,0,0,0,0.00248428,0.00373056,-0.00614757,-0.00623286,20.8304,9.97259,7.97941,4.53188,-7.43452,-2.7786,2.06156,-0.515664,0,0,-12,0,0,0,0,0,6.20101,0,0,0,
0.492645,0.120926,0.84312,0.654518,0.466217,-0.509812,-0.307147,-3.26514e-07,4.67762e-07,9.63395e-07,-1.11357e-06,-9.60973e-06,4.28845e-06,0.424742,0.396174,0.67933,0.0490537,0.976499,-0.208644,0.0226019,-0.178981,0.0799403,0.739144,0.694609,0.287715,0.609158,-0.25232,0,0,0,0,0,0,0,0.00241987,0.00364032,-0.00617244,-0.00519891,21.0811,9.97329,8.05684,4.51141,-7.47378,-2.79657,2.11403,-0.532581,0,0,-12,0,0,0,0,0,6.20101,0,0,0,
0.492645,0.120926,0.84312,0.654518,0.466217,-0.509812,-0.307147,-3.26514e-07,4.67762e-07,9.63395e-07,-1.11357e-06,-9.60973e-06,4.28845e-06,0.424742,0.396174,0.67933,0.0490537,0.976499,-0.208644,0.0226019,-0.178981,0.0799403,0.739144,0.694609,0.287715,0.609158,-0.25232,0,0,0,0,0,0,0,-0.00187809,0.00364085,-0.00617466,-0.00519828,21.2962,9.97368,8.13704,4.49091,-7.50876,-2.81242,2.15923,-0.547157,0,0,-12,0,0,0,0,0,6.20101,0,0,0,
0.492645,0.120926,0.84312,0.654518,0.466217,-0.509812,-0.307147,-3.26514e-07,4.67762e-07,9.63395e-07,-1.11357e-06,-9.60973e-06,4.28845e-06,0.424742,0.396174,0.67933,0.0490537,0.976499,-0.208644,0.0226019,-0.178981,0.0799403,0.739144,0.694609,0.287715,0.609158,-0.25232,0,0,0,0,0,0,0,0.00113827,0.0036414,-0.00617627,-0.00519838,21.4327,9.97422,8.16932,4.48183,-7.52916,-2.82207,2.18758,-0.55632,0,0,-12,0,0,0,0,0,6.20101,0,0,0,
0.492645,0.120926,0.84312,0.654518,0.466217,-0.509812,-0.307147,1.36065e-06,8.16339e-07,8.49693e-07,-1.23826e-06,-7.42986e-06,9.12108e-06,0.424742,0.396174,0.67933,0.0490537,0.976499,-0.208644,0.0226019,-0.178981,0.0799403,0.739144,0.694609,0.287715,0.609158,-0.25232,0,0,0,0,0,0,0,0.00566121,0.00364195,-0.00617724,-0.00519929,21.4821,9.9746,8.16983,4.4809,-7.53544,-2.8253,2.19761,-0.559576,0,0,-12,0,0,0,0,0,6.20101,0,0,0,
0.492645,0.120926,0.843119,0.654518,0.466217,-0.509813,-0.307148,0,0,0,0,0,0,0.424742,0.396174,0.67933,0.0490537,0.976499,-0.208644,0.0226019,-0.178981,0.0799403,0.739144,0.694609,0.287715,0.609158,-0.25232,0,0,0,0,0,0,0,0.0037948,0.00442771,-0.00689756,-0.00982305,21.868,9.97622,8.29524,4.44848,-7.59625,-2.85399,2.27792,-0.585519,0,0,-12,0,0,0,0,0,6.20101,0,0,0,
0.492645,0.120926,0.843119,0.654518,0.466217,-0.509813,-0.307148,0,0,0,0,0,0,0.424742,0.396174,0.67933,0.0490537,0.976499,-0.208644,0.0226019,-0.178981,0.0799403,0.739144,0.694609,0.287715,0.609158,-0.25232,0,0,0,0,0,0,0,0.00538627,0.0036539,-0.00619481,-0.00528637,21.6609,9.97509,8.2258,4.46612,-7.56348,-2.83825,2.23497,-0.57163,0,0,-12,0,0,0,0,0,6.20101,0,0,0,
0.492644,0.120926,0.843119,0.654518,0.466216,-0.509812,-0.307148,3.27007e-07,-4.68469e-07,-9.64852e-07,1.11526e-06,9.62427e-06,-4.29493e-06,0.424742,0.396174,0.67933,0.049054,0.976499,-0.208644,0.0226019,-0.178981,0.0799403,0.739144,0.694609,0.287715,0.609158,-0.25232,0,0,0,0,0,0,0,0.000847847,0.00356284,-0.00621711,-0.00423769,21.9374,9.97563,8.32574,4.44047,-7.60821,-2.85841,2.29313,-0.59037,0,0,-12,0,0,0,0,0,6.20101,0,0,0,
0.492645,0.120926,0.843119,0.654518,0.466217,-0.509813,-0.307148,2.0101e-06,-1.20329e-07,-1.07757e-06,9.90009e-07,1.1792e-05,5.29984e-07,0.424742,0.396174,0.67933,0.0490537,0.976499,-0.208644,0.0226019,-0.178981,0.0799403,0.739144,0.694609,0.287715,0.609158,-0.25232,0,0,0,0,0,0,0,0.0018547,0.0037465,-0.00618067,-0.00632563,22.1738,9.97636,8.39522,4.42179,-7.64473,-2.87571,2.34223,-0.606266,0,0,-12,0,0,0,0,0,6.20101,0,0,0,
0.492645,0.120926,0.843119,0.654518,0.466217,-0.509813,-0.307148,3.27007e-07,-4.68469e-07,-9.64853e-07,1.11526e-06,9.62427e-06,-4.29493e-06,0.424742,0.396174,0.67933,0.0490537,0.976499,-0.208644,0.0226019,-0.178981,0.0799403,0.739144,0.694609,0.287715,0.609158,-0.25232,0,0,0,0,0,0,0,0.00369798,0.00365554,-0.0061998,-0.00528675,22.0691,9.97616,8.35702,4.43164,-7.62783,-2.86787,2.32036,-0.59919,0,0,-12,0,0,0,0,0,6.20101,0,0,0,
0.492645,0.120926,0.843119,0.654518,0.466217,-0.509813,-0.307148,3.27007e-07,-4.68469e-07,-9.64853e-07,1.11526e-06,9.62427e-06,-4.29493e-06,0.424742,0.396174,0.67933,0.0490537,0.976499,-0.208644,0.0226019,-0.178981,0.0799403,0.739144,0.694609,0.287715,0.609158,-0.25232,0,0,0,0,0,0,0,0.00369665,0.0036561,-0.00620278,-0.00528539,22.3689,9.97701,8.44935,4.40716,-7.6747,-2.88952,2.38298,-0.619408,0,0,-12,0,0,0,0,0,6.20101,0,0,0,
0.492644,0.120926,0.843119,0.654518,0.466216,-0.509812,-0.307148,-1.3566e-06,-8.15904e-07,-8.50676e-07,1.23883e-06,7.44201e-06,-9.11341e-06,0.424742,0.396174,0.67933,0.049054,0.976499,-0.208644,0.0226019,-0.178981,0.0799403,0.739144,0.694609,0.287715,0.609158,-0.25232,0,0,0,0,0,0,0,0.00188342,0.00356528,-0.00622352,-0.00423934,22.6524,9.97771,8.5426,4.38281,-7.71966,-2.90999,2.44244,-0.638577,0,0,-12,0,0,0,0,0,6.20101,0,0,0,
0.492645,0.120926,0.843119,0.654518,0.466217,-0.509813,-0.307148,3.26513e-07,-4.67762e-07,-9.63396e-07,1.11357e-06,9.60973e-06,-4.28845e-06,0.424742,0.396174,0.67933,0.0490537,0.976499,-0.208644,0.0226019,-0.178981,0.0799403,0.739144,0.694609,0.287715,0.609158,-0.25232,0,0,0,0,0,0,0,0.00213455,0.0037487,-0.00619041,-0.00632436,22.9117,9.97846,8.62162,4.36174,-7.76002,-2.92901,2.49638,-0.656034,0,0,-12,0,0,0,0,0,6.20101,0,0,0,
0.492645,0.120926,0.843119,0.654518,0.466217,-0.509813,-0.307148,0,0,0,0,0,0,0.424742,0.396174,0.67933,0.0490537,0.976499,-0.208644,0.0226019,-0.178981,0.0799403,0.739144,0.694609,0.287715,0.609158,-0.25232,0,0,0,0,0,0,0,0.00645657,0.00365777,-0.00620762,-0.005286,22.7599,9.97825,8.56084,4.37714,-7.73496,-2.91757,2.46451,-0.645738,0,0,-12,0,0,0,0,0,6.20101,0,0,0,
0.492645,0.120926,0.843119,0.654518,0.466217,-0.509813,-0.307148,0,0,0,0,0,0,0.424742,0.396174,0.67933,0.0490537,0.976499,-0.208644,0.0226019,-0.178981,0.0799403,0.739144,0.694609,0.287715,0.609158,-0.25232,0,0,0,0,0,0,0,0.00660154,0.00365831,-0.00621056,-0.00528466,23.0553,9.9791,8.65135,4.35312,-7.7811,-2.9389,2.52621,-0.665658,0,0,-12,0,0,0,0,0,6.20101,0,0,0,
0.492645,0.120926,0.843119,0.654518,0.466217,-0.509813,-0.307148,0,0,0,0,0,0,0.424742,0.396174,0.67933,0.0490537,0.976499,-0.208644,0.0226019,-0.178981,0.0799403,0.739144,0.694609,0.287715,0.609158,-0.25232,0,0,0,0,0,0,0,0.004818,0.00365885,-0.00621211,-0.00528489,23.1797,9.97936,8.69545,4.34175,-7.8011,-2.94802,2.5523,-0.674075,0,0,-12,0,0,0,0,0,6.20101,0,0,0,
0.492644,0.120926,0.843119,0.654518,0.466216,-0.509812,-0.307148,0,0,0,0,0,0,0.424742,0.396174,0.67933,0.049054,0.976499,-0.208644,0.0226019,-0.178981,0.0799403,0.739144,0.694609,0.287715,0.609158,-0.25232,0,0,0,0,0,0,0,0.00496493,0.00356661,-0.00623119,-0.00422252,23.4726,9.98019,8.78521,4.31798,-7.84691,-2.96901,2.61359,-0.693844,0,0,-12,0,0,0,0,0,6.20101,0,0,0,
0.492645,0.120926,0.843119,0.654518,0.466217,-0.509813,-0.307148,0,0,0,0,0,0,0.424742,0.396174,0.67933,0.0490537,0.976499,-0.208644,0.0226019,-0.178981,0.0799403,0.739144,0.694609,0.287715,0.609158,-0.25232,0,0,0,0,0,0,0,-0.000721027,0.00374716,-0.00619813,-0.00627991,23.1766,9.97907,8.71248,4.33816,-7.80233,-2.94835,2.55189,-0.673945,0,0,-12,0,0,0,0,0,6.20101,0,0,0,
0.492645,0.120926,0.843119,0.654518,0.466217,-0.509813,-0.307148,0,0,0,0,0,0,0.424742,0.396174,0.67933,0.0490537,0.976499,-0.208644,0.0226019,-0.178981,0.0799403,0.739144,0.694609,0.287715,0.609158,-0.25232,0,0,0,0,0,0,0,0.000658196,0.00366052,-0.00621693,-0.00528552,23.5631,9.98022,8.82705,4.3076,-7.86236,-2.97602,2.63264,-0.7,0,0,-12,0,0,0,0,0,6.20101,0,0,0,
0.492645,0.120926,0.843119,0.654518,0.466217,-0.509813,-0.307148,1.68819e-06,3.49194e-07,-1.13061e-07,-1.25627e-07,2.17427e-06,4.83953e-06,0.424742,0.396174,0.67933,0.0490537,0.976499,-0.208644,0.0226019,-0.178981,0.0799403,0.739144,0.694609,0.287715,0.609158,-0.25232,0,0,0,0,0,0,0,0.0056072,0.00366106,-0.00621973,-0.0052843,23.8438,9.98127,8.89745,4.28808,-7.90468,-2.99594,2.69099,-0.718856,0,0,-12,0,0,0,0,0,6.20101,0,0,0,
0.492645,0.120926,0.843119,0.654518,0.466217,-0.509813,-0.307148,0,0,0,0,0,0,0.424742,0.396174,0.67933,0.0490537,0.976499,-0.208644,0.0226019,-0.178981,0.0799403,0.739144,0.694609,0.287715,0.609158,-0.25232,0,0,0,0,0,0,0,0.00142272,0.0036616,-0.00622166,-0.00528409,24.0159,9.98154,8.96403,4.27116,-7.9329,-3.00868,2.72719,-0.730527,0,0,-12,0,0,0,0,0,6.20101,0,0,0,
0.492645,0.120926,0.843119,0.654518,0.466217,-0.509813,-0.307148,0,0,0,0,0,0,0.424742,0.396174,0.67933,0.0490537,0.976499,-0.208644,0.0226019,-0.178981,0.0799403,0.739144,0.694609,0.287715,0.609158,-0.25232,0,0,0,0,0,0,0,0.00286942,0.00366216,-0.00622124,-0.00528665,23.8896,9.98126,8.92044,4.28246,-7.9127,-2.99945,2.70072,-0.721986,0,0,-12,0,0,0,0,0,6.20101,0,0,0,
0.492644,0.120926,0.843119,0.654518,0.466216,-0.509812,-0.307148,-1.68437e-06,-3.48402e-07,1.12804e-07,1.25342e-07,-2.16934e-06,-4.82856e-06,0.424742,0.396174,0.67933,0.049054,0.976499,-0.208644,0.0226019,-0.178981,0.0799403,0.739144,0.694609,0.287715,0.609158,-0.25232,0,0,0,0,0,0,0,0.00286862,0.00357142,-0.00623858,-0.00424033,24.2859,9.98238,9.04253,4.25015,-7.97472,-3.02793,2.78362,-0.748732,0,0,-12,0,0,0,0,0,6.20101,0,0,0,
0.492645,0.120926,0.843119,0.654518,0.466217,-0.509813,-0.307148,0,0,0,0,0,0,0.424742,0.396174,0.67933,0.0490537,0.976499,-0.208644,0.0226019,-0.178981,0.0799403,0.739144,0.694609,0.287715,0.609158,-0.25232,0,0,0,0,0,0,0,0.00694147,0.00375334,-0.00621269,-0.00631031,24.3455,9.98276,9.04763,4.248,-7.98265,-3.03223,2.79562,-0.752658,0,0,-12,0,0,0,0,0,6.20101,0,0,0,
0.492645,0.120926,0.843119,0.654518,0.466217,-0.509813,-0.307148,1.68437e-06,3.48403e-07,-1.12804e-07,-1.25342e-07,2.16934e-06,4.82856e-06,0.424742,0.396174,0.67933,0.0490537,0.976499,-0.208644,0.0226019,-0.178981,0.0799403,0.739144,0.694609,0.287715,0.609158,-0.25232,0,0,0,0,0,0,0,0.00679416,0.00366381,-0.00623038,-0.00528224,24.82,9.98409,9.19429,4.2092,-8.05693,-3.06638,2.89486,-0.78468,0,0,-12,0,0,0,0,0,6.20101,0,0,0,
0.492644,0.120926,0.843119,0.654518,0.466216,-0.509812,-0.307148,0,0,0,0,0,0,0.424742,0.396174,0.67933,0.049054,0.976499,-0.208644,0.0226019,-0.178981,0.0799403,0.739144,0.694609,0.287715,0.609158,-0.25232,0,0,0,0,0,0,0,0.00114447,0.00357257,-0.00623687,-0.00424148,23.9863,9.98144,8.95586,4.27342,-7.92843,-3.00641,2.72114,-0.728556,0,0,-12,0,0,0,0,0,6.20101,0,0,0,
0.492645,0.120926,0.843119,0.654518,0.466217,-0.509813,-0.307148,0,0,0,0,0,0,0.424742,0.396174,0.67933,0.0490537,0.976499,-0.208644,0.0226019,-0.178981,0.0799403,0.739144,0.694609,0.287715,0.609158,-0.25232,0,0,0,0,0,0,0,0.00315245,0.00375417,-0.00619088,-0.00633377,21.2113,9.97373,8.09457,4.50126,-7.49386,-2.80609,2.14108,-0.54133,0,0,-12,0,0,0,0,0,6.20101,0,0,0,
0.492644,0.120926,0.843119,0.654518,0.466216,-0.509812,-0.307148,-3.36622e-06,-6.96284e-07,2.2544e-07,2.50498e-07,-4.33545e-06,-9.64993e-06,0.424742,0.396174,0.67933,0.0490541,0.976499,-0.208644,0.022602,-0.178981,0.0799403,0.739144,0.694609,0.287715,0.609158,-0.25232,0,0,0,0,0,0,0,0.00539578,0.00351911,-0.00621514,-0.00365502,20.1393,9.97081,7.75716,4.59041,-7.32569,-2.72809,1.91728,-0.469033,0,0,-12,0,0,0,0,0,6.20101,0,0,0,
0.492645,0.120926,0.843119,0.654517,0.466217,-0.509813,-0.307148,2.60396e-06,2.77341e-06,-4.65256e-07,2.19654e-07,2.79871e-06,1.00668e-05,0.424742,0.396174,0.67933,0.0490532,0.976499,-0.208644,0.0226018,-0.178981,0.0799403,0.739144,0.694609,0.287715,0.609158,-0.25232,0,0,0,0,0,0,0,0.00328731,0.00410245,-0.00631251,-0.00788984,19.7209,9.96988,7.63534,4.62325,-7.26078,-2.69863,1.82957,-0.440821,0,0,-12,0,0,0,0,0,6.20101,0,0,0,
0.492645,0.120926,0.843119,0.654517,0.466217,-0.509813,-0.307148,2.60662e-06,2.77734e-06,-4.65874e-07,2.20081e-07,2.8013e-06,1.00784e-05,0.424742,0.396174,0.67933,0.0490532,0.976499,-0.208644,0.0226018,-0.178981,0.0799403,0.739144,0.694609,0.287715,0.609158,-0.25232,0,0,0,0,0,0,0,0.00452623,0.0036705,-0.00619666,-0.00535068,19.726,9.96961,7.63265,4.62349,-7.26126,-2.69854,1.83081,-0.441142,0,0,-12,0,0,0,0,0,6.20101,0,0,0,
0.492644,0.120926,0.843119,0.654518,0.466216,-0.509812,-0.307148,-1.68311e-06,-3.48142e-07,1.1272e-07,1.25249e-07,-2.16773e-06,-4.82496e-06,0.424742,0.396174,0.67933,0.0490541,0.976499,-0.208644,0.022602,-0.178981,0.0799403,0.739144,0.694609,0.287715,0.609158,-0.25232,0,0,0,0,0,0,0,-5.84078e-05,0.0032336,-0.00607855,-0.00277038,19.688,9.9689,7.6356,4.62326,-7.25685,-2.69576,1.8234,-0.438656,0,0,-12,0,0,0,0,0,6.20101,0,0,0,
0.492644,0.120926,0.843119,0.654518,0.466216,-0.509812,-0.307148,-8.19676e-07,-3.32352e-06,-1.12595e-06,4.72775e-06,7.83358e-07,-5.754e-06,0.424742,0.396173,0.67933,0.0490539,0.976499,-0.208644,0.0226018,-0.178981,0.0799403,0.739144,0.694609,0.287715,0.609158,-0.25232,0,0,0,0,0,0,0,0.00109996,0.00457222,-0.00802917,-0.0072283,19.63,9.97034,7.61527,4.62998,-7.24741,-2.69212,1.81086,-0.434522,0,0,-12,0,0,0,0,0,6.201,0,0,0,
0.492644,0.120926,0.843119,0.654518,0.466216,-0.509812,-0.307148,-8.19685e-07,-3.32354e-06,-1.12595e-06,4.72775e-06,7.83352e-07,-5.75405e-06,0.424742,0.396173,0.67933,0.0490539,0.976499,-0.208644,0.0226018,-0.178981,0.0799403,0.739144,0.694609,0.287715,0.609158,-0.25232,0,0,0,0,0,0,0,0.0111002,0.00367877,-0.00623054,-0.00534337,19.5598,9.9695,7.56012,4.64159,-7.2332,-2.68604,1.79569,-0.429824,0,0,-12,0,0,0,0,0,6.201,0,0,0,
0.492645,0.120926,0.843119,0.654518,0.466217,-0.509813,-0.307148,1.78957e-06,-5.46331e-07,-1.59311e-06,4.95148e-06,3.58901e-06,4.3313e-06,0.424742,0.396174,0.67933,0.0490537,0.976499,-0.208644,0.0226018,-0.178981,0.0799403,0.739144,0.694609,0.287715,0.609158,-0.25232,0,0,0,0,0,0,0,0.0111604,0.00387495,-0.00635403,-0.00554752,19.4791,9.96956,7.53529,4.64846,-7.22059,-2.68023,1.7788,-0.424404,0,0,-12,0,0,0,0,0,6.201,0,0,0,
0.492645,0.120926,0.843119,0.654518,0.466217,-0.509813,-0.307148,0,0,0,0,0,0,0.424742,0.396174,0.67933,0.0490537,0.976499,-0.208644,0.0226019,-0.178981,0.0799403,0.739144,0.694609,0.287715,0.609158,-0.25232,0,0,0,0,0,0,0,5.87596e-05,0.00270391,-0.00421853,-0.00488477,19.5777,9.96747,7.60015,4.63123,-7.23931,-2.68809,1.80005,-0.431365,0,0,-12,0,0,0,0,0,6.20101,0,0,0,
0.492645,0.120926,0.843119,0.654518,0.466217,-0.509813,-0.307148,1.68692e-06,3.4893e-07,-1.12975e-07,-1.25532e-07,2.17263e-06,4.83587e-06,0.424742,0.396174,0.67933,0.0490537,0.976499,-0.208644,0.0226019,-0.178981,0.0799403,0.739144,0.694609,0.287715,0.609158,-0.25232,0,0,0,0,0,0,0,-0.00522218,0.00366988,-0.0061991,-0.00534122,19.5749,9.96868,7.61777,4.62914,-7.24072,-2.68834,1.79983,-0.43111,0,0,-12,0,0,0,0,0,6.20101,0,0,0,
0.492645,0.120926,0.843119,0.654518,0.466217,-0.509813,-0.307148,0,0,0,0,0,0,0.424742,0.396174,0.67933,0.0490537,0.976499,-0.208644,0.0226019,-0.178981,0.0799403,0.739144,0.694609,0.287715,0.609158,-0.25232,0,0,0,0,0,0,0,-0.00143259,0.00367043,-0.00620033,-0.00534187,19.6002,9.96895,7.61326,4.62968,-7.24348,-2.68989,1.80489,-0.432756,0,0,-12,0,0,0,0,0,6.20101,0,0,0,
0.492645,0.120926,0.843119,0.654518,0.466217,-0.509813,-0.307148,-4.29794e-06,-3.12548e-06,5.78924e-07,-9.39091e-08,-4.98002e-06,-1.49249e-05,0.424742,0.396174,0.67933,0.0490537,0.976499,-0.208644,0.0226019,-0.178981,0.0799403,0.739144,0.694609,0.287715,0.609158,-0.25232,0,0,0,0,0,0,0,0.00382405,0.00367099,-0.00620151,-0.00534263,19.6168,9.96927,7.6013,4.63193,-7.24441,-2.6907,1.80804,-0.433791,0,0,-12,0,0,0,0,0,6.20101,0,0,0,
0.492644,0.120926,0.843119,0.654518,0.466216,-0.509812,-0.307148,0,0,0,0,0,0,0.424742,0.396174,0.67933,0.049054,0.976499,-0.208644,0.0226019,-0.178981,0.0799403,0.739144,0.694609,0.287715,0.609158,-0.25232,0,0,0,0,0,0,0,0.00475861,0.00357879,-0.00621425,-0.00428392,19.5044,9.96899,7.56364,4.64179,-7.22659,-2.68235,1.7846,-0.426206,0,0,-12,0,0,0,0,0,6.20101,0,0,0,
0.492645,0.120926,0.843119,0.654518,0.466217,-0.509813,-0.307148,2.60594e-06,2.7755e-06,-4.65608e-07,2.1982e-07,2.80084e-06,1.00745e-05,0.424742,0.396174,0.67933,0.0490537,0.976499,-0.208644,0.0226019,-0.178981,0.0799403,0.739144,0.694609,0.287715,0.609158,-0.25232,0,0,0,0,0,0,0,0.00371624,0.00376032,-0.00618991,-0.00635044,19.3976,9.96865,7.5341,4.64972,-7.21012,-2.67501,1.76214,-0.418991,0,0,-12,0,0,0,0,0,6.20101,0,0,0,
0.492645,0.120926,0.843119,0.654518,0.466217,-0.509813,-0.307148,8.18204e-07,3.32052e-06,1.1276e-06,-4.73211e-06,-7.85384e-07,5.74646e-06,0.424742,0.396174,0.67933,0.0490537,0.976499,-0.208644,0.0226019,-0.178981,0.0799403,0.739144,0.694609,0.287715,0.609158,-0.25232,0,0,0,0,0,0,0,0.00220648,0.00367265,-0.0062032,-0.0053469,19.4386,9.96868,7.55167,4.64537,-7.21707,-2.67794,1.77091,-0.421797,0,0,-12,0,0,0,0,0,6.20101,0,0,0,
0.492645,0.120926,0.84312,0.654518,0.466217,-0.509812,-0.307147,4.91767e-07,3.78761e-06,2.08988e-06,-5.84185e-06,-1.0394e-05,1.00345e-05,0.424742,0.396174,0.67933,0.0490537,0.976499,-0.208644,0.0226019,-0.178981,0.0799403,0.739144,0.694609,0.287715,0.609158,-0.25232,0,0,0,0,0,0,0,0.00240018,0.00290147,-0.00546707,-0.000804554,19.5747,9.96846,7.59249,4.63403,-7.2384,-2.6871,1.79975,-0.431094,0,0,-12,0,0,0,0,0,6.20101,0,0,0,
0.492645,0.120926,0.84312,0.654518,0.466217,-0.509812,-0.307147,-3.26518e-07,4.67767e-07,9.63405e-07,-1.11358e-06,-9.60983e-06,4.28849e-06,0.424742,0.396174,0.67933,0.0490537,0.976499,-0.208644,0.0226019,-0.178981,0.0799403,0.739144,0.694609,0.287715,0.609158,-0.25232,0,0,0,0,0,0,0,0.00195837,0.0036629,-0.00619283,-0.00526077,19.6298,9.9692,7.61137,4.62959,-7.24704,-2.69177,1.81088,-0.434708,0,0,-12,0,0,0,0,0,6.20101,0,0,0,
0.492645,0.120926,0.843119,0.654518,0.466217,-0.509813,-0.307148,0,0,0,0,0,0,0.424742,0.396174,0.67933,0.0490537,0.976499,-0.208644,0.0226019,-0.178981,0.0799403,0.739144,0.694609,0.287715,0.609158,-0.25232,0,0,0,0,0,0,0,0.00268005,0.00444082,-0.00693756,-0.00983644,19.6464,9.96991,7.61459,4.62909,-7.24928,-2.69357,1.81387,-0.435688,0,0,-12,0,0,0,0,0,6.20101,0,0,0,
0.492645,0.120926,0.843119,0.654518,0.466217,-0.509813,-0.307148,0,0,0,0,0,0,0.424742,0.396174,0.67933,0.0490537,0.976499,-0.208644,0.0226019,-0.178981,0.0799403,0.739144,0.694609,0.287715,0.609158,-0.25232,0,0,0,0,0,0,0,0.00311684,0.00367486,-0.00620899,-0.00534851,19.6464,9.96932,7.61271,4.62903,-7.24926,-2.69289,1.81426,-0.435795,0,0,-12,0,0,0,0,0,6.20101,0,0,0,
0.492645,0.120926,0.843119,0.654518,0.466217,-0.509813,-0.307148,0,0,0,0,0,0,0.424742,0.396174,0.67933,0.0490537,0.976499,-0.208644,0.0226019,-0.178981,0.0799403,0.739144,0.694609,0.287715,0.609158,-0.25232,0,0,0,0,0,0,0,0.00481974,0.00367542,-0.00621002,-0.00534943,19.6455,9.9694,7.6069,4.63028,-7.24858,-2.6927,1.81397,-0.435706,0,0,-12,0,0,0,0,0,6.20101,0,0,0,
0.492645,0.120926,0.843119,0.654518,0.466217,-0.509813,-0.307148,0,0,0,0,0,0,0.424742,0.396174,0.67933,0.0490537,0.976499,-0.208644,0.0226019,-0.178981,0.0799403,0.739144,0.694609,0.287715,0.609158,-0.25232,0,0,0,0,0,0,0,0.00640833,0.00367599,-0.00621122,-0.00535019,19.664,9.96954,7.60745,4.62985,-7.25098,-2.69392,1.81774,-0.436931,0,0,-12,0,0,0,0,0,6.20101,0,0,0,
0.492645,0.120926,0.843119,0.654518,0.466217,-0.509813,-0.307148,1.68692e-06,3.4893e-07,-1.12975e-07,-1.25532e-07,2.17263e-06,4.83587e-06,0.424742,0.396174,0.67933,0.0490537,0.976499,-0.208644,0.0226019,-0.178981,0.0799403,0.739144,0.694609,0.287715,0.609158,-0.25232,0,0,0,0,0,0,0,0.00171487,0.00367658,-0.00621239,-0.00535103,19.6754,9.96933,7.62621,4.6257,-7.25425,-2.69509,1.82041,-0.437777,0,0,-12,0,0,0,0,0,6.20101,0,0,0,
0.492645,0.120926,0.843119,0.654518,0.466217,-0.509813,-0.307148,9.22951e-07,2.43077e-06,-3.53336e-07,3.45685e-07,6.32434e-07,5.25378e-06,0.424742,0.396174,0.67933,0.0490534,0.976499,-0.208644,0.0226019,-0.178981,0.0799403,0.739144,0.694609,0.287715,0.609158,-0.25232,0,0,0,0,0,0,0,-0.00179519,0.00390499,-0.00635649,-0.00558805,19.6475,9.96941,7.62925,4.62585,-7.25101,-2.69336,1.81476,-0.435975,0,0,-12,0,0,0,0,0,6.20101,0,0,0,
0.492645,0.120926,0.843119,0.654518,0.466217,-0.509813,-0.307148,3.27007e-07,-4.68469e-07,-9.64853e-07,1.11526e-06,9.62427e-06,-4.29493e-06,0.424742,0.396174,0.67933,0.0490537,0.976499,-0.208644,0.0226019,-0.178981,0.0799403,0.739144,0.694609,0.287715,0.609158,-0.25232,0,0,0,0,0,0,0,0.00243765,0.00345042,-0.00607227,-0.00511867,19.6829,9.96905,7.62592,4.62531,-7.25516,-2.69555,1.82197,-0.438242,0,0,-12,0,0,0,0,0,6.20101,0,0,0,
0.492645,0.120926,0.843119,0.654518,0.466217,-0.509813,-0.307148,3.27007e-07,-4.68469e-07,-9.64853e-07,1.11526e-06,9.62427e-06,-4.29493e-06,0.424742,0.396174,0.67933,0.0490537,0.976499,-0.208644,0.0226019,-0.178981,0.0799403,0.739144,0.694609,0.287715,0.609158,-0.25232,0,0,0,0,0,0,0,0.00795938,0.00367823,-0.00621545,-0.00535373,19.6753,9.96965,7.6059,4.63,-7.25225,-2.69462,1.82001,-0.437669,0,0,-12,0,0,0,0,0,6.20101,0,0,0,
0.492645,0.120926,0.843119,0.654518,0.466217,-0.509813,-0.307148,0,0,0,0,0,0,0.424742,0.396174,0.67933,0.0490537,0.976499,-0.208644,0.0226019,-0.178981,0.0799403,0.739144,0.694609,0.287715,0.609158,-0.25232,0,0,0,0,0,0,0,0.00464602,0.00367879,-0.00621621,-0.00535493,19.6423,9.96939,7.60649,4.63042,-7.24814,-2.69248,1.81332,-0.435495,0,0,-12,0,0,0,0,0,6.20101,0,0,0,
0.492645,0.120926,0.843119,0.654518,0.466217,-0.509813,-0.307148,0,0,0,0,0,0,0.424742,0.396174,0.67933,0.0490537,0.976499,-0.208644,0.0226019,-0.178981,0.0799403,0.739144,0.694609,0.287715,0.609158,-0.25232,0,0,0,0,0,0,0,0.00129849,0.00367934,-0.00621749,-0.00535553,19.6749,9.96931,7.62739,4.62547,-7.25429,-2.69508,1.82032,-0.437744,0,0,-12,0,0,0,0,0,6.20101,0,0,0,
0.492645,0.120926,0.843119,0.654518,0.466217,-0.509813,-0.307148,0,0,0,0,0,0,0.424742,0.396174,0.67933,0.0490537,0.976499,-0.208644,0.0226019,-0.178981,0.0799403,0.739144,0.694609,0.287715,0.609158,-0.25232,0,0,0,0,0,0,0,0.00157013,0.0036799,-0.00621812,-0.00535691,19.6231,9.96918,7.61058,4.62987,-7.24612,-2.69132,1.8095,-0.434252,0,0,-12,0,0,0,0,0,6.20101,0,0,0,
0.492645,0.120926,0.843119,0.654518,0.466217,-0.509813,-0.307148,0,0,0,0,0,0,0.424742,0.396174,0.67933,0.0490537,0.976499,-0.208644,0.0226019,-0.178981,0.0799403,0.739144,0.694609,0.287715,0.609158,-0.25232,0,0,0,0,0,0,0,0.00706437,0.00368044,-0.00621949,-0.00535736,19.67,9.9696,7.60716,4.62982,-7.2517,-2.6943,1.81895,-0.437322,0,0,-12,0,0,0,0,0,6.20101,0,0,0,
0.492645,0.120926,0.843119,0.654518,0.466217,-0.509813,-0.307148,0,0,0,0,0,0,0.424742,0.396174,0.67933,0.0490537,0.976499,-0.208644,0.0226019,-0.178981,0.0799403,0.739144,0.694609,0.287715,0.609158,-0.25232,0,0,0,0,0,0,0,0.0043428,0.00368098,-0.00622071,-0.00535798,19.6976,9.96953,7.62453,4.6257,-7.25689,-2.6965,1.8249,-0.439232,0,0,-12,0,0,0,0,0,6.20101,0,0,0,
0.492645,0.120926,0.843119,0.654518,0.466217,-0.509813,-0.307148,0,0,0,0,0,0,0.424742,0.396174,0.67933,0.0490537,0.976499,-0.208644,0.0226019,-0.178981,0.0799403,0.739144,0.694609,0.287715,0.609158,-0.25232,0,0,0,0,0,0,0,-0.00178183,0.00368153,-0.00622158,-0.00535906,19.6787,9.96917,7.63857,4.62305,-7.25585,-2.69558,1.8213,-0.43805,0,0,-12,0,0,0,0,0,6.20101,0,0,0,
0.492645,0.120926,0.843119,0.654518,0.466217,-0.509813,-0.307148,-9.20853e-07,-2.42524e-06,3.52533e-07,-3.44899e-07,-6.30995e-07,-5.24183e-06,0.424742,0.396174,0.67933,0.0490537,0.976499,-0.208644,0.0226019,-0.178981,0.0799403,0.739144,0.694609,0.287715,0.609158,-0.25232,0,0,0,0,0,0,0,-0.001061,0.00368209,-0.00622288,-0.00535968,19.7105,9.96929,7.64602,4.62094,-7.2606,-2.69783,1.8279,-0.440183,0,0,-12,0,0,0,0,0,6.20101,0,0,0,
0.492645,0.120926,0.843119,0.654518,0.466217,-0.509813,-0.307148,0,0,0,0,0,0,0.424742,0.396174,0.67933,0.0490537,0.976499,-0.208644,0.0226019,-0.178981,0.0799403,0.739144,0.694609,0.287715,0.609158,-0.25232,0,0,0,0,0,0,0,0.00380531,0.00368263,-0.00622381,-0.00536065,19.7021,9.96952,7.62765,4.62496,-7.25776,-2.69687,1.82586,-0.439543,0,0,-12,0,0,0,0,0,6.20101,0,0,0,
0.492644,0.120926,0.843119,0.654518,0.466216,-0.509812,-0.307148,-1.68437e-06,-3.48402e-07,1.12804e-07,1.25342e-07,-2.16934e-06,-4.82856e-06,0.424742,0.396174,0.67933,0.049054,0.976499,-0.208644,0.0226019,-0.178981,0.0799403,0.739144,0.694609,0.287715,0.609158,-0.25232,0,0,0,0,0,0,0,0.00271875,0.0035922,-0.00623755,-0.00432066,19.7282,9.96953,7.63922,4.62213,-7.26223,-2.69868,1.83147,-0.441332,0,0,-12,0,0,0,0,0,6.20101,0,0,0,
0.492644,0.120926,0.84312,0.654518,0.466217,-0.509812,-0.307147,-2.01088e-06,1.1936e-07,1.0762e-06,-9.88236e-07,-1.17791e-05,-5.40115e-07,0.424742,0.396174,0.67933,0.049054,0.976499,-0.208644,0.0226019,-0.178981,0.0799403,0.739144,0.694609,0.287715,0.609158,-0.25232,0,0,0,0,0,0,0,-0.000649961,0.00292617,-0.00550299,-0.000890962,19.7182,9.96873,7.64663,4.62024,-7.26181,-2.69771,1.82991,-0.440822,0,0,-12,0,0,0,0,0,6.20101,0,0,0,
0.492645,0.120926,0.84312,0.654518,0.466217,-0.509812,-0.307147,-3.26268e-07,4.67409e-07,9.62668e-07,-1.11273e-06,-9.60248e-06,4.28521e-06,0.424742,0.396174,0.67933,0.0490537,0.976499,-0.208644,0.0226019,-0.178981,0.0799403,0.739144,0.694609,0.287715,0.609158,-0.25232,0,0,0,0,0,0,0,0.000196227,0.00376401,-0.00620064,-0.00630769,19.7169,9.96938,7.64389,4.62125,-7.26116,-2.69833,1.82906,-0.44059,0,0,-12,0,0,0,0,0,6.20101,0,0,0,
0.492645,0.120926,0.84312,0.654518,0.466217,-0.509812,-0.307147,-3.27011e-07,4.68474e-07,9.64862e-07,-1.11527e-06,-9.62436e-06,4.29498e-06,0.424742,0.396174,0.67933,0.0490537,0.976499,-0.208644,0.0226019,-0.178981,0.0799403,0.739144,0.694609,0.287715,0.609158,-0.25232,0,0,0,0,0,0,0,0.00461636,0.003674,-0.00621423,-0.00527773,19.74,9.96967,7.63667,4.62243,-7.26342,-2.69953,1.83373,-0.44209,0,0,-12,0,0,0,0,0,6.20101,0,0,0,
0.492645,0.120926,0.84312,0.654518,0.466217,-0.509812,-0.307147,-3.27005e-07,4.68465e-07,9.64843e-07,-1.11525e-06,-9.62417e-06,4.29489e-06,0.424742,0.396174,0.67933,0.0490537,0.976499,-0.208644,0.0226019,-0.178981,0.0799403,0.739144,0.694609,0.287715,0.609158,-0.25232,0,0,0,0,0,0,0,0.00456741,0.00367456,-0.00621528,-0.00527858,19.7428,9.96967,7.6377,4.62217,-7.26388,-2.69974,1.83432,-0.442282,0,0,-12,0,0,0,0,0,6.20101,0,0,0,
0.492645,0.120926,0.84312,0.654518,0.466217,-0.509812,-0.307147,-3.27011e-07,4.68474e-07,9.64862e-07,-1.11527e-06,-9.62436e-06,4.29498e-06,0.424742,0.396174,0.67933,0.0490537,0.976499,-0.208644,0.0226019,-0.178981,0.0799403,0.739144,0.694609,0.287715,0.609158,-0.25232,0,0,0,0,0,0,0,0.00137479,0.00367511,-0.0062163,-0.00527947,19.7415,9.96951,7.64767,4.62009,-7.26468,-2.69988,1.83424,-0.442245,0,0,-12,0,0,0,0,0,6.20101,0,0,0,
0.492645,0.120926,0.84312,0.654518,0.466217,-0.509812,-0.307147,-3.27011e-07,4.68474e-07,9.64862e-07,-1.11527e-06,-9.62436e-06,4.29498e-06,0.424742,0.396174,0.67933,0.0490537,0.976499,-0.208644,0.0226019,-0.178981,0.0799403,0.739144,0.694609,0.287715,0.609158,-0.25232,0,0,0,0,0,0,0,0.00328437,0.00367566,-0.00621736,-0.00528027,19.7487,9.96963,7.6437,4.62081,-7.26521,-2.70026,1.83564,-0.442702,0,0,-12,0,0,0,0,0,6.20101,0,0,0,
0.492645,0.120926,0.84312,0.654518,0.466217,-0.509812,-0.307147,-3.27008e-07,4.68469e-07,9.64852e-07,-1.11526e-06,-9.62427e-06,4.29493e-06,0.424742,0.396174,0.67933,0.0490537,0.976499,-0.208644,0.0226019,-0.178981,0.0799403,0.739144,0.694609,0.287715,0.609158,-0.25232,0,0,0,0,0,0,0,0.00283797,0.0036762,-0.0062184,-0.00528107,19.7537,9.96962,7.64669,4.62009,-7.26614,-2.70065,1.83671,-0.443048,0,0,-12,0,0,0,0,0,6.20101,0,0,0,
0.492645,0.120926,0.84312,0.654518,0.466217,-0.509812,-0.307147,1.35865e-06,8.17139e-07,8.51961e-07,-1.24069e-06,-7.45326e-06,9.12719e-06,0.424742,0.396174,0.67933,0.0490537,0.976499,-0.208644,0.0226019,-0.178981,0.0799403,0.739144,0.694609,0.287715,0.609158,-0.25232,0,0,0,0,0,0,0,0.00164651,0.00367675,-0.00621944,-0.0052819,19.7575,9.96957,7.65173,4.61897,-7.26711,-2.70102,1.83758,-0.443323,0,0,-12,0,0,0,0,0,6.20101,0,0,0,
0.492645,0.120926,0.84312,0.654518,0.466217,-0.509812,-0.307147,1.68564e-06,3.48666e-07,-1.1289e-07,-1.25437e-07,2.17098e-06,4.83221e-06,0.424742,0.396174,0.67933,0.0490537,0.976499,-0.208644,0.0226019,-0.178981,0.0799403,0.739144,0.694609,0.287715,0.609158,-0.25232,0,0,0,0,0,0,0,0.00157769,0.0036773,-0.00622046,-0.00528277,19.7579,9.96957,7.65208,4.61889,-7.26719,-2.70105,1.83766,-0.443351,0,0,-12,0,0,0,0,0,6.20101,0,0,0,
0.492645,0.120926,0.84312,0.654518,0.466217,-0.509812,-0.307147,0,0,0,0,0,0,0.424742,0.396174,0.67933,0.0490537,0.976499,-0.208644,0.0226019,-0.178981,0.0799403,0.739144,0.694609,0.287715,0.609158,-0.25232,0,0,0,0,0,0,0,0.00232737,0.00367785,-0.00622153,-0.00528358,19.7647,9.96962,7.65173,4.61885,-7.26801,-2.70148,1.83903,-0.443794,0,0,-12,0,0,0,0,0,6.20101,0,0,0,
0.492645,0.120926,0.84312,0.654518,0.466217,-0.509812,-0.307147,0,0,0,0,0,0,0.424742,0.396174,0.67933,0.0490537,0.976499,-0.208644,0.0226019,-0.178981,0.0799403,0.739144,0.694609,0.287715,0.609158,-0.25232,0,0,0,0,0,0,0,0.00471283,0.00367839,-0.00622256,-0.0052844,19.7683,9.96976,7.6451,4.62019,-7.26782,-2.70157,1.83965,-0.444001,0,0,-12,0,0,0,0,0,6.20101,0,0,0,
0.492645,0.120926,0.843119,0.654518,0.466217,-0.509813,-0.307148,3.26763e-07,-4.6812e-07,-9.64133e-07,1.11442e-06,9.61709e-06,-4.29173e-06,0.424742,0.396174,0.67933,0.0490537,0.976499,-0.208644,0.0226019,-0.178981,0.0799403,0.739144,0.694609,0.287715,0.609158,-0.25232,0,0,0,0,0,0,0,0.00395239,0.00446046,-0.00697081,-0.00988458,19.7724,9.97036,7.64929,4.6197,-7.26857,-2.70258,1.84011,-0.444162,0,0,-12,0,0,0,0,0,6.20101,0,0,0,
0.492645,0.120926,0.843119,0.654518,0.466217,-0.509813,-0.307148,3.26513e-07,-4.67762e-07,-9.63396e-07,1.11357e-06,9.60973e-06,-4.28845e-06,0.424742,0.396174,0.67933,0.0490537,0.976499,-0.208644,0.0226019,-0.178981,0.0799403,0.739144,0.694609,0.287715,0.609158,-0.25232,0,0,0,0,0,0,0,0.0019397,0.00369037,-0.00623865,-0.00537228,19.7733,9.96964,7.65563,4.61789,-7.26947,-2.70214,1.84084,-0.44437,0,0,-12,0,0,0,0,0,6.20101,0,0,0,
0.492645,0.120926,0.843119,0.654518,0.466217,-0.509813,-0.307148,3.26513e-07,-4.67762e-07,-9.63396e-07,1.11357e-06,9.60973e-06,-4.28845e-06,0.424742,0.396174,0.67933,0.0490537,0.976499,-0.208644,0.0226019,-0.178981,0.0799403,0.739144,0.694609,0.287715,0.609158,-0.25232,0,0,0,0,0,0,0,0.00335778,0.00369093,-0.00623974,-0.00537315,19.7793,9.96973,7.65288,4.61837,-7.26996,-2.70247,1.84201,-0.444752,0,0,-12,0,0,0,0,0,6.20101,0,0,0,
0.492645,0.120926,0.843119,0.654518,0.466217,-0.509813,-0.307148,3.26513e-07,-4.67762e-07,-9.63396e-07,1.11357e-06,9.60973e-06,-4.28845e-06,0.424742,0.396174,0.67933,0.0490537,0.976499,-0.208644,0.0226019,-0.178981,0.0799403,0.739144,0.694609,0.287715,0.609158,-0.25232,0,0,0,0,0,0,0,0.0020803,0.0036915,-0.00624081,-0.00537405,19.7826,9.96967,7.65805,4.61722,-7.27088,-2.70281,1.84278,-0.444996,0,0,-12,0,0,0,0,0,6.20101,0,0,0,
0.492644,0.120926,0.843119,0.654518,0.466216,-0.509812,-0.307148,-1.35785e-06,-8.16169e-07,-8.50601e-07,1.23893e-06,7.44048e-06,-9.11705e-06,0.424742,0.396174,0.67933,0.049054,0.976499,-0.208644,0.0226019,-0.178981,0.0799403,0.739144,0.694609,0.287715,0.609158,-0.25232,0,0,0,0,0,0,0,0.0034993,0.00359851,-0.00625466,-0.00430532,19.7805,9.96974,7.65282,4.61841,-7.27017,-2.7024,1.84237,-0.44485,0,0,-12,0,0,0,0,0,6.20101,0,0,0,
0.492645,0.120926,0.843119,0.654518,0.466217,-0.509813,-0.307148,3.27007e-07,-4.68469e-07,-9.64853e-07,1.11526e-06,9.62427e-06,-4.29493e-06,0.424742,0.396174,0.67933,0.0490537,0.976499,-0.208644,0.0226019,-0.178981,0.0799403,0.739144,0.694609,0.287715,0.609158,-0.25232,0,0,0,0,0,0,0,0.00168073,0.00378135,-0.00623066,-0.00638586,19.7774,9.96964,7.65775,4.61733,-7.27016,-2.70261,1.84163,-0.444642,0,0,-12,0,0,0,0,0,6.20101,0,0,0,
0.492645,0.120926,0.843119,0.654518,0.466217,-0.509813,-0.307148,3.27007e-07,-4.68469e-07,-9.64853e-07,1.11526e-06,9.62427e-06,-4.29493e-06,0.424742,0.396174,0.67933,0.0490537,0.976499,-0.208644,0.0226019,-0.178981,0.0799403,0.739144,0.694609,0.287715,0.609158,-0.25232,0,0,0,0,0,0,0,0.00403884,0.00369315,-0.00624392,-0.00537667,19.7908,9.9698,7.65422,4.6179,-7.27155,-2.70326,1.84438,-0.445519,0,0,-12,0,0,0,0,0,6.20101,0,0,0,
0.492645,0.120926,0.843119,0.654518,0.466217,-0.509813,-0.307148,3.27007e-07,-4.68469e-07,-9.64853e-07,1.11526e-06,9.62427e-06,-4.29493e-06,0.424742,0.396174,0.67933,0.0490537,0.976499,-0.208644,0.0226019,-0.178981,0.0799403,0.739144,0.694609,0.287715,0.609158,-0.25232,0,0,0,0,0,0,0,-0.000720486,0.00369368,-0.00624494,-0.00537751,19.7946,9.96956,7.67085,4.61432,-7.27365,-2.70388,1.84546,-0.445851,0,0,-12,0,0,0,0,0,6.20101,0,0,0,
0.492645,0.120926,0.843119,0.654518,0.466217,-0.509813,-0.307148,0,0,0,0,0,0,0.424742,0.396174,0.67933,0.0490537,0.976499,-0.208644,0.0226019,-0.178981,0.0799403,0.739144,0.694609,0.287715,0.609158,-0.25232,0,0,0,0,0,0,0,0.00191333,0.00369424,-0.00624597,-0.00537842,19.7947,9.9697,7.66232,4.61612,-7.27283,-2.7037,1.84532,-0.445815,0,0,-12,0,0,0,0,0,6.20101,0,0,0,
0.492645,0.120926,0.843119,0.654518,0.466217,-0.509813,-0.307148,0,0,0,0,0,0,0.424742,0.396174,0.67933,0.0490537,0.976499,-0.208644,0.0226019,-0.178981,0.0799403,0.739144,0.694609,0.287715,0.609158,-0.25232,0,0,0,0,0,0,0,0.00121207,0.00369479,-0.00624698,-0.00537932,19.7945,9.96967,7.66453,4.61566,-7.27301,-2.70373,1.84531,-0.44581,0,0,-12,0,0,0,0,0,6.20101,0,0,0,
0.492645,0.120926,0.843119,0.654518,0.466217,-0.509813,-0.307148,0,0,0,0,0,0,0.424742,0.396174,0.67933,0.0490537,0.976499,-0.208644,0.0226019,-0.178981,0.0799403,0.739144,0.694609,0.287715,0.609158,-0.25232,0,0,0,0,0,0,0,0.00198163,0.00369535,-0.00624807,-0.00538016,19.8025,9.96973,7.6645,4.61553,-7.27403,-2.70425,1.84694,-0.446339,0,0,-12,0,0,0,0,0,6.20101,0,0,0,
0.492645,0.120926,0.843119,0.654518,0.466217,-0.509813,-0.307148,0,0,0,0,0,0,0.424742,0.396174,0.67933,0.0490537,0.976499,-0.208644,0.0226019,-0.178981,0.0799403,0.739144,0.694609,0.287715,0.609158,-0.25232,0,0,0,0,0,0,0,-0.000315239,0.00369589,-0.0062491,-0.00538102,19.8062,9.96962,7.6731,4.61366,-7.27533,-2.70469,1.84785,-0.446626,0,0,-12,0,0,0,0,0,6.20101,0,0,0,
0.492645,0.120926,0.843119,0.654518,0.466217,-0.509813,-0.307148,1.68692e-06,3.4893e-07,-1.12975e-07,-1.25532e-07,2.17263e-06,4.83587e-06,0.424742,0.396174,0.67933,0.0490537,0.976499,-0.208644,0.0226019,-0.178981,0.0799403,0.739144,0.694609,0.287715,0.609158,-0.25232,0,0,0,0,0,0,0,-0.00105821,0.00369646,-0.00625016,-0.00538192,19.8086,9.96959,7.67626,4.61295,-7.27595,-2.70492,1.8484,-0.446801,0,0,-12,0,0,0,0,0,6.20101,0,0,0,
0.492645,0.120926,0.843119,0.654518,0.466217,-0.509813,-0.307148,0,0,0,0,0,0,0.424742,0.396174,0.67933,0.0490537,0.976499,-0.208644,0.0226019,-0.178981,0.0799403,0.739144,0.694609,0.287715,0.609158,-0.25232,0,0,0,0,0,0,0,0.00349384,0.003697,-0.00625119,-0.00538277,19.8125,9.96984,7.66267,4.61576,-7.27511,-2.70486,1.84893,-0.446988,0,0,-12,0,0,0,0,0,6.20101,0,0,0,
0.492645,0.120926,0.843119,0.654518,0.466217,-0.509813,-0.307148,0,0,0,0,0,0,0.424742,0.396174,0.67933,0.0490537,0.976499,-0.208644,0.0226019,-0.178981,0.0799403,0.739144,0.694609,0.287715,0.609158,-0.25232,0,0,0,0,0,0,0,0.00172936,0.00369755,-0.00625224,-0.00538363,19.817,9.96976,7.66981,4.61418,-7.27638,-2.70532,1.84999,-0.447324,0,0,-12,0,0,0,0,0,6.20101,0,0,0,
0.492645,0.120926,0.843119,0.654518,0.466217,-0.509813,-0.307148,0,0,0,0,0,0,0.424742,0.396174,0.67933,0.0490537,0.976499,-0.208644,0.0226019,-0.178981,0.0799403,0.739144,0.694609,0.287715,0.609158,-0.25232,0,0,0,0,0,0,0,0.00105923,0.0036981,-0.00625327,-0.0053845,19.8202,9.96973,7.67296,4.61346,-7.27709,-2.7056,1.8507,-0.447549,0,0,-12,0,0,0,0,0,6.20101,0,0,0,
0.492645,0.120926,0.843119,0.654518,0.466217,-0.509813,-0.307148,0,0,0,0,0,0,0.424742,0.396174,0.67933,0.0490537,0.976499,-0.208644,0.0226019,-0.178981,0.0799403,0.739144,0.694609,0.287715,0.609158,-0.25232,0,0,0,0,0,0,0,-0.00108368,0.00369865,-0.0062543,-0.00538539,19.8213,9.96963,7.68024,4.6119,-7.27793,-2.70584,1.85104,-0.447654,0,0,-12,0,0,0,0,0,6.20101,0,0,0,
0.492645,0.120926,0.843119,0.654518,0.466217,-0.509813,-0.307148,0,0,0,0,0,0,0.424742,0.396174,0.67933,0.0490537,0.976499,-0.208644,0.0226019,-0.178981,0.0799403,0.739144,0.694609,0.287715,0.609158,-0.25232,0,0,0,0,0,0,0,0.0050867,0.0036992,-0.00625534,-0.00538625,19.8251,9.96996,7.6614,4.61582,-7.27658,-2.70566,1.85148,-0.447815,0,0,-12,0,0,0,0,0,6.20101,0,0,0,
0.492645,0.120926,0.843119,0.654518,0.466217,-0.509813,-0.307148,0,0,0,0,0,0,0.424742,0.396174,0.67933,0.0490537,0.976499,-0.208644,0.0226019,-0.178981,0.0799403,0.739144,0.694609,0.287715,0.609158,-0.25232,0,0,0,0,0,0,0,0.0046161,0.00369976,-0.0062564,-0.00538713,19.8286,9.96994,7.66401,4.61521,-7.27728,-2.70595,1.85225,-0.44806,0,0,-12,0,0,0,0,0,6.20101,0,0,0,
0.492645,0.120926,0.843119,0.654518,0.466217,-0.509813,-0.307148,0,0,0,0,0,0,0.424742,0.396174,0.67933,0.0490537,0.976499,-0.208644,0.0226019,-0.178981,0.0799403,0.739144,0.694609,0.287715,0.609158,-0.25232,0,0,0,0,0,0,0,0.00330632,0.0037003,-0.00625742,-0.00538802,19.83,9.96988,7.66867,4.61421,-7.27791,-2.70614,1.8526,-0.448171,0,0,-12,0,0,0,0,0,6.20101,0,0,0,
0.492645,0.120926,0.843119,0.654518,0.466217,-0.509813,-0.307148,0,0,0,0,0,0,0.424742,0.396174,0.67933,0.0490537,0.976499,-0.208644,0.0226019,-0.178981,0.0799403,0.739144,0.694609,0.287715,0.609158,-0.25232,0,0,0,0,0,0,0,0.00223081,0.00370085,-0.00625847,-0.00538888,19.8345,9.96984,7.67357,4.6131,-7.27896,-2.70655,1.85362,-0.448495,0,0,-12,0,0,0,0,0,6.20101,0,0,0,
0.492645,0.120926,0.843119,0.654518,0.466217,-0.509813,-0.307148,0,0,0,0,0,0,0.424742,0.396174,0.67933,0.0490537,0.976499,-0.208644,0.0226019,-0.178981,0.0799403,0.739144,0.694609,0.287715,0.609158,-0.25232,0,0,0,0,0,0,0,0.00353606,0.0037014,-0.00625951,-0.00538974,19.8383,9.96992,7.67051,4.61368,-7.27914,-2.70673,1.85434,-0.448731,0,0,-12,0,0,0,0,0,6.20101,0,0,0,
0.492645,0.120926,0.843119,0.654518,0.466217,-0.509813,-0.307148,0,0,0,0,0,0,0.424742,0.396174,0.67933,0.0490537,0.976499,-0.208644,0.0226019,-0.178981,0.0799403,0.739144,0.694609,0.287715,0.609158,-0.25232,0,0,0,0,0,0,0,0.000214817,0.00370196,-0.00626056,-0.00539062,19.8415,9.96976,7.68228,4.61114,-7.28069,-2.70721,1.8552,-0.449,0,0,-12,0,0,0,0,0,6.20101,0,0,0,
0.492645,0.120926,0.843119,0.654518,0.466217,-0.509813,-0.307148,0,0,0,0,0,0,0.424742,0.396174,0.67933,0.0490537,0.976499,-0.208644,0.0226019,-0.178981,0.0799403,0.739144,0.694609,0.287715,0.609158,-0.25232,0,0,0,0,0,0,0,0.00380903,0.0037025,-0.00626159,-0.00539148,19.8446,9.96995,7.67156,4.61336,-7.28004,-2.70717,1.85564,-0.449152,0,0,-12,0,0,0,0,0,6.20101,0,0,0,
0.492645,0.120926,0.843119,0.654518,0.466217,-0.509813,-0.307148,0,0,0,0,0,0,0.424742,0.396174,0.67933,0.0490537,0.976499,-0.208644,0.0226019,-0.178981,0.0799403,0.739144,0.694609,0.287715,0.609158,-0.25232,0,0,0,0,0,0,0,0.00172783,0.00370306,-0.00626265,-0.00539236,19.8486,9.96986,7.67953,4.61161,-7.28131,-2.7076,1.85658,-0.449449,0,0,-12,0,0,0,0,0,6.20101,0,0,0,
0.492645,0.120926,0.843119,0.654518,0.466217,-0.509813,-0.307148,0,0,0,0,0,0,0.424742,0.396174,0.67933,0.0490537,0.976499,-0.208644,0.0226019,-0.178981,0.0799403,0.739144,0.694609,0.287715,0.609158,-0.25232,0,0,0,0,0,0,0,0.00287789,0.0037036,-0.00626367,-0.00539322,19.8517,9.96992,7.67676,4.61214,-7.28144,-2.70774,1.85716,-0.449641,0,0,-12,0,0,0,0,0,6.20101,0,0,0,
0.492645,0.120926,0.843119,0.654518,0.466217,-0.509813,-0.307148,0,0,0,0,0,0,0.424742,0.396174,0.67933,0.0490537,0.976499,-0.208644,0.0226019,-0.178981,0.0799403,0.739144,0.694609,0.287715,0.609158,-0.25232,0,0,0,0,0,0,0,0.00429517,0.00370416,-0.0062647,-0.00539412,19.8521,9.97,7.67228,4.61308,-7.28105,-2.70767,1.85716,-0.449645,0,0,-12,0,0,0,0,0,6.20101,0,0,0,
0.492645,0.120926,0.843119,0.654518,0.466217,-0.509813,-0.307148,0,0,0,0,0,0,0.424742,0.396174,0.67933,0.0490537,0.976499,-0.208644,0.0226019,-0.178981,0.0799403,0.739144,0.694609,0.287715,0.609158,-0.25232,0,0,0,0,0,0,0,0.0031005,0.00370471,-0.00626574,-0.00539498,19.8566,9.96995,7.67754,4.6119,-7.28213,-2.70808,1.85817,-0.449967,0,0,-12,0,0,0,0,0,6.20101,0,0,0,
0.492645,0.120926,0.843119,0.654518,0.466217,-0.509813,-0.307148,0,0,0,0,0,0,0.424742,0.396174,0.67933,0.0490537,0.976499,-0.208644,0.0226019,-0.178981,0.0799403,0.739144,0.694609,0.287715,0.609158,-0.25232,0,0,0,0,0,0,0,0.00596877,0.00370529,-0.00626685,-0.0053959,19.8606,9.97011,7.66947,4.61354,-7.28186,-2.70816,1.85884,-0.450195,0,0,-12,0,0,0,0,0,6.20101,0,0,0,
0.492645,0.120926,0.843119,0.654518,0.466217,-0.509813,-0.307148,0,0,0,0,0,0,0.424742,0.396174,0.67933,0.0490537,0.976499,-0.208644,0.0226019,-0.178981,0.0799403,0.739144,0.694609,0.287715,0.609158,-0.25232,0,0,0,0,0,0,0,0.00111043,0.00370586,-0.00626791,-0.0053968,19.8632,9.96987,7.68603,4.61,-7.28379,-2.7087,1.85967,-0.450444,0,0,-12,0,0,0,0,0,6.20101,0,0,0,
0.492645,0.120926,0.843119,0.654518,0.466217,-0.509813,-0.307148,0,0,0,0,0,0,0.424742,0.396174,0.67933,0.0490537,0.976499,-0.208644,0.0226019,-0.178981,0.0799403,0.739144,0.694609,0.287715,0.609158,-0.25232,0,0,0,0,0,0,0,0.00180087,0.00370644,-0.00626901,-0.00539773,19.8659,9.96991,7.68463,4.61025,-7.28399,-2.70885,1.86019,-0.450615,0,0,-12,0,0,0,0,0,6.20101,0,0,0,
0.492645,0.120926,0.843119,0.654518,0.466217,-0.509813,-0.307148,0,0,0,0,0,0,0.424742,0.396174,0.67933,0.0490537,0.976499,-0.208644,0.0226019,-0.178981,0.0799403,0.739144,0.694609,0.287715,0.609158,-0.25232,0,0,0,0,0,0,0,0.00123417,0.00370701,-0.0062701,-0.00539863,19.8704,9.9699,7.68788,4.60949,-7.28489,-2.70922,1.86118,-0.450932,0,0,-12,0,0,0,0,0,6.20101,0,0,0,
0.492645,0.120926,0.843119,0.654518,0.466217,-0.509813,-0.307148,0,0,0,0,0,0,0.424742,0.396174,0.67933,0.0490537,0.976499,-0.208644,0.0226019,-0.178981,0.0799403,0.739144,0.694609,0.287715,0.609158,-0.25232,0,0,0,0,0,0,0,0.00305237,0.00370757,-0.00627116,-0.00539952,19.8736,9.97,7.68295,4.61048,-7.28481,-2.70932,1.86174,-0.451118,0,0,-12,0,0,0,0,0,6.20101,0,0,0,
0.492645,0.120926,0.843119,0.654518,0.466217,-0.509813,-0.307148,0,0,0,0,0,0,0.424742,0.396174,0.67933,0.0490537,0.976499,-0.208644,0.0226019,-0.178981,0.0799403,0.739144,0.694609,0.287715,0.609158,-0.25232,0,0,0,0,0,0,0,0.00343061,0.00370812,-0.0062722,-0.00540039,19.8768,9.97003,7.68269,4.61048,-7.28518,-2.70952,1.86237,-0.451324,0,0,-12,0,0,0,0,0,6.20101,0,0,0,
0.492645,0.120926,0.843119,0.654518,0.466217,-0.509813,-0.307148,0,0,0,0,0,0,0.424742,0.396174,0.67933,0.0490537,0.976499,-0.208644,0.0226019,-0.178981,0.0799403,0.739144,0.694609,0.287715,0.609158,-0.25232,0,0,0,0,0,0,0,0.000868654,0.00370866,-0.00627322,-0.00540125,19.8795,9.96991,7.69186,4.6085,-7.28642,-2.7099,1.8631,-0.451551,0,0,-12,0,0,0,0,0,6.20101,0,0,0,
0.492645,0.120926,0.843119,0.654518,0.466217,-0.509813,-0.307148,0,0,0,0,0,0,0.424742,0.396174,0.67933,0.0490537,0.976499,-0.208644,0.0226019,-0.178981,0.0799403,0.739144,0.694609,0.287715,0.609158,-0.25232,0,0,0,0,0,0,0,0.00342624,0.0037092,-0.00627424,-0.0054021,19.883,9.97005,7.68462,4.60997,-7.28615,-2.70996,1.86366,-0.451741,0,0,-12,0,0,0,0,0,6.20101,0,0,0,
0.492645,0.120926,0.843119,0.654518,0.466217,-0.509813,-0.307148,0,0,0,0,0,0,0.424742,0.396174,0.67933,0.0490537,0.976499,-0.208644,0.0226019,-0.178981,0.0799403,0.739144,0.694609,0.287715,0.609158,-0.25232,0,0,0,0,0,0,0,0.00503836,0.00370976,-0.00627527,-0.005403,19.8841,9.97014,7.67972,4.61099,-7.28582,-2.70993,1.8638,-0.45179,0,0,-12,0,0,0,0,0,6.20101,0,0,0,
0.492645,0.120926,0.843119,0.654518,0.466217,-0.509813,-0.307148,0,0,0,0,0,0,0.424742,0.396174,0.67933,0.0490537,0.976499,-0.208644,0.0226019,-0.178981,0.0799403,0.739144,0.694609,0.287715,0.609158,-0.25232,0,0,0,0,0,0,0,0.00201143,0.00371031,-0.00627632,-0.00540385,19.8892,9.97,7.69115,4.60849,-7.28758,-2.71052,1.86506,-0.452188,0,0,-12,0,0,0,0,0,6.20101,0,0,0,
0.492645,0.120926,0.843119,0.654518,0.466217,-0.509813,-0.307148,0,0,0,0,0,0,0.424742,0.396174,0.67933,0.0490537,0.976499,-0.208644,0.0226019,-0.178981,0.0799403,0.739144,0.694609,0.287715,0.609158,-0.25232,0,0,0,0,0,0,0,0.0043339,0.00371087,-0.00627739,-0.00540474,19.8932,9.97013,7.68482,4.60976,-7.28746,-2.71064,1.86574,-0.452415,0,0,-12,0,0,0,0,0,6.20101,0,0,0,
0.492645,0.120926,0.843119,0.654518,0.466217,-0.509813,-0.307148,0,0,0,0,0,0,0.424742,0.396174,0.67933,0.0490537,0.976499,-0.208644,0.0226019,-0.178981,0.0799403,0.739144,0.694609,0.287715,0.609158,-0.25232,0,0,0,0,0,0,0,0.00378074,0.00371142,-0.00627841,-0.00540561,19.8953,9.97011,7.68726,4.60921,-7.28796,-2.71083,1.86621,-0.452565,0,0,-12,0,0,0,0,0,6.20101,0,0,0,
0.492645,0.120926,0.843119,0.654518,0.466217,-0.509813,-0.307148,0,0,0,0,0,0,0.424742,0.396174,0.67933,0.0490537,0.976499,-0.208644,0.0226019,-0.178981,0.0799403,0.739144,0.694609,0.287715,0.609158,-0.25232,0,0,0,0,0,0,0,0.00297949,0.00371196,-0.00627945,-0.00540646,19.8998,9.97008,7.69125,4.6083,-7.28893,-2.71121,1.86721,-0.452883,0,0,-12,0,0,0,0,0,6.20101,0,0,0,
0.492645,0.120926,0.843119,0.654518,0.466217,-0.509813,-0.307148,0,0,0,0,0,0,0.424742,0.396174,0.67933,0.0490537,0.976499,-0.208644,0.0226019,-0.178981,0.0799403,0.739144,0.694609,0.287715,0.609158,-0.25232,0,0,0,0,0,0,0,0.00291592,0.00371251,-0.00628047,-0.00540735,19.9008,9.97008,7.69178,4.60817,-7.28911,-2.71129,1.86743,-0.452955,0,0,-12,0,0,0,0,0,6.20101,0,0,0,
0.492645,0.120926,0.843119,0.654518,0.466217,-0.509813,-0.307148,0,0,0,0,0,0,0.424742,0.396174,0.67933,0.0490537,0.976499,-0.208644,0.0226019,-0.178981,0.0799403,0.739144,0.694609,0.287715,0.609158,-0.25232,0,0,0,0,0,0,0,0.00174122,0.00371309,-0.00628159,-0.00540826,19.9059,9.97003,7.69717,4.60695,-7.29028,-2.71175,1.86856,-0.453317,0,0,-12,0,0,0,0,0,6.20101,0,0,0,
0.492645,0.120926,0.843119,0.654518,0.466217,-0.509813,-0.307148,0,0,0,0,0,0,0.424742,0.396174,0.67933,0.0490537,0.976499,-0.208644,0.0226019,-0.178981,0.0799403,0.739144,0.694609,0.287715,0.609158,-0.25232,0,0,0,0,0,0,0,0.00203957,0.00371366,-0.00628266,-0.00540914,19.9101,9.97006,7.69747,4.60681,-7.29083,-2.71203,1.86941,-0.453591,0,0,-12,0,0,0,0,0,6.20101,0,0,0,
0.492645,0.120926,0.843119,0.654518,0.466217,-0.509813,-0.307148,0,0,0,0,0,0,0.424742,0.396174,0.67933,0.0490537,0.976499,-0.208644,0.0226019,-0.178981,0.0799403,0.739144,0.694609,0.287715,0.609158,-0.25232,0,0,0,0,0,0,0,0.000460979,0.00371421,-0.00628369,-0.00541003,19.9113,9.96998,7.70299,4.60563,-7.29153,-2.71223,1.86977,-0.453702,0,0,-12,0,0,0,0,0,6.20101,0,0,0,
0.492645,0.120926,0.843119,0.654518,0.466217,-0.509813,-0.307148,0,0,0,0,0,0,0.424742,0.396174,0.67933,0.0490537,0.976499,-0.208644,0.0226019,-0.178981,0.0799403,0.739144,0.694609,0.287715,0.609158,-0.25232,0,0,0,0,0,0,0,0.0047902,0.00371475,-0.00628472,-0.0054109,19.9141,9.97022,7.68978,4.60837,-7.29059,-2.71211,1.87009,-0.453819,0,0,-12,0,0,0,0,0,6.20101,0,0,0,
0.492645,0.120926,0.843119,0.654518,0.466217,-0.509813,-0.307148,0,0,0,0,0,0,0.424742,0.396174,0.67933,0.0490537,0.976499,-0.208644,0.0226019,-0.178981,0.0799403,0.739144,0.694609,0.287715,0.609158,-0.25232,0,0,0,0,0,0,0,0.00623349,0.0037153,-0.00628576,-0.00541177,19.918,9.9703,7.68628,4.60905,-7.29074,-2.71229,1.8708,-0.454055,0,0,-12,0,0,0,0,0,6.20101,0,0,0,
0.492645,0.120926,0.843119,0.654518,0.466217,-0.509813,-0.307148,0,0,0,0,0,0,0.424742,0.396174,0.67933,0.0490537,0.976499,-0.208644,0.0226019,-0.178981,0.0799403,0.739144,0.694609,0.287715,0.609158,-0.25232,0,0,0,0,0,0,0,0.00378676,0.00371586,-0.00628681,-0.00541265,19.9212,9.97018,7.69522,4.60711,-7.29201,-2.7127,1.87162,-0.45431,0,0,-12,0,0,0,0,0,6.20101,0,0,0,
0.492645,0.120926,0.843119,0.654518,0.466217,-0.509813,-0.307148,0,0,0,0,0,0,0.424742,0.396174,0.67933,0.0490537,0.976499,-0.208644,0.0226019,-0.178981,0.0799403,0.739144,0.694609,0.287715,0.609158,-0.25232,0,0,0,0,0,0,0,0.0051267,0.00371642,-0.00628788,-0.00541353,19.9257,9.97027,7.69228,4.60765,-7.29231,-2.71293,1.8725,-0.454599,0,0,-12,0,0,0,0,0,6.20101,0,0,0,
0.492645,0.120926,0.843119,0.654518,0.466217,-0.509813,-0.307148,0,0,0,0,0,0,0.424742,0.396174,0.67933,0.0490537,0.976499,-0.208644,0.0226019,-0.178981,0.0799403,0.739144,0.694609,0.287715,0.609158,-0.25232,0,0,0,0,0,0,0,0.00275798,0.00371697,-0.00628889,-0.00541441,19.9261,9.97015,7.70008,4.606,-7.29311,-2.71313,1.87271,-0.454659,0,0,-12,0,0,0,0,0,6.20101,0,0,0,
0.492645,0.120926,0.843119,0.654518,0.466217,-0.509813,-0.307148,0,0,0,0,0,0,0.424742,0.396174,0.67933,0.0490537,0.976499,-0.208644,0.0226019,-0.178981,0.0799403,0.739144,0.694609,0.287715,0.609158,-0.25232,0,0,0,0,0,0,0,-0.000266224,0.00371754,-0.00628998,-0.0054153,19.9315,9.97001,7.71156,4.60349,-7.2949,-2.71374,1.87402,-0.455071,0,0,-12,0,0,0,0,0,6.20101,0,0,0,
0.492645,0.120926,0.843119,0.654518,0.466217,-0.509813,-0.307148,0,0,0,0,0,0,0.424742,0.396174,0.67933,0.0490537,0.976499,-0.208644,0.0226019,-0.178981,0.0799403,0.739144,0.694609,0.287715,0.609158,-0.25232,0,0,0,0,0,0,0,0.00186393,0.0037181,-0.00629104,-0.0054162,19.934,9.97012,7.70543,4.60474,-7.29463,-2.71377,1.87443,-0.455211,0,0,-12,0,0,0,0,0,6.20101,0,0,0,
0.492645,0.120926,0.843119,0.654518,0.466217,-0.509813,-0.307148,0,0,0,0,0,0,0.424742,0.396174,0.67933,0.0490537,0.976499,-0.208644,0.0226019,-0.178981,0.0799403,0.739144,0.694609,0.287715,0.609158,-0.25232,0,0,0,0,0,0,0,0.00393233,0.00371866,-0.00629209,-0.0054171,19.9359,9.97024,7.69929,4.60601,-7.29427,-2.71375,1.87469,-0.455301,0,0,-12,0,0,0,0,0,6.20101,0,0,0,
0.492645,0.120926,0.843119,0.654518,0.466217,-0.509813,-0.307148,0,0,0,0,0,0,0.424742,0.396174,0.67933,0.0490537,0.976499,-0.208644,0.0226019,-0.178981,0.0799403,0.739144,0.694609,0.287715,0.609158,-0.25232,0,0,0,0,0,0,0,0.00145745,0.00371921,-0.00629314,-0.00541795,19.941,9.97013,7.70891,4.60389,-7.29585,-2.71431,1.87591,-0.455688,0,0,-12,0,0,0,0,0,6.20101,0,0,0,
0.492645,0.120926,0.843119,0.654518,0.466217,-0.509813,-0.307148,0,0,0,0,0,0,0.424742,0.396174,0.67933,0.0490537,0.976499,-0.208644,0.0226019,-0.178981,0.0799403,0.739144,0.694609,0.287715,0.609158,-0.25232,0,0,0,0,0,0,0,0.00272727,0.00371977,-0.0062942,-0.00541884,19.9443,9.9702,7.70578,4.6045,-7.29596,-2.71445,1.87651,-0.455886,0,0,-12,0,0,0,0,0,6.20101,0,0,0,
0.492645,0.120926,0.843119,0.654518,0.466217,-0.509813,-0.307148,0,0,0,0,0,0,0.424742,0.396174,0.67933,0.0490537,0.976499,-0.208644,0.0226019,-0.178981,0.0799403,0.739144,0.694609,0.287715,0.609158,-0.25232,0,0,0,0,0,0,0,0.00347625,0.00372031,-0.00629522,-0.0054197,19.9474,9.97025,7.70431,4.60476,-7.29621,-2.71462,1.87712,-0.456085,0,0,-12,0,0,0,0,0,6.20101,0,0,0,
0.492645,0.120926,0.843119,0.654518,0.466217,-0.509813,-0.307148,0,0,0,0,0,0,0.424742,0.396174,0.67933,0.0490537,0.976499,-0.208644,0.0226019,-0.178981,0.0799403,0.739144,0.694609,0.287715,0.609158,-0.25232,0,0,0,0,0,0,0,0.000140273,0.00372086,-0.00629626,-0.00542057,19.9506,9.97009,7.71613,4.60221,-7.29776,-2.71509,1.87799,-0.456353,0,0,-12,0,0,0,0,0,6.20101,0,0,0,
0.492645,0.120926,0.843119,0.654518,0.466217,-0.509813,-0.307148,0,0,0,0,0,0,0.424742,0.396174,0.67933,0.0490537,0.976499,-0.208644,0.0226019,-0.178981,0.0799403,0.739144,0.694609,0.287715,0.609158,-0.25232,0,0,0,0,0,0,0,0.00299584,0.00372142,-0.0062973,-0.00542145,19.9531,9.97024,7.70763,4.60397,-7.29725,-2.71506,1.87834,-0.456476,0,0,-12,0,0,0,0,0,6.20101,0,0,0,
0.492645,0.120926,0.843119,0.654518,0.466217,-0.509813,-0.307148,0,0,0,0,0,0,0.424742,0.396174,0.67933,0.0490537,0.976499,-0.208644,0.0226019,-0.178981,0.0799403,0.739144,0.694609,0.287715,0.609158,-0.25232,0,0,0,0,0,0,0,0.00138709,0.00372198,-0.00629837,-0.00542236,19.9556,9.97017,7.71364,4.60266,-7.29816,-2.71537,1.87897,-0.456673,0,0,-12,0,0,0,0,0,6.20101,0,0,0,
0.492645,0.120926,0.843119,0.654518,0.466217,-0.509813,-0.307148,0,0,0,0,0,0,0.424742,0.396174,0.67933,0.0490537,0.976499,-0.208644,0.0226019,-0.178981,0.0799403,0.739144,0.694609,0.287715,0.609158,-0.25232,0,0,0,0,0,0,0,0.00334812,0.00372252,-0.00629939,-0.00542319,19.9601,9.97028,7.70864,4.60364,-7.29823,-2.71554,1.87978,-0.456941,0,0,-12,0,0,0,0,0,6.20101,0,0,0,
0.492645,0.120926,0.843119,0.654518,0.466217,-0.509813,-0.307148,0,0,0,0,0,0,0.424742,0.396174,0.67933,0.0490537,0.976499,-0.208644,0.0226019,-0.178981,0.0799403,0.739144,0.694609,0.287715,0.609158,-0.25232,0,0,0,0,0,0,0,0.00435686,0.00372307,-0.00630043,-0.00542406,19.9632,9.97034,7.70634,4.60407,-7.29841,-2.7157,1.88038,-0.457139,0,0,-12,0,0,0,0,0,6.20101,0,0,0,
0.492645,0.120926,0.843119,0.654518,0.466217,-0.509813,-0.307148,0,0,0,0,0,0,0.424742,0.396174,0.67933,0.0490537,0.976499,-0.208644,0.0226019,-0.178981,0.0799403,0.739144,0.694609,0.287715,0.609158,-0.25232,0,0,0,0,0,0,0,0.00301252,0.00372361,-0.00630146,-0.00542493,19.9664,9.97028,7.71167,4.6029,-7.29933,-2.71602,1.88112,-0.457372,0,0,-12,0,0,0,0,0,6.20101,0,0,0,
0.492645,0.120926,0.843119,0.654518,0.466217,-0.509813,-0.307148,0,0,0,0,0,0,0.424742,0.396174,0.67933,0.0490537,0.976499,-0.208644,0.0226019,-0.178981,0.0799403,0.739144,0.694609,0.287715,0.609158,-0.25232,0,0,0,0,0,0,0,0.00275112,0.00372417,-0.0063025,-0.00542581,19.9689,9.97028,7.7133,4.60251,-7.2998,-2.71623,1.88166,-0.457546,0,0,-12,0,0,0,0,0,6.20101,0,0,0,
0.492645,0.120926,0.843119,0.654518,0.466217,-0.509813,-0.307148,0,0,0,0,0,0,0.424742,0.396174,0.67933,0.0490537,0.976499,-0.208644,0.0226019,-0.178981,0.0799403,0.739144,0.694609,0.287715,0.609158,-0.25232,0,0,0,0,0,0,0,-2.67588e-06,0.00372472,-0.00630354,-0.00542669,19.9721,9.97014,7.72322,4.60036,-7.30117,-2.71666,1.88248,-0.457804,0,0,-12,0,0,0,0,0,6.20101,0,0,0,
0.492645,0.120926,0.843119,0.654518,0.466217,-0.509813,-0.307148,0,0,0,0,0,0,0.424742,0.396174,0.67933,0.0490537,0.976499,-0.208644,0.0226019,-0.178981,0.0799403,0.739144,0.694609,0.287715,0.609158,-0.25232,0,0,0,0,0,0,0,0.00127817,0.00372526,-0.00630457,-0.00542754,19.9759,9.97022,7.72022,4.60093,-7.30136,-2.71684,1.8832,-0.458039,0,0,-12,0,0,0,0,0,6.20101,0,0,0,
0.492645,0.120926,0.843119,0.654518,0.466217,-0.509813,-0.307148,0,0,0,0,0,0,0.424742,0.396174,0.67933,0.0490537,0.976499,-0.208644,0.0226019,-0.178981,0.0799403,0.739144,0.694609,0.287715,0.609158,-0.25232,0,0,0,0,0,0,0,0.00385017,0.00372581,-0.00630561,-0.00542841,19.979,9.97037,7.71285,4.60244,-7.30104,-2.71688,1.88371,-0.458211,0,0,-12,0,0,0,0,0,6.20101,0,0,0,
0.492645,0.120926,0.843119,0.654518,0.466217,-0.509813,-0.307148,0,0,0,0,0,0,0.424742,0.396174,0.67933,0.0490537,0.976499,-0.208644,0.0226019,-0.178981,0.0799403,0.739144,0.694609,0.287715,0.609158,-0.25232,0,0,0,0,0,0,0,0.00352963,0.00372637,-0.00630666,-0.0054293,19.9816,9.97036,7.71468,4.60201,-7.30154,-2.71709,1.88426,-0.458389,0,0,-12,0,0,0,0,0,6.20101,0,0,0,
0.492645,0.120926,0.843119,0.654518,0.466217,-0.509813,-0.307148,0,0,0,0,0,0,0.424742,0.396174,0.67933,0.0490537,0.976499,-0.208644,0.0226019,-0.178981,0.0799403,0.739144,0.694609,0.287715,0.609158,-0.25232,0,0,0,0,0,0,0,0.00323953,0.00372692,-0.0063077,-0.00543017,19.9854,9.97035,7.7168,4.6015,-7.30223,-2.71738,1.88508,-0.458652,0,0,-12,0,0,0,0,0,6.20101,0,0,0,
0.492645,0.120926,0.843119,0.654518,0.466217,-0.509813,-0.307148,0,0,0,0,0,0,0.424742,0.396174,0.67933,0.0490537,0.976499,-0.208644,0.0226019,-0.178981,0.0799403,0.739144,0.694609,0.287715,0.609158,-0.25232,0,0,0,0,0,0,0,0.00262751,0.00372748,-0.00630875,-0.00543105,19.988,9.97033,7.71957,4.60088,-7.30282,-2.71761,1.88564,-0.458832,0,0,-12,0,0,0,0,0,6.20101,0,0,0,
0.492645,0.120926,0.843119,0.654518,0.466217,-0.509813,-0.307148,0,0,0,0,0,0,0.424742,0.396174,0.67933,0.0490537,0.976499,-0.208644,0.0226019,-0.178981,0.0799403,0.739144,0.694609,0.287715,0.609158,-0.25232,0,0,0,0,0,0,0,0.00299263,0.00372802,-0.00630979,-0.00543191,19.9918,9.97036,7.71956,4.60081,-7.3033,-2.71786,1.88642,-0.459085,0,0,-12,0,0,0,0,0,6.20101,0,0,0,
0.492645,0.120926,0.843119,0.654518,0.466217,-0.509813,-0.307148,0,0,0,0,0,0,0.424742,0.396174,0.67933,0.0490537,0.976499,-0.208644,0.0226019,-0.178981,0.0799403,0.739144,0.694609,0.287715,0.609158,-0.25232,0,0,0,0,0,0,0,0.00136148,0.00372858,-0.00631083,-0.0054328,19.9943,9.97028,7.72563,4.59949,-7.30421,-2.71816,1.88704,-0.459279,0,0,-12,0,0,0,0,0,6.20101,0,0,0,
0.492645,0.120926,0.843119,0.654518,0.466217,-0.509813,-0.307148,0,0,0,0,0,0,0.424742,0.396174,0.67933,0.0490537,0.976499,-0.208644,0.0226019,-0.178981,0.0799403,0.739144,0.694609,0.287715,0.609158,-0.25232,0,0,0,0,0,0,0,0.00134787,0.00372912,-0.00631186,-0.00543366,19.9974,9.97029,7.72663,4.59923,-7.3047,-2.71839,1.88769,-0.459489,0,0,-12,0,0,0,0,0,6.20101,0,0,0,
