pivot_1,pivot_2,pivot_3,pivot_4,pf_x,pf_y,pf_z,tau_c_1,tau_c_2,tau_c_3,tau_c_4,tau_c_5,tau_c_6,tau_c_7,tau_c_8,f_drive_ref_1,f_drive_ref_2,f_drive_ref_3,f_drive_ref_4,f_drive_ref_5,f_drive_ref_6,f_drive_ref_7,f_drive_ref_8,f_krnl_1,f_krnl_2,f_krnl_3,f_krnl_4,f_krnl_5,f_krnl_6,f_krnl_7,f_krnl_8,f_null_1,f_null_2,f_null_3,f_null_4,f_null_5,f_null_6,f_null_7,f_null_8,f_null_scale_factor,f_null_scaled_1,f_null_scaled_2,f_null_scaled_3,f_null_scaled_4,f_null_scaled_5,f_null_scaled_6,f_null_scaled_7,f_null_scaled_8,f_drv_1,f_drv_2,f_drv_3,f_drv_4,f_drv_5,f_drv_6,f_drv_7,f_drv_8,f_wheel_1,f_wheel_2,f_wheel_3,f_wheel_4,f_wheel_5,f_wheel_6,f_wheel_7,f_wheel_8
5.16833,5.43328,5.11102,5.15058,0,200,0,-6.91199,-9.49331,5.07095,2.9112,-7.35978,-10,0.0297139,-2.57366,0,2954.22,0,2662.78,0,3017.26,0,2973.74,-44.8924,22.0153,-37.561,33.0026,-46.0797,19.4079,-45.276,21.2151,200.125,108.356,-642.092,-57.093,202.271,115.112,195.844,15.0225,10,6.95271e-310,1083.56,6.68183e-310,-570.93,1.4822e-323,1151.12,5.23261e-310,150.225,-44.8924,1105.57,-37.561,-537.928,-46.0797,1170.53,-45.276,171.44,-120.209,-165.101,88.1905,50.6295,-127.996,-174.076,0.516764,-44.7593,
5.16833,5.43328,5.11102,5.15058,0,200,0,-6.91199,-9.49331,5.07095,2.9112,-7.35978,-10,0.0297139,-2.57366,0,2954.22,0,2662.78,0,3017.26,0,2973.74,-44.8924,22.0153,-37.561,33.0026,-46.0797,19.4079,-45.276,21.2151,200.125,108.356,-642.092,-57.093,202.271,115.112,195.844,15.0225,10,6.95271e-310,1083.56,6.68183e-310,-570.93,1.4822e-323,1151.12,5.23261e-310,150.225,-44.8924,1105.57,-37.561,-537.928,-46.0797,1170.53,-45.276,171.44,-120.209,-165.101,88.1905,50.6295,-127.996,-174.076,0.516764,-44.7593,
5.16833,5.43328,5.11102,5.15058,0,200,0,-6.91199,-9.49331,5.07095,2.9112,-7.35978,-10,0.0297139,-2.57366,0,2954.22,0,2662.78,0,3017.26,0,2973.74,-44.8924,22.0153,-37.561,33.0026,-46.0797,19.4079,-45.276,21.2151,200.125,108.356,-642.092,-57.093,202.271,115.112,195.844,15.0225,10,6.95271e-310,1083.56,6.68183e-310,-570.93,1.4822e-323,1151.12,5.23261e-310,150.225,-44.8924,1105.57,-37.561,-537.928,-46.0797,1170.53,-45.276,171.44,-120.209,-165.101,88.1905,50.6295,-127.996,-174.076,0.516764,-44.7593,
5.16833,5.43328,5.11102,5.15058,0,200,0,-6.91199,-9.49331,5.07095,2.9112,-7.35978,-10,0.0297139,-2.57366,0,2954.22,0,2662.78,0,3017.26,0,2973.74,-44.8924,22.0153,-37.561,33.0026,-46.0797,19.4079,-45.276,21.2151,200.125,108.356,-642.092,-57.093,202.271,115.112,195.844,15.0225,10,6.95271e-310,1083.56,6.68183e-310,-570.93,1.4822e-323,1151.12,5.23261e-310,150.225,-44.8924,1105.57,-37.561,-537.928,-46.0797,1170.53,-45.276,171.44,-120.209,-165.101,88.1905,50.6295,-127.996,-174.076,0.516764,-44.7593,
5.16833,5.43328,5.11101,5.15059,0,200,0,-6.91226,-9.49357,5.07025,2.91049,-7.36067,-10,0.0314671,-2.57189,0,2954.22,0,2662.78,0,3017.27,0,2973.73,-44.8924,22.0153,-37.561,33.0026,-46.0799,19.4073,-45.2758,21.2157,200.133,108.36,-642.092,-57.0835,202.297,115.124,195.811,14.9987,10,6.95271e-310,1083.6,6.68183e-310,-570.835,1.4822e-323,1151.24,5.23261e-310,149.987,-44.8924,1105.61,-37.561,-537.832,-46.0799,1170.65,-45.2758,171.202,-120.213,-165.106,88.1782,50.6172,-128.012,-174.091,0.547253,-44.7285,
5.16833,5.43328,5.11102,5.15059,0,200,0,-6.91221,-9.49353,5.07094,2.91118,-7.36006,-10,0.0305761,-2.57278,0,2954.22,0,2662.78,0,3017.26,0,2973.73,-44.8924,22.0153,-37.561,33.0026,-46.0797,19.4079,-45.2758,21.2157,200.133,108.359,-642.082,-57.0928,202.28,115.116,195.817,15.0107,10,6.95271e-310,1083.59,6.68183e-310,-570.928,1.4822e-323,1151.16,5.23261e-310,150.107,-44.8924,1105.6,-37.561,-537.925,-46.0797,1170.57,-45.2758,171.322,-120.212,-165.105,88.1902,50.6292,-128.001,-174.081,0.531758,-44.744,
5.1683,5.43329,5.111,5.15058,0,200,0,-6.91385,-9.4952,5.07099,2.91126,-7.36135,-10,0.0305319,-2.57284,0,2954.24,0,2662.76,0,3017.28,0,2973.74,-44.8929,22.0142,-37.5606,33.003,-46.0801,19.4068,-45.276,21.2151,200.166,108.381,-642.154,-57.0937,202.309,115.134,195.816,15.0114,10,6.95271e-310,1083.81,6.68183e-310,-570.937,1.4822e-323,1151.34,5.23261e-310,150.114,-44.8929,1105.83,-37.5606,-537.934,-46.0801,1170.74,-45.276,171.329,-120.241,-165.134,88.1912,50.6305,-128.024,-174.104,0.53099,-44.745,
5.16803,5.43347,5.11077,5.15058,0,200,0,-6.93681,-9.5185,5.07422,2.91482,-7.37796,-10,0.0353332,-2.56804,0,2954.55,0,2662.57,0,3017.53,0,2973.74,-44.899,22.0019,-37.5547,33.0098,-46.0845,19.3963,-45.276,21.2151,200.685,108.694,-642.923,-57.1402,202.686,115.36,195.544,14.9467,10,6.95271e-310,1086.94,6.68183e-310,-571.402,1.4822e-323,1153.6,5.23261e-310,149.467,-44.899,1108.95,-37.5547,-538.392,-46.0845,1173,-45.276,170.682,-120.64,-165.539,88.2473,50.6926,-128.312,-174.397,0.614491,-44.6615,
5.16733,5.43397,5.11039,5.15052,0,200,0,-6.99486,-9.57743,5.09301,2.93457,-7.41015,-10,0.0280844,-2.57536,0,2955.31,0,2662.01,0,3017.96,0,2973.81,-44.9143,21.9706,-37.5381,33.0287,-46.092,19.3786,-45.2773,21.2124,201.995,109.486,-644.855,-57.4018,203.338,115.799,195.123,15.0452,10,6.95271e-310,1094.86,6.68183e-310,-574.018,1.4822e-323,1157.99,5.23261e-310,150.452,-44.9143,1116.83,-37.5381,-540.99,-46.092,1177.37,-45.2773,171.664,-121.65,-166.564,88.5741,51.0361,-128.872,-174.964,0.488424,-44.7889,
5.16711,5.43428,5.11042,5.15044,0,200,0,-7.01781,-9.60067,5.10753,2.94968,-7.41495,-10,0.00678258,-2.59676,0,2955.56,0,2661.67,0,3017.92,0,2973.9,-44.9193,21.9604,-37.5278,33.0404,-46.0913,19.3803,-45.2791,21.2086,202.5,109.798,-645.708,-57.6026,203.318,115.863,195.306,15.3334,10,6.95271e-310,1097.98,6.68183e-310,-576.026,1.4822e-323,1158.63,5.23261e-310,153.334,-44.9193,1119.94,-37.5278,-542.986,-46.0913,1178.01,-45.2791,174.542,-122.049,-166.968,88.8266,51.2988,-128.956,-175.047,0.117958,-45.1611,
5.16798,5.43366,5.1112,5.15054,0,200,0,-6.94451,-9.52627,5.10095,2.94192,-7.36038,-10,-0.00409971,-2.60752,0,2954.6,0,2662.35,0,3017.06,0,2973.78,-44.9,21.9997,-37.5484,33.017,-46.0762,19.4162,-45.2768,21.2135,200.889,108.799,-643.027,-57.5037,202.106,115.118,195.926,15.4787,10,6.95271e-310,1087.99,6.68183e-310,-575.037,1.4822e-323,1151.18,5.23261e-310,154.787,-44.9,1109.99,-37.5484,-542.02,-46.0762,1170.6,-45.2768,176,-120.774,-165.674,88.7122,51.1638,-128.007,-174.083,-0.0712994,-45.3481,
5.16956,5.43178,5.11225,5.1508,0,200,0,-6.78519,-9.36494,5.07259,2.90999,-7.26084,-9.90904,0.0181847,-2.58492,0,2952.86,0,2664.42,0,3015.9,0,2973.5,-44.8652,22.0707,-37.6104,32.9463,-46.0557,19.4647,-45.2715,21.2249,197.397,106.631,-636.872,-57.0902,200.222,113.764,196.247,15.1751,10,6.95271e-310,1066.31,6.68183e-310,-570.902,1.4822e-323,1137.64,5.23261e-310,151.751,-44.8652,1088.38,-37.6104,-537.956,-46.0557,1157.1,-45.2715,172.976,-118.003,-162.868,88.2189,50.6085,-126.275,-172.331,0.316256,-44.9552,
5.17124,5.43011,5.11363,5.15108,0,200,0,-6.62918,-9.20679,5.05379,2.88804,-7.15181,-9.79847,0.0186177,-2.58414,0,2951.01,0,2666.26,0,3014.38,0,2973.19,-44.8281,22.146,-37.6652,32.8836,-46.0288,19.5282,-45.2653,21.2379,193.977,104.506,-630.793,-56.8094,197.968,112.277,196.886,15.1656,10,6.95271e-310,1045.06,6.68183e-310,-568.094,1.4822e-323,1122.77,5.23261e-310,151.656,-44.8281,1067.21,-37.6652,-535.21,-46.0288,1142.3,-45.2653,172.894,-115.29,-160.118,87.892,50.2268,-124.379,-170.408,0.323785,-44.9416,
5.17363,5.42866,5.11537,5.15147,0,200,0,-6.44464,-9.01921,5.0073,2.83881,-7.03289,-9.67759,0.0196659,-2.58262,0,2948.39,0,2667.85,0,3012.47,0,2972.77,-44.7751,22.2528,-37.7129,32.8289,-45.9948,19.6081,-45.2572,21.2553,189.834,101.988,-624.251,-56.1588,195.342,110.653,198.318,15.1466,10,6.95271e-310,1019.88,6.68183e-310,-561.588,1.4822e-323,1106.53,5.23261e-310,151.466,-44.7751,1042.13,-37.7129,-528.759,-45.9948,1126.14,-45.2572,172.721,-112.081,-156.856,87.0834,49.3705,-122.311,-168.306,0.342016,-44.9152,
5.17649,5.42674,5.11758,5.15189,0,200,0,-6.21614,-8.78703,4.95677,2.78467,-6.87912,-9.52133,0.0111799,-2.5906,0,2945.24,0,2669.96,0,3010.05,0,2972.3,-44.7112,22.381,-37.7758,32.7565,-45.9514,19.7095,-45.2483,21.2742,184.681,98.8702,-615.968,-55.4462,191.925,108.554,200.071,15.2556,10,6.95271e-310,988.702,6.68183e-310,-554.462,1.4822e-323,1085.54,5.23261e-310,152.556,-44.7112,1011.08,-37.7758,-521.706,-45.9514,1105.25,-45.2483,173.83,-108.107,-152.818,86.2047,48.429,-119.637,-165.588,0.194433,-45.0538,
5.17997,5.42431,5.11978,5.15249,0,200,0,-5.93999,-8.5064,4.86545,2.68877,-6.71666,-9.35636,0.0435269,-2.55752,0,2941.42,0,2672.64,0,3007.62,0,2971.65,-44.6332,22.5362,-37.8553,32.6645,-45.9079,19.8108,-45.2355,21.3014,178.389,95.1025,-606.022,-54.1753,188.468,106.337,201.671,14.812,10,6.95271e-310,951.025,6.68183e-310,-541.753,1.4822e-323,1063.37,5.23261e-310,148.12,-44.6332,973.561,-37.8553,-509.089,-45.9079,1083.18,-45.2355,169.421,-103.304,-147.937,84.6166,46.7612,-116.812,-162.719,0.75699,-44.4785,
5.18353,5.42218,5.12203,5.15314,0,200,0,-5.67356,-8.23533,4.76646,2.58578,-6.5624,-9.19953,0.0740493,-2.52619,0,2937.5,0,2674.98,0,3005.14,0,2970.92,-44.5527,22.6949,-37.9249,32.5837,-45.8631,19.9142,-45.2215,21.3312,172.262,91.4643,-596.55,-52.8061,185.074,104.23,203.426,14.3921,10,6.95271e-310,914.643,6.68183e-310,-528.061,1.4822e-323,1042.3,5.23261e-310,143.921,-44.5527,937.338,-37.9249,-495.477,-45.8631,1062.22,-45.2215,165.253,-98.6705,-143.223,82.895,44.9701,-114.129,-159.992,1.28781,-43.9337,
5.18669,5.42003,5.12427,5.15374,0,200,0,-5.42832,-7.98595,4.68932,2.50462,-6.408,-9.04255,0.0873468,-2.51215,0,2934.02,0,2677.34,0,3002.68,0,2970.26,-44.4806,22.8358,-37.9948,32.5023,-45.8184,20.0169,-45.2087,21.3583,166.617,88.117,-587.414,-51.7311,181.637,102.122,204.906,14.2053,10,6.95271e-310,881.17,6.68183e-310,-517.311,1.4822e-323,1021.22,5.23261e-310,142.053,-44.4806,904.005,-37.9948,-484.809,-45.8184,1041.23,-45.2087,163.411,-94.4055,-138.886,81.5534,43.5586,-111.443,-157.262,1.51907,-43.6896,
5.19036,5.41701,5.12743,5.15458,0,200,0,-5.12703,-7.67984,4.62673,2.4364,-6.19173,-8.82265,0.0787146,-2.51975,0,2929.99,0,2680.66,0,2999.21,0,2969.34,-44.3966,22.9987,-38.0927,32.3874,-45.7551,20.1612,-45.1907,21.3962,159.739,84.0073,-575.152,-50.8381,176.784,99.1677,206.227,14.3109,10,6.95271e-310,840.073,6.68183e-310,-508.381,1.4822e-323,991.677,5.23261e-310,143.109,-44.3966,863.072,-38.0927,-475.994,-45.7551,1011.84,-45.1907,164.505,-89.1658,-133.562,80.4649,42.3722,-107.682,-153.437,1.36895,-43.8218,
5.19421,5.4139,5.13071,5.15548,0,200,0,-4.81556,-7.36324,4.55261,2.35648,-5.96956,-8.59665,0.0712292,-2.52613,0,2925.74,0,2684.09,0,2995.6,0,2968.35,-44.3075,23.1699,-38.1935,32.2685,-45.6886,20.3114,-45.1715,21.4368,152.548,79.7576,-562.395,-49.7881,171.737,96.1325,207.587,14.4002,10,6.95271e-310,797.576,6.68183e-310,-497.881,1.4822e-323,961.325,5.23261e-310,144.002,-44.3075,820.745,-38.1935,-465.613,-45.6886,981.636,-45.1715,165.439,-83.7489,-128.056,79.1758,40.9823,-103.818,-149.507,1.23877,-43.9327,
5.19841,5.41107,5.13416,5.15634,0,200,0,-4.49905,-7.04113,4.45943,2.25807,-5.74805,-8.3711,0.0538979,-2.5424,0,2921.13,0,2687.2,0,2991.8,0,2967.4,-44.2099,23.3555,-38.2846,32.1604,-45.6182,20.4689,-45.153,21.4758,145.094,75.4352,-549.883,-48.4861,166.502,93.1039,209.603,14.6228,10,6.95271e-310,754.352,6.68183e-310,-484.861,1.4822e-323,931.039,5.23261e-310,146.228,-44.2099,777.708,-38.2846,-452.701,-45.6182,951.508,-45.153,167.703,-78.2444,-122.454,77.5553,39.2707,-99.9661,-145.584,0.937355,-44.2156,
5.20281,5.40753,5.1377,5.15729,0,200,0,-4.15089,-6.68703,4.34911,2.14122,-5.50809,-8.12696,0.0523057,-2.54282,0,2916.29,0,2691.09,0,2987.91,0,2966.36,-44.1068,23.5498,-38.398,32.0248,-45.5456,20.6301,-45.1326,21.5185,136.821,70.6832,-535.629,-46.9416,160.943,89.8253,211.186,14.6321,10,6.95271e-310,706.832,6.68183e-310,-469.416,1.4822e-323,898.253,5.23261e-310,146.321,-44.1068,730.382,-38.398,-437.391,-45.5456,918.883,-45.1326,167.839,-72.1895,-116.296,75.6366,37.2386,-95.7928,-141.338,0.909665,-44.223,
5.20731,5.4045,5.14148,5.15836,0,200,0,-3.82026,-6.35027,4.2385,2.02504,-5.27399,-7.88835,0.0347987,-2.55901,0,2911.33,0,2694.43,0,2983.75,0,2965.19,-44.0002,23.7483,-38.495,31.9083,-45.4671,20.8024,-45.1097,21.5666,128.887,66.1657,-522.047,-45.4016,155.274,86.6225,213.041,14.8543,10,6.95271e-310,661.657,6.68183e-310,-454.016,1.4822e-323,866.225,5.23261e-310,148.543,-44.0002,685.405,-38.495,-422.108,-45.4671,887.028,-45.1097,170.11,-66.4392,-110.439,73.7131,35.2181,-91.7216,-137.189,0.605195,-44.5045,
5.21206,5.40075,5.14542,5.15942,0,200,0,-3.45549,-5.97899,4.10863,1.8883,-5.01709,-7.62673,0.0233761,-2.5691,0,2906.11,0,2698.55,0,2979.42,0,2964.01,-43.887,23.9568,-38.6144,31.7637,-45.385,20.981,-45.0866,21.6147,120.009,61.1845,-506.689,-43.5905,149.114,83.1102,214.7,14.9945,10,6.95271e-310,611.845,6.68183e-310,-435.905,1.4822e-323,831.102,5.23261e-310,149.945,-43.887,635.802,-38.6144,-404.141,-45.385,852.083,-45.0866,171.56,-60.0955,-103.982,71.4544,32.84,-87.2537,-132.639,0.40654,-44.6801,
5.21724,5.3973,5.1496,5.16043,0,200,0,-3.08229,-5.59863,3.95559,1.72897,-4.75803,-7.3626,-0.00421674,-2.59545,0,2900.42,0,2702.35,0,2974.82,0,2962.91,-43.7624,24.1837,-38.7238,31.6302,-45.2969,21.1706,-45.0648,21.6601,110.725,56.0835,-491.496,-41.4721,142.629,79.5654,217.196,15.3535,10,6.95271e-310,560.835,6.68183e-310,-414.721,1.4822e-323,795.654,5.23261e-310,153.535,-43.7624,585.018,-38.7238,-383.09,-45.2969,816.825,-45.0648,175.195,-53.605,-97.3674,68.7929,30.0691,-82.7483,-128.045,-0.0733346,-45.1382,
5.22249,5.39366,5.15452,5.16162,0,200,0,-2.70538,-5.21439,3.82495,1.59172,-4.46525,-7.06379,-0.0720214,-2.66177,0,2894.65,0,2706.36,0,2969.4,0,2961.6,-43.6349,24.4131,-38.8388,31.4889,-45.192,21.3935,-45.0391,21.7135,101.294,50.931,-475.106,-39.6525,135.132,75.5563,219.583,16.252,10,6.95271e-310,509.31,6.68183e-310,-396.525,1.4822e-323,755.563,5.23261e-310,162.52,-43.6349,533.723,-38.8388,-365.036,-45.192,776.957,-45.0391,184.234,-47.0501,-90.685,66.5208,27.682,-77.6564,-122.848,-1.25255,-46.2917,
5.22801,5.38992,5.15895,5.16265,0,200,0,-2.31494,-4.81615,3.63889,1.39891,-4.19524,-6.78832,-0.1052,-2.69366,0,2888.57,0,2710.47,0,2964.54,0,2960.47,-43.4993,24.6538,-38.9562,31.3435,-45.097,21.5931,-45.0167,21.7599,91.2656,45.592,-458.888,-37.0847,128.155,71.8603,222.219,16.6859,10,6.95271e-310,455.92,6.68183e-310,-370.847,1.4822e-323,718.603,5.23261e-310,166.859,-43.4993,480.574,-38.9562,-339.504,-45.097,740.196,-45.0167,188.619,-40.2598,-83.7592,63.285,24.3288,-72.9607,-118.058,-1.82957,-46.8463,
5.23359,5.38656,5.16394,5.16381,0,200,0,-1.941,-4.43426,3.47102,1.225,-3.91379,-6.50063,-0.178885,-2.76589,0,2882.43,0,2714.16,0,2959.04,0,2959.19,-43.361,24.8963,-39.0612,31.2126,-44.9885,21.8182,-44.9914,21.8123,81.5528,40.4741,-442.865,-34.7684,120.587,68.0023,225.132,17.664,10,6.95271e-310,404.741,6.68183e-310,-347.684,1.4822e-323,680.023,5.23261e-310,176.64,-43.361,429.637,-39.0612,-316.471,-44.9885,701.841,-44.9914,198.452,-33.7565,-77.1175,60.3656,21.3044,-68.0659,-113.054,-3.11104,-48.1024,
5.23942,5.38274,5.16911,5.16499,0,200,0,-1.54564,-4.03051,3.27921,1.02635,-3.61759,-6.19792,-0.252633,-2.83816,0,2876.02,0,2718.37,0,2953.36,0,2957.9,-43.2152,25.1484,-39.1802,31.063,-44.8752,22.0503,-44.9657,21.8651,71.1008,35.0635,-425.575,-32.1221,112.575,63.943,227.978,18.6428,10,6.95271e-310,350.635,6.68183e-310,-321.221,1.4822e-323,639.43,5.23261e-310,186.428,-43.2152,375.784,-39.1802,-290.158,-44.8752,661.48,-44.9657,208.293,-26.8806,-70.0959,57.0298,17.8496,-62.9147,-107.79,-4.39361,-49.3594,
5.24558,5.37883,5.17449,5.16622,0,200,0,-1.13838,-3.6143,3.06155,0.801724,-3.31592,-5.88938,-0.329906,-2.91388,0,2869.24,0,2722.66,0,2947.44,0,2956.54,-43.0595,25.4142,-39.3013,30.9097,-44.7559,22.2914,-44.9387,21.9206,60.1332,29.4875,-407.681,-29.1261,104.234,59.8066,231.013,19.6682,10,6.95271e-310,294.875,6.68183e-310,-291.261,1.4822e-323,598.066,5.23261e-310,196.682,-43.0595,320.289,-39.3013,-260.351,-44.7559,620.358,-44.9387,218.603,-19.7978,-62.8573,53.2443,13.943,-57.6682,-102.424,-5.73749,-50.6762,
5.25158,5.37501,5.17967,5.16747,0,200,0,-0.747947,-3.21505,2.8336,0.567001,-3.03003,-5.59682,-0.399401,-2.9818,0,2862.64,0,2726.87,0,2941.75,0,2955.17,-42.9061,25.6723,-39.4192,30.7592,-44.6399,22.5228,-44.9114,21.9766,49.4381,24.1399,-390.264,-25.993,96.197,55.8852,233.79,20.5887,10,6.95271e-310,241.399,6.68183e-310,-259.93,1.4822e-323,558.852,5.23261e-310,205.887,-42.9061,267.071,-39.4192,-229.171,-44.6399,581.375,-44.9114,227.864,-13.0078,-55.9139,49.28,9.86089,-52.6961,-97.3361,-6.9461,-51.8575,
5.25772,5.37091,5.1849,5.1687,0,200,0,-0.349024,-2.80702,2.58292,0.309087,-2.7394,-5.29938,-0.469176,-3.05002,0,2855.89,0,2731.38,0,2935.99,0,2953.81,-42.7478,25.935,-39.5449,30.5974,-44.5213,22.7563,-44.8842,22.032,38.2948,18.6755,-372.175,-22.5494,87.9166,51.8988,236.517,21.5131,10,6.95271e-310,186.755,6.68183e-310,-225.494,1.4822e-323,518.988,5.23261e-310,215.131,-42.7478,212.69,-39.5449,-194.896,-44.5213,541.744,-44.8842,237.163,-6.06999,-48.8178,44.9203,5.37543,-47.6418,-92.1632,-8.15959,-53.0438,
5.26389,5.36727,5.18989,5.16992,0,200,0,0.0316191,-2.41713,2.3134,0.0331778,-2.47589,-5.02931,-0.529165,-3.10846,0,2849.1,0,2735.39,0,2930.5,0,2952.46,-42.5869,26.1984,-39.6561,30.4531,-44.4073,22.978,-44.8572,22.0868,27.4607,13.4564,-355.275,-18.8592,80.1424,48.2807,239.442,22.3057,10,6.95271e-310,134.564,6.68183e-310,-188.592,1.4822e-323,482.807,5.23261e-310,223.057,-42.5869,160.763,-39.6561,-158.139,-44.4073,505.785,-44.8572,245.144,0.549898,-42.037,40.2331,0.577005,-43.0589,-87.4662,-9.20286,-54.0601,
5.27017,5.36406,5.19489,5.17124,0,200,0,0.397264,-2.04198,2.03365,-0.252184,-2.22881,-4.7756,-0.589166,-3.16678,0,2842.19,0,2738.92,0,2925,0,2951.01,-42.4216,26.4653,-39.7537,30.3256,-44.2919,23.1996,-44.8281,22.146,16.895,8.4374,-339.157,-15.0381,72.5837,44.8837,242.509,23.0972,10,6.95271e-310,84.374,6.68183e-310,-150.381,1.4822e-323,448.837,5.23261e-310,230.972,-42.4216,110.839,-39.7537,-120.056,-44.2919,472.036,-44.8281,253.118,6.90894,-35.5126,35.3679,-4.38581,-38.7619,-83.0539,-10.2464,-55.0744,
5.27645,5.36029,5.19979,5.17254,0,200,0,0.77341,-1.65623,1.72814,-0.564247,-1.97703,-4.51724,-0.638119,-3.21408,0,2835.28,0,2743.06,0,2919.61,0,2949.59,-42.2545,26.7312,-39.8675,30.1758,-44.1777,23.4165,-44.7994,22.204,5.82214,3.2763,-322.031,-10.8612,64.8782,41.4241,245.168,23.7401,10,6.95271e-310,32.763,6.68183e-310,-108.612,1.4822e-323,414.241,5.23261e-310,237.401,-42.2545,59.4941,-39.8675,-78.4361,-44.1777,437.657,-44.7994,259.605,13.4506,-28.8039,30.0546,-9.81299,-34.3831,-78.5608,-11.0977,-55.8971,
5.2825,5.35695,5.20482,5.17382,0,200,0,1.12104,-1.29925,1.44326,-0.854912,-1.7316,-4.26501,-0.713614,-3.28794,0,2828.63,0,2746.74,0,2914.08,0,2948.18,-42.092,26.9864,-39.9682,30.0423,-44.0593,23.6385,-44.7709,22.2614,-4.60011,-1.49761,-305.869,-6.96919,57.1423,38.048,247.96,24.7408,10,6.95271e-310,-14.9761,6.68183e-310,-69.6919,1.4822e-323,380.48,5.23261e-310,247.408,-42.092,12.0103,-39.9682,-39.6496,-44.0593,404.119,-44.7709,269.67,19.4963,-22.5957,25.1002,-14.868,-30.1147,-74.174,-12.4107,-57.1815,
5.28833,5.35363,5.21025,5.17516,0,200,0,1.45035,-0.960859,1.18274,-1.12115,-1.47256,-3.99855,-0.824537,-3.39714,0,2822.22,0,2750.39,0,2908.1,0,2946.7,-41.9341,27.2311,-40.0677,29.9095,-43.9303,23.8774,-44.7409,22.3215,-14.6609,-6.02186,-289.564,-3.40602,48.8929,34.4828,250.594,26.2183,10,6.95271e-310,-60.2186,6.68183e-310,-34.0602,1.4822e-323,344.828,5.23261e-310,262.183,-41.9341,-32.9875,-40.0677,-4.15069,-43.9303,368.705,-44.7409,284.504,25.2235,-16.7106,20.5694,-19.4983,-25.6097,-69.54,-14.3398,-59.0807,
5.29396,5.35048,5.21467,5.17654,0,200,0,1.7627,-0.639654,0.885404,-1.4239,-1.26632,-3.78622,-0.864873,-3.43571,0,2816.02,0,2753.85,0,2903.24,0,2945.19,-41.78,27.4669,-40.1618,29.783,-43.8243,24.0714,-44.7101,22.3831,-24.2913,-10.315,-274.591,0.650682,42.1543,31.6426,252.558,26.7439,10,6.95271e-310,-103.15,6.68183e-310,6.50682,1.4822e-323,316.426,5.23261e-310,267.439,-41.78,-75.6834,-40.1618,36.2899,-43.8243,340.497,-44.7101,289.822,30.6556,-11.1244,15.3983,-24.7635,-22.023,-65.8472,-15.0413,-59.7514,
5.29981,5.34753,5.22011,5.1781,0,200,0,2.06958,-0.323492,0.612514,-1.70183,-1.02735,-3.53968,-0.970419,-3.53924,0,2809.59,0,2757.1,0,2897.26,0,2943.47,-41.6187,27.7107,-40.2494,29.6645,-43.6927,24.3095,-44.6752,22.4527,-33.9412,-14.5382,-258.947,4.37459,34.1944,28.3468,254.928,28.1459,10,6.95271e-310,-145.382,6.68183e-310,43.7459,1.4822e-323,283.468,5.23261e-310,281.459,-41.6187,-117.671,-40.2494,73.4104,-43.6927,307.778,-44.6752,303.912,35.9928,-5.62594,10.6524,-29.597,-17.8669,-61.5596,-16.8769,-61.5521,
5.30508,5.34482,5.225,5.17953,0,200,0,2.34266,-0.041981,0.356229,-1.96272,-0.815509,-3.32097,-1.0633,-3.63026,0,2803.79,0,2760.08,0,2891.88,0,2941.89,-41.472,27.9298,-40.3296,29.5554,-43.5733,24.5228,-44.6429,22.517,-42.6733,-18.2975,-244.762,7.87084,27.0316,25.424,256.919,29.3788,10,6.95271e-310,-182.975,6.68183e-310,78.7084,1.4822e-323,254.24,5.23261e-310,293.788,-41.472,-155.046,-40.3296,108.264,-43.5733,278.763,-44.6429,316.305,40.7419,-0.730104,6.19529,-34.1343,-14.1828,-57.7561,-18.4921,-63.135,
5.31025,5.34226,5.22983,5.18103,0,200,0,2.6025,0.226182,0.101452,-2.22185,-0.612952,-3.11158,-1.15404,-3.71906,0,2798.11,0,2762.9,0,2886.56,0,2940.24,-41.3272,28.1436,-40.4053,29.4519,-43.4543,24.733,-44.6091,22.5838,-51.0983,-21.8772,-230.983,11.3445,20.0612,22.6268,258.728,30.5821,10,6.95271e-310,-218.772,6.68183e-310,113.445,1.4822e-323,226.268,5.23261e-310,305.821,-41.3272,-190.628,-40.4053,142.896,-43.4543,251.001,-44.6091,328.405,45.2608,3.9336,1.76439,-38.6409,-10.66,-54.1144,-20.0703,-64.6794,
5.31514,5.33992,5.23448,5.18242,0,200,0,2.84254,0.474172,-0.140189,-2.46744,-0.422009,-2.91399,-1.25117,-3.81438,0,2792.73,0,2765.47,0,2881.45,0,2938.71,-41.1891,28.3454,-40.474,29.3574,-43.3389,24.9348,-44.5777,22.6458,-59.0252,-25.1863,-218.115,14.6374,13.3664,19.9883,260.577,31.8728,10,6.95271e-310,-251.863,6.68183e-310,146.374,1.4822e-323,199.883,5.23261e-310,318.728,-41.1891,-223.518,-40.474,175.732,-43.3389,224.818,-44.5777,341.374,49.4355,8.24647,-2.43807,-42.9121,-7.33929,-50.6782,-21.7595,-66.3371,
5.31957,5.33775,5.23869,5.18403,0,200,0,3.05425,0.693129,-0.3691,-2.70001,-0.25705,-2.74298,-1.3134,-3.87452,0,2787.85,0,2767.85,0,2876.82,0,2936.95,-41.063,28.5277,-40.5376,29.2695,-43.2336,25.1169,-44.5412,22.7174,-66.022,-28.1068,-206.111,17.7562,7.55767,17.7059,261.439,32.6904,10,6.95271e-310,-281.068,6.68183e-310,177.562,1.4822e-323,177.059,5.23261e-310,326.904,-41.063,-252.541,-40.5376,206.831,-43.2336,202.176,-44.5412,349.621,53.1174,12.0544,-6.41913,-46.9567,-4.47044,-47.704,-22.8418,-67.383,
5.32417,5.33581,5.24309,5.18574,0,200,0,3.26281,0.909261,-0.60141,-2.93558,-0.0941483,-2.5737,-1.38296,-3.94184,0,2782.79,0,2769.99,0,2871.98,0,2935.06,-40.9313,28.7164,-40.5943,29.1907,-43.1227,25.3067,-44.5022,22.7937,-72.989,-30.9878,-194.262,20.9172,1.6675,15.4483,262.441,33.6052,10,6.95271e-310,-309.878,6.68183e-310,209.172,1.4822e-323,154.483,5.23261e-310,336.052,-40.9313,-281.161,-40.5943,238.363,-43.1227,179.79,-44.5022,358.845,56.7445,15.8132,-10.4593,-51.0537,-1.63736,-44.7601,-24.0515,-68.5538,
5.32858,5.3342,5.24753,5.18752,0,200,0,3.45142,1.10518,-0.81194,-3.14881,0.0622901,-2.41077,-1.46303,-4.01958,0,2777.94,0,2771.76,0,2867.09,0,2933.11,-40.8042,28.8966,-40.6412,29.1255,-43.0098,25.4982,-44.4617,22.8726,-79.3604,-33.5972,-183.168,23.7794,-4.07346,13.2769,263.388,34.6608,10,6.95271e-310,-335.972,6.68183e-310,237.794,1.4822e-323,132.769,5.23261e-310,346.608,-40.8042,-307.075,-40.6412,266.92,-43.0098,158.267,-44.4617,369.481,60.0247,19.2205,-14.1207,-54.7619,1.08331,-41.9265,-25.444,-69.9058,
5.33285,5.33284,5.25191,5.1894,0,200,0,3.62494,1.28581,-1.01187,-3.35102,0.208015,-2.25861,-1.53776,-4.09183,0,2773.25,0,2773.26,0,2862.28,0,2931.04,-40.6806,29.0705,-40.6809,29.07,-42.8978,25.6861,-44.4186,22.9562,-85.2536,-36.0013,-172.661,26.495,-9.50169,11.2506,264.093,35.6429,10,6.95271e-310,-360.013,6.68183e-310,264.95,1.4822e-323,112.506,5.23261e-310,356.429,-40.6806,-330.942,-40.6809,294.02,-42.8978,138.192,-44.4186,379.385,63.0425,22.362,-17.5977,-58.2786,3.61765,-39.2802,-26.7436,-71.1622,
5.3368,5.33177,5.25607,5.19139,0,200,0,3.77595,1.44345,-1.19144,-3.53237,0.337503,-2.12296,-1.60083,-4.15227,0,2768.9,0,2774.43,0,2857.71,0,2928.85,-40.5653,29.2311,-40.7119,29.0266,-42.7906,25.8643,-44.3729,23.0445,-90.3779,-38.0974,-163.083,28.9317,-14.3782,9.44599,264.389,36.4665,10,6.95271e-310,-380.974,6.68183e-310,289.317,1.4822e-323,94.4599,5.23261e-310,364.665,-40.5653,-351.742,-40.7119,318.344,-42.7906,120.324,-44.3729,387.709,65.6688,25.1035,-20.7207,-61.4326,5.86962,-36.921,-27.8405,-72.2134,
5.34048,5.33073,5.26008,5.19351,0,200,0,3.91217,1.58586,-1.35931,-3.70198,0.459194,-1.99528,-1.65109,-4.19972,0,2764.85,0,2775.58,0,2853.29,0,2926.52,-40.4575,29.3801,-40.7421,28.9841,-42.6864,26.0359,-44.3239,23.1386,-95.0086,-39.9899,-153.758,31.2103,-18.9199,7.74828,264.104,37.1155,10,6.95271e-310,-399.899,6.68183e-310,312.103,1.4822e-323,77.4828,5.23261e-310,371.155,-40.4575,-370.519,-40.7421,341.087,-42.6864,103.519,-44.3239,394.294,68.0377,27.5802,-23.6401,-64.3822,7.98597,-34.7005,-28.7147,-73.0386,
5.34423,5.32998,5.26429,5.19571,0,200,0,4.04126,1.72131,-1.51798,-3.86189,0.579741,-1.86841,-1.71353,-4.25921,0,2760.72,0,2776.4,0,2848.66,0,2924.1,-40.347,29.5317,-40.7637,28.9537,-42.5766,26.2152,-44.2728,23.2363,-99.4302,-41.7879,-144.804,33.3603,-23.5094,6.06299,263.988,37.9274,10,6.95271e-310,-417.879,6.68183e-310,333.603,1.4822e-323,60.6299,5.23261e-310,379.274,-40.347,-388.347,-40.7637,362.557,-42.5766,86.8451,-44.2728,402.511,70.2828,29.9358,-26.3996,-67.1634,10.0825,-32.4941,-29.8005,-74.0732,
5.347,5.32954,5.26757,5.19806,0,200,0,4.12414,1.80889,-1.63124,-3.97589,0.660566,-1.78262,-1.72229,-4.26483,0,2757.68,0,2776.88,0,2845.05,0,2921.51,-40.2651,29.6433,-40.7765,28.9357,-42.4902,26.3549,-44.2181,23.3402,-102.107,-42.9478,-137.731,34.8937,-26.4967,4.9262,262.496,38.014,10,6.95271e-310,-429.478,6.68183e-310,348.937,1.4822e-323,49.262,5.23261e-310,380.14,-40.2651,-399.835,-40.7765,377.872,-42.4902,75.6169,-44.2181,403.48,71.7241,31.459,-28.3695,-69.146,11.4881,-31.0021,-29.9529,-74.171,
5.34977,5.32923,5.27125,5.20052,0,200,0,4.1999,1.88939,-1.72684,-4.07201,0.753426,-1.68417,-1.75663,-4.29586,0,2754.63,0,2777.23,0,2841.01,0,2918.81,-40.1829,29.7546,-40.7855,28.923,-42.393,26.511,-44.1606,23.4487,-104.608,-44.012,-130.531,36.1869,-29.8751,3.62131,261.053,38.4437,10,6.95271e-310,-440.12,6.68183e-310,361.869,1.4822e-323,36.2131,5.23261e-310,384.437,-40.1829,-410.366,-40.7855,390.792,-42.393,62.7241,-44.1606,407.885,73.0418,32.859,-30.032,-70.8175,13.1031,-29.2899,-30.5501,-74.7106,
5.35235,5.32912,5.27399,5.2031,0,200,0,4.26659,1.96049,-1.83849,-4.18384,0.80119,-1.63221,-1.7172,-4.25295,0,2751.8,0,2777.35,0,2837.99,0,2915.97,-40.106,29.8581,-40.7886,28.9186,-42.3201,26.6273,-44.1,23.5625,-106.574,-44.951,-124.554,37.6934,-31.7341,2.93765,258.872,37.8773,10,6.95271e-310,-449.51,6.68183e-310,376.934,1.4822e-323,29.3765,5.23261e-310,378.773,-40.106,-419.652,-40.7886,405.853,-42.3201,56.0038,-44.1,402.336,74.2016,34.0956,-31.9738,-72.7624,13.9337,-28.3863,-29.8643,-73.9643,
5.35456,5.32927,5.27681,5.2061,0,200,0,4.30692,2.00464,-1.9149,-4.26001,0.842734,-1.58635,-1.66482,-4.19649,0,2749.36,0,2777.19,0,2834.89,0,2912.67,-40.0398,29.9469,-40.7845,28.9245,-42.2449,26.7463,-44.0289,23.695,-107.532,-45.5291,-118.929,38.7211,-33.1897,2.33669,255.672,37.1306,10,6.95271e-310,-455.291,6.68183e-310,387.211,1.4822e-323,23.3669,5.23261e-310,371.306,-40.0398,-425.344,-40.7845,416.135,-42.2449,50.1132,-44.0289,395.001,74.903,34.8632,-33.3026,-74.0871,14.6562,-27.5887,-28.9534,-72.9824,
5.35654,5.32965,5.27937,5.2087,0,200,0,4.33765,2.03878,-1.97121,-4.31568,0.878367,-1.54676,-1.63255,-4.16066,0,2747.18,0,2776.77,0,2832.07,0,2909.81,-39.9805,30.026,-40.7734,28.9401,-42.1762,26.8546,-43.9672,23.8094,-108.226,-45.9742,-114.467,39.4741,-34.4934,1.81895,253.203,36.6603,10,6.95271e-310,-459.742,6.68183e-310,394.741,1.4822e-323,18.1895,5.23261e-310,366.603,-39.9805,-429.716,-40.7734,423.682,-42.1762,45.0441,-43.9672,390.412,75.4375,35.457,-34.2819,-75.0553,15.276,-26.9002,-28.3922,-72.3594,
5.35817,5.33038,5.28169,5.2117,0,200,0,4.34309,2.04703,-2.00075,-4.34401,0.892724,-1.52883,-1.5658,-4.0898,0,2745.39,0,2775.96,0,2829.52,0,2906.51,-39.9315,30.0912,-40.7522,28.9699,-42.114,26.9521,-43.8956,23.941,-107.867,-46.073,-110.837,39.8612,-34.9251,1.59158,249.716,35.7197,10,6.95271e-310,-460.73,6.68183e-310,398.612,1.4822e-323,15.9158,5.23261e-310,357.197,-39.9315,-430.639,-40.7522,427.582,-42.114,42.8679,-43.8956,381.138,75.5321,35.6006,-34.7957,-75.5479,15.5256,-26.5883,-27.2313,-71.127,
5.3596,5.33163,5.28396,5.21506,0,200,0,4.32476,2.03117,-1.99913,-4.34031,0.891023,-1.527,-1.48307,-4.00244,0,2743.82,0,2774.59,0,2827.02,0,2902.82,-39.8885,30.1481,-40.7161,29.0207,-42.0525,27.0479,-43.8151,24.0882,-106.538,-45.8483,-108.151,39.8203,-34.7339,1.58111,245.632,34.5587,10,6.95271e-310,-458.483,6.68183e-310,398.203,1.4822e-323,15.8111,5.23261e-310,345.587,-39.8885,-428.335,-40.7161,427.223,-42.0525,42.859,-43.8151,369.675,75.2133,35.3248,-34.7675,-75.4836,15.496,-26.5564,-25.7925,-69.6076,
5.36063,5.33332,5.28576,5.21829,0,200,0,4.28422,1.99242,-1.96755,-4.3059,0.86616,-1.54906,-1.38813,-3.903,0,2742.69,0,2772.73,0,2825.04,0,2899.26,-39.8574,30.1892,-40.667,29.0895,-42.0038,27.1234,-43.7369,24.2298,-104.352,-45.318,-107.099,39.3687,-33.7326,1.88979,241.56,33.2346,10,6.95271e-310,-453.18,6.68183e-310,393.687,1.4822e-323,18.8979,5.23261e-310,332.346,-39.8574,-422.99,-40.667,422.777,-42.0038,46.0213,-43.7369,356.576,74.5081,34.6507,-34.2183,-74.8853,15.0637,-26.9401,-24.1414,-67.8783,
5.36131,5.33532,5.28738,5.22122,0,200,0,4.22643,1.93581,-1.9022,-4.2372,0.836802,-1.57589,-1.31491,-3.8257,0,2741.94,0,2770.53,0,2823.26,0,2896.04,-39.8368,30.2164,-40.6087,29.1708,-41.9599,27.1914,-43.6658,24.3576,-101.622,-44.5498,-107.28,38.4572,-32.5693,2.26167,238.014,32.2074,10,6.95271e-310,-445.498,6.68183e-310,384.572,1.4822e-323,22.6167,5.23261e-310,322.074,-39.8368,-415.282,-40.6087,413.743,-41.9599,49.808,-43.6658,346.432,73.5031,33.6663,-33.0818,-73.6905,14.5531,-27.4068,-22.868,-66.5338,
5.36181,5.33776,5.28863,5.22453,0,200,0,4.14878,1.85904,-1.82301,-4.1539,0.776879,-1.63386,-1.19566,-3.70178,0,2741.38,0,2767.84,0,2821.89,0,2892.39,-39.8216,30.2364,-40.5372,29.27,-41.9259,27.2437,-43.5847,24.5025,-97.9931,-43.5112,-108.484,37.3522,-30.3331,3.05096,233.593,30.5542,10,6.95271e-310,-435.112,6.68183e-310,373.522,1.4822e-323,30.5096,5.23261e-310,305.542,-39.8216,-404.875,-40.5372,402.792,-41.9259,57.7532,-43.5847,330.044,72.1527,32.3312,-31.7045,-72.2417,13.5109,-28.415,-20.794,-64.3787,
5.36214,5.34047,5.28987,5.22799,0,200,0,4.05519,1.76601,-1.72105,-4.04737,0.710877,-1.69791,-1.07614,-3.57739,0,2741.03,0,2764.86,0,2820.52,0,2888.59,-39.8118,30.2493,-40.4577,29.3798,-41.8919,27.2959,-43.4999,24.6527,-93.8032,-42.2547,-110.248,35.9361,-27.8489,3.92215,228.933,28.8954,10,6.95271e-310,-422.547,6.68183e-310,359.361,1.4822e-323,39.2215,5.23261e-310,288.954,-39.8118,-392.298,-40.4577,388.741,-41.8919,66.5174,-43.4999,313.607,70.525,30.7132,-29.9313,-70.389,12.3631,-29.5289,-18.7155,-62.2154,
5.36217,5.34344,5.29086,5.23177,0,200,0,3.94027,1.65116,-1.60036,-3.92166,0.624424,-1.78282,-0.924453,-3.42031,0,2740.99,0,2761.59,0,2819.44,0,2884.43,-39.8107,30.2508,-40.3703,29.4998,-41.8651,27.337,-43.4062,24.8173,-88.7807,-40.7065,-112.669,34.2636,-24.5861,5.07287,223.362,26.7982,10,6.95271e-310,-407.065,6.68183e-310,342.636,1.4822e-323,50.7287,5.23261e-310,267.982,-39.8107,-376.814,-40.3703,372.136,-41.8651,78.0657,-43.4062,292.799,68.5265,28.7158,-27.8324,-68.2027,10.8596,-31.0055,-16.0774,-59.4837,
5.36191,5.34669,5.29159,5.23497,0,200,0,3.81344,1.52386,-1.45294,-3.76872,0.535016,-1.87108,-0.8062,-3.29748,0,2741.28,0,2758.02,0,2818.63,0,2880.91,-39.8187,30.2403,-40.2743,29.6307,-41.8451,27.3676,-43.3266,24.9561,-83.4856,-38.9928,-116.496,32.2264,-21.3252,6.26713,218.886,25.1596,10,6.95271e-310,-389.928,6.68183e-310,322.264,1.4822e-323,62.6713,5.23261e-310,251.596,-39.8187,-359.687,-40.2743,351.894,-41.8451,90.0389,-43.3266,276.552,66.3206,26.5019,-25.2686,-65.5429,9.30463,-32.5405,-14.0209,-57.3475,
5.36141,5.35023,5.29226,5.23895,0,200,0,3.65886,1.36841,-1.28519,-3.59493,0.424006,-1.98103,-0.640899,-3.12645,0,2741.83,0,2754.13,0,2817.9,0,2876.53,-39.8339,30.2202,-40.1693,29.7729,-41.8267,27.3957,-43.227,25.1283,-77.1172,-36.9015,-120.52,29.9105,-17.1895,7.75342,212.706,22.8758,10,6.95271e-310,-369.015,6.68183e-310,299.105,1.4822e-323,77.5342,5.23261e-310,228.758,-39.8339,-338.795,-40.1693,328.878,-41.8267,104.93,-43.227,253.887,63.6324,23.7985,-22.3512,-62.5205,7.37402,-34.4527,-11.1461,-54.373,
5.36063,5.35388,5.2927,5.24232,0,200,0,3.49634,1.20454,-1.0986,-3.40206,0.314173,-2.09016,-0.509782,-2.99045,0,2742.69,0,2750.11,0,2817.41,0,2872.83,-39.8574,30.1892,-40.0602,29.9196,-41.8146,27.4143,-43.1421,25.2737,-70.6654,-34.6988,-125.606,27.3386,-13.197,9.22721,207.59,21.0612,10,6.95271e-310,-346.988,6.68183e-310,273.386,1.4822e-323,92.2721,5.23261e-310,210.612,-39.8574,-316.798,-40.0602,303.306,-41.8146,119.686,-43.1421,235.885,60.8059,20.9485,-19.1061,-59.1663,5.46388,-36.3507,-8.86578,-52.0079,
5.35915,5.35787,5.29308,5.24607,0,200,0,3.28772,0.993366,-0.85484,-3.15142,0.193764,-2.20997,-0.371914,-2.84712,0,2744.31,0,2745.72,0,2816.99,0,2868.7,-39.9019,30.1304,-39.9405,30.0792,-41.8041,27.4303,-43.047,25.4353,-62.7311,-31.8639,-131.569,23.9908,-8.62885,10.8444,201.287,19.1499,10,6.95271e-310,-318.639,6.68183e-310,239.908,1.4822e-323,108.444,5.23261e-310,191.499,-39.9019,-288.508,-39.9405,269.987,-41.8041,135.875,-43.047,216.935,57.1778,17.2759,-14.8668,-54.8073,3.36981,-38.4343,-6.46807,-49.5151,
5.35762,5.3621,5.29331,5.25023,0,200,0,3.06352,0.766504,-0.608629,-2.89787,0.0523282,-2.35105,-0.201647,-2.67075,0,2746,0,2741.07,0,2816.74,0,2864.13,-39.948,30.0691,-39.8129,30.2479,-41.7978,27.4398,-42.9409,25.6141,-54.2654,-28.8179,-137.888,20.606,-3.40645,12.7474,194.142,16.796,10,6.95271e-310,-288.179,6.68183e-310,206.06,1.4822e-323,127.474,5.23261e-310,167.96,-39.948,-258.11,-39.8129,236.308,-41.7978,154.914,-42.9409,193.574,53.2785,13.3305,-10.5849,-50.3977,0.910056,-40.8878,-3.5069,-46.4477,
5.35547,5.36658,5.2934,5.25368,0,200,0,2.81156,0.510848,-0.313159,-2.59458,-0.0817443,-2.48499,-0.0884804,-2.55248,0,2748.36,0,2736.14,0,2816.64,0,2860.33,-40.0125,29.9834,-39.6769,30.426,-41.7955,27.4433,-42.8522,25.7622,-45.1979,-25.3885,-145.761,16.553,1.5351,14.5532,188.125,15.2216,10,6.95271e-310,-253.885,6.68183e-310,165.53,1.4822e-323,145.532,5.23261e-310,152.216,-40.0125,-223.902,-39.6769,195.956,-41.7955,172.975,-42.8522,177.978,48.8968,8.88431,-5.44623,-45.1231,-1.42164,-43.2171,-1.53879,-44.391,
5.35327,5.37119,5.29335,5.25786,0,200,0,2.54107,0.236558,-0.02155,-2.2949,-0.240644,-2.64396,0.0765991,-2.38119,0,2750.78,0,2731.08,0,2816.7,0,2855.74,-40.0785,29.8951,-39.5365,30.6083,-41.7968,27.4413,-42.7442,25.9409,-35.5155,-21.7083,-153.491,12.55,7.30345,16.6956,180.505,12.9369,10,6.95271e-310,-217.083,6.68183e-310,125.5,1.4822e-323,166.956,5.23261e-310,129.369,-40.0785,-187.188,-39.5365,156.108,-41.7968,194.397,-42.7442,155.31,44.1925,4.11405,-0.374782,-39.9113,-4.18512,-45.9819,1.33216,-41.412,
5.3509,5.37594,5.29318,5.2617,0,200,0,2.25972,-0.0488682,0.280867,-1.98408,-0.401902,-2.80548,0.219878,-2.23217,0,2753.39,0,2725.84,0,2816.88,0,2851.51,-40.1493,29.7999,-39.3904,30.7961,-41.8014,27.4343,-42.6443,26.1049,-25.6972,-17.8792,-162.01,8.39858,13.0016,18.8716,173.512,10.9506,10,6.95271e-310,-178.792,6.68183e-310,83.9858,1.4822e-323,188.716,5.23261e-310,109.506,-40.1493,-148.992,-39.3904,114.782,-41.8014,216.15,-42.6443,135.611,39.2994,-0.849882,4.88464,-34.5058,-6.98959,-48.791,3.82396,-38.8203,
5.34834,5.38067,5.29288,5.26511,0,200,0,1.97285,-0.340102,0.587992,-1.66857,-0.560078,-2.96413,0.338869,-2.10804,0,2756.2,0,2720.65,0,2817.21,0,2847.76,-40.2252,29.6973,-39.2445,30.9817,-41.8096,27.4218,-42.5549,26.2504,-15.9459,-13.973,-171.008,4.18399,18.4817,21.0079,167.188,9.29761,10,6.95271e-310,-139.73,6.68183e-310,41.8399,1.4822e-323,210.079,5.23261e-310,92.9761,-40.2252,-110.033,-39.2445,72.8216,-41.8096,237.501,-42.5549,119.227,34.3104,-5.91482,10.2259,-29.0186,-9.74049,-51.5501,5.89337,-36.6615,
5.3459,5.38554,5.29247,5.26924,0,200,0,1.67344,-0.643684,0.880426,-1.36742,-0.745274,-3.14997,0.509319,-1.93134,0,2758.89,0,2715.28,0,2817.66,0,2843.22,-40.2977,29.5989,-39.093,31.1727,-41.8208,27.4047,-42.4463,26.4256,-5.80278,-9.89951,-179.827,0.164641,24.7444,23.5101,159.467,6.94065,10,6.95271e-310,-98.9951,6.68183e-310,1.64641,1.4822e-323,235.101,5.23261e-310,69.4065,-40.2977,-69.3963,-39.093,32.8192,-41.8208,262.506,-42.4463,95.8321,29.1032,-11.1945,15.3118,-23.7812,-12.9613,-54.7821,8.85771,-33.5886,
5.34283,5.39036,5.29196,5.27262,0,200,0,1.35117,-0.971162,1.21038,-1.0288,-0.914658,-3.32017,0.621287,-1.81422,0,2762.27,0,2709.98,0,2818.23,0,2839.5,-40.3883,29.4751,-38.9423,31.3607,-41.8349,27.3832,-42.3567,26.5689,4.66592,-5.50842,-189.584,-4.35973,30.488,25.8007,152.735,5.38247,10,6.95271e-310,-55.0842,6.68183e-310,-43.5973,1.4822e-323,258.007,5.23261e-310,53.8247,-40.3883,-25.6091,-38.9423,-12.2365,-41.8349,285.39,-42.3567,80.3936,23.4986,-16.8898,21.0501,-17.8923,-15.9071,-57.742,10.805,-31.5517,
5.33986,5.39526,5.29132,5.27667,0,200,0,1.0172,-1.31016,1.52356,-0.706762,-1.11,-3.51651,0.782283,-1.64702,0,2765.53,0,2704.59,0,2818.92,0,2835.05,-40.4758,29.3549,-38.7881,31.5512,-41.8523,27.3566,-42.2488,26.7403,15.4471,-0.961208,-199.062,-8.65961,36.9646,28.443,144.619,3.15356,10,6.95271e-310,-9.61208,6.68183e-310,-86.5961,1.4822e-323,284.43,5.23261e-310,31.5356,-40.4758,19.7429,-38.7881,-55.0448,-41.8523,311.787,-42.2488,58.2759,17.6904,-22.7854,26.4966,-12.2915,-19.3044,-61.1567,13.6049,-28.6439,
5.337,5.40019,5.29057,5.28027,0,200,0,0.690278,-1.6419,1.82146,-0.399894,-1.3059,-3.71359,0.925128,-1.49861,0,2768.69,0,2699.17,0,2819.76,0,2831.08,-40.5597,29.2389,-38.6323,31.7419,-41.873,27.325,-42.152,26.8925,25.8133,3.48924,-208.961,-12.7543,43.202,31.0945,137.481,1.17554,10,6.95271e-310,34.8924,6.68183e-310,-127.543,1.4822e-323,310.945,5.23261e-310,11.7554,-40.5597,64.1313,-38.6323,-95.8013,-41.873,338.27,-42.152,38.6479,12.0048,-28.5548,31.6776,-6.95467,-22.7113,-64.5842,16.0892,-26.0628,
5.33403,5.40493,5.28974,5.28378,0,200,0,0.360196,-1.97695,2.11374,-0.0989302,-1.50112,-3.91011,1.06334,-1.35495,0,2771.94,0,2693.95,0,2820.66,0,2827.22,-40.6461,29.1187,-38.4812,31.9249,-41.8955,27.2904,-42.0573,27.0403,36.0669,7.98366,-218.697,-16.7705,49.3509,33.738,130.298,-0.738845,10,6.95271e-310,79.8366,6.68183e-310,-167.705,1.4822e-323,337.38,5.23261e-310,-7.38845,-40.6461,108.955,-38.4812,-135.781,-41.8955,364.67,-42.0573,19.6519,6.26428,-34.3818,36.7607,-1.72052,-26.1064,-68.002,18.4929,-23.5644,
5.33104,5.40942,5.28887,5.28727,0,200,0,0.0313109,-2.31084,2.39507,0.190655,-1.6948,-4.10517,1.20188,-1.21098,0,2775.24,0,2689.02,0,2821.63,0,2823.38,-40.7331,28.9968,-38.3377,32.097,-41.9194,27.2537,-41.9628,27.1868,46.094,12.4624,-227.988,-20.6353,55.4076,36.3614,122.921,-2.6573,10,6.95271e-310,124.624,6.68183e-310,-206.353,1.4822e-323,363.614,5.23261e-310,-26.573,-40.7331,153.621,-38.3377,-174.256,-41.9194,390.867,-41.9628,0.613875,0.544538,-40.1886,41.6535,3.31574,-29.4748,-71.3942,20.9022,-21.0606,
5.32811,5.41371,5.28797,5.29076,0,200,0,-0.292912,-2.63993,2.66118,0.464703,-1.88876,-4.30053,1.34292,-1.06447,0,2778.45,0,2684.3,0,2822.62,0,2819.54,-40.8177,28.8775,-38.1997,32.2612,-41.9439,27.216,-41.8677,27.333,55.8261,16.8771,-236.871,-24.2919,61.3901,38.9888,115.449,-4.60983,10,6.95271e-310,168.771,6.68183e-310,-242.919,1.4822e-323,389.888,5.23261e-310,-46.0983,-40.8177,197.648,-38.1997,-210.658,-41.9439,417.104,-41.8677,-18.7653,-5.09412,-45.9118,46.2814,8.08179,-32.8479,-74.7918,23.3552,-18.5125,
5.32526,5.41772,5.28706,5.29422,0,200,0,-0.609334,-2.96108,2.91115,0.722133,-2.07985,-4.49305,1.48489,-0.917041,0,2781.59,0,2679.89,0,2823.62,0,2815.73,-40.8999,28.761,-38.0698,32.4143,-41.9687,27.1778,-41.7728,27.4779,65.1755,21.1854,-245.185,-27.7266,67.2323,41.5779,107.887,-6.57463,10,6.95271e-310,211.854,6.68183e-310,-277.266,1.4822e-323,415.779,5.23261e-310,-65.7463,-40.8999,240.615,-38.0698,-244.852,-41.9687,442.957,-41.7728,-38.2684,-10.5971,-51.497,50.6287,12.5588,-36.1714,-78.14,25.8243,-15.9485,
5.32247,5.42169,5.28616,5.29757,0,200,0,-0.923344,-3.2797,3.15303,0.971422,-2.26929,-4.68389,1.61825,-0.778387,0,2784.66,0,2675.52,0,2824.61,0,2812.06,-40.9801,28.6467,-37.9409,32.5651,-41.9931,27.1401,-41.6807,27.6174,74.3072,25.4602,-253.451,-31.0517,72.9112,44.1444,100.597,-8.4217,10,6.95271e-310,254.602,6.68183e-310,-310.517,1.4822e-323,441.444,5.23261e-310,-84.217,-40.9801,283.249,-37.9409,-277.952,-41.9931,468.584,-41.6807,-56.5996,-16.0582,-57.0382,54.8352,16.8943,-39.4659,-81.459,28.1435,-13.5372,
5.3198,5.42553,5.28528,5.30046,0,200,0,-1.22368,-3.58443,3.38224,1.20786,-2.44715,-4.86311,1.72648,-0.665564,0,2787.6,0,2671.29,0,2825.57,0,2808.88,-41.0565,28.5371,-37.8154,32.7108,-42.0168,27.1033,-41.6008,27.7377,82.8941,29.5488,-261.719,-34.2043,78.098,46.5545,94.3049,-9.92341,10,6.95271e-310,295.488,6.68183e-310,-342.043,1.4822e-323,465.545,5.23261e-310,-99.2341,-41.0565,324.025,-37.8154,-309.333,-42.0168,492.648,-41.6008,-71.4964,-21.2814,-62.3379,58.8216,21.0062,-42.5591,-84.5759,30.0257,-11.575,
5.31727,5.42939,5.28449,5.30394,0,200,0,-1.53076,-3.89565,3.60082,1.43371,-2.63868,-5.05588,1.86356,-0.522906,0,2790.38,0,2667.05,0,2826.44,0,2805.04,-41.1285,28.4332,-37.6889,32.8565,-42.0382,27.0701,-41.5038,27.8826,91.6032,33.7259,-269.418,-37.2141,83.6615,49.1476,86.897,-11.8231,10,6.95271e-310,337.259,6.68183e-310,-372.141,1.4822e-323,491.476,5.23261e-310,-118.231,-41.1285,365.693,-37.6889,-339.284,-42.0382,518.546,-41.5038,-90.3485,-26.6219,-67.7504,62.623,24.9342,-45.8901,-87.9283,32.4098,-9.09401,
5.31486,5.43318,5.28376,5.30701,0,200,0,-1.82573,-4.19455,3.80976,1.64982,-2.81821,-5.23655,1.97503,-0.406502,0,2793.03,0,2662.88,0,2827.24,0,2801.67,-41.1969,28.334,-37.5642,32.999,-42.058,27.0393,-41.418,28.0098,99.8331,37.7381,-277.158,-40.0928,88.735,51.5782,80.4665,-13.3715,10,6.95271e-310,377.381,6.68183e-310,-400.928,1.4822e-323,515.782,5.23261e-310,-133.715,-41.1969,405.715,-37.5642,-367.929,-42.058,542.821,-41.418,-105.705,-31.7519,-72.9488,66.2568,28.6926,-49.0124,-91.0704,34.3484,-7.06961,
5.31257,5.43668,5.28313,5.30992,0,200,0,-2.1063,-4.47884,4.00605,1.85277,-2.98502,-5.40434,2.07491,-0.301926,0,2795.55,0,2659.03,0,2827.94,0,2798.46,-41.2616,28.2396,-37.4485,33.1302,-42.0752,27.0126,-41.3363,28.1303,107.542,41.5542,-284.277,-42.7964,93.4182,53.8357,74.3279,-14.7614,10,6.95271e-310,415.542,6.68183e-310,-427.964,1.4822e-323,538.357,5.23261e-310,-147.614,-41.2616,443.781,-37.4485,-394.834,-42.0752,565.37,-41.3363,-119.484,-36.6313,-77.8929,69.6705,32.222,-51.9133,-93.9885,36.0854,-5.25088,
5.31051,5.4402,5.28256,5.31274,0,200,0,-2.37637,-4.75225,4.18781,2.04125,-3.14955,-5.56975,2.16984,-0.20243,0,2797.82,0,2655.16,0,2828.56,0,2795.37,-41.3198,28.1545,-37.3315,33.262,-42.0904,26.9889,-41.2569,28.2466,114.895,45.2253,-291.306,-45.3046,97.9078,56.0616,68.6335,-16.0833,10,6.95271e-310,452.253,6.68183e-310,-453.046,1.4822e-323,560.616,5.23261e-310,-160.833,-41.3198,480.407,-37.3315,-419.784,-42.0904,587.605,-41.2569,-132.586,-41.3281,-82.6479,72.8314,35.4999,-54.7748,-96.8652,37.7364,-3.52052,
5.30846,5.44318,5.28206,5.31538,0,200,0,-2.62827,-5.00747,4.35884,2.21797,-3.29513,-5.7161,2.25349,-0.11449,0,2800.07,0,2651.89,0,2829.11,0,2792.47,-41.3774,28.0698,-37.2325,33.3728,-42.1039,26.9677,-41.1823,28.3552,121.634,48.6512,-297.294,-47.6592,101.951,58.0311,63.0012,-17.2505,10,6.95271e-310,486.512,6.68183e-310,-476.592,1.4822e-323,580.311,5.23261e-310,-172.505,-41.3774,514.582,-37.2325,-443.22,-42.1039,607.278,-41.1823,-144.15,-45.709,-87.0864,75.8059,38.5734,-57.3065,-99.4105,39.1911,-1.99114,
5.30701,5.44568,5.28174,5.31814,0,200,0,-2.83696,-5.21849,4.48665,2.35059,-3.4294,-5.85087,2.35302,-0.0104418,0,2801.67,0,2649.13,0,2829.47,0,2789.42,-41.418,28.0098,-37.1488,33.4659,-42.1127,26.9541,-41.1036,28.4691,127.218,51.4858,-301.671,-49.4236,105.673,59.8455,57.3709,-18.6338,10,6.95271e-310,514.858,6.68183e-310,-494.236,1.4822e-323,598.455,5.23261e-310,-186.338,-41.418,542.867,-37.1488,-460.77,-42.1127,625.409,-41.1036,-157.869,-49.3384,-90.7564,78.0286,40.8798,-59.6417,-101.754,40.922,-0.181597,
5.30558,5.44785,5.28146,5.32021,0,200,0,-3.02259,-5.40643,4.60851,2.47664,-3.53627,-5.95817,2.41434,0.0542589,0,2803.24,0,2646.75,0,2829.77,0,2787.15,-41.4579,27.9507,-37.0761,33.5464,-42.1201,26.9425,-41.0449,28.5538,132.091,54.0092,-305.83,-51.1024,108.601,61.29,53.0775,-19.4916,10,6.95271e-310,540.092,6.68183e-310,-511.024,1.4822e-323,612.9,5.23261e-310,-194.916,-41.4579,568.043,-37.0761,-477.477,-42.1201,639.843,-41.0449,-166.362,-52.5669,-94.0248,80.148,43.0719,-61.5003,-103.62,41.9885,0.943633,
5.30429,5.45046,5.28135,5.32261,0,200,0,-3.22335,-5.60926,4.73535,2.60852,-3.65501,-6.07709,2.48156,0.125437,0,2804.66,0,2643.87,0,2829.89,0,2784.5,-41.4941,27.897,-36.9883,33.6432,-42.123,26.9379,-40.976,28.6526,137.346,56.7344,-310.424,-52.8557,111.746,62.8921,48.5439,-20.4341,10,6.95271e-310,567.344,6.68183e-310,-528.557,1.4822e-323,628.921,5.23261e-310,-204.341,-41.4941,595.241,-36.9883,-494.913,-42.123,655.859,-40.976,-175.689,-56.0583,-97.5524,82.354,45.3656,-63.5655,-105.688,43.1575,2.18152,
5.30333,5.45277,5.28138,5.32459,0,200,0,-3.38924,-5.77669,4.83943,2.71708,-3.75161,-6.17364,2.53016,0.177301,0,2805.72,0,2641.33,0,2829.87,0,2782.33,-41.5208,27.8572,-36.9104,33.7286,-42.1223,26.939,-40.9192,28.7336,141.658,58.9847,-314.38,-54.2971,114.227,64.1936,45.0864,-21.1193,10,6.95271e-310,589.847,6.68183e-310,-542.971,1.4822e-323,641.936,5.23261e-310,-211.193,-41.5208,617.704,-36.9104,-509.243,-42.1223,668.875,-40.9192,-182.459,-58.9433,-100.464,84.1639,47.2535,-65.2453,-107.368,44.0027,3.0835,
5.30259,5.45467,5.28156,5.32623,0,200,0,-3.52474,-5.91338,4.92834,2.80966,-3.82318,-6.24494,2.56034,0.210199,0,2806.53,0,2639.24,0,2829.67,0,2780.52,-41.5415,27.8263,-36.8465,33.7985,-42.1175,26.9465,-40.872,28.8007,145.135,60.8221,-317.452,-55.5273,116.059,65.1557,42.3395,-21.5511,10,6.95271e-310,608.221,6.68183e-310,-555.273,1.4822e-323,651.557,5.23261e-310,-215.511,-41.5415,636.047,-36.8465,-521.474,-42.1175,678.503,-40.872,-186.71,-61.2998,-102.841,85.7102,48.8637,-66.4901,-108.608,44.5276,3.65563,
5.30207,5.45624,5.28193,5.32803,0,200,0,-3.64123,-6.03069,5.00476,2.88914,-3.88267,-6.30385,2.59403,0.246874,0,2807.1,0,2637.52,0,2829.26,0,2778.55,-41.5558,27.8049,-36.7934,33.8563,-42.1075,26.9622,-40.8202,28.8741,148.1,62.3999,-319.444,-56.5836,117.651,65.952,39.3516,-22.0327,10,6.95271e-310,623.999,6.68183e-310,-565.836,1.4822e-323,659.52,5.23261e-310,-220.327,-41.5558,651.804,-36.7934,-531.98,-42.1075,686.482,-40.8202,-191.452,-63.3258,-104.882,87.0393,50.2459,-67.5246,-109.632,45.1136,4.29346,
5.30175,5.45739,5.28247,5.32934,0,200,0,-3.72527,-6.11524,5.06898,2.9556,-3.91183,-6.33217,2.60023,0.255241,0,2807.46,0,2636.25,0,2828.67,0,2777.11,-41.5648,27.7915,-36.7544,33.8986,-42.0929,26.9849,-40.7824,28.9274,150.188,63.5373,-320.674,-57.4686,118.452,66.3372,37.3958,-22.1361,10,6.95271e-310,635.373,6.68183e-310,-574.686,1.4822e-323,663.372,5.23261e-310,-221.361,-41.5648,663.165,-36.7544,-540.787,-42.0929,690.357,-40.7824,-192.434,-64.7872,-106.352,88.1562,51.4018,-68.0318,-110.125,45.2214,4.43898,
5.30163,5.45832,5.28321,5.33069,0,200,0,-3.7928,-6.18297,5.12508,3.01353,-3.92754,-6.34673,2.60235,0.259621,0,2807.59,0,2635.22,0,2827.85,0,2775.62,-41.5681,27.7865,-36.7227,33.9329,-42.0729,27.0161,-40.7432,28.9826,151.836,64.4493,-321.13,-58.2405,118.946,66.5381,35.4902,-22.1855,10,6.95271e-310,644.493,6.68183e-310,-582.405,1.4822e-323,665.381,5.23261e-310,-221.855,-41.5681,672.28,-36.7227,-548.472,-42.0729,692.397,-40.7432,-192.872,-65.9617,-107.53,89.1319,52.4092,-68.3051,-110.378,45.2583,4.51515,
5.3018,5.45904,5.28419,5.33177,0,200,0,-3.83299,-6.22289,5.16917,3.05901,-3.91989,-6.33755,2.58491,0.243972,0,2807.4,0,2634.43,0,2826.77,0,2774.43,-41.5635,27.7935,-36.6983,33.9593,-42.0463,27.0575,-40.7119,29.0266,152.77,64.9885,-320.956,-58.8467,118.805,66.4205,34.4122,-21.9668,10,6.95271e-310,649.885,6.68183e-310,-588.467,1.4822e-323,664.205,5.23261e-310,-219.668,-41.5635,677.679,-36.6983,-554.508,-42.0463,691.263,-40.7119,-190.642,-66.6607,-108.224,89.8985,53.2002,-68.172,-110.218,44.9549,4.24299,
5.30219,5.45952,5.28541,5.33263,0,200,0,-3.84969,-6.23896,5.20488,3.09566,-3.88945,-6.30521,2.54896,0.209463,0,2806.97,0,2633.91,0,2825.42,0,2773.48,-41.5525,27.8099,-36.682,33.9769,-42.0132,27.1088,-40.6868,29.0617,153.08,65.2077,-320.108,-59.3361,118.077,65.9923,33.9709,-21.4955,10,6.95271e-310,652.077,6.68183e-310,-593.361,1.4822e-323,659.923,5.23261e-310,-214.955,-41.5525,679.887,-36.682,-559.384,-42.0132,687.032,-40.6868,-185.894,-66.9511,-108.504,90.5196,53.8376,-67.6426,-109.656,44.3297,3.64284,
5.30304,5.4598,5.28684,5.3335,0,200,0,-3.83446,-6.22236,5.2157,3.10703,-3.84642,-6.25996,2.51577,0.177715,0,2806.03,0,2633.6,0,2823.85,0,2772.53,-41.5288,27.8453,-36.6726,33.987,-41.9745,27.1687,-40.6617,29.0968,152.609,64.9897,-318.359,-59.4866,117,65.3913,33.8901,-21.0614,10,6.95271e-310,649.897,6.68183e-310,-594.866,1.4822e-323,653.913,5.23261e-310,-210.614,-41.5288,677.742,-36.6726,-560.879,-41.9745,681.082,-40.6617,-181.517,-66.6862,-108.215,90.7079,54.0352,-66.8943,-108.869,43.7524,3.0907,
5.30429,5.45979,5.2884,5.33407,0,200,0,-3.78232,-6.16823,5.20104,3.09234,-3.78493,-6.19602,2.47478,0.137692,0,2804.66,0,2633.62,0,2822.14,0,2771.9,-41.4941,27.897,-36.6731,33.9866,-41.9321,27.2341,-40.645,29.1202,151.218,64.2683,-315.846,-59.2889,115.396,64.5395,34.6324,-20.5178,10,6.95271e-310,642.683,6.68183e-310,-592.889,1.4822e-323,645.395,5.23261e-310,-205.178,-41.4941,670.58,-36.6731,-558.902,-41.9321,672.629,-40.645,-176.058,-65.7794,-107.274,90.4529,53.7799,-65.8248,-107.757,43.0397,2.39465,
5.30586,5.45949,5.28997,5.33457,0,200,0,-3.70078,-6.08417,5.16009,3.0508,-3.71677,-6.12541,2.44271,0.106462,0,2802.93,0,2633.95,0,2820.41,0,2771.35,-41.4502,27.9621,-36.6832,33.9756,-41.8893,27.2999,-40.6303,29.1406,149.113,63.1459,-312.553,-58.7318,113.608,63.5978,35.6052,-20.0932,10,6.95271e-310,631.459,6.68183e-310,-587.318,1.4822e-323,635.978,5.23261e-310,-200.932,-41.4502,659.421,-36.6832,-553.343,-41.8893,663.278,-40.6303,-171.792,-64.3614,-105.812,89.7407,53.0574,-64.6395,-106.529,42.4818,1.85151,
5.30787,5.45893,5.29179,5.33496,0,200,0,-3.58503,-5.96518,5.09571,2.98535,-3.62952,-6.03529,2.40353,0.0679326,0,2800.72,0,2634.55,0,2818.41,0,2770.93,-41.3938,28.0455,-36.702,33.9553,-41.8395,27.3762,-40.6192,29.1562,146.138,61.5556,-308.328,-57.8549,111.289,62.3948,37.1778,-19.5712,10,6.95271e-310,615.556,6.68183e-310,-578.549,1.4822e-323,623.948,5.23261e-310,-195.712,-41.3938,643.601,-36.702,-544.594,-41.8395,651.324,-40.6192,-166.555,-62.3484,-103.742,88.6211,51.9192,-63.1221,-104.962,41.8006,1.18144,
5.31021,5.45774,5.29373,5.33521,0,200,0,-3.42861,-5.80498,5.00288,2.89018,-3.5202,-5.92292,2.36428,0.0291051,0,2798.15,0,2635.87,0,2816.27,0,2770.65,-41.3282,28.1421,-36.7426,33.9113,-41.7863,27.4573,-40.6118,29.1664,142.1,59.4122,-302.559,-56.5835,108.467,60.8927,38.9356,-19.046,10,6.95271e-310,594.122,6.68183e-310,-565.835,1.4822e-323,608.927,5.23261e-310,-190.46,-41.3282,622.264,-36.7426,-531.924,-41.7863,636.384,-40.6118,-161.294,-59.628,-100.956,87.0066,50.264,-61.2209,-103.007,41.118,0.506175,
5.31286,5.45608,5.29582,5.33532,0,200,0,-3.2389,-5.61097,4.88581,2.76989,-3.39186,-5.79128,2.32067,-0.0143307,0,2795.24,0,2637.69,0,2813.98,0,2770.53,-41.2535,28.2515,-36.7987,33.8505,-41.7289,27.5444,-40.6087,29.1708,137.173,56.8153,-295.64,-54.9778,105.163,59.1319,41.0329,-18.4598,10,6.95271e-310,568.153,6.68183e-310,-549.778,1.4822e-323,591.319,5.23261e-310,-184.598,-41.2535,596.404,-36.7987,-515.927,-41.7289,618.864,-40.6087,-155.427,-56.3287,-97.5822,84.9706,48.1719,-58.9889,-100.718,40.3595,-0.249229,
5.31581,5.45396,5.29809,5.33529,0,200,0,-3.01739,-5.38467,4.74603,2.62599,-3.24228,-5.63808,2.26926,-0.0657752,0,2791.99,0,2640.02,0,2811.48,0,2770.56,-41.17,28.373,-36.8704,33.7724,-41.6661,27.6394,-40.6094,29.1698,131.365,53.7853,-287.512,-53.0582,101.316,57.082,43.4515,-17.7666,10,6.95271e-310,537.853,6.68183e-310,-530.582,1.4822e-323,570.82,5.23261e-310,-177.666,-41.17,566.226,-36.8704,-496.81,-41.6661,598.459,-40.6094,-148.496,-52.4764,-93.6465,82.5397,45.6693,-56.3875,-98.0536,39.4655,-1.14392,
5.31893,5.45146,5.30052,5.33514,0,200,0,-2.77406,-5.13622,4.59005,2.46515,-3.07538,-5.46733,2.2085,-0.126798,0,2788.55,0,2642.78,0,2808.81,0,2770.73,-41.0811,28.5016,-36.9549,33.6799,-41.5991,27.7402,-40.6139,29.1635,124.905,50.4582,-278.47,-50.9139,97.0148,54.7965,46.1195,-16.9452,10,6.95271e-310,504.582,6.68183e-310,-509.139,1.4822e-323,547.965,5.23261e-310,-169.452,-41.0811,533.084,-36.9549,-475.459,-41.5991,575.705,-40.6139,-140.289,-48.2444,-89.3255,79.827,42.8722,-53.4849,-95.084,38.4087,-2.20518,
5.32241,5.44894,5.30301,5.33484,0,200,0,-2.51058,-4.86703,4.40971,2.27994,-2.90517,-5.29313,2.14641,-0.189394,0,2784.73,0,2645.55,0,2806.07,0,2771.06,-40.9818,28.6442,-37.0395,33.5868,-41.5298,27.8437,-40.6227,29.1513,117.894,46.8543,-269.215,-48.4411,92.4683,52.4651,49.3908,-16.1037,10,6.95271e-310,468.543,6.68183e-310,-484.411,1.4822e-323,524.651,5.23261e-310,-161.037,-40.9818,497.187,-37.0395,-450.824,-41.5298,552.494,-40.6227,-131.886,-43.6622,-84.644,76.6906,39.6511,-50.5247,-92.0545,37.3289,-3.2938,
5.32611,5.44567,5.30593,5.33436,0,200,0,-2.21389,-4.56423,4.21252,2.07644,-2.69368,-5.07695,2.05467,-0.281936,0,2780.66,0,2649.15,0,2802.85,0,2771.59,-40.8754,28.7958,-37.1492,33.4655,-41.4482,27.9651,-40.6366,29.1318,109.804,42.799,-258.081,-45.7286,86.9014,49.5708,52.976,-14.8599,10,6.95271e-310,427.99,6.68183e-310,-457.286,1.4822e-323,495.708,5.23261e-310,-148.599,-40.8754,456.786,-37.1492,-423.821,-41.4482,523.673,-40.6366,-119.467,-38.5024,-79.3778,73.2611,36.112,-46.8466,-88.2949,35.7334,-4.90324,
5.33033,5.44247,5.30835,5.33386,0,200,0,-1.88914,-4.23247,3.95482,1.81259,-2.51733,-4.8967,2.01448,-0.322964,0,2776.01,0,2652.66,0,2800.19,0,2772.14,-40.7536,28.968,-37.2561,33.3464,-41.3804,28.0653,-40.6513,29.1114,101.082,38.3575,-247.135,-42.202,81.974,47.1576,56.7374,-14.3105,10,6.95271e-310,383.575,6.68183e-310,-422.02,1.4822e-323,471.576,5.23261e-310,-143.105,-40.7536,412.543,-37.2561,-388.673,-41.3804,499.642,-40.6513,-113.994,-32.8546,-73.6082,68.7794,31.5233,-43.7797,-85.1601,35.0345,-5.61677,
5.33408,5.43909,5.31117,5.33315,0,200,0,-1.58859,-3.92566,3.73693,1.58824,-2.3085,-4.68332,1.91826,-0.420368,0,2771.89,0,2656.38,0,2797.09,0,2772.92,-40.6447,29.1206,-37.3686,33.2203,-41.3012,28.1818,-40.6719,29.0826,92.6935,34.2492,-236.022,-39.2091,76.2701,44.3006,60.6663,-13.0028,10,6.95271e-310,342.492,6.68183e-310,-392.091,1.4822e-323,443.006,5.23261e-310,-130.028,-40.6447,371.613,-37.3686,-358.87,-41.3012,471.188,-40.6719,-100.945,-27.6277,-68.2724,64.9901,27.6216,-40.1478,-81.449,33.3611,-7.31074,
5.3384,5.43556,5.31404,5.33228,0,200,0,-1.25388,-3.58371,3.47351,1.3181,-2.09739,-4.46754,1.82764,-0.512434,0,2767.14,0,2660.26,0,2793.93,0,2773.87,-40.5186,29.2957,-37.4854,33.0885,-41.22,28.3004,-40.6969,29.0475,83.3343,29.6716,-224.308,-35.6002,70.2594,41.4119,65.2879,-11.7681,10,6.95271e-310,296.716,6.68183e-310,-356.002,1.4822e-323,414.119,5.23261e-310,-117.681,-40.5186,326.012,-37.4854,-322.913,-41.22,442.419,-40.6969,-88.6334,-21.8067,-62.3253,60.4089,22.9235,-36.4764,-77.6964,31.785,-8.9119,
5.34337,5.43192,5.31734,5.33125,0,200,0,-0.884421,-3.20584,3.17224,1.00992,-1.86678,-4.23156,1.71737,-0.624423,0,2761.67,0,2664.27,0,2790.3,0,2775,-40.3724,29.4969,-37.6057,32.9517,-41.1265,28.4361,-40.7269,29.0056,72.8804,24.6151,-211.723,-31.4793,63.4544,38.2539,70.9302,-10.2661,10,6.95271e-310,246.151,6.68183e-310,-314.793,1.4822e-323,382.539,5.23261e-310,-102.661,-40.3724,275.648,-37.6057,-281.841,-41.1265,410.975,-40.7269,-73.6552,-15.3812,-55.7537,55.1694,17.5638,-32.4658,-73.5923,29.8673,-10.8595,
5.34737,5.42813,5.32006,5.33009,0,200,0,-0.561982,-2.87659,2.90548,0.73599,-1.65375,-4.01407,1.60962,-0.734107,0,2757.27,0,2668.43,0,2787.31,0,2776.28,-40.254,29.6583,-37.7302,32.809,-41.049,28.5479,-40.7605,28.9582,63.5154,20.2072,-200.064,-27.8212,57.2481,35.3414,75.6234,-8.79605,10,6.95271e-310,202.072,6.68183e-310,-278.212,1.4822e-323,353.414,5.23261e-310,-87.9605,-40.254,231.73,-37.7302,-245.403,-41.049,381.962,-40.7605,-59.0023,-9.7736,-50.0276,50.53,12.7998,-28.7609,-69.8099,27.9935,-12.7671,
5.35251,5.42435,5.32348,5.32882,0,200,0,-0.186595,-2.4924,2.58008,0.403464,-1.41663,-3.77133,1.47867,-0.867178,0,2751.61,0,2672.6,0,2783.56,0,2777.68,-40.101,29.8648,-37.8542,32.6659,-40.9512,28.6879,-40.7973,28.9064,52.5441,15.0676,-187.209,-23.3731,49.9591,32.0935,81.8242,-7.01155,10,6.95271e-310,150.676,6.68183e-310,-233.731,1.4822e-323,320.935,5.23261e-310,-70.1155,-40.101,180.541,-37.8542,-201.065,-40.9512,349.623,-40.7973,-41.2091,-3.24513,-43.3462,44.8709,7.01677,-24.6371,-65.5883,25.7159,-15.0814,
5.35689,5.42045,5.32629,5.32747,0,200,0,0.151584,-2.14669,2.27527,0.0913586,-1.20205,-3.55209,1.36124,-0.986851,0,2746.8,0,2676.88,0,2780.46,0,2779.17,-39.97,30.0399,-37.9811,32.5182,-40.8703,28.8032,-40.8364,28.8511,42.4502,10.4413,-175.193,-19.2009,43.3489,29.1585,87.146,-5.40819,10,6.95271e-310,104.413,6.68183e-310,-192.009,1.4822e-323,291.585,5.23261e-310,-54.0819,-39.97,134.453,-37.9811,-159.49,-40.8703,320.388,-40.8364,-25.2308,2.63625,-37.3338,39.57,1.58885,-20.9053,-61.7755,23.6738,-17.1626,
5.36184,5.41677,5.32944,5.32592,0,200,0,0.509754,-1.77994,1.94284,-0.247935,-0.979881,-3.32469,1.22224,-1.12841,0,2741.36,0,2680.93,0,2776.99,0,2780.87,-39.8208,30.2374,-38.1005,32.3783,-40.7793,28.9318,-40.881,28.788,31.6524,5.53624,-163.145,-14.66,36.1639,26.1159,93.6373,-3.51113,10,6.95271e-310,55.3624,6.68183e-310,-146.6,1.4822e-323,261.159,5.23261e-310,-35.1113,-39.8208,85.5998,-38.1005,-114.222,-40.7793,290.091,-40.881,-6.32333,8.86529,-30.9556,33.7886,-4.31192,-17.0414,-57.8207,21.2564,-19.6246,
5.36729,5.4123,5.3329,5.32459,0,200,0,0.902839,-1.37735,1.55431,-0.644764,-0.740404,-3.07946,1.08993,-1.26292,0,2735.36,0,2685.85,0,2773.19,0,2782.33,-39.6554,30.4541,-38.2448,32.2076,-40.6792,29.0724,-40.9192,28.7336,19.5582,0.152353,-148.807,-9.35034,28.3996,22.8353,99.6725,-1.70757,10,6.95271e-310,1.52353,6.68183e-310,-93.5034,1.4822e-323,228.353,5.23261e-310,-17.0757,-39.6554,31.9776,-38.2448,-61.2958,-40.6792,257.425,-40.9192,11.6579,15.7015,-23.9538,27.0316,-11.2133,-12.8766,-53.5558,18.9554,-21.9639,
5.37179,5.40815,5.33568,5.32296,0,200,0,1.24246,-1.02983,1.21104,-0.995724,-0.528121,-2.86252,0.957069,-1.39848,0,2730.42,0,2690.42,0,2770.14,0,2784.12,-39.5181,30.632,-38.3785,32.0483,-40.5982,29.1854,-40.966,28.6668,8.86341,-4.49619,-136.489,-4.65586,21.3955,19.9314,105.385,0.108017,10,6.95271e-310,-44.9619,6.68183e-310,-46.5586,1.4822e-323,199.314,5.23261e-310,1.08017,-39.5181,-14.3299,-38.3785,-14.5103,-40.5982,228.5,-40.966,29.747,21.6081,-17.91,21.0615,-17.3169,-9.18472,-49.7829,16.6447,-24.3213,
5.37714,5.40396,5.33904,5.32158,0,200,0,1.61188,-0.650944,0.818901,-1.39555,-0.30515,-2.63388,0.816854,-1.54096,0,2724.52,0,2695.02,0,2766.43,0,2785.64,-39.3535,30.8432,-38.5122,31.8875,-40.4997,29.3219,-41.0055,28.6103,-2.91041,-9.5602,-122.969,0.697355,13.7559,16.8743,111.525,2.01881,10,6.95271e-310,-95.602,6.68183e-310,6.97355,1.4822e-323,168.743,5.23261e-310,20.1881,-39.3535,-64.7588,-38.5122,38.8611,-40.4997,198.065,-41.0055,48.7985,28.0327,-11.3208,14.2418,-24.2704,-5.30695,-45.8066,14.2062,-26.7993,
5.38138,5.39967,5.34209,5.31997,0,200,0,1.92727,-0.328008,0.484408,-1.73789,-0.0819849,-2.40557,0.653058,-1.7074,0,2719.86,0,2699.74,0,2763.08,0,2787.41,-39.2223,31.0099,-38.6486,31.722,-40.4102,29.4451,-41.0514,28.5444,-13.4165,-13.8786,-110.396,5.27516,6.30613,13.8195,117.006,4.25091,10,6.95271e-310,-138.786,6.68183e-310,52.7516,1.4822e-323,138.195,5.23261e-310,42.5091,-39.2223,-107.776,-38.6486,84.4736,-40.4102,167.64,-41.0514,71.0535,33.5178,-5.70449,8.42449,-30.2241,-1.42582,-41.8361,11.3575,-29.6939,
5.38649,5.39531,5.34514,5.31861,0,200,0,2.27854,0.0323914,0.0768885,-2.15334,0.123408,-2.195,0.524733,-1.83796,0,2714.24,0,2704.54,0,2759.72,0,2788.91,-39.0634,31.2098,-38.7866,31.5531,-40.3201,29.5684,-41.0903,28.4883,-25.0369,-18.6946,-96.9695,10.8382,-1.03737,11.0039,122.555,6.00118,10,6.95271e-310,-186.946,6.68183e-310,108.382,1.4822e-323,110.039,5.23261e-310,60.0118,-39.0634,-155.737,-38.7866,139.935,-40.3201,139.607,-41.0903,88.5001,39.6268,0.56333,1.33719,-37.4494,2.14623,-38.1738,9.12579,-31.9645,
5.39097,5.39098,5.34815,5.31718,0,200,0,2.5929,0.354819,-0.293388,-2.53145,0.330882,-1.9824,0.375622,-1.98941,0,2709.31,0,2709.3,0,2756.41,0,2790.48,-38.9232,31.3845,-38.9228,31.385,-40.2309,29.6896,-41.1309,28.4297,-35.833,-23.0035,-84.1283,15.8984,-8.36779,8.16081,127.728,8.03252,10,6.95271e-310,-230.035,6.68183e-310,158.984,1.4822e-323,81.6081,5.23261e-310,80.3252,-38.9232,-198.651,-38.9228,190.369,-40.2309,111.298,-41.1309,108.755,45.0939,6.17077,-5.1024,-44.0252,5.75447,-34.4765,6.53256,-34.5984,
5.39515,5.38615,5.35109,5.31554,0,200,0,2.90189,0.671372,-0.670189,-2.91694,0.549068,-1.75919,0.212478,-2.15523,0,2704.71,0,2714.61,0,2753.18,0,2792.28,-38.7915,31.547,-39.0739,31.1966,-40.1436,29.8076,-41.1775,28.3621,-46.8107,-27.2354,-70.6929,21.0545,-16.0389,5.1744,132.711,10.2562,10,6.95271e-310,-272.354,6.68183e-310,210.545,1.4822e-323,51.744,5.23261e-310,102.562,-38.7915,-240.807,-39.0739,241.741,-40.1436,81.5516,-41.1775,130.925,50.4676,11.676,-11.6555,-50.7294,9.54901,-30.5946,3.69527,-37.4823,
5.39913,5.38205,5.35392,5.31434,0,200,0,3.17399,0.950714,-1.01746,-3.27156,0.737864,-1.56554,0.0697203,-2.29994,0,2700.33,0,2719.13,0,2750.07,0,2793.6,-38.6657,31.7011,-39.2016,31.036,-40.0591,29.921,-41.2115,28.3128,-56.6258,-30.9671,-58.6429,25.8007,-22.8776,2.58569,137.016,12.1985,10,6.95271e-310,-309.671,6.68183e-310,258.007,1.4822e-323,25.8569,5.23261e-310,121.985,-38.6657,-277.969,-39.2016,289.043,-40.0591,55.7779,-41.2115,150.297,55.1999,16.5342,-17.695,-56.8966,12.8324,-27.2267,1.21253,-39.999,
5.40255,5.3784,5.35664,5.3131,0,200,0,3.40625,1.18921,-1.3149,-3.57549,0.918263,-1.38045,-0.0882539,-2.45994,0,2696.58,0,2723.14,0,2747.08,0,2794.97,-38.5572,31.833,-39.3146,30.8927,-39.9776,30.0299,-41.2467,28.2614,-65.2992,-34.1527,-48.0055,29.8677,-29.413,0.111738,141.229,14.3465,10,6.95271e-310,-341.527,6.68183e-310,298.677,1.4822e-323,1.11738,5.23261e-310,143.465,-38.5572,-309.693,-39.3146,329.57,-39.9776,31.1472,-41.2467,171.726,59.2391,20.6818,-22.8678,-62.1825,15.9698,-24.0078,-1.53485,-42.7816,
5.40668,5.37453,5.35917,5.31203,0,200,0,3.67329,1.46384,-1.6873,-3.95475,1.07739,-1.21695,-0.201974,-2.57539,0,2692.03,0,2727.4,0,2744.3,0,2796.14,-38.4253,31.9922,-39.4339,30.7403,-39.9015,30.1309,-41.2769,28.2174,-75.0564,-37.819,-36.5167,34.9485,-35.6818,-2.07262,145.319,15.8953,10,6.95271e-310,-378.19,6.68183e-310,349.485,1.4822e-323,-20.7262,5.23261e-310,158.953,-38.4253,-346.198,-39.4339,380.225,-39.9015,9.4047,-41.2769,187.17,63.8833,25.458,-29.3443,-68.7783,18.7372,-21.1643,-3.5126,-44.7895,
5.40974,5.37096,5.36155,5.31083,0,200,0,3.88197,1.67814,-1.97707,-4.25082,1.23883,-1.05137,-0.345058,-2.72042,0,2688.67,0,2731.33,0,2741.67,0,2797.46,-38.3273,32.1094,-39.5434,30.5993,-39.8295,30.2259,-41.3106,28.1679,-83.1539,-40.6813,-26.5148,38.9106,-41.7204,-4.28596,148.985,17.8419,10,6.95271e-310,-406.813,6.68183e-310,389.106,1.4822e-323,-42.8596,5.23261e-310,178.419,-38.3273,-374.703,-39.5434,419.705,-39.8295,-12.6336,-41.3106,206.587,67.5125,29.1851,-34.3838,-73.9272,21.5449,-18.2846,-6.001,-47.3116,
5.4133,5.36754,5.36379,5.30984,0,200,0,4.10673,1.90949,-2.30808,-4.58782,1.37722,-0.909082,-0.454561,-2.83153,0,2684.75,0,2735.08,0,2739.21,0,2798.56,-38.2128,32.2457,-39.6477,30.4641,-39.7617,30.3151,-41.3386,28.1268,-91.688,-43.7687,-16.5071,43.4259,-47.3486,-6.18633,152.608,19.3327,10,6.95271e-310,-437.687,6.68183e-310,434.259,1.4822e-323,-61.8633,5.23261e-310,193.327,-38.2128,-405.441,-39.6477,464.723,-39.7617,-31.5482,-41.3386,221.454,71.4214,33.2086,-40.1405,-79.7882,23.9516,-15.8101,-7.90541,-49.2441,
5.41629,5.36444,5.36585,5.30905,0,200,0,4.295,2.10333,-2.59479,-4.87996,1.50334,-0.779359,-0.556662,-2.93491,0,2681.46,0,2738.5,0,2736.94,0,2799.43,-38.116,32.36,-39.7421,30.3409,-39.6991,30.397,-41.3609,28.0941,-99.0609,-46.3552,-7.47204,47.3393,-52.4064,-7.91871,155.483,20.7208,10,6.95271e-310,-463.552,6.68183e-310,473.393,1.4822e-323,-79.1871,5.23261e-310,207.208,-38.116,-431.192,-39.7421,503.733,-39.6991,-48.7901,-41.3609,235.302,74.6956,36.5796,-45.1268,-84.8689,26.1451,-13.5541,-9.68107,-51.042,
5.41868,5.36173,5.36764,5.3082,0,200,0,4.44871,2.26149,-2.83044,-5.12032,1.6177,-0.661872,-0.660983,-3.04061,0,2678.83,0,2741.48,0,2734.98,0,2800.36,-38.0387,32.4508,-39.8241,30.2331,-39.6448,30.4679,-41.3848,28.0589,-105.275,-48.466,0.137422,50.5579,-56.9482,-9.48826,158.141,22.1396,10,6.95271e-310,-484.66,6.68183e-310,505.579,1.4822e-323,-94.8826,5.23261e-310,221.396,-38.0387,-452.209,-39.8241,535.812,-39.6448,-64.4148,-41.3848,249.455,77.3689,39.3302,-49.225,-89.0491,28.134,-11.5108,-11.4954,-52.8801,
5.42136,5.35937,5.36926,5.30759,0,200,0,4.60651,2.4243,-3.08213,-5.37612,1.70791,-0.56883,-0.734152,-3.11476,0,2675.88,0,2744.07,0,2733.2,0,2801.04,-37.9515,32.5528,-39.8954,30.139,-39.5954,30.532,-41.4019,28.0336,-111.45,-50.6368,7.25504,53.9874,-60.9051,-10.7296,160.658,23.135,10,6.95271e-310,-506.368,6.68183e-310,539.874,1.4822e-323,-107.296,5.23261e-310,231.35,-37.9515,-473.815,-39.8954,570.013,-39.5954,-76.7639,-41.4019,259.383,80.1132,42.1617,-53.6023,-93.4977,29.7027,-9.8927,-12.7679,-54.1698,
5.42351,5.35718,5.37063,5.30709,0,200,0,4.73603,2.55784,-3.29626,-5.59404,1.78845,-0.485866,-0.797391,-3.17879,0,2673.52,0,2746.49,0,2731.68,0,2801.58,-37.8816,32.6341,-39.9614,30.0514,-39.5533,30.5865,-41.4157,28.0132,-116.667,-52.4178,13.6147,56.9078,-64.3413,-11.8369,162.5,23.9947,10,6.95271e-310,-524.178,6.68183e-310,569.078,1.4822e-323,-118.369,5.23261e-310,239.947,-37.8816,-491.543,-39.9614,599.129,-39.5533,-87.7829,-41.4157,267.96,82.3657,44.4842,-57.3263,-97.2877,31.1035,-8.44985,-13.8677,-55.2834,
5.42539,5.35525,5.37185,5.30664,0,200,0,4.84891,2.67426,-3.48565,-5.78676,1.85903,-0.413156,-0.854816,-3.23695,0,2671.45,0,2748.61,0,2730.35,0,2802.08,-37.8201,32.7054,-40.0193,29.9743,-39.5163,30.6344,-41.4284,27.9944,-121.264,-53.9702,19.1809,59.4905,-67.3882,-12.8074,164.159,24.7755,10,6.95271e-310,-539.702,6.68183e-310,594.905,1.4822e-323,-128.074,5.23261e-310,247.755,-37.8201,-506.996,-40.0193,624.88,-39.5163,-97.4393,-41.4284,275.75,84.3289,46.5088,-60.62,-100.639,32.331,-7.18532,-14.8664,-56.2948,
5.42695,5.35371,5.37288,5.30634,0,200,0,4.93911,2.76738,-3.6401,-5.94385,1.91571,-0.35466,-0.900622,-3.28324,0,2669.74,0,2750.3,0,2729.22,0,2802.41,-37.7691,32.7642,-40.0652,29.9128,-39.4847,30.6751,-41.4368,27.982,-124.97,-55.2115,23.7338,61.5962,-69.8535,-13.5876,165.425,25.3974,10,6.95271e-310,-552.115,6.68183e-310,615.962,1.4822e-323,-135.876,5.23261e-310,253.974,-37.7691,-519.351,-40.0652,645.875,-39.4847,-105.201,-41.4368,281.956,85.8975,48.1284,-63.3061,-103.371,33.3167,-6.16799,-15.663,-57.0998,
5.42811,5.35251,5.37371,5.30618,0,200,0,5.00525,2.83572,-3.7567,-6.06251,1.96058,-0.308312,-0.935774,-3.31864,0,2668.46,0,2751.61,0,2728.29,0,2802.58,-37.731,32.8081,-40.101,29.8648,-39.4589,30.7082,-41.4412,27.9755,-127.748,-56.1221,27.3385,63.1865,-71.7572,-14.2057,166.226,25.8735,10,6.95271e-310,-561.221,6.68183e-310,631.865,1.4822e-323,-142.057,5.23261e-310,258.735,-37.731,-528.413,-40.101,661.73,-39.4589,-111.348,-41.4412,286.711,87.0478,49.3168,-65.334,-105.435,34.097,-5.36194,-16.2743,-57.7155,
5.42919,5.35165,5.37436,5.30616,0,200,0,5.06185,2.89436,-3.85836,-6.16565,1.98949,-0.278259,-0.953245,-3.33615,0,2667.27,0,2752.56,0,2727.58,0,2802.6,-37.6956,32.8488,-40.1268,29.8302,-39.4391,30.7337,-41.4419,27.9745,-130.03,-56.9028,30.1676,64.5701,-73.1185,-14.6056,166.817,26.1093,10,6.95271e-310,-569.028,6.68183e-310,645.701,1.4822e-323,-146.056,5.23261e-310,261.093,-37.6956,-536.179,-40.1268,675.531,-39.4391,-115.322,-41.4419,289.068,88.0322,50.3366,-67.1019,-107.229,34.5998,-4.83929,-16.5782,-58.02,
5.42992,5.35103,5.37488,5.30628,0,200,0,5.09813,2.93201,-3.92771,-6.23607,2.0106,-0.256239,-0.962426,-3.34514,0,2666.47,0,2753.25,0,2727.02,0,2802.47,-37.6716,32.8763,-40.1454,29.8052,-39.4232,30.754,-41.4385,27.9795,-131.536,-57.4038,32.3177,65.5146,-74.0443,-14.8982,166.947,26.2313,10,6.95271e-310,-574.038,6.68183e-310,655.146,1.4822e-323,-148.982,5.23261e-310,262.313,-37.6716,-541.162,-40.1454,684.951,-39.4232,-118.228,-41.4385,290.293,88.6631,50.9916,-68.308,-108.453,34.9669,-4.45633,-16.7378,-58.1764,
5.4304,5.35066,5.37525,5.30658,0,200,0,5.118,2.95279,-3.97177,-6.28077,2.02118,-0.244994,-0.957968,-3.3402,0,2665.94,0,2753.66,0,2726.61,0,2802.14,-37.6558,32.8944,-40.1564,29.7903,-39.4118,30.7687,-41.4301,27.9919,-132.365,-57.6796,33.8389,66.1142,-74.4839,-15.0468,166.611,26.1667,10,6.95271e-310,-576.796,6.68183e-310,661.142,1.4822e-323,-150.468,5.23261e-310,261.667,-37.6558,-543.901,-40.1564,690.932,-39.4118,-119.7,-41.4301,289.659,89.0087,51.3529,-69.0743,-109.231,35.151,-4.26077,-16.6603,-58.0904,
5.43064,5.35056,5.37546,5.30701,0,200,0,5.12243,2.95767,-3.99027,-6.29943,2.02108,-0.24472,-0.941785,-3.32332,0,2665.68,0,2753.76,0,2726.37,0,2801.67,-37.6479,32.9034,-40.1593,29.7864,-39.4051,30.7772,-41.418,28.0098,-132.539,-57.7432,34.6461,66.365,-74.452,-15.0488,165.932,25.9421,10,6.95271e-310,-577.432,6.68183e-310,663.65,1.4822e-323,-150.488,5.23261e-310,259.421,-37.6479,-544.529,-40.1593,693.437,-39.4051,-119.711,-41.418,287.431,89.0857,51.4378,-69.3961,-109.555,35.1491,-4.256,-16.3789,-57.7969,
5.43062,5.35082,5.3755,5.30763,0,200,0,5.1084,2.9436,-3.97842,-6.28713,2.00697,-0.258763,-0.909688,-3.29022,0,2665.7,0,2753.47,0,2726.33,0,2800.98,-37.6487,32.9025,-40.1514,29.797,-39.404,30.7786,-41.4006,28.0356,-131.917,-57.5537,34.5812,66.2012,-73.8197,-14.8593,164.812,25.5002,10,6.95271e-310,-575.537,6.68183e-310,662.012,1.4822e-323,-148.593,5.23261e-310,255.002,-37.6487,-542.635,-40.1514,691.809,-39.404,-117.814,-41.4006,283.037,88.8417,51.1931,-69.1899,-109.341,34.9038,-4.50023,-15.8207,-57.2212,
5.4303,5.35133,5.37537,5.30852,0,200,0,5.07582,2.91043,-3.9402,-6.24805,1.98041,-0.285552,-0.857981,-3.23708,0,2666.05,0,2752.92,0,2726.47,0,2800.01,-37.6589,32.8908,-40.1364,29.8172,-39.4081,30.7734,-41.3757,28.0723,-130.532,-57.1094,33.9357,65.6782,-72.5998,-14.4992,163.003,24.7899,10,6.95271e-310,-571.094,6.68183e-310,656.782,1.4822e-323,-144.992,5.23261e-310,247.899,-37.6589,-538.203,-40.1364,686.6,-39.4081,-114.219,-41.3757,275.972,88.2751,50.6161,-68.5253,-108.662,34.442,-4.96612,-14.9214,-56.2971,
5.42967,5.35245,5.37504,5.30958,0,200,0,5.01755,2.85096,-3.85488,-6.1608,1.93599,-0.330548,-0.794661,-3.17206,0,2666.74,0,2751.68,0,2726.83,0,2798.85,-37.6798,32.8669,-40.1028,29.8624,-39.4181,30.7606,-41.3461,28.1159,-128.044,-56.3136,31.8232,64.5107,-70.6515,-13.8954,160.938,23.9207,10,6.95271e-310,-563.136,6.68183e-310,645.107,1.4822e-323,-138.954,5.23261e-310,239.207,-37.6798,-530.269,-40.1028,674.97,-39.4181,-108.193,-41.3461,267.322,87.2618,49.582,-67.0414,-107.144,33.6694,-5.74866,-13.8202,-55.1662,
5.42845,5.35452,5.37449,5.31087,0,200,0,4.91512,2.74622,-3.68996,-5.99232,1.86907,-0.398448,-0.721879,-3.09718,0,2668.09,0,2749.41,0,2727.44,0,2797.42,-37.72,32.8208,-40.0412,29.945,-39.435,30.7389,-41.3096,28.1694,-123.771,-54.9128,27.4888,62.2556,-67.7049,-12.9846,158.471,22.9202,10,6.95271e-310,-549.128,6.68183e-310,622.556,1.4822e-323,-129.846,5.23261e-310,229.202,-37.72,-516.308,-40.0412,652.501,-39.435,-99.1068,-41.3096,257.372,85.4803,47.7604,-64.1731,-104.214,32.5055,-6.92953,-12.5544,-53.864,
5.42694,5.3566,5.3738,5.31213,0,200,0,4.8004,2.62866,-3.50764,-5.80641,1.79938,-0.469358,-0.64803,-3.02129,0,2669.75,0,2747.12,0,2728.2,0,2796.04,-37.7695,32.7638,-39.9787,30.0284,-39.4564,30.7115,-41.2742,28.2213,-119.103,-53.3418,22.8023,59.7658,-64.5801,-12.0344,155.801,21.9059,10,6.95271e-310,-533.418,6.68183e-310,597.658,1.4822e-323,-120.344,5.23261e-310,219.059,-37.7695,-500.654,-39.9787,627.686,-39.4564,-89.6321,-41.2742,247.281,83.4852,45.7157,-61.0024,-100.981,31.2936,-8.16275,-11.2701,-52.5442,
5.42497,5.35931,5.37279,5.31388,0,200,0,4.64935,2.4739,-3.27612,-5.57021,1.70086,-0.569659,-0.538295,-2.90872,0,2671.91,0,2744.14,0,2729.31,0,2794.11,-37.8338,32.6895,-39.8972,30.1366,-39.4873,30.6718,-41.2247,28.2935,-112.973,-51.2735,16.7106,56.6029,-60.2889,-10.6905,152.025,20.4005,10,6.95271e-310,-512.735,6.68183e-310,566.029,1.4822e-323,-106.905,5.23261e-310,204.005,-37.8338,-480.045,-39.8972,596.166,-39.4873,-76.233,-41.2247,232.298,80.8582,43.0244,-56.976,-96.8732,29.5801,-9.90712,-9.36165,-50.5864,
5.42263,5.36253,5.3715,5.31563,0,200,0,4.47287,2.29304,-3.00453,-5.29302,1.58398,-0.688815,-0.421092,-2.78866,0,2674.48,0,2740.59,0,2730.73,0,2792.19,-37.9101,32.601,-39.7998,30.2651,-39.5269,30.6206,-41.1751,28.3656,-105.872,-48.8565,9.1352,52.8918,-55.3596,-9.09472,148.169,18.7944,10,6.95271e-310,-488.565,6.68183e-310,528.918,1.4822e-323,-90.9472,5.23261e-310,187.944,-37.9101,-455.964,-39.7998,559.183,-39.5269,-60.3266,-41.1751,216.31,77.7891,39.879,-52.2528,-92.0526,27.5475,-11.9794,-7.32333,-48.4985,
5.42029,5.36648,5.37004,5.31746,0,200,0,4.28025,2.09602,-2.70866,-4.99027,1.44333,-0.832043,-0.293097,-2.65767,0,2677.07,0,2736.26,0,2732.34,0,2790.17,-37.9866,32.5118,-39.6802,30.4217,-39.5716,30.5628,-41.1231,28.441,-98.0605,-46.2217,0.0194707,48.842,-49.8004,-7.1758,144.526,17.0415,10,6.95271e-310,-462.217,6.68183e-310,488.42,1.4822e-323,-71.758,5.23261e-310,170.415,-37.9866,-429.705,-39.6802,518.841,-39.5716,-41.1952,-41.1231,198.856,74.4391,36.4525,-47.1072,-86.7874,25.1013,-14.4703,-5.09733,-46.2204,
5.4171,5.37049,5.36824,5.31943,0,200,0,4.04556,1.85538,-2.36316,-4.63773,1.29257,-0.985952,-0.155515,-2.51687,0,2680.57,0,2731.84,0,2734.32,0,2788.01,-38.09,32.3906,-39.5577,30.5808,-39.6265,30.4916,-41.0671,28.5218,-88.9715,-43.0062,-9.90814,44.1218,-43.6345,-5.11552,139.834,15.1574,10,6.95271e-310,-430.062,6.68183e-310,441.218,1.4822e-323,-51.1552,5.23261e-310,151.574,-38.09,-397.672,-39.5577,471.799,-39.6265,-20.6636,-41.0671,180.096,70.3575,32.2675,-41.0984,-80.6561,22.4795,-17.147,-2.70461,-43.7717,
5.41437,5.3743,5.36664,5.32125,0,200,0,3.8324,1.63714,-2.05743,-4.32529,1.14927,-1.13205,-0.0298321,-2.3882,0,2683.58,0,2727.65,0,2736.07,0,2786.01,-38.1784,32.2864,-39.4409,30.7313,-39.6751,30.4284,-41.0151,28.5966,-80.7796,-40.0886,-19.1231,39.9409,-38.0039,-3.15889,135.738,13.4358,10,6.95271e-310,-400.886,6.68183e-310,399.409,1.4822e-323,-31.5889,5.23261e-310,134.358,-38.1784,-368.599,-39.4409,430.14,-39.6751,-1.1605,-41.0151,162.954,66.6504,28.472,-35.7815,-75.2224,19.9873,-19.6878,-0.518819,-41.5339,
5.41076,5.37934,5.36473,5.32355,0,200,0,3.54519,1.34325,-1.65332,-3.91224,0.967998,-1.31667,0.113998,-2.24058,0,2687.55,0,2722.11,0,2738.18,0,2783.48,-38.2946,32.1485,-39.2857,30.9295,-39.7333,30.3523,-40.9492,28.6909,-70.0363,-36.1587,-31.2531,34.4141,-30.9455,-0.68548,130.635,11.4622,10,6.95271e-310,-361.587,6.68183e-310,344.141,1.4822e-323,-6.8548,5.23261e-310,114.622,-38.2946,-329.439,-39.2857,375.07,-39.7333,23.4975,-40.9492,143.313,61.6555,23.3609,-28.7533,-68.039,16.8347,-22.8986,1.98258,-38.9666,
5.40725,5.38409,5.36274,5.32557,0,200,0,3.26771,1.05929,-1.27586,-3.5263,0.789268,-1.49887,0.250045,-2.10119,0,2691.41,0,2716.88,0,2740.37,0,2781.25,-38.4072,32.0138,-39.1381,31.116,-39.7937,30.2732,-40.891,28.7738,-59.8361,-32.3616,-43.0457,29.2508,-24.1999,1.75476,125.928,9.5977,10,6.95271e-310,-323.616,6.68183e-310,292.508,1.4822e-323,17.5476,5.23261e-310,95.977,-38.4072,-291.602,-39.1381,323.624,-39.7937,47.8207,-40.891,124.751,56.8297,18.4225,-22.1889,-61.327,13.7264,-26.0672,4.34861,-36.5424,
5.40362,5.38858,5.36069,5.32798,0,200,0,2.98048,0.765401,-0.91108,-3.15348,0.603044,-1.68865,0.408766,-1.93847,0,2695.4,0,2711.95,0,2742.62,0,2778.6,-38.5231,31.8743,-38.9983,31.2911,-39.8556,30.1916,-40.8215,28.8722,-49.5383,-28.4314,-54.1431,24.2625,-17.1896,4.29691,120.082,7.42167,10,6.95271e-310,-284.314,6.68183e-310,242.625,1.4822e-323,42.9691,5.23261e-310,74.2167,-38.5231,-252.44,-38.9983,273.916,-39.8556,73.1606,-40.8215,103.089,51.8344,13.3113,-15.8449,-54.8431,10.4877,-29.3679,7.10898,-33.7126,
5.40001,5.39364,5.35854,5.33026,0,200,0,2.67867,0.456984,-0.533747,-2.767,0.400084,-1.89533,0.561279,-1.78217,0,2699.37,0,2706.37,0,2744.98,0,2776.09,-38.638,31.735,-38.8391,31.4884,-39.9203,30.106,-40.7557,28.965,-38.8133,-24.3051,-66.6136,19.0953,-9.94008,7.06608,114.85,5.33126,10,6.95271e-310,-243.051,6.68183e-310,190.953,1.4822e-323,70.6608,5.23261e-310,53.3126,-38.638,-211.316,-38.8391,222.441,-39.9203,100.767,-40.7557,82.2777,46.5855,7.94755,-9.28256,-48.1217,6.95798,-32.9623,9.76137,-30.9943,
5.39614,5.39926,5.3564,5.33264,0,200,0,2.34378,0.115045,-0.125178,-2.34822,0.18385,-2.11527,0.706388,-1.63309,0,2703.63,0,2700.19,0,2747.34,0,2773.47,-38.7605,31.5852,-38.6615,31.7062,-39.9848,30.0203,-40.6865,29.0622,-27.2024,-19.7288,-80.3104,13.4979,-2.3886,10.0141,109.552,3.33892,10,6.95271e-310,-197.288,6.68183e-310,134.979,1.4822e-323,100.141,5.23261e-310,33.3892,-38.7605,-165.703,-38.6615,166.685,-39.9848,130.161,-40.6865,62.4513,40.7613,2.00079,-2.17701,-40.8386,3.1974,-36.7874,12.285,-28.4015,
5.39207,5.40427,5.35429,5.33498,0,200,0,2.0071,-0.228993,0.26793,-1.94595,-0.0191076,-2.32187,0.842167,-1.4934,0,2708.1,0,2694.68,0,2749.66,0,2770.9,-38.8885,31.4274,-38.5022,31.8995,-40.048,29.9359,-40.6185,29.1572,-15.933,-15.1256,-92.9276,8.11842,4.77147,12.7826,103.787,1.473,10,6.95271e-310,-151.256,6.68183e-310,81.1842,1.4822e-323,127.826,5.23261e-310,14.73,-38.8885,-119.829,-38.5022,113.084,-40.048,157.761,-40.6185,43.8871,34.906,-3.98249,4.65966,-33.8426,-0.332305,-40.3803,14.6464,-25.9721,
5.38798,5.40874,5.35217,5.33714,0,200,0,1.67832,-0.565158,0.63752,-1.56814,-0.211175,-2.51758,0.968723,-1.36322,0,2712.61,0,2689.76,0,2752,0,2768.53,-39.017,31.2678,-38.3593,32.0713,-40.1114,29.8509,-40.5555,29.2447,-5.21804,-10.6285,-104.641,3.06442,11.5237,15.4044,97.9723,-0.265928,10,6.95271e-310,-106.285,6.68183e-310,30.6442,1.4822e-323,154.044,5.23261e-310,-2.65928,-39.017,-75.0174,-38.3593,62.7155,-40.1114,183.894,-40.5555,26.5854,29.1882,-9.82883,11.0873,-27.2719,-3.6726,-43.784,16.8474,-23.7081,
5.38377,5.41431,5.35006,5.33974,0,200,0,1.30436,-0.946657,1.04389,-1.15148,-0.43672,-2.74674,1.10524,-1.22231,0,2717.23,0,2683.64,0,2754.32,0,2765.67,-39.1482,31.1034,-38.1803,32.2841,-40.1743,29.7662,-40.4793,29.3501,6.83346,-5.52096,-118.336,-2.50335,19.0728,18.4771,91.8699,-2.14606,10,6.95271e-310,-55.2096,6.68183e-310,-25.0335,1.4822e-323,184.771,5.23261e-310,-21.4606,-39.1482,-24.1063,-38.1803,7.25063,-40.1743,214.538,-40.4793,7.88949,22.6846,-16.4636,18.1546,-20.0257,-7.59513,-47.7694,19.2216,-21.2576,
5.37956,5.41934,5.34807,5.34208,0,200,0,0.939661,-1.31886,1.42952,-0.75648,-0.64342,-2.95684,1.21908,-1.10452,0,2721.86,0,2678.11,0,2756.5,0,2763.1,-39.2787,30.9384,-38.0173,32.4759,-40.2334,29.6862,-40.4106,29.4446,18.2451,-0.53835,-131.093,-7.78326,25.9682,21.294,86.0088,-3.7165,10,6.95271e-310,-5.3835,6.68183e-310,-77.8326,1.4822e-323,212.94,5.23261e-310,-37.165,-39.2787,25.5549,-38.0173,-45.3568,-40.2334,242.626,-40.4106,-7.72037,16.3419,-22.9367,24.8611,-13.1562,-11.1899,-51.4233,21.2015,-19.2091,
5.37526,5.4239,5.34617,5.34438,0,200,0,0.575214,-1.69094,1.80349,-0.373956,-0.837102,-3.15375,1.3208,-0.998902,0,2726.59,0,2673.08,0,2758.59,0,2760.57,-39.4114,30.7691,-37.8687,32.6491,-40.2896,29.61,-40.3427,29.5375,29.3173,4.44213,-142.95,-12.8987,32.4807,23.9339,79.8697,-5.12309,10,6.95271e-310,44.4213,6.68183e-310,-128.987,1.4822e-323,239.339,5.23261e-310,-51.2309,-39.4114,75.1904,-37.8687,-96.3383,-40.2896,268.949,-40.3427,-21.6934,10.0037,-29.4077,31.3651,-6.50358,-14.5583,-54.8479,22.9705,-17.3722,
5.37098,5.42945,5.34417,5.34664,0,200,0,0.182148,-2.09156,2.19414,0.0271421,-1.0599,-3.37995,1.42076,-0.895093,0,2731.3,0,2666.98,0,2760.79,0,2758.07,-39.5427,30.6002,-37.6869,32.8587,-40.3487,29.5293,-40.2757,29.6288,41.2014,9.80774,-156.917,-18.2554,39.4558,26.9678,74.3963,-6.50543,10,6.95271e-310,98.0774,6.68183e-310,-182.554,1.4822e-323,269.678,5.23261e-310,-65.0543,-39.5427,128.678,-37.6869,-149.695,-40.3487,299.207,-40.2757,-35.4255,3.16779,-36.3749,38.1589,0.472036,-18.433,-58.7818,24.7089,-15.5668,
5.36686,5.43444,5.34266,5.34879,0,200,0,-0.196958,-2.4779,2.56784,0.410291,-1.2475,-3.57012,1.48364,-0.828553,0,2735.83,0,2661.5,0,2762.45,0,2755.71,-39.6685,30.437,-37.5226,33.0462,-40.3933,29.4683,-40.2121,29.7151,52.2739,14.9825,-169.389,-23.3746,45.4054,29.5198,69.1882,-7.38624,10,6.95271e-310,149.825,6.68183e-310,-233.746,1.4822e-323,295.198,5.23261e-310,-73.8624,-39.6685,180.262,-37.5226,-200.7,-40.3933,324.666,-40.2121,-44.1472,-3.42535,-43.0939,44.6581,7.13549,-21.6957,-62.089,25.8025,-14.4096,
5.3627,5.43887,5.34088,5.35085,0,200,0,-0.56455,-2.85275,2.9111,0.761996,-1.43871,-3.76435,1.56193,-0.746736,0,2740.41,0,2656.62,0,2764.41,0,2753.45,-39.7947,30.2717,-37.3757,33.2123,-40.4458,29.3962,-40.1507,29.798,62.8381,20.0024,-181.055,-28.0747,51.3997,32.1244,63.5721,-8.47351,10,6.95271e-310,200.024,6.68183e-310,-280.747,1.4822e-323,321.244,5.23261e-310,-84.7351,-39.7947,230.296,-37.3757,-247.535,-40.4458,350.641,-40.1507,-54.9371,-9.81826,-49.613,50.6278,13.2521,-25.021,-65.4669,27.164,-12.9867,
5.35879,5.44418,5.33958,5.3528,0,200,0,-0.950689,-3.24567,3.27263,1.13369,-1.62564,-3.95346,1.59958,-0.70574,0,2744.71,0,2650.78,0,2765.84,0,2751.3,-39.9127,30.116,-37.1989,33.4102,-40.4839,29.3438,-40.0924,29.8763,73.7653,25.2682,-194.063,-33.0358,56.9365,34.6639,59.2366,-9.0113,10,6.95271e-310,252.682,6.68183e-310,-330.358,1.4822e-323,346.639,5.23261e-310,-90.113,-39.9127,282.798,-37.1989,-296.947,-40.4839,375.983,-40.0924,-60.2367,-16.5337,-56.4464,56.9152,19.7163,-28.2719,-68.7558,27.8187,-12.2737,
5.355,5.4488,5.33812,5.35467,0,200,0,-1.31352,-3.61506,3.59488,1.46483,-1.80843,-4.13872,1.65052,-0.651582,0,2748.89,0,2645.7,0,2767.45,0,2749.24,-40.0268,29.9642,-37.0443,33.5815,-40.5267,29.2846,-40.0365,29.9512,83.8656,30.218,-205.791,-37.4561,62.3214,37.1501,54.5762,-9.72708,10,6.95271e-310,302.18,6.68183e-310,-374.561,1.4822e-323,371.501,5.23261e-310,-97.2708,-40.0268,332.144,-37.0443,-340.98,-40.5267,400.786,-40.0365,-67.3196,-22.8438,-62.8707,62.5196,25.4752,-31.4509,-71.9777,28.7047,-11.3319,
5.35114,5.45343,5.33696,5.35645,0,200,0,-1.68654,-3.99472,3.92744,1.80637,-1.9751,-4.30734,1.67058,-0.628464,0,2753.13,0,2640.6,0,2768.73,0,2747.29,-40.1422,29.8095,-36.8882,33.7529,-40.5607,29.2374,-39.9833,30.0222,93.99,35.3058,-217.48,-42.0162,67.2045,39.4145,50.253,-10.0252,10,6.95271e-310,353.058,6.68183e-310,-420.162,1.4822e-323,394.145,5.23261e-310,-100.252,-40.1422,382.868,-36.8882,-386.409,-40.5607,423.382,-39.9833,-70.2294,-29.3312,-69.4734,68.3033,31.4151,-34.3496,-74.9103,29.0535,-10.9298,
5.34813,5.45771,5.336,5.35806,0,200,0,-2.0039,-4.31722,4.19526,2.08252,-2.13002,-4.46387,1.69676,-0.59949,0,2756.44,0,2635.9,0,2769.78,0,2745.51,-40.2316,29.6886,-36.7434,33.9105,-40.5887,29.1985,-39.9347,30.0869,102.574,39.6299,-227.818,-45.6978,71.4985,41.5172,46.7828,-10.4033,10,6.95271e-310,396.299,6.68183e-310,-456.978,1.4822e-323,415.172,5.23261e-310,-104.033,-40.2316,425.988,-36.7434,-423.068,-40.5887,444.371,-39.9347,-73.9462,-34.8504,-75.082,72.9611,36.2177,-37.0438,-77.6325,29.5088,-10.4259,
5.34468,5.46182,5.33501,5.35957,0,200,0,-2.34323,-4.66243,4.48323,2.37852,-2.27775,-4.61327,1.7048,-0.588833,0,2760.24,0,2631.38,0,2770.87,0,2743.85,-40.3339,29.5496,-36.6037,34.0612,-40.6178,29.1581,-39.8892,30.1471,111.52,44.2571,-238.249,-49.6483,75.6721,43.5237,43.0519,-10.5353,10,6.95271e-310,442.571,6.68183e-310,-496.483,1.4822e-323,435.237,5.23261e-310,-105.353,-40.3339,472.121,-36.6037,-462.422,-40.6178,464.395,-39.8892,-75.2063,-40.7519,-81.0857,77.9693,41.3655,-39.6131,-80.2309,29.6487,-10.2406,
5.34209,5.46575,5.33436,5.36095,0,200,0,-2.6313,-4.95489,4.71783,2.62083,-2.4095,-4.7461,1.71024,-0.581004,0,2763.08,0,2627.05,0,2771.59,0,2742.33,-40.4102,29.4451,-36.4696,34.2048,-40.6366,29.1318,-39.8476,30.2021,119.088,48.1798,-247.553,-52.8767,79.1627,45.3093,40.3474,-10.6303,10,6.95271e-310,481.798,6.68183e-310,-528.767,1.4822e-323,453.093,5.23261e-310,-106.303,-40.4102,511.244,-36.4696,-494.562,-40.6366,482.225,-39.8476,-76.1004,-45.7618,-86.172,82.0492,45.5796,-41.9043,-82.5409,29.7432,-10.1044,
5.33919,5.46942,5.33374,5.36229,0,200,0,-2.93199,-5.26048,4.96518,2.8754,-2.53121,-4.86886,1.70171,-0.587192,0,2766.27,0,2623.02,0,2772.27,0,2740.86,-40.4955,29.3278,-36.3439,34.3383,-40.6548,29.1065,-39.8071,30.2555,126.797,52.2773,-256.564,-56.2725,82.4864,46.9594,37.312,-10.5365,10,6.95271e-310,522.773,6.68183e-310,-562.725,1.4822e-323,469.594,5.23261e-310,-105.365,-40.4955,552.101,-36.3439,-528.387,-40.6548,498.7,-39.8071,-75.1091,-50.9911,-91.4866,86.3509,50.007,-44.021,-84.6758,29.595,-10.212,
5.33709,5.47279,5.33333,5.36329,0,200,0,-3.17415,-5.50617,5.15736,3.07424,-2.63455,-4.97288,1.68954,-0.597638,0,2768.58,0,2619.31,0,2772.72,0,2739.76,-40.5569,29.2428,-36.228,34.4605,-40.6666,29.0899,-39.777,30.2951,133.009,55.5736,-264.487,-58.9199,85.0817,48.3585,35.5525,-10.388,10,6.95271e-310,555.736,6.68183e-310,-589.199,1.4822e-323,483.585,5.23261e-310,-103.88,-40.5569,584.978,-36.228,-554.738,-40.6666,512.675,-39.777,-73.5845,-55.2026,-95.7595,89.6931,53.4651,-45.8182,-86.4849,29.3833,-10.3937,
5.33498,5.47584,5.33308,5.36433,0,200,0,-3.41159,-5.74715,5.34814,3.2711,-2.72397,-5.06272,1.66875,-0.616605,0,2770.9,0,2615.95,0,2773,0,2738.62,-40.6185,29.1572,-36.1226,34.5711,-40.674,29.0797,-39.7454,30.3366,138.97,58.8062,-271.649,-61.5433,87.3965,49.5676,33.5738,-10.1242,10,6.95271e-310,588.062,6.68183e-310,-615.433,1.4822e-323,495.676,5.23261e-310,-101.242,-40.6185,617.219,-36.1226,-580.862,-40.674,524.756,-39.7454,-70.9056,-59.3319,-99.9504,93.0112,56.8886,-47.3734,-88.0474,29.0218,-10.7236,
5.33298,5.47829,5.33299,5.36523,0,200,0,-3.62387,-5.96278,5.52507,3.45289,-2.78812,-5.12701,1.63509,-0.648695,0,2773.1,0,2613.26,0,2773.09,0,2737.63,-40.6767,29.0758,-36.0379,34.6593,-40.6764,29.0763,-39.7181,30.3723,144.167,61.6981,-277.484,-63.9696,89.1503,50.4334,31.6838,-9.6847,10,6.95271e-310,616.981,6.68183e-310,-639.696,1.4822e-323,504.334,5.23261e-310,-96.847,-40.6767,646.057,-36.0379,-605.037,-40.6764,533.41,-39.7181,-66.4747,-63.0238,-103.701,96.0882,60.0503,-48.489,-89.1654,28.4364,-11.2817,
5.33157,5.48087,5.3331,5.36602,0,200,0,-3.80608,-6.14735,5.67126,3.60422,-2.84787,-5.18658,1.60228,-0.680127,0,2774.66,0,2610.43,0,2772.97,0,2736.76,-40.7178,29.0183,-35.9485,34.752,-40.6733,29.0807,-39.694,30.4037,148.657,64.1756,-283.094,-65.9839,90.5776,51.2371,30.6739,-9.25488,10,6.95271e-310,641.756,6.68183e-310,-659.839,1.4822e-323,512.371,5.23261e-310,-92.5488,-40.7178,670.775,-35.9485,-625.087,-40.6733,541.452,-39.694,-62.1451,-66.1926,-106.91,98.6306,62.6821,-49.5281,-90.2014,27.8657,-11.8283,
5.3305,5.48295,5.33344,5.36681,0,200,0,-3.95478,-6.29784,5.79381,3.73094,-2.8871,-5.22525,1.56733,-0.713698,0,2775.83,0,2608.13,0,2772.6,0,2735.89,-40.7487,28.9748,-35.876,34.8269,-40.6635,29.0943,-39.67,30.4351,152.249,66.1963,-287.296,-67.6712,91.5321,51.7608,29.7584,-8.79622,10,6.95271e-310,661.963,6.68183e-310,-676.712,1.4822e-323,517.608,5.23261e-310,-87.9622,-40.7487,690.937,-35.876,-641.886,-40.6635,546.702,-39.67,-57.5271,-68.7788,-109.528,100.762,64.886,-50.2105,-90.874,27.2578,-12.4121,
5.32953,5.48445,5.33403,5.36737,0,200,0,-4.07772,-6.42239,5.91002,3.85015,-2.8933,-5.23045,1.50843,-0.771607,0,2776.9,0,2606.49,0,2771.94,0,2735.27,-40.7768,28.9352,-35.8238,34.8806,-40.6461,29.1187,-39.6528,30.4574,155.081,67.8681,-290.218,-69.2631,91.7469,51.8352,29.1793,-8.01129,10,6.95271e-310,678.681,6.68183e-310,-692.631,1.4822e-323,518.352,5.23261e-310,-80.1129,-40.7768,707.616,-35.8238,-657.75,-40.6461,547.47,-39.6528,-49.6555,-70.9168,-111.694,102.783,66.9591,-50.3183,-90.9644,26.2336,-13.4193,
5.32898,5.48598,5.33486,5.368,0,200,0,-4.18011,-6.5257,6.00799,3.9512,-2.89304,-5.2288,1.45061,-0.828331,0,2777.5,0,2604.8,0,2771.03,0,2734.58,-40.7928,28.9128,-35.7702,34.9355,-40.622,29.1523,-39.6338,30.4821,157.422,69.2566,-292.698,-70.6098,91.7155,51.8189,28.9662,-7.24186,10,6.95271e-310,692.566,6.68183e-310,-706.098,1.4822e-323,518.189,5.23261e-310,-72.4186,-40.7928,721.478,-35.7702,-671.163,-40.622,547.342,-39.6338,-41.9365,-72.6976,-113.49,104.487,68.7165,-50.3138,-90.9357,25.2281,-14.4058,
5.32857,5.48703,5.33634,5.36842,0,200,0,-4.2606,-6.60686,6.11479,4.0601,-2.84132,-5.17461,1.34347,-0.93474,0,2777.95,0,2603.65,0,2769.41,0,2734.12,-40.8046,28.8961,-35.7338,34.9728,-40.5789,29.2121,-39.621,30.4987,159.027,70.3476,-293.767,-72.0672,90.4981,51.0992,29.3814,-5.80436,10,6.95271e-310,703.476,6.68183e-310,-720.672,1.4822e-323,510.992,5.23261e-310,-58.0436,-40.8046,732.372,-35.7338,-685.699,-40.5789,540.204,-39.621,-27.5448,-74.0974,-114.902,106.344,70.6104,-49.4143,-89.9932,23.3647,-16.2564,
5.32841,5.48782,5.33788,5.36882,0,200,0,-4.31837,-6.66489,6.20343,4.15033,-2.78175,-5.11244,1.24069,-1.03681,0,2778.12,0,2602.78,0,2767.71,0,2733.67,-40.8091,28.8898,-35.7061,35.0011,-40.5337,29.2748,-39.6086,30.5149,160.076,71.1286,-294.101,-73.2755,89.0896,50.2725,29.9016,-4.42543,10,6.95271e-310,711.286,6.68183e-310,-732.755,1.4822e-323,502.725,5.23261e-310,-44.2543,-40.8091,740.176,-35.7061,-697.754,-40.5337,532,-39.6086,-13.7394,-75.1021,-115.911,107.886,72.1797,-48.3783,-88.912,21.5771,-18.0315,
5.32856,5.4883,5.34001,5.36918,0,200,0,-4.35296,-6.69924,6.2913,4.23917,-2.68362,-5.01071,1.10497,-1.17189,0,2777.97,0,2602.25,0,2765.36,0,2733.28,-40.8049,28.8956,-35.6893,35.0182,-40.4712,29.3612,-39.5976,30.5291,160.423,71.5926,-293.203,-74.468,86.7653,48.917,30.9234,-2.60196,10,6.95271e-310,715.926,6.68183e-310,-744.68,1.4822e-323,489.17,5.23261e-310,-26.0196,-40.8049,744.822,-35.6893,-709.662,-40.4712,518.531,-39.5976,4.50951,-75.7036,-116.509,109.414,73.7247,-46.6716,-87.1428,19.217,-20.3807,
5.32901,5.48856,5.34227,5.3694,0,200,0,-4.36033,-6.70585,6.35931,4.3077,-2.5732,-4.89648,0.965966,-1.31052,0,2777.47,0,2601.96,0,2762.89,0,2733.04,-40.7918,28.9142,-35.6801,35.0276,-40.4049,29.4523,-39.591,30.5377,160.105,71.685,-291.656,-75.3891,84.0821,47.3939,32.4198,-0.73178,10,6.95271e-310,716.85,6.68183e-310,-753.891,1.4822e-323,473.939,5.23261e-310,-7.3178,-40.7918,745.765,-35.6801,-718.864,-40.4049,503.391,-39.591,23.2199,-75.8318,-116.624,110.597,74.9166,-44.7512,-85.1562,16.7994,-22.7916,
5.32992,5.48854,5.34484,5.36957,0,200,0,-4.33339,-6.6774,6.40511,4.35346,-2.44125,-4.76016,0.818604,-1.45759,0,2776.46,0,2601.99,0,2760.05,0,2732.86,-40.7654,28.9514,-35.6809,35.0267,-40.3289,29.5564,-39.5859,30.5443,158.913,71.308,-288.997,-76.006,80.8301,45.5756,34.3864,1.25176,10,6.95271e-310,713.08,6.68183e-310,-760.06,1.4822e-323,455.756,5.23261e-310,12.5176,-40.7654,742.032,-35.6809,-725.034,-40.3289,485.312,-39.5859,43.0619,-75.3633,-116.129,111.393,75.7123,-42.4565,-82.7854,14.2366,-25.3493,
5.3314,5.48821,5.34772,5.36964,0,200,0,-4.26429,-6.60584,6.41978,4.36748,-2.289,-4.60302,0.666274,-1.60979,0,2774.84,0,2602.35,0,2756.89,0,2732.78,-40.7227,29.0114,-35.6922,35.0152,-40.2437,29.6722,-39.5837,30.5471,156.675,70.3541,-285.172,-76.1983,76.9933,43.479,36.9777,3.30378,10,6.95271e-310,703.541,6.68183e-310,-761.983,1.4822e-323,434.79,5.23261e-310,33.0378,-40.7227,732.553,-35.6922,-726.967,-40.2437,464.462,-39.5837,63.5849,-74.1616,-114.884,111.648,75.9561,-39.8087,-80.0525,11.5874,-27.9964,
5.3334,5.48753,5.3505,5.36966,0,200,0,-4.15048,-6.48869,6.38814,4.33446,-2.13817,-4.44743,0.538705,-1.73732,0,2772.64,0,2603.1,0,2753.83,0,2732.75,-40.6645,29.0929,-35.7162,34.9908,-40.1611,29.784,-39.583,30.5481,153.416,68.7895,-280.331,-75.7601,73.1093,41.4028,39.7785,5.0228,10,6.95271e-310,687.895,6.68183e-310,-757.601,1.4822e-323,414.028,5.23261e-310,50.228,-40.6645,716.988,-35.7162,-722.61,-40.1611,443.812,-39.583,80.7761,-72.1823,-112.847,111.098,75.3819,-37.1856,-77.3467,9.36878,-30.2142,
5.33557,5.48621,5.35417,5.3696,0,200,0,-4.01507,-6.34965,6.36835,4.31202,-1.92401,-4.22698,0.350472,-1.92566,0,2770.25,0,2604.55,0,2749.79,0,2732.82,-40.6013,29.181,-35.7623,34.9437,-40.0516,29.9311,-39.5848,30.5457,149.31,66.9311,-273.525,-75.4708,67.7787,38.4592,43.0218,7.5608,10,6.95271e-310,669.311,6.68183e-310,-754.708,1.4822e-323,384.592,5.23261e-310,75.608,-40.6013,698.492,-35.7623,-719.764,-40.0516,414.523,-39.5848,106.154,-69.8273,-110.429,110.754,74.9917,-33.461,-73.5126,6.09516,-33.4897,
5.33864,5.48434,5.35774,5.3695,0,200,0,-3.80774,-6.13716,6.2717,4.21162,-1.71158,-4.00839,0.200451,-2.07587,0,2766.88,0,2606.6,0,2745.87,0,2732.93,-40.5116,29.3054,-35.8275,34.8768,-39.9445,30.0739,-39.5881,30.5415,143.528,64.0895,-265.046,-74.1361,62.3241,35.5402,46.6292,9.58452,10,6.95271e-310,640.895,6.68183e-310,-741.361,1.4822e-323,355.402,5.23261e-310,95.8452,-40.5116,670.2,-35.8275,-706.484,-39.9445,385.476,-39.5881,126.387,-66.2216,-106.733,109.073,73.2455,-29.7666,-69.7111,3.4861,-36.102,
5.34176,5.48208,5.36153,5.36935,0,200,0,-3.58834,-5.91248,6.16845,4.10383,-1.47974,-3.76998,0.035573,-2.241,0,2763.44,0,2609.1,0,2741.7,0,2733.09,-40.4198,29.432,-35.9064,34.7955,-39.8303,30.225,-39.5925,30.5358,137.288,61.084,-255.607,-72.7058,56.412,32.356,50.2222,11.8091,10,6.95271e-310,610.84,6.68183e-310,-727.058,1.4822e-323,323.56,5.23261e-310,118.091,-40.4198,640.272,-35.9064,-692.263,-39.8303,353.785,-39.5925,148.626,-62.4059,-102.826,107.277,71.371,-25.7346,-65.5649,0.618661,-38.9739,
5.34524,5.47934,5.36539,5.3692,0,200,0,-3.33689,-5.65513,6.03082,3.96074,-1.2387,-3.52222,-0.122174,-2.39902,0,2759.62,0,2612.1,0,2737.46,0,2733.26,-40.3172,29.5723,-36.0014,34.6973,-39.7133,30.3785,-39.5973,30.5296,130.164,57.6411,-244.934,-70.8042,50.2169,29.0466,53.8319,13.9377,10,6.95271e-310,576.411,6.68183e-310,-708.042,1.4822e-323,290.466,5.23261e-310,139.377,-40.3172,605.983,-36.0014,-673.345,-39.7133,320.845,-39.5973,169.906,-58.0328,-98.35,104.884,68.8825,-21.5427,-61.256,-2.12476,-41.722,
5.34887,5.47629,5.36941,5.36904,0,200,0,-3.07141,-5.38346,5.87703,3.80086,-0.985255,-3.26172,-0.286805,-2.56392,0,2755.62,0,2615.46,0,2733.03,0,2733.43,-40.2096,29.7185,-36.1072,34.5871,-39.5907,30.5381,-39.602,30.5234,122.536,54.0067,-233.388,-68.6792,43.6709,25.5671,57.4342,16.1591,10,6.95271e-310,540.067,6.68183e-310,-686.792,1.4822e-323,255.671,5.23261e-310,161.591,-40.2096,569.785,-36.1072,-652.205,-39.5907,286.209,-39.602,192.114,-53.4159,-93.6254,102.209,66.1019,-17.1349,-56.7256,-4.98791,-44.5899,
5.35287,5.47249,5.37348,5.36885,0,200,0,-2.7651,-5.07029,5.67648,3.59277,-0.719349,-2.98866,-0.441334,-2.71879,0,2751.22,0,2619.64,0,2728.56,0,2733.65,-40.0903,29.8792,-36.2384,34.4497,-39.4663,30.6987,-39.6079,30.5158,113.73,49.8158,-220.081,-65.9117,36.7592,21.9189,60.9125,18.2449,10,6.95271e-310,498.158,6.68183e-310,-659.117,1.4822e-323,219.189,5.23261e-310,182.449,-40.0903,528.037,-36.2384,-624.667,-39.4663,249.888,-39.6079,212.965,-48.0886,-88.1789,98.7214,62.483,-12.5104,-51.9767,-7.67537,-47.2833,
5.35718,5.4691,5.37754,5.36869,0,200,0,-2.45843,-4.75621,5.45737,3.36696,-0.469367,-2.73149,-0.587459,-2.86519,0,2746.49,0,2623.37,0,2724.09,0,2733.82,-39.9614,30.0514,-36.355,34.3266,-39.3412,30.8588,-39.6126,30.5097,104.905,45.6152,-207.376,-62.9009,29.9878,18.4851,64.7805,20.2169,10,6.95271e-310,456.152,6.68183e-310,-629.009,1.4822e-323,184.851,5.23261e-310,202.169,-39.9614,486.204,-36.355,-594.683,-39.3412,215.71,-39.6126,232.678,-42.7553,-82.7167,94.9107,58.5557,-8.1629,-47.5042,-10.2167,-49.8293,
5.36177,5.46459,5.38167,5.36857,0,200,0,-2.10871,-4.39853,5.18618,3.08689,-0.19888,-2.45365,-0.724386,-3.00232,0,2741.44,0,2628.33,0,2719.54,0,2733.95,-39.823,30.2345,-36.5093,34.1624,-39.2133,31.0212,-39.6163,30.5049,94.7035,40.8297,-192.15,-59.1695,22.7251,14.7736,68.083,22.0643,10,6.95271e-310,408.297,6.68183e-310,-591.695,1.4822e-323,147.736,5.23261e-310,220.643,-39.823,438.532,-36.5093,-557.533,-39.2133,178.757,-39.6163,251.148,-36.6732,-76.4962,90.1944,53.6851,-3.45879,-42.6721,-12.598,-52.2143,
5.3666,5.46083,5.38567,5.36851,0,200,0,-1.77146,-4.05286,4.90324,2.79658,0.0411791,-2.20643,-0.846088,-3.12413,0,2736.12,0,2632.47,0,2715.14,0,2734.01,-39.6765,30.4265,-36.6376,34.0248,-39.0888,31.1779,-39.6181,30.5025,84.8741,36.2082,-178.334,-55.2925,15.9177,11.4741,71.8157,23.7056,10,6.95271e-310,362.082,6.68183e-310,-552.925,1.4822e-323,114.741,5.23261e-310,237.056,-39.6765,392.508,-36.6376,-518.9,-39.0888,145.919,-39.6181,267.558,-30.808,-70.4845,85.2737,48.6361,0.716159,-38.3727,-14.7146,-54.3327,
5.37169,5.45635,5.38958,5.36849,0,200,0,-1.4037,-3.67616,4.57051,2.4551,0.283704,-1.95688,-0.949244,-3.22733,0,2730.52,0,2637.4,0,2710.84,0,2734.04,-39.5211,30.6282,-36.7897,33.8602,-38.9667,31.3304,-39.6189,30.5016,74.0552,31.1711,-162.945,-50.7326,8.97047,8.14274,75.113,25.0963,10,6.95271e-310,311.711,6.68183e-310,-507.326,1.4822e-323,81.4274,5.23261e-310,250.963,-39.5211,342.339,-36.7897,-473.466,-38.9667,112.758,-39.6189,281.465,-24.4122,-63.9333,79.4872,42.6975,4.93397,-34.0328,-16.5086,-56.1274,
5.37684,5.45099,5.39346,5.36855,0,200,0,-1.0161,-3.27945,4.19716,2.07135,0.536387,-1.69719,-1.04284,-3.32082,0,2724.85,0,2643.29,0,2706.57,0,2733.98,-39.3627,30.8315,-36.9706,33.6627,-38.8448,31.4815,-39.617,30.504,62.3898,25.8651,-145.726,-45.6106,1.76361,4.67465,77.6553,26.3569,10,6.95271e-310,258.651,6.68183e-310,-456.106,1.4822e-323,46.7465,5.23261e-310,263.569,-39.3627,289.483,-36.9706,-422.443,-38.8448,78.2279,-39.617,294.073,-17.6713,-57.034,72.9941,36.0235,9.32848,-29.5163,-18.1363,-57.7534,
5.38213,5.44641,5.39719,5.36869,0,200,0,-0.648395,-2.90235,3.82039,1.68575,0.757377,-1.46944,-1.12232,-3.40005,0,2719.04,0,2648.33,0,2702.47,0,2733.82,-39.1992,31.0391,-37.1243,33.4931,-38.7272,31.626,-39.6126,30.5097,51.2811,20.825,-130.083,-40.4559,-4.91089,1.63606,80.5082,27.4259,10,6.95271e-310,208.25,6.68183e-310,-404.559,1.4822e-323,16.3606,5.23261e-310,274.259,-39.1992,239.289,-37.1243,-371.066,-38.7272,47.9866,-39.6126,304.768,-11.2764,-50.4756,66.4416,29.3173,13.1718,-25.5554,-19.5186,-59.1312,
5.38742,5.44053,5.40091,5.36891,0,200,0,-0.253628,-2.4981,3.39006,1.24411,0.998021,-1.22202,-1.19341,-3.47075,0,2713.21,0,2654.8,0,2698.38,0,2733.58,-39.0342,31.2463,-37.3208,33.274,-38.6094,31.7697,-39.6061,30.5182,38.989,15.4196,-111.774,-34.5577,-12.0536,-1.6674,82.3114,28.3806,10,6.95271e-310,154.196,6.68183e-310,-345.577,1.4822e-323,-16.674,5.23261e-310,283.806,-39.0342,185.442,-37.3208,-312.303,-38.6094,15.0956,-39.6061,314.324,-4.41093,-43.4452,58.9575,21.6368,17.3569,-21.2525,-20.7549,-60.3609,
5.39279,5.43565,5.40443,5.36921,0,200,0,0.112928,-2.12186,2.9679,0.812649,1.20168,-1.01191,-1.25068,-3.52751,0,2707.31,0,2660.17,0,2694.51,0,2733.25,-38.8659,31.4554,-37.4826,33.0916,-38.4972,31.9055,-39.5969,30.5301,27.541,10.3929,-95.5751,-28.7868,-18.5173,-4.46941,84.5131,29.1478,10,6.95271e-310,103.929,6.68183e-310,-287.868,1.4822e-323,-44.6941,5.23261e-310,291.478,-38.8659,135.385,-37.4826,-254.776,-38.4972,-12.7886,-39.5969,322.008,1.96397,-36.9019,51.6156,14.133,20.8988,-17.5985,-21.751,-61.3479,
5.39811,5.43011,5.40792,5.36962,0,200,0,0.485074,-1.74006,2.51363,0.347874,1.41044,-0.796743,-1.3006,-3.5767,0,2701.45,0,2666.26,0,2690.67,0,2732.8,-38.698,31.6617,-37.6652,32.8836,-38.3858,32.0396,-39.5845,30.5462,15.5931,5.29134,-78.0618,-22.5724,-25.1398,-7.33973,85.9585,29.8142,10,6.95271e-310,52.9134,6.68183e-310,-225.724,1.4822e-323,-73.3973,5.23261e-310,298.142,-38.698,84.5751,-37.6652,-192.84,-38.3858,-41.3577,-39.5845,328.688,8.43608,-30.2619,43.7152,6.04999,24.5294,-13.8564,-22.6191,-62.2035,
5.40344,5.42384,5.41135,5.37014,0,200,0,0.866062,-1.34935,2.01728,-0.160276,1.62301,-0.577846,-1.33897,-3.61415,0,2695.6,0,2673.15,0,2686.9,0,2732.22,-38.529,31.8672,-37.8706,32.6469,-38.2757,32.1709,-39.5684,30.5671,3.0213,0.0702423,-59.0658,-15.7793,-31.9252,-10.2606,86.5919,30.323,10,6.95271e-310,0.702423,6.68183e-310,-157.793,1.4822e-323,-102.606,5.23261e-310,303.23,-38.529,32.5696,-37.8706,-125.146,-38.2757,-70.4349,-39.5684,333.798,15.062,-23.467,35.0832,-2.78741,28.2262,-10.0495,-23.2865,-62.8548,
5.40883,5.41849,5.41459,5.37083,0,200,0,1.22132,-0.984179,1.52974,-0.657847,1.80068,-0.394154,-1.36041,-3.63439,0,2689.67,0,2679.04,0,2683.33,0,2731.47,-38.3566,32.0745,-38.045,32.4435,-38.171,32.2951,-39.5475,30.5941,-8.7542,-4.80559,-41.9338,-9.12014,-38.0032,-12.7083,87.4277,30.6012,10,6.95271e-310,-48.0559,6.68183e-310,-91.2014,1.4822e-323,-127.083,5.23261e-310,306.012,-38.3566,-15.9814,-38.045,-58.7579,-38.171,-94.7876,-39.5475,336.606,21.2404,-17.1162,26.6041,-11.4408,31.3162,-6.85486,-23.6593,-63.2068,
5.41426,5.41268,5.41765,5.37167,0,200,0,1.58175,-0.613703,1.00278,-1.19561,1.96906,-0.220091,-1.35887,-3.63138,0,2683.7,0,2685.44,0,2679.97,0,2730.55,-38.1819,32.2823,-38.2329,32.2218,-38.0722,32.4116,-39.5218,30.6273,-20.9285,-9.75206,-23.9291,-1.92267,-43.9229,-15.0277,87.5102,30.5672,10,6.95271e-310,-97.5206,6.68183e-310,-19.2267,1.4822e-323,-150.277,5.23261e-310,305.672,-38.1819,-65.2383,-38.2329,12.9952,-38.0722,-117.865,-39.5218,336.3,27.5088,-10.6731,17.4396,-20.7932,34.2445,-3.82766,-23.6326,-63.1544,
5.41966,5.40646,5.42064,5.37255,0,200,0,1.94222,-0.24317,0.445028,-1.76484,2.13665,-0.0469022,-1.3517,-3.62264,0,2677.75,0,2692.28,0,2676.67,0,2729.57,-38.0068,32.4882,-38.4326,31.9834,-37.9749,32.5255,-39.4946,30.6623,-33.4348,-14.699,-5.17463,5.69607,-49.9462,-17.3357,87.1253,30.4565,10,6.95271e-310,-146.99,6.68183e-310,56.9607,1.4822e-323,-173.357,5.23261e-310,304.565,-38.0068,-114.501,-38.4326,88.9441,-37.9749,-140.831,-39.4946,335.228,33.7778,-4.22904,7.73962,-30.6929,37.1592,-0.81569,-23.5079,-63.0025,
5.42512,5.40127,5.42334,5.37381,0,200,0,2.27359,0.098413,-0.0961333,-2.31552,2.2587,0.0801973,-1.30909,-3.57781,0,2671.75,0,2697.99,0,2673.7,0,2728.19,-37.8291,32.6949,-38.598,31.7836,-37.887,32.6278,-39.456,30.712,-44.8924,-19.2547,11.5178,13.0741,-54.8249,-19.0249,86.5071,29.8622,10,6.95271e-310,-192.547,6.68183e-310,130.741,1.4822e-323,-190.249,5.23261e-310,298.622,-37.8291,-159.852,-38.598,162.524,-37.887,-157.621,-39.456,329.334,39.5406,1.71153,-1.67188,-40.2699,39.2818,1.39474,-22.7667,-62.2227,
5.4305,5.39487,5.42603,5.37514,0,200,0,2.61832,0.453297,-0.698485,-2.92952,2.39669,0.223228,-1.26109,-3.52746,0,2665.83,0,2705.03,0,2670.75,0,2726.73,-37.6526,32.898,-38.8006,31.5359,-37.7993,32.7294,-39.4151,30.7644,-57.3388,-23.9898,30.6017,21.296,-60.208,-20.9289,84.8136,29.1942,10,6.95271e-310,-239.898,6.68183e-310,212.96,1.4822e-323,-209.289,5.23261e-310,291.942,-37.6526,-207,-38.8006,244.496,-37.7993,-176.56,-39.4151,322.706,45.5361,7.88342,-12.1476,-50.9482,41.6815,3.88223,-21.932,-61.3471,
5.43579,5.38963,5.42841,5.37663,0,200,0,2.92973,0.774754,-1.26456,-3.50506,2.49412,0.325156,-1.1929,-3.45663,0,2660.01,0,2710.79,0,2668.13,0,2725.09,-37.4778,33.097,-38.9652,31.3323,-37.7212,32.8194,-39.3693,30.823,-68.5427,-28.2747,47.1238,29.0098,-64.5622,-22.2814,83.3307,28.2515,10,6.95271e-310,-282.747,6.68183e-310,290.098,1.4822e-323,-222.814,5.23261e-310,282.515,-37.4778,-249.65,-38.9652,321.431,-37.7212,-189.995,-39.3693,313.338,50.9518,13.474,-21.9923,-60.9575,43.376,5.65489,-20.746,-60.1153,
5.4411,5.38311,5.43066,5.37827,0,200,0,3.25917,1.11433,-1.909,-4.1612,2.59919,0.434484,-1.1038,-3.36462,0,2654.17,0,2717.96,0,2665.65,0,2723.28,-37.3016,33.2955,-39.1687,31.0776,-37.6471,32.9043,-39.3187,30.8876,-80.8708,-32.8031,66.2004,37.8001,-69.2388,-23.7348,80.5356,27.0245,10,6.95271e-310,-328.031,6.68183e-310,378.001,1.4822e-323,-237.348,5.23261e-310,270.245,-37.3016,-294.735,-39.1687,409.079,-37.6471,-204.443,-39.3187,301.133,56.6812,19.3796,-33.2,-72.3687,45.2034,7.55624,-19.1965,-58.5152,
5.44614,5.37738,5.43263,5.37999,0,200,0,3.55554,1.42036,-2.51672,-4.77912,2.67582,0.514838,-1.0027,-3.26045,0,2648.63,0,2724.26,0,2663.49,0,2721.39,-37.1335,33.4828,-39.3461,30.8527,-37.5824,32.9783,-39.2653,30.9554,-92.0712,-36.8815,83.3108,46.0824,-73.1239,-24.8001,77.7193,25.6344,10,6.95271e-310,-368.815,6.68183e-310,460.824,1.4822e-323,-248.001,5.23261e-310,256.344,-37.1335,-335.332,-39.3461,491.677,-37.5824,-215.023,-39.2653,287.299,61.8354,24.7019,-43.7691,-83.1152,46.5361,8.9537,-17.4382,-56.7035,
5.4511,5.37243,5.43445,5.38185,0,200,0,3.82808,1.70248,-3.0954,-5.36655,2.72824,0.570715,-0.892076,-3.14652,0,2643.17,0,2729.7,0,2661.48,0,2719.34,-36.967,33.6666,-39.4983,30.6576,-37.5222,33.0467,-39.2078,31.0282,-102.407,-40.6378,98.7434,53.9605,-76.358,-25.5368,75.0121,24.1138,10,6.95271e-310,-406.378,6.68183e-310,539.605,1.4822e-323,-255.368,5.23261e-310,241.138,-36.967,-372.711,-39.4983,570.262,-37.5222,-222.321,-39.2078,272.166,66.5752,29.6083,-53.8331,-93.3314,47.4477,9.92547,-15.5144,-54.7221,
5.45583,5.36686,5.43608,5.38385,0,200,0,4.09552,1.97911,-3.70558,-5.98652,2.77872,0.624291,-0.766111,-3.01698,0,2637.97,0,2735.83,0,2659.69,0,2717.14,-36.8072,33.8413,-39.6685,30.437,-37.4683,33.1078,-39.1456,31.1067,-112.944,-44.3219,115.209,62.2726,-79.5361,-26.2441,71.272,22.3841,10,6.95271e-310,-443.219,6.68183e-310,622.726,1.4822e-323,-262.441,5.23261e-310,223.841,-36.8072,-409.378,-39.6685,653.163,-37.4683,-229.333,-39.1456,254.947,71.2265,34.4193,-64.4448,-104.113,48.3256,10.8572,-13.3237,-52.4692,
5.46054,5.36225,5.43747,5.38602,0,200,0,4.34107,2.23384,-4.27999,-6.56898,2.797,0.645221,-0.62129,-2.86828,0,2632.79,0,2740.91,0,2658.16,0,2714.75,-36.6474,34.0142,-39.8085,30.2536,-37.4223,33.1598,-39.078,31.1915,-122.498,-47.7106,129.626,70.0873,-81.8005,-26.5136,67.6793,20.3975,10,6.95271e-310,-477.106,6.68183e-310,700.873,1.4822e-323,-265.136,5.23261e-310,203.975,-36.6474,-443.092,-39.8085,731.126,-37.4223,-231.976,-39.078,235.166,75.4968,38.8494,-74.4346,-114.243,48.6435,11.2212,-10.805,-49.883,
5.465,5.35836,5.43869,5.3883,0,200,0,4.55931,2.46082,-4.80798,-7.10371,2.79579,0.646338,-0.470677,-2.71357,0,2627.88,0,2745.18,0,2656.82,0,2712.25,-36.4954,34.1773,-39.9257,30.0988,-37.3817,33.2055,-39.0069,31.2804,-130.999,-50.7273,142.343,77.2645,-83.3929,-26.5175,64.0871,18.331,10,6.95271e-310,-507.273,6.68183e-310,772.645,1.4822e-323,-265.175,5.23261e-310,183.31,-36.4954,-473.095,-39.9257,802.744,-37.3817,-231.969,-39.0069,214.591,79.2923,42.7969,-83.617,-123.543,48.6224,11.2407,-8.18569,-47.1926,
5.46914,5.3541,5.43966,5.39068,0,200,0,4.76746,2.67714,-5.34758,-7.65067,2.78899,0.641394,-0.305313,-2.54391,0,2623.32,0,2749.87,0,2655.75,0,2709.63,-36.3534,34.3283,-40.0537,29.9282,-37.3494,33.2418,-38.9322,31.3733,-139.386,-53.6029,155.506,84.604,-84.7567,-26.442,59.6193,16.064,10,6.95271e-310,-536.029,6.68183e-310,846.04,1.4822e-323,-264.42,5.23261e-310,160.64,-36.3534,-501.701,-40.0537,875.969,-37.3494,-231.178,-38.9322,192.013,82.9123,46.5589,-93.0013,-133.055,48.5041,11.1547,-5.30979,-44.242,
5.47297,5.35058,5.44048,5.39317,0,200,0,4.94652,2.86376,-5.83038,-8.1395,2.76531,0.619277,-0.137284,-2.3714,0,2619.11,0,2753.74,0,2654.85,0,2706.9,-36.2218,34.4671,-40.1586,29.7874,-37.3223,33.2723,-38.8542,31.4698,-146.606,-56.0812,166.898,91.1661,-85.4502,-26.1364,55.1601,13.7594,10,6.95271e-310,-560.812,6.68183e-310,911.661,1.4822e-323,-261.364,5.23261e-310,137.594,-36.2218,-526.345,-40.1586,941.449,-37.3223,-228.092,-38.8542,169.064,86.0264,49.8045,-101.398,-141.557,48.0924,10.77,-2.38755,-41.2418,
5.47659,5.34764,5.4411,5.39579,0,200,0,5.10595,3.03038,-6.27523,-8.58939,2.72334,0.5785,0.0421829,-2.18718,0,2615.13,0,2756.98,0,2654.17,0,2704.01,-36.0969,34.5979,-40.2462,29.6689,-37.3016,33.2955,-38.7715,31.5717,-152.974,-58.2916,176.982,97.2078,-85.474,-25.5811,50.542,11.2982,10,6.95271e-310,-582.916,6.68183e-310,972.078,1.4822e-323,-255.811,5.23261e-310,112.982,-36.0969,-548.318,-40.2462,1001.75,-37.3016,-222.515,-38.7715,144.554,88.7991,52.7023,-109.135,-149.381,47.3625,10.0609,0.733616,-38.0379,
5.47979,5.34516,5.44158,5.3984,0,200,0,5.23985,3.17065,-6.66769,-8.98608,2.67399,0.530065,0.217366,-2.00724,0,2611.61,0,2759.71,0,2653.64,0,2701.14,-35.986,34.7132,-40.3197,29.5689,-37.2856,33.3134,-38.6889,31.6729,-158.361,-60.1508,185.772,102.536,-85.0736,-24.9239,45.8996,8.89493,10,6.95271e-310,-601.508,6.68183e-310,1025.36,1.4822e-323,-249.239,5.23261e-310,88.9493,-35.986,-566.795,-40.3197,1054.93,-37.2856,-215.925,-38.6889,120.622,91.1278,55.1418,-115.96,-156.28,46.5042,9.21852,3.78029,-34.9086,
5.48263,5.34304,5.44191,5.40103,0,200,0,5.35306,3.28954,-7.01788,-9.33986,2.61701,0.473711,0.39237,-1.82745,0,2608.49,0,2762.04,0,2653.28,0,2698.25,-35.8872,34.8153,-40.3823,29.4833,-37.2749,33.3254,-38.6056,31.7743,-162.934,-61.7252,193.529,107.289,-84.2649,-24.1613,41.1458,6.49379,10,6.95271e-310,-617.252,6.68183e-310,1072.89,1.4822e-323,-241.613,5.23261e-310,64.9379,-35.8872,-582.436,-40.3823,1102.37,-37.2749,-208.288,-38.6056,96.7122,93.0967,57.2095,-122.05,-162.432,45.5133,8.23845,6.82382,-31.7818,
5.48547,5.34133,5.44207,5.40375,0,200,0,5.46024,3.40241,-7.34907,-9.67393,2.54371,0.400729,0.579965,-1.63488,0,2605.37,0,2763.91,0,2653.1,0,2695.26,-35.7882,34.9171,-40.4324,29.4146,-37.2693,33.3317,-38.519,31.8792,-167.085,-63.2183,200.387,111.779,-82.9446,-23.1761,36.394,3.92129,10,6.95271e-310,-632.183,6.68183e-310,1117.79,1.4822e-323,-231.761,5.23261e-310,39.2129,-35.7882,-597.265,-40.4324,1147.2,-37.2693,-198.43,-38.519,71.0921,94.9606,59.1724,-127.81,-168.242,44.2385,6.96921,10.0863,-28.4327,
5.48749,5.34013,5.44207,5.40652,0,200,0,5.52491,3.47116,-7.59336,-9.92025,2.46801,0.325031,0.758396,-1.45137,0,2603.14,0,2765.23,0,2653.1,0,2692.21,-35.7174,34.9895,-40.4677,29.3661,-37.2693,33.3317,-38.4306,31.9857,-169.659,-64.1246,205.717,115.09,-81.0758,-22.1559,31.2549,1.47144,10,6.95271e-310,-641.246,6.68183e-310,1150.9,1.4822e-323,-221.559,5.23261e-310,14.7144,-35.7174,-606.257,-40.4677,1180.26,-37.2693,-188.227,-38.4306,46.7001,96.0854,60.368,-132.058,-172.526,42.922,5.65271,13.1895,-25.2411,
5.48936,5.33932,5.44188,5.40926,0,200,0,5.58029,3.5303,-7.80751,-10,2.38018,0.236824,0.943097,-1.26161,0,2601.08,0,2766.13,0,2653.31,0,2689.19,-35.6519,35.0562,-40.4916,29.3331,-37.2757,33.3245,-38.3427,32.0911,-171.688,-64.9031,210.04,117.989,-78.7687,-20.9688,26.2148,-1.06261,10,6.95271e-310,-649.031,6.68183e-310,1179.89,1.4822e-323,-209.688,5.23261e-310,-10.6261,-35.6519,-613.975,-40.4916,1209.22,-37.2757,-176.363,-38.3427,21.4649,97.0485,61.3965,-135.783,-176.274,41.3943,4.11868,16.4017,-21.941,
5.49099,5.33879,5.44153,5.4123,0,200,0,5.61846,3.57176,-7.99176,-10,2.27819,0.134175,1.14383,-1.05525,0,2599.29,0,2766.71,0,2653.69,0,2685.85,-35.5948,35.1143,-40.507,29.3118,-37.2872,33.3116,-38.2448,32.2076,-173.001,-65.4455,213.753,120.48,-75.8225,-19.5884,20.5152,-3.81776,10,6.95271e-310,-654.455,6.68183e-310,1204.8,1.4822e-323,-195.884,5.23261e-310,-38.1776,-35.5948,-619.341,-40.507,1234.11,-37.2872,-162.572,-38.2448,-5.96993,97.7124,62.1176,-138.987,-179.494,39.6207,2.33347,19.8927,-18.3521,
5.49229,5.33852,5.44102,5.41483,0,200,0,5.64868,3.60459,-8.13614,-10,2.18043,0.0354237,1.32374,-0.870646,0,2597.86,0,2767.01,0,2654.26,0,2683.06,-35.5493,35.1603,-40.5151,29.3006,-37.3044,33.2924,-38.1633,32.3042,-173.87,-65.875,216.317,122.431,-72.9871,-18.2621,15.7136,-6.2839,10,6.95271e-310,-658.75,6.68183e-310,1224.31,1.4822e-323,-182.621,5.23261e-310,-62.839,-35.5493,-623.59,-40.5151,1253.61,-37.3044,-149.329,-38.1633,-30.5348,98.2378,62.6886,-141.498,-182.013,37.9205,0.616064,23.0216,-15.1417,
5.49341,5.33853,5.44019,5.41752,0,200,0,5.66978,3.62797,-8.25862,-10,2.06232,-0.0842642,1.52666,-0.662734,0,2596.63,0,2767,0,2655.17,0,2680.11,-35.5097,35.2004,-40.5148,29.3011,-37.3319,33.2615,-38.0764,32.4066,-174.183,-66.1788,218.102,124.081,-69.4397,-16.6565,10.4942,-9.06277,10,6.95271e-310,-661.788,6.68183e-310,1240.81,1.4822e-323,-166.565,5.23261e-310,-90.6277,-35.5097,-626.588,-40.5148,1270.11,-37.3319,-133.304,-38.0764,-58.2211,98.6048,63.0952,-143.628,-184.143,35.8664,-1.46546,26.5506,-11.5258,
5.4941,5.33886,5.43932,5.42048,0,200,0,5.66291,3.62249,-8.33011,-10,1.93884,-0.209419,1.73136,-0.452513,0,2595.87,0,2766.63,0,2656.13,0,2676.86,-35.4856,35.2246,-40.505,29.3147,-37.361,33.2288,-37.9803,32.5191,-173.486,-66.098,219.167,125.04,-65.395,-14.9777,4.62459,-11.8702,10,6.95271e-310,-660.98,6.68183e-310,1250.4,1.4822e-323,-149.777,5.23261e-310,-118.702,-35.4856,-625.755,-40.505,1279.71,-37.361,-116.548,-37.9803,-86.1829,98.4854,62.9998,-144.872,-185.377,33.7189,-3.64208,30.1105,-7.86979,
5.49468,5.33961,5.43818,5.42286,0,200,0,5.65945,3.62022,-8.37198,-10,1.80953,-0.3409,1.92626,-0.253143,0,2595.23,0,2765.81,0,2657.38,0,2674.23,-35.4649,35.2454,-40.4831,29.3448,-37.3988,33.1863,-37.9027,32.6096,-172.545,-66.0615,218.797,125.592,-61.3147,-13.2159,-0.0185303,-14.5363,10,6.95271e-310,-660.615,6.68183e-310,1255.92,1.4822e-323,-132.159,5.23261e-310,-145.363,-35.4649,-625.369,-40.4831,1285.27,-37.3988,-98.973,-37.9027,-112.754,98.4253,62.9604,-145.6,-186.083,31.4701,-5.9287,33.5002,-4.40248,
5.495,5.34097,5.43687,5.42545,0,200,0,5.6346,3.596,-8.35975,-10,1.66282,-0.490101,2.13232,-0.0422253,0,2594.89,0,2764.31,0,2658.82,0,2671.38,-35.4539,35.2565,-40.443,29.4,-37.4421,33.1374,-37.8181,32.7076,-170.578,-65.7318,217.071,125.407,-56.4951,-11.2169,-4.91683,-17.3562,10,6.95271e-310,-657.318,6.68183e-310,1254.07,1.4822e-323,-112.169,5.23261e-310,-173.562,-35.4539,-622.062,-40.443,1283.47,-37.4421,-79.0311,-37.8181,-140.854,97.993,62.5391,-145.387,-185.83,28.9186,-8.5235,37.0838,-0.734353,
5.49513,5.34301,5.43548,5.42788,0,200,0,5.59625,3.55792,-8.29387,-10,1.50788,-0.647691,2.33116,0.161199,0,2594.74,0,2762.07,0,2660.35,0,2668.71,-35.4493,35.2612,-40.383,29.4824,-37.4882,33.0853,-37.7385,32.7995,-167.826,-65.2173,213.763,124.487,-51.3572,-9.10544,-9.19481,-20.0763,10,6.95271e-310,-652.173,6.68183e-310,1244.87,1.4822e-323,-91.0544,5.23261e-310,-200.763,-35.4493,-616.912,-40.383,1274.35,-37.4882,-57.9691,-37.7385,-167.963,97.3261,61.8768,-144.241,-184.624,26.224,-11.2642,40.5419,2.80345,
5.495,5.3456,5.4338,5.43048,0,200,0,5.53968,3.50108,-8.18339,-10,1.33009,-0.828672,2.54876,0.38371,0,2594.89,0,2759.22,0,2662.2,0,2665.85,-35.4539,35.2565,-40.3066,29.5868,-37.5436,33.0224,-37.653,32.8976,-164.144,-64.4525,209.136,122.958,-45.4018,-6.68133,-13.7805,-23.052,10,6.95271e-310,-644.525,6.68183e-310,1229.58,1.4822e-323,-66.8133,5.23261e-310,-230.52,-35.4539,-609.269,-40.3066,1259.17,-37.5436,-33.7909,-37.653,-197.623,96.3423,60.8884,-142.32,-182.626,23.1319,-14.4117,44.3262,6.67322,
5.49465,5.34868,5.43244,5.43252,0,200,0,5.47024,3.43093,-8.01671,-10,1.17608,-0.98527,2.71434,0.553149,0,2595.27,0,2755.83,0,2663.7,0,2663.61,-35.4662,35.2442,-40.2153,29.7108,-37.5887,32.9711,-37.5859,32.9742,-159.968,-63.5106,203.274,120.664,-40.1285,-4.58299,-16.8195,-25.3174,10,6.95271e-310,-635.106,6.68183e-310,1206.64,1.4822e-323,-45.8299,5.23261e-310,-253.174,-35.4662,-599.862,-40.2153,1236.35,-37.5887,-12.8589,-37.5859,-220.2,95.1346,59.6684,-139.421,-179.636,20.4536,-17.1351,47.2059,9.61998,
5.49387,5.35214,5.43064,5.4347,0,200,0,5.37865,3.33777,-7.80866,-10,0.997107,-1.16765,2.90427,0.747216,0,2596.12,0,2752.02,0,2665.68,0,2661.21,-35.4936,35.2165,-40.1121,29.8499,-37.6479,32.9034,-37.5139,33.0561,-154.795,-62.2627,196.213,117.806,-33.9643,-2.14105,-20.4445,-27.9134,10,6.95271e-310,-622.627,6.68183e-310,1178.06,1.4822e-323,-21.4105,5.23261e-310,-279.134,-35.4936,-587.411,-40.1121,1207.91,-37.6479,11.4929,-37.5139,-246.078,93.5417,58.0481,-135.803,-175.915,17.341,-20.3069,50.509,12.9951,
5.49285,5.35599,5.42912,5.43693,0,200,0,5.26396,3.22102,-7.55541,-9.85524,0.82808,-1.33955,3.06893,0.916124,0,2597.24,0,2747.79,0,2667.35,0,2658.76,-35.5295,35.1803,-39.997,30.004,-37.6979,32.8461,-37.4401,33.1397,-148.932,-60.6994,188.496,114.332,-27.9368,0.162265,-23.8809,-30.1698,10,6.95271e-310,-606.994,6.68183e-310,1143.32,1.4822e-323,1.62265,5.23261e-310,-301.698,-35.5295,-571.814,-39.997,1173.33,-37.6979,34.4687,-37.4401,-268.558,91.5471,56.0177,-131.398,-171.395,14.4014,-23.2965,53.3727,15.9326,
5.49104,5.36,5.42731,5.43867,0,200,0,5.1202,3.0736,-7.24149,-9.53438,0.66497,-1.50608,3.21346,1.06397,0,2599.24,0,2743.37,0,2669.34,0,2656.84,-35.5931,35.116,-39.8762,30.1643,-37.7573,32.7778,-37.3825,33.2047,-142.056,-58.7307,179.481,110.038,-21.9024,2.39054,-26.9129,-32.1466,10,6.95271e-310,-587.307,6.68183e-310,1100.38,1.4822e-323,23.9054,5.23261e-310,-321.466,-35.5931,-552.191,-39.8762,1130.55,-37.7573,56.6832,-37.3825,-288.262,89.0469,53.4539,-125.939,-165.815,11.5647,-26.1926,55.8863,18.5038,
5.48922,5.36444,5.42579,5.4406,0,200,0,4.95956,2.90929,-6.89972,-9.18489,0.50416,-1.66975,3.34334,1.19753,0,2601.24,0,2738.5,0,2671.02,0,2654.72,-35.657,35.0511,-39.7421,30.3409,-37.8072,32.7203,-37.3184,33.2767,-134.703,-56.5343,169.955,105.362,-15.8844,4.58304,-29.8687,-33.9292,10,6.95271e-310,-565.343,6.68183e-310,1053.62,1.4822e-323,45.8304,5.23261e-310,-339.292,-35.657,-530.292,-39.7421,1083.96,-37.8072,78.5507,-37.3184,-306.015,86.2533,50.5963,-119.995,-159.737,8.76801,-29.0392,58.145,20.8267,
5.48692,5.36936,5.42408,5.44198,0,200,0,4.77767,2.72276,-6.50166,-8.77821,0.345183,-1.83193,3.45094,1.30778,0,2603.77,0,2733.08,0,2672.89,0,2653.21,-35.7375,34.969,-39.5922,30.5362,-37.8628,32.6559,-37.2725,33.3281,-126.482,-54.0432,158.69,99.9194,-9.91428,6.75377,-31.8035,-35.4025,10,6.95271e-310,-540.432,6.68183e-310,999.194,1.4822e-323,67.5377,5.23261e-310,-354.025,-35.7375,-505.463,-39.5922,1029.73,-37.8628,100.194,-37.2725,-320.696,83.0899,47.3523,-113.072,-152.664,6.00319,-31.8596,60.0164,22.744,
5.48405,5.37461,5.42229,5.44339,0,200,0,4.56044,2.49978,-6.05296,-8.32026,0.182409,-1.99807,3.55058,1.41013,0,2606.92,0,2727.31,0,2674.86,0,2651.65,-35.8375,34.8665,-39.4313,30.7436,-37.9214,32.5878,-37.2253,33.3808,-117.193,-51.0664,146.411,93.7887,-3.6491,8.97722,-34.0316,-36.769,10,6.95271e-310,-510.664,6.68183e-310,937.887,1.4822e-323,89.7722,5.23261e-310,-367.69,-35.8375,-475.798,-39.4313,968.63,-37.9214,122.36,-37.2253,-334.309,79.3121,43.4745,-105.269,-144.7,3.17233,-34.7491,61.7493,24.524,
5.48151,5.38031,5.42082,5.44473,0,200,0,4.3438,2.27806,-5.60181,-7.85901,0.0235839,-2.15964,3.63116,1.49329,0,2609.72,0,2721.04,0,2676.47,0,2650.17,-35.926,34.7753,-39.2557,30.9676,-37.969,32.5323,-37.1805,33.4307,-107.965,-48.1031,133.609,87.6175,2.27414,11.1419,-35.3899,-37.8774,10,6.95271e-310,-481.031,6.68183e-310,876.175,1.4822e-323,111.419,5.23261e-310,-378.774,-35.926,-446.256,-39.2557,907.143,-37.969,143.951,-37.1805,-345.343,75.5444,39.6184,-97.4228,-136.678,0.410155,-37.5589,63.1506,25.9702,
5.47801,5.38629,5.41909,5.44569,0,200,0,4.08081,2.00808,-5.07933,-7.32584,-0.132032,-2.3185,3.68955,1.55352,0,2613.56,0,2714.46,0,2678.38,0,2649.12,-36.0475,34.6494,-39.0698,31.2018,-38.0255,32.4663,-37.1484,33.4664,-97.3441,-44.4987,119.217,80.4799,8.32054,13.2678,-36.6004,-38.6804,10,6.95271e-310,-444.987,6.68183e-310,804.799,1.4822e-323,132.678,5.23261e-310,-386.804,-36.0475,-410.338,-39.0698,836,-38.0255,165.144,-37.1484,-353.338,70.9706,34.9231,-88.3361,-127.406,-2.29621,-40.3217,64.1661,27.0178,
5.47462,5.39259,5.41758,5.44657,0,200,0,3.80998,1.7305,-4.55109,-6.78625,-0.283892,-2.47318,3.73031,1.59596,0,2617.3,0,2707.53,0,2680.05,0,2648.16,-36.1648,34.5269,-38.8723,31.4474,-38.0745,32.4088,-37.1191,33.4988,-86.6107,-40.7907,104.324,73.2591,14.0889,15.3394,-37.2198,-39.2443,10,6.95271e-310,-407.907,6.68183e-310,732.591,1.4822e-323,153.394,5.23261e-310,-392.443,-36.1648,-373.38,-38.8723,764.038,-38.0745,185.802,-37.1191,-358.944,66.2605,30.0957,-79.1494,-118.022,-4.93725,-43.0117,64.8749,27.7558,
5.4714,5.39868,5.41614,5.44738,0,200,0,3.54553,1.45966,-4.05404,-6.27815,-0.432794,-2.62476,3.76763,1.63485,0,2620.84,0,2700.83,0,2681.63,0,2647.26,-36.2759,34.4101,-38.6801,31.6835,-38.1211,32.3541,-37.0918,33.5291,-76.3305,-37.1716,89.9357,66.4616,19.554,17.3698,-37.7359,-39.761,10,6.95271e-310,-371.716,6.68183e-310,664.616,1.4822e-323,173.698,5.23261e-310,-397.61,-36.2759,-337.306,-38.6801,696.3,-38.1211,206.052,-37.0918,-364.081,61.6613,25.3854,-70.5051,-109.185,-7.52686,-45.6479,65.524,28.4323,
5.46726,5.40495,5.41478,5.44787,0,200,0,3.22974,1.13571,-3.48804,-5.70069,-0.559949,-2.75443,3.75992,1.62809,0,2625.39,0,2693.94,0,2683.12,0,2646.72,-36.4179,34.2599,-38.4808,31.9253,-38.1648,32.3024,-37.0753,33.5473,-64.8099,-32.8453,74.4651,58.7315,24.6677,19.1058,-38.0423,-39.6652,10,6.95271e-310,-328.453,6.68183e-310,587.315,1.4822e-323,191.058,5.23261e-310,-396.652,-36.4179,-294.193,-38.4808,619.24,-38.1648,223.36,-37.0753,-363.105,56.1694,19.7515,-60.6616,-99.1424,-9.73825,-47.9031,65.3899,28.3146,
5.4634,5.41133,5.41353,5.44833,0,200,0,2.91858,0.816963,-2.94451,-5.14538,-0.691003,-2.88782,3.75052,1.61957,0,2629.63,0,2686.91,0,2684.5,0,2646.22,-36.5498,34.1191,-38.2761,32.1705,-38.2055,32.2543,-37.06,33.5642,-53.5695,-28.5862,58.9276,51.3018,29.6155,20.8927,-37.9769,-39.5461,10,6.95271e-310,-285.862,6.68183e-310,513.018,1.4822e-323,208.927,5.23261e-310,-395.461,-36.5498,-251.743,-38.2761,545.188,-38.2055,241.181,-37.06,-361.897,50.7579,14.208,-51.2088,-89.4849,-12.0174,-50.2229,65.2264,28.1664,
5.45934,5.41809,5.41233,5.4486,0,200,0,2.58519,0.475627,-2.37842,-4.56675,-0.820978,-3.02001,3.72272,1.5923,0,2634.1,0,2679.48,0,2685.82,0,2645.92,-36.6881,33.9703,-38.0578,32.4285,-38.2441,32.2085,-37.0508,33.5744,-41.7976,-24.0243,42.418,43.5616,34.4293,22.6641,-37.4187,-39.176,10,6.95271e-310,-240.243,6.68183e-310,435.616,1.4822e-323,226.641,5.23261e-310,-391.76,-36.6881,-206.273,-38.0578,468.044,-38.2441,258.849,-37.0508,-358.186,44.9599,8.27177,-41.3639,-79.4217,-14.2779,-52.522,64.7429,27.6921,
5.45526,5.42529,5.41136,5.4487,0,200,0,2.23441,0.116875,-1.79637,-3.97121,-0.945072,-3.1459,3.66979,1.53955,0,2638.6,0,2671.56,0,2686.89,0,2645.81,-36.8266,33.8201,-37.8232,32.7017,-38.2753,32.1714,-37.0475,33.578,-29.6699,-19.2276,25.0191,35.5983,38.9079,24.3525,-36.0922,-38.4642,10,6.95271e-310,-192.276,6.68183e-310,355.983,1.4822e-323,243.525,5.23261e-310,-384.642,-36.8266,-158.456,-37.8232,388.685,-38.2753,275.696,-37.0475,-351.064,38.8592,2.0326,-31.2412,-69.0645,-16.436,-54.7114,63.8224,26.7749,
5.45116,5.43279,5.41025,5.44865,0,200,0,1.87368,-0.251808,-1.21958,-3.38027,-1.08195,-3.28482,3.61878,1.48845,0,2643.11,0,2663.32,0,2688.1,0,2645.86,-36.9649,33.6689,-37.5772,32.9841,-38.3108,32.1292,-37.0492,33.5762,-17.3273,-14.2969,6.81891,27.7006,43.4739,26.2154,-34.4143,-37.7759,10,6.95271e-310,-142.969,6.68183e-310,277.006,1.4822e-323,262.154,5.23261e-310,-377.759,-36.9649,-109.3,-37.5772,309.99,-38.3108,294.283,-37.0492,-344.183,32.5857,-4.37927,-21.2102,-58.7874,-18.8166,-57.1274,62.9353,25.8861,
5.44712,5.44072,5.40939,5.44845,0,200,0,1.49808,-0.635206,-0.636593,-2.78217,-1.2147,-3.41916,3.54511,1.41439,0,2647.55,0,2654.59,0,2689.05,0,2646.09,-37.1006,33.5193,-37.3144,33.2812,-38.3385,32.0961,-37.056,33.5686,-4.73239,-9.16695,-12.1904,19.7114,47.6876,28.0186,-31.9629,-36.7796,10,6.95271e-310,-91.6695,6.68183e-310,197.114,1.4822e-323,280.186,5.23261e-310,-367.796,-37.1006,-58.1502,-37.3144,230.395,-38.3385,312.282,-37.056,-334.227,26.0536,-11.0471,-11.0712,-48.3855,-21.1253,-59.4637,61.6541,24.5981,
5.44285,5.44864,5.40864,5.44803,0,200,0,1.1041,-1.03739,-0.0508461,-2.1812,-1.33603,-3.54188,3.44725,1.31572,0,2652.24,0,2645.88,0,2689.88,0,2646.55,-37.2433,33.3607,-37.0496,33.5757,-38.3627,32.0672,-37.0701,33.5531,8.04684,-3.78568,-31.4261,11.6845,51.4847,29.6662,-29.207,-35.4535,10,6.95271e-310,-37.8568,6.68183e-310,116.845,1.4822e-323,296.662,5.23261e-310,-354.535,-37.2433,-4.49606,-37.0496,150.42,-38.3627,328.729,-37.0701,-320.982,19.2018,-18.0415,-0.88428,-37.9338,-23.2353,-61.598,59.9521,22.882,
5.43867,5.45648,5.40803,5.44745,0,200,0,0.709025,-1.44047,0.514025,-1.60113,-1.4487,-3.65569,3.33426,1.20162,0,2656.84,0,2637.25,0,2690.55,0,2647.18,-37.3825,33.2047,-36.7853,33.8651,-38.3823,32.0437,-37.0894,33.5318,20.557,1.60882,-50.4799,3.93963,54.8392,31.1948,-26.0831,-33.921,10,6.95271e-310,16.0882,6.68183e-310,39.3963,1.4822e-323,311.948,5.23261e-310,-339.21,-37.3825,49.2929,-36.7853,73.2614,-38.3823,343.992,-37.0894,-305.678,12.3309,-25.0516,8.93956,-27.8457,-25.1948,-63.5772,57.987,20.8977,
5.43455,5.46482,5.40757,5.44655,0,200,0,0.300923,-1.85642,1.08071,-1.01813,-1.55927,-3.76709,3.19759,1.06322,0,2661.38,0,2628.08,0,2691.05,0,2648.17,-37.5191,33.0503,-36.5015,34.1707,-38.3969,32.0262,-37.1195,33.4984,33.3048,7.1777,-70.6265,-3.83886,57.7997,32.6924,-21.8739,-32.064,10,6.95271e-310,71.777,6.68183e-310,-38.3886,1.4822e-323,326.924,5.23261e-310,-320.64,-37.5191,104.827,-36.5015,-4.21784,-38.3969,358.95,-37.1195,-287.142,5.23344,-32.2856,18.795,-17.7065,-27.1177,-65.5146,55.6103,18.4908,
5.43044,5.47363,5.40714,5.44542,0,200,0,-0.122686,-2.28783,1.64382,-0.437629,-1.67636,-3.88498,3.04803,0.911464,0,2665.9,0,2618.39,0,2691.53,0,2649.42,-37.6546,32.8958,-36.1991,34.4909,-38.4107,32.0097,-37.1576,33.4561,46.3525,12.9552,-91.8572,-11.5778,60.5869,34.2776,-16.9015,-30.0291,10,6.95271e-310,129.552,6.68183e-310,-115.778,1.4822e-323,342.776,5.23261e-310,-300.291,-37.6546,162.448,-36.1991,-81.2868,-38.4107,374.786,-37.1576,-266.835,-2.13367,-39.7883,28.5882,-7.61094,-29.1541,-67.5648,53.0092,15.8516,
5.42645,5.48274,5.40689,5.444,0,200,0,-0.55357,-2.72624,2.19332,0.130019,-1.78854,-3.99762,2.87634,0.737057,0,2670.29,0,2608.37,0,2691.8,0,2650.98,-37.7856,32.7452,-35.8835,34.8192,-38.4188,32,-37.2049,33.4035,59.3857,18.8286,-113.679,-19.1392,62.8923,35.7937,-11.0313,-27.6915,10,6.95271e-310,188.286,6.68183e-310,-191.392,1.4822e-323,357.937,5.23261e-310,-276.915,-37.7856,221.031,-35.8835,-156.573,-38.4188,389.937,-37.2049,-243.511,-9.6273,-47.4129,38.1447,2.2612,-31.1051,-69.5238,50.0233,12.8184,
5.42253,5.4913,5.40677,5.44235,0,200,0,-0.972911,-3.15294,2.70548,0.659411,-1.88084,-4.09014,2.68621,0.543757,0,2674.6,0,2598.95,0,2691.94,0,2652.8,-37.9136,32.5969,-35.5838,35.1254,-38.4226,31.9954,-37.2601,33.342,71.7045,24.545,-134.477,-26.189,64.5251,37.0397,-4.94424,-25.1014,10,6.95271e-310,245.45,6.68183e-310,-261.89,1.4822e-323,370.397,5.23261e-310,-251.014,-37.9136,278.047,-35.5838,-226.764,-38.4226,402.392,-37.2601,-217.672,-16.9202,-54.8338,47.0518,11.468,-32.7103,-71.1329,46.7167,9.45664,
5.41887,5.49991,5.40682,5.44054,0,200,0,-1.38533,-3.5722,3.18701,1.1584,-1.96792,-4.17713,2.48386,0.337938,0,2678.62,0,2589.48,0,2691.88,0,2654.79,-38.0325,32.4581,-35.2803,35.4303,-38.4211,31.9972,-37.3203,33.2745,83.6245,30.1636,-155.163,-32.8273,65.7125,38.2126,1.72021,-22.3439,10,6.95271e-310,301.636,6.68183e-310,-328.273,1.4822e-323,382.126,5.23261e-310,-223.439,-38.0325,334.094,-35.2803,-292.843,-38.4211,414.123,-37.3203,-190.164,-24.0927,-62.1252,55.4263,20.1461,-34.2247,-72.6458,43.1975,5.87718,
5.41541,5.50618,5.40699,5.43865,0,200,0,-1.73056,-3.92388,3.58381,1.568,-1.9998,-4.20868,2.27482,0.125284,0,2682.43,0,2582.59,0,2691.69,0,2656.87,-38.1447,32.3262,-35.0575,35.6507,-38.4153,32.0041,-37.3833,33.2038,93.0864,34.8734,-171.107,-38.2838,65.8283,38.6393,7.24361,-19.495,10,6.95271e-310,348.734,6.68183e-310,-382.838,1.4822e-323,386.393,5.23261e-310,-194.95,-38.1447,381.06,-35.0575,-347.188,-38.4153,418.397,-37.3833,-161.746,-30.0967,-68.2414,62.3271,27.2696,-34.7791,-73.1944,39.5621,2.17885,
5.41217,5.51302,5.4074,5.43672,0,200,0,-2.08545,-4.28477,3.97579,1.97406,-2.03593,-4.24406,2.05276,-0.100455,0,2685.99,0,2575.06,0,2691.24,0,2658.99,-38.2491,32.2026,-34.8127,35.8897,-38.4023,32.0198,-37.4473,33.1316,102.743,39.7095,-187.899,-43.6858,65.7408,39.1197,13.4764,-16.47,10,6.95271e-310,397.095,6.68183e-310,-436.858,1.4822e-323,391.197,5.23261e-310,-164.7,-38.2491,429.297,-34.8127,-400.969,-38.4023,423.217,-37.4473,-131.569,-36.2687,-74.5178,69.1443,34.3315,-35.4075,-73.8098,35.7002,-1.74704,
5.40907,5.51977,5.40799,5.43477,0,200,0,-2.43725,-4.64231,4.35101,2.36325,-2.06346,-4.27051,1.8196,-0.337309,0,2689.4,0,2567.64,0,2690.59,0,2661.13,-38.3489,32.0837,-34.5698,36.1238,-38.3834,32.0423,-37.5115,33.0588,112.112,44.5018,-204.306,-48.8606,65.3229,39.4812,19.8454,-13.2953,10,6.95271e-310,445.018,6.68183e-310,-488.606,1.4822e-323,394.812,5.23261e-310,-132.953,-38.3489,477.101,-34.5698,-452.483,-38.3834,426.855,-37.5115,-99.8938,-42.387,-80.7359,75.6697,41.1,-35.8863,-74.2698,31.6453,-5.86624,
5.40635,5.52648,5.40884,5.4328,0,200,0,-2.77232,-4.98239,4.69777,2.72399,-2.08162,-4.2871,1.57663,-0.584042,0,2692.4,0,2560.25,0,2689.66,0,2663.3,-38.436,31.9793,-34.3266,36.355,-38.3562,32.075,-37.5768,32.9846,120.916,49.0621,-220.217,-53.6517,64.4599,39.7122,26.6684,-9.98761,10,6.95271e-310,490.621,6.68183e-310,-536.517,1.4822e-323,397.122,5.23261e-310,-99.8761,-38.436,522.6,-34.3266,-500.162,-38.3562,429.197,-37.5768,-66.8915,-48.2143,-86.6503,81.7003,47.3737,-36.2021,-74.5583,27.4196,-10.1573,
5.40384,5.53291,5.40999,5.43086,0,200,0,-3.09542,-5.31009,5.02512,3.06483,-2.08202,-4.28538,1.31913,-0.845218,0,2695.15,0,2553.18,0,2688.39,0,2665.44,-38.516,31.8829,-34.0919,36.5752,-38.3192,32.1191,-37.6408,32.9115,129.18,53.4576,-235.212,-58.1767,63.1091,39.6988,33.5605,-6.4849,10,6.95271e-310,534.576,6.68183e-310,-581.767,1.4822e-323,396.988,5.23261e-310,-64.849,-38.516,566.458,-34.0919,-545.192,-38.3192,429.107,-37.6408,-31.9375,-53.8334,-92.3494,87.3933,53.3014,-36.209,-74.5283,22.9414,-14.6994,
5.40163,5.53893,5.41142,5.42882,0,200,0,-3.3941,-5.61283,5.32599,3.37839,-2.06033,-4.26105,1.04579,-1.1224,0,2697.59,0,2546.56,0,2686.82,0,2667.68,-38.5866,31.7974,-33.8712,36.7796,-38.2734,32.1737,-37.7078,32.8348,136.63,57.5191,-249.059,-62.3379,61.1475,39.3832,40.734,-2.76718,10,6.95271e-310,575.191,6.68183e-310,-623.379,1.4822e-323,393.832,5.23261e-310,-27.6718,-38.5866,606.989,-33.8712,-586.6,-38.2734,426.005,-37.7078,5.16296,-59.0278,-97.6144,92.6259,58.7547,-35.8317,-74.1051,18.1877,-19.5201,
5.39967,5.54499,5.41305,5.42679,0,200,0,-3.68427,-5.90657,5.60933,3.67459,-2.03365,-4.23135,0.764926,-1.40709,0,2699.74,0,2539.89,0,2685.03,0,2669.91,-38.6486,31.722,-33.6476,36.9843,-38.2209,32.236,-37.7742,32.7583,143.771,61.4617,-262.662,-66.264,58.9005,38.997,48.1987,1.05179,10,6.95271e-310,614.617,6.68183e-310,-662.64,1.4822e-323,389.97,5.23261e-310,10.5179,-38.6486,646.339,-33.6476,-625.655,-38.2209,422.206,-37.7742,43.2763,-64.0743,-102.723,97.5535,63.9059,-35.3678,-73.5887,13.3031,-24.4711,
5.39795,5.54974,5.41488,5.42484,0,200,0,-3.92725,-6.15269,5.85732,3.93269,-1.97063,-4.16493,0.480336,-1.69536,0,2701.64,0,2534.67,0,2683.01,0,2672.06,-38.7033,31.6552,-33.4717,37.1436,-38.1617,32.3061,-37.8381,32.6845,149.43,64.7645,-273.35,-69.6905,56.0663,38.1177,54.9784,4.91972,10,6.95271e-310,647.645,6.68183e-310,-696.905,1.4822e-323,381.177,5.23261e-310,49.1972,-38.7033,679.301,-33.4717,-659.762,-38.1617,413.483,-37.8381,81.8817,-68.3,-107.003,101.866,68.3947,-34.2718,-72.4336,8.35367,-29.4844,
5.39656,5.55448,5.41694,5.42292,0,200,0,-4.155,-6.38297,6.08695,4.17248,-1.90112,-4.09158,0.190322,-1.98897,0,2703.17,0,2529.45,0,2680.74,0,2674.17,-38.7473,31.6014,-33.295,37.302,-38.0951,32.3847,-37.9007,32.6119,154.662,67.8566,-283.614,-72.8698,52.9395,37.1471,62.0465,8.86013,10,6.95271e-310,678.566,6.68183e-310,-728.698,1.4822e-323,371.471,5.23261e-310,88.6013,-38.7473,710.167,-33.295,-691.396,-38.0951,403.856,-37.9007,121.213,-72.2609,-111.008,105.86,72.5649,-33.0629,-71.158,3.30996,-34.5908,
5.39548,5.55935,5.41919,5.42106,0,200,0,-4.37247,-6.6024,6.30042,4.39641,-1.83031,-4.01657,-0.102308,-2.28508,0,2704.35,0,2524.09,0,2678.27,0,2676.21,-38.7813,31.5596,-33.1131,37.4636,-38.022,32.4704,-37.9612,32.5414,159.618,70.8051,-293.707,-75.8337,49.6209,36.1558,69.3841,12.8348,10,6.95271e-310,708.051,6.68183e-310,-758.337,1.4822e-323,361.558,5.23261e-310,128.348,-38.7813,739.61,-33.1131,-720.874,-38.022,394.029,-37.9612,160.889,-76.0429,-114.824,109.573,76.4594,-31.8314,-69.8534,-1.77927,-39.7405,
5.39465,5.56334,5.42159,5.41927,0,200,0,-4.55139,-6.78282,6.48737,4.59198,-1.73631,-3.91809,-0.394311,-2.58044,0,2705.26,0,2519.7,0,2675.63,0,2678.19,-38.8074,31.5275,-32.9634,37.5954,-37.9441,32.5614,-38.0197,32.4731,163.472,73.23,-301.778,-78.4247,45.924,34.8496,76.3242,16.7999,10,6.95271e-310,732.3,6.68183e-310,-784.247,1.4822e-323,348.496,5.23261e-310,167.999,-38.8074,763.827,-32.9634,-746.652,-37.9441,381.057,-38.0197,200.472,-79.1547,-117.962,112.824,79.8604,-30.1966,-68.1407,-6.85758,-44.8772,
5.39411,5.56646,5.42428,5.41761,0,200,0,-4.69239,-6.92479,6.65362,4.76497,-1.61297,-3.78972,-0.690543,-2.87976,0,2705.86,0,2516.28,0,2672.68,0,2680.01,-38.8244,31.5066,-32.8461,37.6979,-37.8565,32.6632,-38.0733,32.4102,166.213,75.1391,-307.657,-80.7212,41.7529,33.1431,82.8207,20.8197,10,6.95271e-310,751.391,6.68183e-310,-807.212,1.4822e-323,331.431,5.23261e-310,208.197,-38.8244,782.897,-32.8461,-769.514,-37.8565,364.094,-38.0733,240.607,-81.6068,-120.431,115.715,82.8691,-28.0516,-65.9082,-12.0094,-50.0828,
5.39382,5.5697,5.42708,5.4161,0,200,0,-4.82679,-7.05972,6.80836,4.92676,-1.49346,-3.66493,-0.981837,-3.17386,0,2706.17,0,2512.7,0,2669.59,0,2681.67,-38.8335,31.4954,-32.7235,37.8044,-37.7648,32.7692,-38.1222,32.3527,168.811,76.9552,-313.425,-82.8649,37.5752,31.4862,89.3464,24.7706,10,6.95271e-310,769.552,6.68183e-310,-828.649,1.4822e-323,314.862,5.23261e-310,247.706,-38.8335,801.048,-32.7235,-790.845,-37.7648,347.631,-38.1222,280.058,-83.9442,-122.778,118.406,85.6827,-25.9732,-63.738,-17.0754,-55.1976,
5.39384,5.57197,5.4301,5.41478,0,200,0,-4.91819,-7.1511,6.94017,5.06349,-1.34701,-3.51279,-1.26879,-3.46327,0,2706.16,0,2510.21,0,2666.27,0,2683.12,-38.8331,31.4959,-32.6378,37.8784,-37.6656,32.8831,-38.1648,32.3024,170.21,78.187,-316.799,-84.6821,33.0423,29.4625,95.2391,28.6598,10,6.95271e-310,781.87,6.68183e-310,-846.821,1.4822e-323,294.625,5.23261e-310,286.598,-38.8331,813.365,-32.6378,-808.942,-37.6656,327.508,-38.1648,318.9,-85.5338,-124.367,120.699,88.0608,-23.4263,-61.0919,-22.066,-60.2308,
5.39423,5.57408,5.43329,5.41361,0,200,0,-4.98556,-7.21775,7.05169,5.17962,-1.19633,-3.35607,-1.54884,-3.7455,0,2705.72,0,2507.89,0,2662.76,0,2684.41,-38.8206,31.5112,-32.5578,37.9472,-37.5606,33.003,-38.2028,32.2576,171.042,79.0886,-319.371,-86.2231,28.3756,27.3789,101.117,32.4535,10,6.95271e-310,790.886,6.68183e-310,-862.231,1.4822e-323,273.789,5.23261e-310,324.535,-38.8206,822.397,-32.5578,-824.284,-37.5606,306.792,-38.2028,356.793,-86.7055,-125.526,122.638,90.0803,-20.8057,-58.3664,-26.9364,-65.1391,
5.39506,5.5759,5.4366,5.4126,0,200,0,-5.02123,-7.25191,7.13713,5.26903,-1.042,-3.19545,-1.81544,-4.01396,0,2704.82,0,2505.89,0,2659.12,0,2685.52,-38.7946,31.5433,-32.4886,38.0064,-37.4513,33.1271,-38.2352,32.2191,171.141,79.556,-320.863,-87.4074,23.6266,25.244,106.86,36.0632,10,6.95271e-310,795.56,6.68183e-310,-874.074,1.4822e-323,252.44,5.23261e-310,360.632,-38.7946,827.103,-32.4886,-836.067,-37.4513,285.567,-38.2352,392.851,-87.3257,-126.12,124.124,91.6353,-18.1217,-55.573,-31.5729,-69.8081,
5.39654,5.57698,5.44002,5.41179,0,200,0,-4.99611,-7.2241,7.17762,5.31188,-0.87656,-3.02347,-2.05881,-4.25884,0,2703.18,0,2504.7,0,2655.35,0,2686.41,-38.7477,31.6009,-32.4476,38.0415,-37.3375,33.2553,-38.2614,32.1879,169.819,79.1935,-320.199,-87.9726,18.7072,22.9573,112.315,39.3567,10,6.95271e-310,791.935,6.68183e-310,-879.726,1.4822e-323,229.573,5.23261e-310,393.567,-38.7477,823.536,-32.4476,-841.684,-37.3375,262.828,-38.2614,425.755,-86.8888,-125.636,124.828,92.3806,-15.2445,-52.582,-35.8054,-74.0669,
5.39859,5.5777,5.44367,5.41118,0,200,0,-4.93053,-7.15479,7.18692,5.32276,-0.702943,-2.84287,-2.28929,-4.49045,0,2700.93,0,2503.91,0,2651.35,0,2687.08,-38.6828,31.6803,-32.4202,38.0648,-37.2161,33.3911,-38.2811,32.1645,167.548,78.2765,-318.129,-88.1108,13.6,20.5566,117.679,42.4731,10,6.95271e-310,782.765,6.68183e-310,-881.108,1.4822e-323,205.566,5.23261e-310,424.731,-38.6828,814.446,-32.4202,-843.043,-37.2161,238.957,-38.2811,456.895,-85.7483,-124.431,124.99,92.5697,-12.2251,-49.4412,-39.8137,-78.0948,
5.40116,5.57813,5.44749,5.41073,0,200,0,-4.829,-7.04858,7.16708,5.30386,-0.523672,-2.65624,-2.50795,-4.70994,0,2698.11,0,2503.44,0,2647.14,0,2687.57,-38.6014,31.7794,-32.4038,38.0788,-37.0882,33.5331,-38.2954,32.1475,164.44,76.8666,-314.878,-87.8512,8.33586,18.0765,123.005,45.4276,10,6.95271e-310,768.666,6.68183e-310,-878.512,1.4822e-323,180.765,5.23261e-310,454.276,-38.6014,800.446,-32.4038,-840.433,-37.0882,214.299,-38.2954,486.423,-83.9826,-122.584,124.645,92.2411,-9.10734,-46.1955,-43.6166,-81.912,
5.40417,5.57826,5.45189,5.41047,0,200,0,-4.70266,-6.91673,7.13637,5.27344,-0.315874,-2.43994,-2.74536,-4.94783,0,2694.8,0,2503.29,0,2642.3,0,2687.86,-38.5057,31.8954,-32.3988,38.083,-36.9403,33.6959,-38.3039,32.1374,160.566,75.1151,-310.234,-87.4397,2.41631,15.2022,128.453,48.6317,10,6.95271e-310,751.151,6.68183e-310,-874.397,1.4822e-323,152.022,5.23261e-310,486.317,-38.5057,783.046,-32.3988,-836.314,-36.9403,185.718,-38.3039,518.454,-81.7854,-120.291,124.111,91.712,-5.49347,-42.4338,-47.7454,-86.0492,
5.40761,5.57806,5.45549,5.41041,0,200,0,-4.53003,-6.73778,7.04552,5.18214,-0.155615,-2.27268,-2.90121,-5.10379,0,2691.01,0,2503.52,0,2638.34,0,2687.93,-38.3957,32.0276,-32.4065,38.0764,-36.8185,33.8289,-38.3058,32.1352,155.958,72.7325,-304.958,-86.2115,-2.38666,12.9817,133.105,50.7333,10,6.95271e-310,727.325,6.68183e-310,-862.115,1.4822e-323,129.817,5.23261e-310,507.333,-38.3957,759.352,-32.4065,-824.038,-36.8185,163.646,-38.3058,539.468,-78.7831,-117.179,122.531,90.1242,-2.70634,-39.5249,-50.4558,-88.7616,
5.41169,5.57745,5.45971,5.41058,0,200,0,-4.31836,-6.51857,6.93002,5.0653,0.0335641,-2.07528,-3.06967,-5.27194,0,2686.52,0,2504.19,0,2633.69,0,2687.74,-38.2645,32.1842,-32.4298,38.0566,-36.6755,33.9839,-38.3004,32.1416,150.247,69.8131,-297.872,-84.6437,-7.87804,10.361,137.884,53.0011,10,6.95271e-310,698.131,6.68183e-310,-846.437,1.4822e-323,103.61,5.23261e-310,530.011,-38.2645,730.315,-32.4298,-808.38,-36.6755,137.594,-38.3004,562.152,-75.1019,-113.366,120.522,88.0922,0.583723,-36.0918,-53.3856,-91.686,
5.41543,5.57606,5.46396,5.41103,0,200,0,-4.1128,-6.30608,6.82655,4.95879,0.240279,-1.86025,-3.2353,-5.43673,0,2682.41,0,2505.72,0,2629.03,0,2687.24,-38.1439,32.3271,-32.4827,38.0115,-36.531,34.1392,-38.2857,32.159,144.379,66.9815,-289.37,-83.2241,-13.3244,7.5033,141.387,55.2261,10,6.95271e-310,669.815,6.68183e-310,-832.241,1.4822e-323,75.033,5.23261e-310,552.261,-38.1439,702.142,-32.4827,-794.23,-36.531,109.172,-38.2857,584.42,-71.527,-109.671,118.723,86.2399,4.17877,-32.3522,-56.2661,-94.5519,
5.41985,5.57389,5.46813,5.41185,0,200,0,-3.84718,-6.03221,6.66485,4.79236,0.443056,-1.64927,-3.35503,-5.55495,0,2677.54,0,2508.1,0,2624.44,0,2686.35,-38.0006,32.4955,-32.5651,37.941,-36.3883,34.2913,-38.2595,32.1902,137.092,63.329,-278.65,-81.0058,-18.5554,4.69972,144.141,56.8265,10,6.95271e-310,633.29,6.68183e-310,-810.058,1.4822e-323,46.9972,5.23261e-310,568.265,-38.0006,665.785,-32.5651,-772.117,-36.3883,81.2885,-38.2595,600.455,-66.9075,-104.908,115.91,83.3454,7.70531,-28.683,-58.3483,-96.6078,
5.42468,5.57099,5.47272,5.41318,0,200,0,-3.55315,-5.72914,6.47837,4.59956,0.668478,-1.41478,-3.46556,-5.66302,0,2672.23,0,2511.29,0,2619.39,0,2684.88,-37.8432,32.6786,-32.675,37.8463,-36.2305,34.4579,-38.2167,32.2411,128.823,59.2867,-265.622,-78.4402,-24.0529,1.58361,145.966,58.2946,10,6.95271e-310,592.867,6.68183e-310,-784.402,1.4822e-323,15.8361,5.23261e-310,582.946,-37.8432,625.545,-32.675,-746.556,-36.2305,50.2941,-38.2167,615.187,-61.7939,-99.6371,112.667,79.9923,11.6257,-24.6048,-60.2707,-98.4873,
5.42974,5.56773,5.47635,5.41504,0,200,0,-3.23081,-5.39726,6.23519,4.3493,0.834076,-1.24197,-3.4723,-5.66632,0,2666.66,0,2514.88,0,2615.4,0,2682.84,-37.6775,32.8696,-32.7982,37.7396,-36.1052,34.5893,-38.1567,32.312,120.176,54.8587,-251.972,-75.1042,-27.9298,-0.710073,146.095,58.3552,10,6.95271e-310,548.587,6.68183e-310,-751.042,1.4822e-323,-7.10073,5.23261e-310,583.552,-37.6775,581.457,-32.7982,-713.302,-36.1052,27.4885,-38.1567,615.864,-56.188,-93.8654,108.438,75.6399,14.5057,-21.5995,-60.3879,-98.5446,
5.43564,5.56393,5.48033,5.41722,0,200,0,-2.85591,-5.01118,5.93433,4.0402,1.01016,-1.05795,-3.4632,-5.65316,0,2660.18,0,2519.06,0,2611.02,0,2680.44,-37.483,33.0912,-32.9413,37.6148,-35.9673,34.7326,-38.0861,32.3952,110.087,49.7082,-236.24,-70.9811,-32.1239,-3.15122,146.034,58.1968,10,6.95271e-310,497.082,6.68183e-310,-709.811,1.4822e-323,-31.5122,5.23261e-310,581.968,-37.483,530.173,-32.9413,-672.196,-35.9673,3.22045,-38.0861,614.363,-49.6679,-87.1509,103.206,70.2644,17.5681,-18.3992,-60.2296,-98.3158,
5.44069,5.56027,5.48411,5.41976,0,200,0,-2.54593,-4.69155,5.67687,3.77485,1.1763,-0.88424,-3.44885,-5.63406,0,2654.62,0,2523.08,0,2606.86,0,2677.65,-37.3152,33.2803,-33.0786,37.4941,-35.8355,34.8686,-38.0037,32.4918,101.325,45.4463,-221.332,-67.4457,-35.7051,-5.45508,144.633,57.9617,10,6.95271e-310,454.463,6.68183e-310,-674.457,1.4822e-323,-54.5508,5.23261e-310,579.617,-37.3152,487.744,-33.0786,-636.963,-35.8355,-19.6822,-38.0037,612.109,-44.2771,-81.5922,98.7281,65.6495,20.4574,-15.3781,-59.9799,-97.9836,
5.44709,5.5555,5.48816,5.42273,0,200,0,-2.13841,-4.27174,5.31126,3.39898,1.35045,-0.70195,-3.39233,-5.57198,0,2647.58,0,2528.33,0,2602.4,0,2674.38,-37.1014,33.5184,-33.257,37.3359,-35.6939,35.0135,-37.907,32.6046,89.987,39.847,-202.843,-62.433,-39.5659,-7.87167,142.77,57.1512,10,6.95271e-310,398.47,6.68183e-310,-624.33,1.4822e-323,-78.7167,5.23261e-310,571.512,-37.1014,431.988,-33.257,-586.994,-35.6939,-43.7033,-37.907,604.116,-37.1897,-74.2911,92.3697,59.1127,23.4861,-12.2078,-58.997,-96.904,
5.45265,5.55077,5.4913,5.42599,0,200,0,-1.77908,-3.90166,4.96147,3.03905,1.47906,-0.567005,-3.28257,-5.4561,0,2641.46,0,2533.53,0,2598.95,0,2670.79,-36.9145,33.7242,-33.4334,37.1781,-35.5838,35.1254,-37.8005,32.728,79.8536,34.9108,-185.453,-57.6344,-41.9847,-9.65902,139.209,55.6183,10,6.95271e-310,349.108,6.68183e-310,-576.344,1.4822e-323,-96.5902,5.23261e-310,556.183,-36.9145,382.833,-33.4334,-539.166,-35.5838,-61.4649,-37.8005,588.911,-30.9405,-67.855,86.2865,52.8531,25.7229,-9.86096,-57.0882,-94.8887,
5.45913,5.54581,5.49476,5.42949,0,200,0,-1.37381,-3.4838,4.54546,2.61246,1.6074,-0.431686,-3.16026,-5.32719,0,2634.34,0,2538.99,0,2595.15,0,2666.94,-36.6955,33.9624,-33.6174,37.0117,-35.4624,35.248,-37.6857,32.8601,68.4162,29.3399,-166.643,-51.9394,-44.6833,-11.4481,135.813,53.9121,10,6.95271e-310,293.399,6.68183e-310,-519.394,1.4822e-323,-114.481,5.23261e-310,539.121,-36.6955,327.361,-33.6174,-482.382,-35.4624,-79.2329,-37.6857,571.981,-23.8924,-60.5879,79.0516,45.4341,27.9548,-7.50759,-54.9611,-92.6468,
5.46653,5.54055,5.49837,5.4334,0,200,0,-0.921539,-3.01701,4.05334,2.10917,1.72466,-0.307073,-3.00707,-5.1666,0,2626.19,0,2544.78,0,2591.17,0,2662.64,-36.4429,34.2332,-33.8117,36.8343,-35.3346,35.3761,-37.5571,33.0071,55.6368,23.1191,-146.25,-45.2134,-47.3425,-13.0909,132.128,51.7827,10,6.95271e-310,231.191,6.68183e-310,-452.134,1.4822e-323,-130.909,5.23261e-310,517.827,-36.4429,265.424,-33.8117,-415.3,-35.3346,-95.5334,-37.5571,550.835,-16.0268,-52.4697,70.4929,36.6812,29.9942,-5.3404,-52.2969,-89.854,
5.4725,5.53502,5.50129,5.43752,0,200,0,-0.548409,-2.63209,3.61512,1.65928,1.8256,-0.200203,-2.83689,-4.98858,0,2619.63,0,2550.86,0,2587.96,0,2658.11,-36.2379,34.4501,-34.0147,36.647,-35.2314,35.4788,-37.4207,33.1616,44.5027,17.9888,-126.743,-39.2096,-48.9775,-14.5017,126.432,49.4207,10,6.95271e-310,179.888,6.68183e-310,-392.096,1.4822e-323,-145.017,5.23261e-310,494.207,-36.2379,214.338,-34.0147,-355.449,-35.2314,-109.538,-37.4207,527.368,-9.53755,-45.7755,62.8717,28.857,31.7496,-3.4818,-49.3372,-86.7579,
5.48005,5.52953,5.50474,5.44195,0,200,0,-0.104898,-2.17357,3.07409,1.10671,1.91824,-0.100514,-2.65192,-4.79514,0,2611.32,0,2556.89,0,2584.17,0,2653.23,-35.9768,34.7227,-34.2153,36.4597,-35.1087,35.6002,-37.2733,33.3272,31.4591,11.8826,-105.696,-31.8209,-51.054,-15.8099,121.486,46.854,10,6.95271e-310,118.826,6.68183e-310,-318.209,1.4822e-323,-158.099,5.23261e-310,468.54,-35.9768,153.549,-34.2153,-281.749,-35.1087,-122.499,-37.2733,501.867,-1.82431,-37.8011,53.4624,19.2471,33.3607,-1.74806,-46.1204,-83.3937,
5.48674,5.52392,5.5077,5.44714,0,200,0,0.277399,-1.77787,2.56017,0.581065,1.98385,-0.0288312,-2.42423,-4.55747,0,2603.97,0,2563.06,0,2580.91,0,2647.52,-35.7438,34.9625,-34.4193,36.2673,-35.0032,35.704,-37.0998,33.5202,19.6753,6.61562,-84.9045,-24.7959,-51.8401,-16.7455,114.086,43.6985,10,6.95271e-310,66.1562,6.68183e-310,-247.959,1.4822e-323,-167.455,5.23261e-310,436.985,-35.7438,101.119,-34.4193,-211.692,-35.0032,-131.751,-37.0998,470.506,4.82433,-30.9195,44.5247,10.1055,34.5018,-0.501413,-42.1605,-79.2603,
5.49279,5.51836,5.51027,5.45161,0,200,0,0.632978,-1.41009,2.0627,0.0720269,2.04793,0.0405413,-2.22761,-4.35222,0,2597.31,0,2569.18,0,2578.08,0,2642.61,-35.5316,35.1782,-34.6204,36.0753,-34.9111,35.7941,-36.9496,33.6857,8.4194,1.71922,-65.4293,-17.9937,-52.8175,-17.6539,107.433,40.9738,10,6.95271e-310,17.1922,6.68183e-310,-179.937,1.4822e-323,-176.539,5.23261e-310,409.738,-35.5316,52.3705,-34.6204,-143.862,-34.9111,-140.745,-36.9496,443.423,11.0083,-24.5233,35.873,1.25264,35.6162,0.705066,-38.7411,-75.6907,
5.50003,5.51288,5.5129,5.45677,0,200,0,1.03522,-0.993153,1.47551,-0.526516,2.07497,0.0729932,-1.97666,-4.09125,0,2589.35,0,2575.22,0,2575.19,0,2636.94,-35.276,35.4345,-34.8179,35.8848,-34.817,35.8856,-36.7755,33.8757,-4.0663,-3.82692,-44.8604,-9.98389,-53.2242,-18.064,100.254,37.5049,10,6.95271e-310,-38.2692,6.68183e-310,-99.8389,1.4822e-323,-180.64,5.23261e-310,375.049,-35.276,-2.83476,-34.8179,-63.9541,-34.817,-144.754,-36.7755,408.924,18.0038,-17.2722,25.6611,-9.15679,36.0865,1.26945,-34.3766,-71.1522,
5.50598,5.50771,5.51579,5.46245,0,200,0,1.33364,-0.682563,0.981435,-1.03122,2.12048,0.124464,-1.76074,-3.86423,0,2582.8,0,2580.9,0,2572.01,0,2630.69,-35.0643,35.644,-35.0028,35.7044,-34.7132,35.986,-36.5825,34.084,-14.4324,-7.95206,-25.3621,-3.23491,-53.3833,-18.7275,91.5712,34.499,10,6.95271e-310,-79.5206,6.68183e-310,-32.3491,1.4822e-323,-187.275,5.23261e-310,344.99,-35.0643,-43.8767,-35.0028,3.35535,-34.7132,-151.289,-36.5825,379.074,23.1937,-11.8707,17.0684,-17.9343,36.8778,2.1646,-30.6215,-67.2041,
5.51327,5.50211,5.51817,5.46726,0,200,0,1.73441,-0.266805,0.350802,-1.67332,2.133,0.141928,-1.52171,-3.61574,0,2574.78,0,2587.05,0,2569.39,0,2625.39,-34.8037,35.8985,-35.202,35.508,-34.6273,36.0687,-36.4179,34.2599,-27.3092,-13.4802,-5.08581,5.36179,-53.8847,-18.9379,84.7811,31.196,10,6.95271e-310,-134.802,6.68183e-310,53.6179,1.4822e-323,-189.379,5.23261e-310,311.96,-34.8037,-98.9036,-35.202,89.1259,-34.6273,-153.31,-36.4179,346.219,30.1636,-4.64009,6.1009,-29.1011,37.0956,2.46831,-26.4645,-62.8824,
5.51985,5.49593,5.52023,5.47261,0,200,0,2.09466,0.107074,-0.275972,-2.31268,2.13841,0.151621,-1.26176,-3.34522,0,2567.54,0,2593.86,0,2567.12,0,2619.51,-34.5667,36.1267,-35.4209,35.2896,-34.5529,36.14,-36.2342,34.454,-39.6702,-18.4505,15.9072,13.9163,-53.7015,-19.0468,75.9102,27.6016,10,6.95271e-310,-184.505,6.68183e-310,139.163,1.4822e-323,-190.468,5.23261e-310,276.016,-34.5667,-148.378,-35.4209,174.452,-34.5529,-154.328,-36.2342,310.47,36.4289,1.86216,-4.79951,-40.2205,37.1898,2.63688,-21.9436,-58.1778,
5.52581,5.48946,5.52264,5.47867,0,200,0,2.39651,0.421332,-0.877296,-2.92709,2.16281,0.18103,-1.01881,-3.09022,0,2560.99,0,2600.98,0,2564.47,0,2612.84,-34.351,36.332,-35.6486,35.0596,-34.4657,36.2231,-36.0246,34.6731,-51.2706,-22.623,37.6412,22.1323,-53.4256,-19.4178,65.2678,24.224,10,6.95271e-310,-226.23,6.68183e-310,221.323,1.4822e-323,-194.178,5.23261e-310,242.24,-34.351,-189.898,-35.6486,256.382,-34.4657,-157.954,-36.0246,276.913,41.6785,7.32751,-15.2573,-50.9059,37.6141,3.14836,-17.7184,-53.743,
5.53321,5.483,5.52462,5.48379,0,200,0,2.79421,0.834553,-1.6093,-3.67207,2.14657,0.168913,-0.759234,-2.82042,0,2552.85,0,2608.08,0,2562.3,0,2607.21,-34.0809,36.5854,-35.8743,34.8286,-34.394,36.2912,-35.8467,34.857,-65.1529,-28.1132,59.3203,32.109,-53.5304,-19.2335,57.0395,20.6381,10,6.95271e-310,-281.132,6.68183e-310,321.09,1.4822e-323,-192.335,5.23261e-310,206.381,-34.0809,-244.547,-35.8743,355.918,-34.394,-156.043,-35.8467,241.238,48.5949,14.514,-27.9878,-63.8621,37.3317,2.93761,-13.2041,-49.0508,
5.53973,5.47672,5.52649,5.4903,0,200,0,3.10666,1.16076,-2.28981,-4.36512,2.10789,0.134139,-0.464099,-2.5122,0,2545.67,0,2614.99,0,2560.24,0,2600.05,-33.8417,36.8068,-36.0923,34.6027,-34.3261,36.3554,-35.6192,35.0895,-77.2396,-32.4393,80.8174,41.3882,-52.1405,-18.7449,45.5985,16.5487,10,6.95271e-310,-324.393,6.68183e-310,413.882,1.4822e-323,-187.449,5.23261e-310,165.487,-33.8417,-287.587,-36.0923,448.485,-34.3261,-151.093,-35.6192,200.577,54.0288,20.1871,-39.8228,-75.9151,36.659,2.33286,-8.07129,-43.6904,
5.54529,5.47103,5.52825,5.49588,0,200,0,3.3669,1.4328,-2.89502,-4.98162,2.0853,0.11523,-0.231609,-2.26841,0,2539.56,0,2621.25,0,2558.3,0,2593.91,-33.6365,36.9944,-36.2887,34.3967,-34.262,36.4158,-35.4226,35.2879,-87.9013,-36.0453,99.8413,49.642,-51.2971,-18.4712,35.6419,13.3192,10,6.95271e-310,-360.453,6.68183e-310,496.42,1.4822e-323,-184.712,5.23261e-310,133.192,-33.6365,-323.459,-36.2887,530.817,-34.262,-148.296,-35.4226,168.48,58.5548,24.9183,-50.3482,-86.6369,36.266,2.004,-4.02799,-39.4506,
5.5523,5.46543,5.52973,5.50293,0,200,0,3.67406,1.75492,-3.61852,-5.71615,1.98224,0.0152602,0.105203,-1.91725,0,2531.85,0,2627.41,0,2556.68,0,2586.16,-33.3763,37.2293,-36.4806,34.193,-34.2083,36.4663,-35.1731,35.5367,-99.8891,-40.3096,120.241,59.4883,-48.6787,-17.108,23.5943,8.65796,10,6.95271e-310,-403.096,6.68183e-310,594.883,1.4822e-323,-171.08,5.23261e-310,86.5796,-33.3763,-365.866,-36.4806,629.076,-34.2083,-134.614,-35.1731,122.116,63.8967,30.5204,-62.9307,-99.4114,34.4737,0.265395,1.82961,-33.3435,
5.55795,5.46017,5.53139,5.50939,0,200,0,3.90143,1.99441,-4.23763,-6.34559,1.91972,-0.0437581,0.362818,-1.64639,0,2525.64,0,2633.19,0,2554.85,0,2579.05,-33.1656,37.4171,-36.66,34.0006,-34.1475,36.5232,-34.9428,35.7631,-110.029,-43.4745,138.813,67.9216,-46.7601,-16.2947,12.1928,5.07388,10,6.95271e-310,-434.745,6.68183e-310,679.216,1.4822e-323,-162.947,5.23261e-310,50.7388,-33.1656,-397.328,-36.66,713.217,-34.1475,-126.424,-34.9428,86.5019,67.851,34.6853,-73.698,-110.358,33.3865,-0.761011,6.30988,-28.6329,
5.56466,5.45484,5.53272,5.51539,0,200,0,4.19323,2.30069,-4.95657,-7.07492,1.8211,-0.139589,0.641592,-1.35524,0,2518.25,0,2639.06,0,2553.39,0,2572.45,-32.9138,37.6388,-36.8408,33.8046,-34.0989,36.5686,-34.7275,35.9723,-121.847,-47.5272,157.575,77.7013,-44.8966,-14.9888,1.99928,1.21212,10,6.95271e-310,-475.272,6.68183e-310,777.013,1.4822e-323,-149.888,5.23261e-310,12.1212,-32.9138,-437.634,-36.8408,810.818,-34.0989,-113.319,-34.7275,48.0934,72.9257,40.0119,-86.2012,-123.042,31.6713,-2.42763,11.1581,-23.5693,
5.57059,5.44957,5.53391,5.52257,0,200,0,4.41577,2.5361,-5.63212,-7.76066,1.70237,-0.255821,0.945096,-1.03683,0,2511.73,0,2644.85,0,2552.08,0,2564.55,-32.6899,37.8334,-37.0182,33.6104,-34.0555,36.6091,-34.4683,36.2206,-132.217,-50.6329,176.286,86.8946,-41.7174,-13.4094,-10.9573,-3.00384,10,6.95271e-310,-506.329,6.68183e-310,868.946,1.4822e-323,-134.094,5.23261e-310,-30.0384,-32.6899,-468.495,-37.0182,902.557,-34.0555,-97.4848,-34.4683,6.18227,76.796,44.106,-97.9498,-134.968,29.6064,-4.44906,16.4365,-18.0319,
5.57564,5.44504,5.53496,5.52898,0,200,0,4.59244,2.72377,-6.21845,-8.35573,1.59496,-0.361008,1.20122,-0.767317,0,2506.18,0,2649.83,0,2550.92,0,2557.5,-32.4986,37.9979,-37.17,33.4423,-34.0169,36.6449,-34.2354,36.4409,-141.031,-53.1047,192.445,94.8731,-38.82,-11.9803,-22.5729,-6.5682,10,6.95271e-310,-531.047,6.68183e-310,948.731,1.4822e-323,-119.803,5.23261e-310,-65.682,-32.4986,-493.049,-37.17,982.173,-34.0169,-83.1578,-34.2354,-29.2411,79.8686,47.37,-108.147,-145.317,27.7385,-6.2784,20.8908,-13.3447,
5.58149,5.44103,5.53594,5.53549,0,200,0,4.79689,2.94103,-6.84446,-8.98944,1.45177,-0.502127,1.47626,-0.478602,0,2499.75,0,2654.25,0,2549.84,0,2550.34,-32.2759,38.1873,-37.304,33.2928,-33.9808,36.6784,-33.9975,36.6629,-150.423,-55.9656,208.021,103.377,-35.5364,-10.0676,-33.6224,-10.3896,10,6.95271e-310,-559.656,6.68183e-310,1033.77,1.4822e-323,-100.676,5.23261e-310,-103.896,-32.2759,-521.469,-37.304,1067.07,-33.9808,-63.9978,-33.9975,-67.2333,83.4242,51.1484,-119.034,-156.338,25.2482,-8.73265,25.674,-8.32351,
5.58642,5.4377,5.5368,5.54191,0,200,0,4.94523,3.10023,-7.3762,-9.52754,1.30918,-0.642921,1.73009,-0.21119,0,2494.32,0,2657.91,0,2548.9,0,2543.28,-32.0869,38.3462,-37.4147,33.1683,-33.9496,36.7073,-33.7613,36.8805,-158.031,-58.0541,221.578,110.6,-31.8839,-8.16074,-44.6645,-13.9241,10,6.95271e-310,-580.541,6.68183e-310,1106,1.4822e-323,-81.6074,5.23261e-310,-139.241,-32.0869,-542.194,-37.4147,1139.17,-33.9496,-44.9002,-33.7613,-102.361,86.004,53.9171,-128.282,-165.696,22.7684,-11.1812,30.0885,-3.67286,
5.59104,5.4347,5.53754,5.54816,0,200,0,5.07441,3.2396,-7.87281,-10,1.16332,-0.787214,1.97111,0.0431099,0,2489.24,0,2661.21,0,2548.09,0,2536.41,-31.9097,38.4938,-37.5139,33.0561,-33.9223,36.7325,-33.5304,37.0906,-164.991,-59.8786,234.078,117.343,-28.1273,-6.20788,-55.3938,-17.2831,10,6.95271e-310,-598.786,6.68183e-310,1173.43,1.4822e-323,-62.0788,5.23261e-310,-172.831,-31.9097,-560.292,-37.5139,1206.48,-33.9223,-25.3464,-33.5304,-135.741,88.2506,56.3409,-136.918,-174.432,20.2317,-13.6907,34.2801,0.749737,
5.5952,5.43209,5.53816,5.55432,0,200,0,5.17656,3.35098,-8.32094,-10,1.01427,-0.934943,2.20119,0.28637,0,2484.66,0,2664.08,0,2547.4,0,2529.63,-31.7493,38.6262,-37.6001,32.958,-33.8994,36.7536,-33.3013,37.2964,-171.048,-61.3309,245.419,123.426,-24.1379,-4.20998,-66.0355,-20.4937,10,6.95271e-310,-613.309,6.68183e-310,1234.26,1.4822e-323,-42.0998,5.23261e-310,-204.937,-31.7493,-574.682,-37.6001,1267.22,-33.8994,-5.3462,-33.3013,-167.64,90.0272,58.2779,-144.712,-182.312,17.6396,-16.2599,38.2816,4.98034,
5.59916,5.42975,5.53875,5.55955,0,200,0,5.28195,3.46519,-8.74174,-10,0.880676,-1.0673,2.39609,0.492526,0,2480.3,0,2666.65,0,2546.76,0,2523.87,-31.5958,38.7518,-37.6771,32.87,-33.8779,36.7735,-33.1055,37.4703,-176.906,-62.8233,255.508,129.136,-20.8726,-2.41966,-74.8761,-23.2138,10,6.95271e-310,-628.233,6.68183e-310,1291.36,1.4822e-323,-24.1966,5.23261e-310,-232.138,-31.5958,-589.481,-37.6771,1324.23,-33.8779,12.5769,-33.1055,-194.668,91.86,60.2642,-152.03,-189.707,15.3161,-18.5618,41.6712,8.56567,
5.60283,5.42798,5.53928,5.56585,0,200,0,5.34365,3.53508,-9.11231,-10,0.717667,-1.22919,2.61585,0.725877,0,2476.27,0,2668.6,0,2546.18,0,2516.95,-31.4535,38.8674,-37.7353,32.8031,-33.8585,36.7914,-32.8691,37.6779,-181.539,-63.7217,264.928,134.16,-16.2735,-0.231885,-85.5188,-26.2881,10,6.95271e-310,-637.217,6.68183e-310,1341.6,1.4822e-323,-2.31885,5.23261e-310,-262.881,-31.4535,-598.349,-37.7353,1374.4,-33.8585,34.4725,-32.8691,-225.203,92.9331,61.4796,-158.475,-196.21,12.4812,-21.3773,45.4931,12.624,
5.60614,5.42672,5.53974,5.57118,0,200,0,5.40067,3.59949,-9.42698,-10,0.570673,-1.3752,2.80093,0.922534,0,2472.63,0,2669.99,0,2545.66,0,2511.08,-31.3248,38.9713,-37.7766,32.7556,-33.8413,36.8072,-32.6677,37.8526,-185.524,-64.5504,272.538,138.422,-12.2923,1.7411,-94.2401,-28.8782,10,6.95271e-310,-645.504,6.68183e-310,1384.22,1.4822e-323,17.411,5.23261e-310,-288.782,-31.3248,-606.532,-37.7766,1416.98,-33.8413,54.2181,-32.6677,-250.929,93.9246,62.5999,-163.947,-201.724,9.92474,-23.9165,48.7118,16.0441,
5.60913,5.42586,5.5402,5.57628,0,200,0,5.44156,3.64711,-9.69554,-10,0.428036,-1.51687,2.97107,1.10381,0,2469.33,0,2670.94,0,2545.16,0,2505.47,-31.2079,39.0649,-37.8048,32.723,-33.8245,36.8226,-32.474,38.0189,-188.81,-65.1562,279.067,142.056,-8.34044,3.65555,-102.432,-31.2631,10,6.95271e-310,-651.562,6.68183e-310,1420.56,1.4822e-323,36.5555,5.23261e-310,-312.631,-31.2079,-612.497,-37.8048,1453.28,-33.8245,73.3781,-32.474,-274.612,94.6358,63.4279,-168.618,-206.423,7.44411,-26.3804,51.6708,19.1968,
5.61181,5.42523,5.5406,5.58128,0,200,0,5.46624,3.6778,-9.92747,-10,0.287129,-1.65694,3.13226,1.27595,0,2466.39,0,2671.62,0,2544.73,0,2499.97,-31.1033,39.1482,-37.8252,32.6995,-33.8099,36.836,-32.2836,38.1807,-191.495,-65.5377,284.849,145.192,-4.3101,5.54774,-110.466,-33.5256,10,6.95271e-310,-655.377,6.68183e-310,1451.92,1.4822e-323,55.4774,5.23261e-310,-335.256,-31.1033,-616.229,-37.8252,1484.62,-33.8099,92.3134,-32.2836,-297.076,95.0651,63.9617,-172.652,-210.477,4.99355,-28.8164,54.4741,22.1905,
5.61419,5.42482,5.54099,5.58616,0,200,0,5.47611,3.69305,-10,-10,0.151614,-1.79162,3.28135,1.43577,0,2463.77,0,2672.08,0,2544.29,0,2494.61,-31.0099,39.2223,-37.8389,32.6836,-33.7954,36.8493,-32.097,38.3377,-193.661,-65.7144,290.005,147.874,-0.303522,7.36728,-118.28,-35.623,10,6.95271e-310,-657.144,6.68183e-310,1478.74,1.4822e-323,73.6728,5.23261e-310,-356.23,-31.0099,-617.922,-37.8389,1511.43,-33.7954,110.522,-32.097,-317.893,95.2368,64.2269,-176.103,-213.942,2.63676,-31.1586,57.0669,24.9699,
5.61624,5.42464,5.54136,5.59094,0,200,0,5.46875,3.6903,-10,-10,0.0203292,-1.92212,3.42008,1.58506,0,2461.52,0,2672.28,0,2543.88,0,2489.35,-30.9295,39.2857,-37.8448,32.6768,-33.7817,36.8619,-31.9133,38.4908,-195.201,-65.6526,294.445,150.028,3.74786,9.13021,-125.936,-37.5794,10,6.95271e-310,-656.526,6.68183e-310,1500.28,1.4822e-323,91.3021,5.23261e-310,-375.794,-30.9295,-617.241,-37.8448,1532.96,-33.7817,128.164,-31.9133,-337.303,95.1087,64.1792,-178.878,-216.723,0.353551,-33.4281,59.4796,27.5663,
5.61799,5.42471,5.54171,5.59546,0,200,0,5.44958,3.67509,-10,-10,-0.103803,-2.04551,3.54569,1.72069,0,2459.59,0,2672.2,0,2543.5,0,2484.38,-30.8607,39.3398,-37.8424,32.6795,-33.7689,36.8736,-31.7391,38.6345,-196.197,-65.4263,298.073,151.671,7.68787,10.7972,-133.094,-39.3543,10,6.95271e-310,-654.263,6.68183e-310,1516.71,1.4822e-323,107.972,5.23261e-310,-393.543,-30.8607,-614.924,-37.8424,1549.39,-33.7689,144.845,-31.7391,-354.908,94.7753,63.9147,-180.999,-218.842,-1.80528,-35.5741,61.6642,29.9251,
5.61946,5.42516,5.54206,5.59977,0,200,0,5.41708,3.64593,-10,-10,-0.223018,-2.16399,3.66019,1.8448,0,2457.97,0,2671.7,0,2543.12,0,2479.63,-30.8027,39.3852,-37.8275,32.6967,-33.756,36.8854,-31.5721,38.7711,-196.535,-65.0154,300.711,152.703,11.6024,12.3978,-139.748,-40.976,10,6.95271e-310,-650.154,6.68183e-310,1527.03,1.4822e-323,123.978,5.23261e-310,-409.76,-30.8027,-610.768,-37.8275,1559.73,-33.756,160.864,-31.5721,-370.988,94.2101,63.4075,-182.341,-220.169,-3.87858,-37.6346,63.6556,32.0834,
5.62076,5.42616,5.54236,5.60414,0,200,0,5.37025,3.60204,-10,-10,-0.350541,-2.29088,3.77621,1.97055,0,2456.55,0,2670.61,0,2542.79,0,2474.83,-30.7516,39.4251,-37.795,32.7344,-33.745,36.8955,-31.4027,38.9085,-196.123,-64.4079,302.237,153.099,15.8629,14.1113,-146.245,-42.619,10,6.95271e-310,-644.079,6.68183e-310,1530.99,1.4822e-323,141.113,5.23261e-310,-426.19,-30.7516,-604.654,-37.795,1563.73,-33.745,178.009,-31.4027,-387.282,93.3957,62.6441,-182.874,-220.669,-6.09636,-39.8413,65.6732,34.2705,
5.6216,5.42791,5.54262,5.60749,0,200,0,5.31665,3.55033,-10,-10,-0.457761,-2.39754,3.86541,2.06728,0,2455.62,0,2668.68,0,2542.5,0,2471.14,-30.7186,39.4509,-37.7377,32.8004,-33.7353,36.9044,-31.272,39.0136,-194.666,-63.7008,301.511,152.376,19.532,15.5518,-150.631,-43.8825,10,6.95271e-310,-637.008,6.68183e-310,1523.76,1.4822e-323,155.518,5.23261e-310,-438.825,-30.7186,-597.558,-37.7377,1556.56,-33.7353,192.422,-31.272,-399.812,92.4635,61.7449,-181.978,-219.716,-7.96107,-41.6963,67.2246,35.9526,
5.62226,5.43015,5.54291,5.61082,0,200,0,5.24939,3.48457,-10,-10,-0.56639,-2.50556,3.95115,2.1605,0,2454.9,0,2666.22,0,2542.18,0,2467.47,-30.6926,39.4711,-37.6641,32.8849,-33.7246,36.9141,-31.1418,39.1176,-192.515,-62.8064,299.777,151.042,23.3599,17.0108,-154.715,-45.099,10,6.95271e-310,-628.064,6.68183e-310,1510.42,1.4822e-323,170.108,5.23261e-310,-450.99,-30.6926,-588.593,-37.6641,1543.31,-33.7246,207.023,-31.1418,-411.872,91.2938,60.6012,-180.304,-217.968,-9.85026,-43.5749,68.7157,37.5739,
5.62274,5.43268,5.54324,5.61385,0,200,0,5.17582,3.41208,-10,-10,-0.665554,-2.60401,4.0247,2.24087,0,2454.37,0,2663.44,0,2541.81,0,2464.14,-30.6736,39.4858,-37.5808,32.9801,-33.7123,36.9254,-31.0231,39.2118,-189.934,-61.8235,297.268,149.267,26.9588,18.3415,-158.106,-46.1457,10,6.95271e-310,-618.235,6.68183e-310,1492.67,1.4822e-323,183.415,5.23261e-310,-461.457,-30.6736,-578.75,-37.5808,1525.65,-33.7123,220.34,-31.0231,-422.245,90.0142,59.3406,-178.068,-215.649,-11.5749,-45.2871,69.9948,38.9717,
5.62302,5.4358,5.54359,5.61657,0,200,0,5.09337,3.33029,-10,-10,-0.761614,-2.69933,4.09066,2.31297,0,2454.05,0,2659.99,0,2541.43,0,2461.15,-30.6623,39.4946,-37.4774,33.0974,-33.6994,36.9371,-30.9163,39.2961,-186.61,-60.7176,293.373,146.787,30.4954,19.63,-160.615,-47.0845,10,6.95271e-310,-607.176,6.68183e-310,1467.87,1.4822e-323,196.3,5.23261e-310,-470.845,-30.6623,-567.681,-37.4774,1500.96,-33.6994,233.238,-30.9163,-431.549,88.5803,57.9181,-174.934,-212.411,-13.2455,-46.9449,71.1419,40.2256,
5.62308,5.43969,5.54397,5.61922,0,200,0,4.9926,3.22965,-9.81539,-10,-0.860405,-2.79731,4.15336,2.38166,0,2453.99,0,2655.72,0,2541.01,0,2458.23,-30.6599,39.4964,-37.3487,33.2427,-33.6852,36.95,-30.8121,39.3779,-182.28,-59.3605,287.937,143.443,34.2304,20.9548,-162.583,-47.9782,10,6.95271e-310,-593.605,6.68183e-310,1434.43,1.4822e-323,209.548,5.23261e-310,-479.782,-30.6599,-554.108,-37.3487,1467.67,-33.6852,246.498,-30.8121,-440.404,86.8278,56.1679,-170.702,-208.051,-14.9636,-48.6488,72.2323,41.4203,
5.6229,5.44362,5.54439,5.62137,0,200,0,4.88891,3.12555,-9.55264,-10,-0.940811,-2.87682,4.19823,2.4314,0,2454.19,0,2651.4,0,2540.55,0,2455.87,-30.667,39.4909,-37.2177,33.3893,-33.6697,36.9642,-30.7276,39.4438,-177.715,-57.9596,282.018,139.836,37.4389,22.0311,-163.696,-48.6223,10,6.95271e-310,-579.596,6.68183e-310,1398.36,1.4822e-323,220.311,5.23261e-310,-486.223,-30.667,-540.105,-37.2177,1431.75,-33.6697,257.275,-30.7276,-446.779,85.0245,54.3575,-166.133,-203.351,-16.3619,-50.0317,73.0127,42.2852,
5.62246,5.44741,5.5449,5.62371,0,200,0,4.76598,3.00162,-9.28019,-10,-1.0126,-2.94755,4.23469,2.47316,0,2454.67,0,2647.23,0,2539.99,0,2453.3,-30.6845,39.4773,-37.091,33.53,-33.6511,36.9811,-30.6353,39.5155,-172.897,-56.2946,276.379,136.101,40.6494,22.9899,-165.331,-49.1566,10,6.95271e-310,-562.946,6.68183e-310,1361.01,1.4822e-323,229.899,5.23261e-310,-491.566,-30.6845,-523.469,-37.091,1394.54,-33.6511,266.88,-30.6353,-452.05,82.8866,52.2021,-161.395,-198.486,-17.6105,-51.2617,73.6467,43.0114,
5.62173,5.45201,5.54546,5.62553,0,200,0,4.62935,2.86333,-8.93862,-10,-1.07505,-3.00879,4.25678,2.49939,0,2455.48,0,2642.17,0,2539.37,0,2451.3,-30.7134,39.4549,-36.9363,33.7003,-33.6303,37,-30.5632,39.5713,-167.041,-54.4396,268.815,131.42,43.6108,23.8215,-165.598,-49.4878,10,6.95271e-310,-544.396,6.68183e-310,1314.2,1.4822e-323,238.215,5.23261e-310,-494.878,-30.7134,-504.941,-36.9363,1347.9,-33.6303,275.215,-30.5632,-455.307,80.5104,49.797,-155.454,-192.39,-18.6965,-52.3268,74.0309,43.4677,
5.62057,5.4569,5.54614,5.62709,0,200,0,4.46927,2.70061,-8.55003,-10,-1.11883,-3.05112,4.25857,2.50473,0,2456.76,0,2636.79,0,2538.62,0,2449.59,-30.7592,39.4192,-36.7711,33.8805,-33.605,37.023,-30.5016,39.6189,-160.404,-52.2607,260.399,126.1,46.2622,24.3995,-165.337,-49.5406,10,6.95271e-310,-522.607,6.68183e-310,1261,1.4822e-323,243.995,5.23261e-310,-495.406,-30.7592,-483.188,-36.7711,1294.88,-33.605,281.018,-30.5016,-455.787,77.7264,46.9672,-148.696,-185.467,-19.4579,-53.0629,74.062,43.5604,
5.61898,5.46275,5.54692,5.6284,0,200,0,4.27815,2.50591,-8.07782,-10,-1.15745,-3.08808,4.24755,2.49672,0,2458.5,0,2630.36,0,2537.76,0,2448.14,-30.8215,39.3705,-36.5723,34.095,-33.5762,37.0492,-30.4493,39.659,-152.346,-49.6557,249.886,119.637,48.9209,24.9063,-164.172,-49.4164,10,6.95271e-310,-496.557,6.68183e-310,1196.37,1.4822e-323,249.063,5.23261e-310,-494.164,-30.8215,-457.186,-36.5723,1230.47,-33.5762,286.112,-30.4493,-454.505,74.4026,43.581,-140.484,-177.056,-20.1296,-53.7058,73.8705,43.4212,
5.61713,5.46877,5.54781,5.62945,0,200,0,4.0712,2.29476,-7.57966,-9.67071,-1.1806,-3.10934,4.21915,2.4707,0,2460.54,0,2623.73,0,2536.79,0,2446.99,-30.8946,39.3131,-36.3661,34.3148,-33.5433,37.0789,-30.4079,39.6908,-143.818,-46.8324,238.78,112.821,51.213,25.2026,-162.467,-49.0528,10,6.95271e-310,-468.324,6.68183e-310,1128.21,1.4822e-323,252.026,5.23261e-310,-490.528,-30.8946,-429.011,-36.3661,1162.53,-33.5433,289.105,-30.4079,-450.838,70.8035,39.9089,-131.82,-168.186,-20.5322,-54.0755,73.3766,42.9686,
5.61504,5.47438,5.54879,5.63028,0,200,0,3.856,2.07485,-7.09358,-9.17353,-1.18182,-3.10846,4.17159,2.42504,0,2462.83,0,2617.56,0,2535.71,0,2446.07,-30.9765,39.2486,-36.1731,34.5182,-33.5068,37.1119,-30.3746,39.7163,-135.447,-43.8936,228.247,106.174,52.9849,25.2016,-160.725,-48.4272,10,6.95271e-310,-438.936,6.68183e-310,1061.74,1.4822e-323,252.016,5.23261e-310,-484.272,-30.9765,-399.687,-36.1731,1096.26,-33.5068,289.127,-30.3746,-444.556,67.0608,36.0843,-123.367,-159.54,-20.5534,-54.0602,72.5493,42.1747,
5.61263,5.48176,5.54989,5.63086,0,200,0,3.60172,1.81514,-6.49143,-8.55667,-1.19358,-3.11787,4.11748,2.37225,0,2465.48,0,2609.44,0,2534.5,0,2445.43,-31.071,39.1739,-35.9173,34.7843,-33.4659,37.1488,-30.3518,39.7337,-124.997,-40.4223,214.145,97.9327,54.9955,25.3405,-157.469,-47.7085,10,6.95271e-310,-404.223,6.68183e-310,979.327,1.4822e-323,253.405,5.23261e-310,-477.085,-31.071,-365.049,-35.9173,1014.11,-33.4659,290.554,-30.3518,-437.352,62.6386,31.5677,-112.894,-148.812,-20.7579,-54.2238,71.6084,41.2566,
5.61003,5.48875,5.55123,5.63126,0,200,0,3.33569,1.54326,-5.90237,-7.95359,-1.17733,-3.09878,4.03691,2.29258,0,2468.35,0,2601.75,0,2533.03,0,2445,-31.1727,39.093,-35.6734,35.0344,-33.4164,37.1933,-30.3361,39.7457,-114.721,-36.7891,200.674,89.8737,56.3397,25.0979,-154.094,-46.6298,10,6.95271e-310,-367.891,6.68183e-310,898.737,1.4822e-323,250.979,5.23261e-310,-466.298,-31.1727,-328.798,-35.6734,933.771,-33.4164,288.172,-30.3361,-426.552,58.012,26.8392,-102.65,-138.323,-20.4753,-53.8918,70.2071,39.871,
5.60726,5.49515,5.55247,5.63144,0,200,0,3.06951,1.27086,-5.34408,-7.38237,-1.14926,-3.06804,3.94745,2.20354,0,2471.39,0,2594.71,0,2531.66,0,2444.8,-31.2809,39.0065,-35.4484,35.262,-33.3701,37.2349,-30.3289,39.7512,-104.855,-33.151,187.995,82.239,57.3112,24.6974,-150.88,-45.4275,10,6.95271e-310,-331.51,6.68183e-310,822.39,1.4822e-323,246.974,5.23261e-310,-454.275,-31.2809,-292.503,-35.4484,857.652,-33.3701,284.209,-30.3289,-414.524,53.3828,22.1019,-92.9405,-128.389,-19.9871,-53.3572,68.6514,38.3224,
5.60435,5.50268,5.55396,5.63139,0,200,0,2.77488,0.969705,-4.72205,-6.74502,-1.11953,-3.03513,3.84264,2.09862,0,2474.59,0,2586.44,0,2530.03,0,2444.85,-31.3943,38.9153,-35.182,35.5278,-33.3147,37.2845,-30.3308,39.7497,-93.763,-29.1268,173.128,73.7253,58.1213,24.2704,-146.468,-44.0139,10,6.95271e-310,-291.268,6.68183e-310,737.253,1.4822e-323,242.704,5.23261e-310,-440.139,-31.3943,-252.352,-35.182,772.781,-33.3147,279.988,-30.3308,-400.39,48.2587,16.8644,-82.1226,-117.305,-19.4701,-52.7848,66.8286,36.4978,
5.60122,5.50888,5.55552,5.63109,0,200,0,2.48494,0.672774,-4.16021,-6.17045,-1.05244,-2.96469,3.7108,1.9661,0,2478.03,0,2579.61,0,2528.31,0,2445.18,-31.5159,38.8169,-34.9608,35.7455,-33.2566,37.3363,-30.3427,39.7406,-83.7393,-25.1619,160.445,66.0451,58.0734,23.3383,-142.515,-42.2314,10,6.95271e-310,-251.619,6.68183e-310,660.451,1.4822e-323,233.383,5.23261e-310,-422.314,-31.5159,-212.802,-34.9608,696.197,-33.2566,270.719,-30.3427,-382.574,43.2163,11.7004,-72.3514,-107.312,-18.3032,-51.5598,64.5357,34.193,
5.59808,5.51675,5.55734,5.63051,0,200,0,2.16517,0.346004,-3.52118,-5.5152,-0.994885,-2.90323,3.56768,1.82166,0,2481.49,0,2570.96,0,2526.31,0,2445.82,-31.6376,38.7177,-34.6787,36.0193,-33.1885,37.3968,-30.3656,39.7232,-72.161,-20.7949,144.658,57.2954,57.9557,22.5302,-136.878,-40.2918,10,6.95271e-310,-207.949,6.68183e-310,572.954,1.4822e-323,225.302,5.23261e-310,-402.918,-31.6376,-169.231,-34.6787,608.973,-33.1885,262.699,-30.3656,-363.195,37.6551,6.01746,-61.2379,-95.9166,-17.3024,-50.4909,62.0466,31.681,
5.59481,5.52464,5.559,5.62961,0,200,0,1.84095,0.0145173,-2.88904,-4.86665,-0.940838,-2.84559,3.42203,1.67396,0,2485.09,0,2562.27,0,2524.48,0,2446.8,-31.7641,38.614,-34.3932,36.292,-33.1262,37.4521,-30.4013,39.6959,-60.4663,-16.3657,128.419,48.6374,57.6615,21.772,-130.863,-38.3121,10,6.95271e-310,-163.657,6.68183e-310,486.374,1.4822e-323,217.72,5.23261e-310,-383.121,-31.7641,-125.043,-34.3932,522.666,-33.1262,255.172,-30.4013,-343.425,32.0166,0.252474,-50.2442,-84.6373,-16.3624,-49.4886,59.5136,29.1123,
5.5914,5.53288,5.56096,5.62836,0,200,0,1.49781,-0.336203,-2.23974,-4.2001,-0.866503,-2.76705,3.2467,1.49575,0,2488.84,0,2553.22,0,2522.33,0,2448.19,-31.8958,38.5053,-34.0932,36.5739,-33.053,37.5167,-30.4512,39.6576,-48.3527,-11.6787,111.4,39.7415,56.7004,20.7353,-123.899,-35.9258,10,6.95271e-310,-116.787,6.68183e-310,397.415,1.4822e-323,207.353,5.23261e-310,-359.258,-31.8958,-78.2819,-34.0932,433.989,-33.053,244.87,-30.4512,-319.6,26.0488,-5.84701,-38.9519,-73.0452,-15.0696,-48.1226,56.4643,26.0131,
5.58793,5.54169,5.5631,5.62676,0,200,0,1.13786,-0.703802,-1.57375,-3.51551,-0.786236,-2.68215,3.05161,1.29703,0,2492.65,0,2543.53,0,2519.97,0,2449.94,-32.029,38.3946,-33.7697,36.8728,-32.9724,37.5875,-30.5144,39.609,-35.709,-6.76466,93.1754,30.6099,55.2809,19.6152,-115.912,-33.267,10,6.95271e-310,-67.6466,6.68183e-310,306.099,1.4822e-323,196.152,5.23261e-310,-332.67,-32.029,-29.252,-33.7697,342.972,-32.9724,233.739,-30.5144,-293.061,19.7889,-12.24,-27.3695,-61.1393,-13.6737,-46.6461,53.0715,22.5571,
5.58439,5.55064,5.56505,5.62489,0,200,0,0.772202,-1.07728,-0.918933,-2.84164,-0.717676,-2.60936,2.85735,1.09852,0,2496.56,0,2533.68,0,2517.82,0,2452,-32.165,38.2807,-33.4383,37.1737,-32.8989,37.6519,-30.5884,39.5519,-22.9051,-1.77209,74.3347,21.6256,53.7909,18.6562,-107.586,-30.6144,10,6.95271e-310,-17.7209,6.68183e-310,216.256,1.4822e-323,186.562,5.23261e-310,-306.144,-32.165,20.5598,-33.4383,253.43,-32.8989,224.213,-30.5884,-266.592,13.4296,-18.7354,-15.9814,-49.4197,-12.4813,-45.3802,49.6931,19.1047,
5.58047,5.55955,5.5675,5.62284,0,200,0,0.368754,-1.48934,-0.246876,-2.15044,-0.608288,-2.49467,2.61349,0.850004,0,2500.87,0,2523.87,0,2515.13,0,2454.25,-32.3147,38.1544,-33.1055,37.4703,-32.8066,37.7323,-30.6694,39.4891,-9.72404,3.73637,55.459,12.4088,51.4046,17.138,-98.8496,-27.2899,10,6.95271e-310,37.3637,6.68183e-310,124.088,1.4822e-323,171.38,5.23261e-310,-272.899,-32.3147,75.518,-33.1055,161.558,-32.8066,209.112,-30.6694,-233.41,6.41311,-25.9016,-4.29349,-37.399,-10.5789,-43.3855,45.4521,14.7827,
5.57731,5.56884,5.56958,5.62061,0,200,0,0.00856177,-1.85644,0.360363,-1.52311,-0.548767,-2.43063,2.40703,0.638488,0,2504.33,0,2513.65,0,2512.84,0,2456.7,-32.4348,38.0524,-32.7561,37.7762,-32.728,37.8005,-30.7573,39.4206,2.77823,8.64786,36.083,4.0583,49.3299,16.2985,-89.4916,-24.4662,10,6.95271e-310,86.4786,6.68183e-310,40.583,1.4822e-323,162.985,5.23261e-310,-244.662,-32.4348,124.531,-32.7561,78.3592,-32.728,200.785,-30.7573,-205.242,0.1489,-32.2859,6.26718,-26.4889,-9.54378,-42.2718,41.8615,11.1041,
5.57384,5.57885,5.5721,5.61828,0,200,0,-0.402001,-2.2746,1.00614,-0.855508,-0.471814,-2.3482,2.16213,0.388287,0,2508.16,0,2502.65,0,2510.07,0,2459.28,-32.5669,37.9394,-32.3764,38.1021,-32.6328,37.8828,-30.8494,39.3487,16.3397,14.244,15.3258,-4.82532,46.7067,15.2162,-79.4392,-21.1224,10,6.95271e-310,142.44,6.68183e-310,-48.2532,1.4822e-323,152.162,5.23261e-310,-211.224,-32.5669,180.379,-32.3764,-10.1511,-32.6328,190.044,-30.8494,-171.876,-6.99132,-39.5582,17.498,-14.8784,-8.20546,-40.8382,37.6022,6.75281,
5.57022,5.58893,5.57434,5.61572,0,200,0,-0.82235,-2.70283,1.6338,-0.20567,-0.41232,-2.28382,1.92057,0.140958,0,2512.14,0,2491.56,0,2507.6,0,2462.08,-32.704,37.8213,-31.9908,38.4264,-32.5478,37.9558,-30.9497,39.2698,30.0648,19.9745,-5.95534,-13.467,44.1276,14.374,-69.3128,-17.8199,10,6.95271e-310,199.745,6.68183e-310,-134.67,1.4822e-323,143.74,5.23261e-310,-178.199,-32.704,237.566,-31.9908,-96.2435,-32.5478,181.696,-30.9497,-138.929,-14.3017,-47.0057,28.4139,-3.57688,-7.17079,-39.7186,33.4011,2.45144,
5.56725,5.59849,5.57682,5.61285,0,200,0,-1.19845,-3.08538,2.18539,0.367134,-0.338934,-2.20501,1.66361,-0.122484,0,2515.41,0,2481.04,0,2504.87,0,2465.25,-32.8162,37.7239,-31.6218,38.7306,-32.4535,38.0364,-31.0625,39.1806,42.3764,25.0969,-25.8865,-21.0748,40.7,13.3403,-58.444,-14.3039,10,6.95271e-310,250.969,6.68183e-310,-210.748,1.4822e-323,133.403,5.23261e-310,-143.039,-32.8162,288.693,-31.6218,-172.018,-32.4535,171.44,-31.0625,-103.859,-20.8426,-53.6589,38.0068,6.38494,-5.89451,-38.348,28.9324,-2.13015,
5.56405,5.60734,5.57954,5.61034,0,200,0,-1.59674,-3.49061,2.71867,0.920183,-0.241763,-2.10188,1.38628,-0.405451,0,2518.93,0,2471.31,0,2501.88,0,2468,-32.9368,37.6187,-31.278,39.0088,-32.3499,38.1246,-31.1606,39.1027,54.3325,30.5225,-44.331,-28.4236,37.0529,11.9817,-48.6748,-10.5202,10,6.95271e-310,305.225,6.68183e-310,-284.236,1.4822e-323,119.817,5.23261e-310,-105.202,-32.9368,342.843,-31.278,-245.227,-32.3499,157.941,-31.1606,-66.0994,-27.7694,-60.7062,47.2812,16.0032,-4.20457,-36.5545,24.1092,-7.05132,
5.56084,5.61594,5.58198,5.60761,0,200,0,-1.987,-3.88781,3.21983,1.44071,-0.15753,-2.01231,1.11414,-0.683731,0,2522.46,0,2461.85,0,2499.21,0,2471.01,-33.0574,37.5127,-30.9412,39.2765,-32.2571,38.2031,-31.2673,39.0174,65.981,35.8398,-62.6399,-35.3356,33.4025,10.8025,-38.9096,-6.80232,10,6.95271e-310,358.398,6.68183e-310,-353.356,1.4822e-323,108.025,5.23261e-310,-68.0232,-33.0574,395.911,-30.9412,-314.079,-32.2571,146.229,-31.2673,-29.0058,-34.5566,-67.614,55.997,25.0558,-2.73966,-34.9967,19.3763,-11.891,
5.55832,5.62424,5.58443,5.60442,0,200,0,-2.32198,-4.2282,3.65007,1.88977,-0.0752492,-1.92463,0.839021,-0.96599,0,2525.23,0,2452.71,0,2496.5,0,2474.51,-33.1517,37.4294,-30.614,39.5321,-32.1631,38.2823,-31.3915,38.9175,76.3401,40.3996,-80.1338,-41.2869,29.14,9.64922,-28.1482,-3.03609,10,6.95271e-310,403.996,6.68183e-310,-412.869,1.4822e-323,96.4922,5.23261e-310,-30.3609,-33.1517,441.425,-30.614,-373.337,-32.1631,134.774,-31.3915,8.55664,-40.3822,-73.534,63.4795,32.8656,-1.30868,-33.4718,14.5917,-16.7998,
5.55566,5.63245,5.58683,5.60185,0,200,0,-2.68371,-4.59566,4.07452,2.33294,-0.00809176,-1.85219,0.577683,-1.23309,0,2528.15,0,2443.68,0,2493.87,0,2477.35,-33.2512,37.3411,-30.2884,39.782,-32.0713,38.3593,-31.4917,38.8365,86.9011,45.3225,-97.2441,-47.1589,25.4496,8.70076,-18.723,0.533213,10,6.95271e-310,453.225,6.68183e-310,-471.589,1.4822e-323,87.0076,5.23261e-310,5.33213,-33.2512,490.566,-30.2884,-431.807,-32.0713,125.367,-31.4917,44.1686,-46.6733,-79.9245,70.8612,40.5728,-0.140726,-32.212,10.0467,-21.445,
5.55368,5.64075,5.58902,5.59879,0,200,0,-2.9919,-4.90808,4.43494,2.71239,0.0345716,-1.80469,0.329191,-1.4884,0,2530.33,0,2434.56,0,2491.45,0,2480.71,-33.325,37.2753,-29.9575,40.0319,-31.9871,38.4295,-31.6102,38.7401,96.5573,49.5115,-114.357,-52.17,21.5056,8.08608,-8.20678,3.93804,10,6.95271e-310,495.115,6.68183e-310,-521.7,1.4822e-323,80.8608,5.23261e-310,39.3804,-33.325,532.39,-29.9575,-481.668,-31.9871,119.29,-31.6102,78.1205,-52.033,-85.3579,77.1294,47.1719,0.601245,-31.3858,5.72505,-25.8852,
5.55175,5.64908,5.59168,5.59626,0,200,0,-3.32622,-5.24653,4.79525,3.09193,0.090739,-1.74263,0.0651146,-1.7581,0,2532.45,0,2425.4,0,2488.53,0,2483.49,-33.3968,37.2109,-29.623,40.28,-31.8847,38.5145,-31.7081,38.66,106.296,54.0518,-130.934,-57.1807,17.4256,7.28088,1.67805,7.54325,10,6.95271e-310,540.518,6.68183e-310,-571.807,1.4822e-323,72.8088,5.23261e-310,75.4325,-33.3968,577.729,-29.623,-531.527,-31.8847,111.323,-31.7081,114.093,-57.8472,-91.2441,83.3956,53.7726,1.57807,-30.3067,1.13243,-30.5757,
5.55012,5.65703,5.59382,5.59359,0,200,0,-3.62083,-5.54464,5.10028,3.41544,0.114785,-1.71386,-0.167172,-1.99632,0,2534.25,0,2416.64,0,2486.18,0,2486.43,-33.4575,37.1564,-29.3016,40.5144,-31.8025,38.5824,-31.8113,38.5752,115.247,58.0517,-146.942,-61.44,13.7281,6.91813,11.3637,10.7225,10,6.95271e-310,580.517,6.68183e-310,-614.4,1.4822e-323,69.1813,5.23261e-310,107.225,-33.4575,617.673,-29.3016,-573.885,-31.8025,107.764,-31.8113,145.801,-62.971,-96.4285,88.7005,59.399,1.99626,-29.8062,-2.90735,-34.7186,
5.54862,5.66432,5.59647,5.59062,0,200,0,-3.89943,-5.82643,5.38255,3.71473,0.187375,-1.63539,-0.447182,-2.28291,0,2535.89,0,2408.63,0,2483.27,0,2489.7,-33.5131,37.1063,-29.0056,40.7269,-31.7002,38.6665,-31.9258,38.4804,123.296,61.8332,-161.521,-65.3805,8.89993,5.89169,21.6203,14.5504,10,6.95271e-310,618.332,6.68183e-310,-653.805,1.4822e-323,58.9169,5.23261e-310,145.504,-33.5131,655.439,-29.0056,-613.078,-31.7002,97.5834,-31.9258,183.985,-67.8162,-101.329,93.6096,64.6041,3.25869,-28.4415,-7.77708,-39.7029,
5.54758,5.6712,5.59881,5.58835,0,200,0,-4.149,-6.07822,5.61745,3.96578,0.225219,-1.59231,-0.675527,-2.51627,0,2537.04,0,2401.06,0,2480.68,0,2492.19,-33.5517,37.0713,-28.7247,40.9254,-31.6093,38.7408,-32.0129,38.408,130.562,65.2154,-174.742,-68.6751,5.0177,5.33895,30.3866,17.6691,10,6.95271e-310,652.154,6.68183e-310,-686.751,1.4822e-323,53.3895,5.23261e-310,176.691,-33.5517,689.226,-28.7247,-645.826,-31.6093,92.1304,-32.0129,215.099,-72.1565,-105.708,97.6948,68.97,3.91685,-27.6924,-11.7483,-43.7612,
5.54681,5.67787,5.60123,5.58573,0,200,0,-4.37068,-6.30154,5.82177,4.18584,0.270515,-1.54162,-0.917968,-2.7645,0,2537.88,0,2393.72,0,2478.02,0,2495.08,-33.5802,37.0456,-28.4509,41.1163,-31.5154,38.8172,-32.1136,38.3239,137.19,68.2169,-187.524,-71.5542,0.616033,4.68443,39.8615,20.9842,10,6.95271e-310,682.169,6.68183e-310,-715.542,1.4822e-323,46.8443,5.23261e-310,209.842,-33.5802,719.215,-28.4509,-674.426,-31.5154,85.6616,-32.1136,248.166,-76.0119,-109.592,101.248,72.7972,4.7046,-26.8108,-15.9647,-48.0782,
5.5463,5.68397,5.60362,5.58343,0,200,0,-4.56893,-6.50089,5.99549,4.37402,0.314487,-1.49232,-1.14496,-2.99656,0,2538.45,0,2387.01,0,2475.4,0,2497.61,-33.5992,37.0282,-28.1996,41.289,-31.4227,38.8923,-32.2017,38.2499,143.034,70.8982,-198.89,-74.0104,-3.56368,4.04835,48.5346,24.0852,10,6.95271e-310,708.982,6.68183e-310,-740.104,1.4822e-323,40.4835,5.23261e-310,240.852,-33.5992,746.01,-28.1996,-698.815,-31.4227,79.3758,-32.2017,279.102,-79.4597,-113.059,104.269,76.0699,5.46933,-25.9534,-19.9123,-52.114,
5.546,5.6894,5.606,5.5815,0,200,0,-4.74476,-6.67736,6.14298,4.53442,0.362422,-1.43905,-1.35742,-3.21326,0,2538.78,0,2381.04,0,2472.77,0,2499.73,-33.6103,37.0182,-27.975,41.4415,-31.3299,38.9671,-32.2754,38.1877,148.064,73.2733,-208.657,-76.1005,-7.52344,3.35881,56.2803,26.9837,10,6.95271e-310,732.733,6.68183e-310,-761.005,1.4822e-323,33.5881,5.23261e-310,269.837,-33.6103,769.752,-27.975,-719.564,-31.3299,72.5552,-32.2754,308.024,-82.5176,-116.128,106.834,78.8594,6.303,-25.0269,-23.6074,-55.8828,
5.54599,5.69432,5.60839,5.57942,0,200,0,-4.88491,-6.81753,6.25936,4.66252,0.418347,-1.37777,-1.57195,-3.43233,0,2538.79,0,2375.63,0,2470.15,0,2502.01,-33.6108,37.0178,-27.771,41.5785,-31.2369,39.0417,-32.3545,38.1207,152.21,75.1625,-217.343,-77.7618,-11.7315,2.56152,64.1588,29.9124,10,6.95271e-310,751.625,6.68183e-310,-777.618,1.4822e-323,25.6152,5.23261e-310,299.124,-33.6108,788.642,-27.771,-736.039,-31.2369,64.6569,-32.3545,337.245,-84.9549,-118.566,108.858,81.0873,7.27561,-23.9613,-27.3382,-59.6927,
5.54635,5.69876,5.61074,5.57716,0,200,0,-4.98221,-6.91406,6.34031,4.75412,0.477924,-1.31292,-1.78568,-3.65102,0,2538.4,0,2370.74,0,2467.57,0,2504.5,-33.5975,37.0298,-27.5859,41.7015,-31.1451,39.115,-32.4408,38.0473,155.407,76.4675,-225.014,-78.937,-16.1718,1.71564,72.3089,32.8339,10,6.95271e-310,764.675,6.68183e-310,-789.37,1.4822e-323,17.1564,5.23261e-310,328.339,-33.5975,801.705,-27.5859,-747.668,-31.1451,56.2714,-32.4408,366.387,-86.6471,-120.245,110.266,82.6803,8.31172,-22.8334,-31.0553,-63.4961,
5.54701,5.70261,5.61308,5.57529,0,200,0,-5.05128,-6.98173,6.39616,4.81921,0.537992,-1.24759,-1.97937,-3.8488,0,2537.67,0,2366.51,0,2465,0,2506.56,-33.5731,37.052,-27.4253,41.8073,-31.0536,39.1877,-32.5118,37.9866,157.775,77.3868,-231.15,-79.7625,-20.3157,0.863304,79.5848,35.4781,10,6.95271e-310,773.868,6.68183e-310,-797.625,1.4822e-323,8.63304,5.23261e-310,354.781,-33.5731,810.92,-27.4253,-755.818,-31.0536,47.8207,-32.5118,392.768,-87.8484,-121.421,111.238,83.8123,9.35638,-21.6972,-34.4238,-66.9356,
5.54861,5.70606,5.6154,5.57386,0,200,0,-5.05143,-6.97845,6.3939,4.82525,0.579229,-1.20111,-2.13174,-4.00428,0,2535.91,0,2362.71,0,2462.44,0,2508.13,-33.5135,37.1059,-27.2808,41.9018,-30.9624,39.2598,-32.566,37.9402,158.755,77.3603,-235.554,-79.7975,-24.062,0.264965,86.3756,37.5574,10,6.95271e-310,773.603,6.68183e-310,-797.975,1.4822e-323,2.64965,5.23261e-310,375.574,-33.5135,810.709,-27.2808,-756.073,-30.9624,41.9094,-32.566,413.515,-87.8509,-121.364,111.198,83.9174,10.0735,-20.8889,-37.0737,-69.6397,
5.55081,5.70905,5.61765,5.57247,0,200,0,-4.99586,-6.9182,6.34876,4.78731,0.614386,-1.16086,-2.26552,-4.1411,0,2533.49,0,2359.43,0,2459.96,0,2509.66,-33.4321,37.1793,-27.1556,41.983,-30.8739,39.3294,-32.6187,37.8949,158.597,76.5725,-238.659,-79.2457,-27.7493,-0.25017,93.1381,39.3856,10,6.95271e-310,765.725,6.68183e-310,-792.457,1.4822e-323,-2.5017,5.23261e-310,393.856,-33.4321,802.904,-27.1556,-750.474,-30.8739,36.8277,-32.6187,431.751,-86.8845,-120.317,110.413,83.2575,10.685,-20.1889,-39.4004,-72.0191,
5.5535,5.71159,5.61991,5.57143,0,200,0,-4.89963,-6.8162,6.27188,4.71656,0.644031,-1.12612,-2.37478,-4.25262,0,2530.53,0,2356.64,0,2457.48,0,2510.81,-33.3317,37.2693,-27.0489,42.0518,-30.7852,39.3989,-32.6582,37.8608,157.512,75.2275,-240.364,-78.2577,-31.1562,-0.691042,99.3258,40.8768,10,6.95271e-310,752.275,6.68183e-310,-782.577,1.4822e-323,-6.91042,5.23261e-310,408.768,-33.3317,789.545,-27.0489,-740.525,-30.7852,32.4885,-32.6582,446.629,-85.2109,-118.543,109.076,82.0272,11.2005,-19.5847,-41.3005,-73.9587,
5.55659,5.51741,5.62209,5.57063,0,200,0,-0.376504,-2.28644,0.588241,-1.40442,5.05822,3.29301,-3.36416,-5.24375,0,2527.13,0,2570.23,0,2455.08,0,2511.69,-33.2163,37.3722,-34.655,36.0421,-30.6992,39.4659,-32.6886,37.8346,-33.3098,14.2087,119.055,1.89613,-83.876,-60.2266,-5.21306,54.2264,10,6.95271e-310,142.087,6.68183e-310,18.9613,1.4822e-323,-602.266,5.23261e-310,542.264,-33.2163,179.459,-34.655,55.0034,-30.6992,-562.8,-32.6886,580.099,-6.54789,-39.7642,10.2303,-24.4247,87.969,57.2698,-58.5071,-91.1957,
5.56026,5.51916,5.62422,5.56987,0,200,0,-0.229357,-2.1314,0.454175,-1.53486,5.08352,3.32317,-3.42611,-5.30735,0,2523.09,0,2568.31,0,2452.74,0,2512.52,-33.079,37.4937,-34.5919,36.1027,-30.6149,39.5313,-32.7171,37.8099,-36.4268,12.1601,118.845,3.67258,-86.7067,-60.6069,0.716628,55.0749,10,6.95271e-310,121.601,6.68183e-310,36.7258,1.4822e-323,-606.069,5.23261e-310,550.749,-33.079,159.094,-34.5919,72.8285,-30.6149,-566.538,-32.7171,588.559,-3.98882,-37.0678,7.8987,-26.6932,88.4091,57.7942,-59.5845,-92.3017,
5.56423,5.5205,5.62639,5.56938,0,200,0,-0.0642985,-1.95777,0.282213,-1.70403,5.10632,3.3509,-3.47732,-5.35962,0,2518.73,0,2566.83,0,2450.35,0,2513.06,-32.93,37.6246,-34.5434,36.1491,-30.5291,39.5977,-32.7357,37.7938,-40.2395,9.86455,119.781,5.9669,-89.4619,-60.9541,6.10202,55.7739,10,6.95271e-310,98.6455,6.68183e-310,59.669,1.4822e-323,-609.541,5.23261e-310,557.739,-32.93,136.27,-34.5434,95.8181,-30.5291,-569.944,-32.7357,595.533,-1.11824,-34.0483,4.90805,-29.6353,88.8056,58.2765,-60.4751,-93.2108,
5.56867,5.52153,5.62857,5.56907,0,200,0,0.129542,-1.7543,0.0638587,-1.92024,5.12094,3.37049,-3.51416,-5.39714,0,2513.84,0,2565.7,0,2447.95,0,2513.4,-32.7624,37.7707,-34.5061,36.1847,-30.4427,39.6641,-32.7475,37.7836,-44.9071,7.17236,121.731,8.89193,-92.1516,-61.1913,11.2382,56.276,10,6.95271e-310,71.7236,6.68183e-310,88.9193,1.4822e-323,-611.913,5.23261e-310,562.76,-32.7624,109.494,-34.5061,125.104,-30.4427,-572.249,-32.7475,600.544,2.25291,-30.5095,1.11059,-33.3955,89.0599,58.6172,-61.1157,-93.8632,
5.57416,5.52202,5.63148,5.56893,0,200,0,0.370763,-1.50113,-0.23711,-2.22019,5.1598,3.41599,-3.57207,-5.45536,0,2507.8,0,2565.16,0,2444.75,0,2513.56,-32.5546,37.9499,-34.4883,36.2016,-30.327,39.7526,-32.7529,37.7789,-51.3582,3.82268,125.869,12.9399,-95.7958,-61.7686,16.7876,57.0592,10,6.95271e-310,38.2268,6.68183e-310,129.399,1.4822e-323,-617.686,5.23261e-310,570.592,-32.5546,76.1767,-34.4883,165.601,-30.327,-577.934,-32.7529,608.371,6.44804,-26.1066,-4.12366,-38.612,89.7356,59.4086,-62.123,-94.8759,
5.57952,5.52188,5.63428,5.56893,0,200,0,0.61337,-1.2468,-0.560664,-2.54404,5.20187,3.46446,-3.62601,-5.5093,0,2501.91,0,2565.32,0,2441.68,0,2513.56,-32.3508,38.1238,-34.4935,36.1966,-30.2159,39.8372,-32.7529,37.7789,-58.2239,0.456412,131.121,17.3034,-99.3648,-62.3872,21.5141,57.7861,10,6.95271e-310,4.56412,6.68183e-310,173.034,1.4822e-323,-623.872,5.23261e-310,577.861,-32.3508,42.6879,-34.4935,209.23,-30.2159,-584.035,-32.7529,615.64,10.6673,-21.6835,-9.75068,-44.2442,90.4673,60.2514,-63.061,-95.8139,
5.58363,5.52162,5.63579,5.56926,0,200,0,0.809246,-1.0419,-0.826191,-2.81009,5.19468,3.46072,-3.61576,-5.49833,0,2497.39,0,2565.59,0,2440.02,0,2513.19,-32.1939,38.2564,-34.5026,36.188,-30.1557,39.8827,-32.7402,37.7899,-63.5459,-2.25775,135.259,20.8866,-100.987,-62.3181,24.0276,57.642,10,6.95271e-310,-22.5775,6.68183e-310,208.866,1.4822e-323,-623.181,5.23261e-310,576.42,-32.1939,15.679,-34.5026,245.054,-30.1557,-583.299,-32.7402,614.21,14.0738,-18.12,-14.3685,-48.8712,90.3422,60.1865,-62.8828,-95.6231,
5.58809,5.52227,5.6367,5.5701,0,200,0,1.014,-0.827326,-1.08274,-3.0653,5.122,3.39013,-3.53609,-5.41683,0,2492.48,0,2564.88,0,2439.01,0,2512.27,-32.023,38.3996,-34.4792,36.2103,-30.1194,39.9102,-32.7085,37.8174,-68.3054,-5.09795,137.893,24.3332,-100.99,-61.3554,25.9865,56.5531,10,6.95271e-310,-50.9795,6.68183e-310,243.332,1.4822e-323,-613.554,5.23261e-310,565.531,-32.023,-12.58,-34.4792,279.542,-30.1194,-573.644,-32.7085,603.349,17.6347,-14.3883,-18.8303,-53.3095,89.0782,58.9588,-61.4972,-94.2057,
5.59317,5.52343,5.63757,5.57142,0,200,0,1.23655,-0.593529,-1.35671,-3.33684,5.0163,3.28644,-3.42087,-5.29874,0,2486.89,0,2563.6,0,2438.05,0,2510.82,-31.8275,38.5618,-34.4371,36.2504,-30.0844,39.9365,-32.6586,37.8604,-73.2216,-8.18959,140.215,28.0054,-100.267,-59.9469,27.7145,54.9765,10,6.95271e-310,-81.8959,6.68183e-310,280.054,1.4822e-323,-599.469,5.23261e-310,549.765,-31.8275,-43.3341,-34.4371,316.304,-30.0844,-559.532,-32.6586,587.626,21.5052,-10.3222,-23.5949,-58.032,87.24,57.1555,-59.4933,-92.152,
5.59777,5.52416,5.63846,5.57322,0,200,0,1.42779,-0.392062,-1.61629,-3.5949,4.9217,3.19389,-3.30379,-5.17774,0,2481.83,0,2562.8,0,2437.08,0,2508.84,-31.6497,38.7079,-34.4106,36.2755,-30.049,39.9632,-32.5905,37.9191,-77.8162,-10.8507,143.322,31.4914,-99.2524,-58.6883,28.0481,53.3662,10,6.95271e-310,-108.507,6.68183e-310,314.914,1.4822e-323,-586.883,5.23261e-310,533.662,-31.6497,-69.7993,-34.4106,351.189,-30.049,-546.92,-32.5905,571.581,24.8312,-6.81847,-28.1095,-62.52,85.5949,55.5459,-57.4572,-90.0477,
5.60176,5.52446,5.63909,5.57552,0,200,0,1.58614,-0.224818,-1.85724,-3.83522,4.8262,3.09984,-3.16931,-5.03824,0,2477.44,0,2562.47,0,2436.38,0,2506.31,-31.4949,38.8339,-34.3997,36.2858,-30.0236,39.9823,-32.5032,37.994,-81.92,-13.0575,146.998,34.7336,-97.5805,-57.4128,26.7056,51.5123,10,6.95271e-310,-130.575,6.68183e-310,347.336,1.4822e-323,-574.128,5.23261e-310,515.123,-31.4949,-91.7414,-34.3997,383.622,-30.0236,-534.146,-32.5032,553.117,27.5851,-3.90988,-32.2998,-66.6995,83.9339,53.9103,-55.1184,-87.6215,
5.60581,5.5251,5.63939,5.57833,0,200,0,1.73994,-0.061957,-2.09048,-4.06714,4.69592,2.97025,-2.99236,-4.85513,0,2472.99,0,2561.77,0,2436.05,0,2503.21,-31.3374,38.9611,-34.3766,36.3077,-30.0117,39.9913,-32.3961,38.0854,-85.6404,-15.2043,150.199,37.8663,-94.8374,-55.6624,24.4536,49.0767,10,6.95271e-310,-152.043,6.68183e-310,378.663,1.4822e-323,-556.624,5.23261e-310,490.767,-31.3374,-113.082,-34.3766,414.97,-30.0117,-516.633,-32.3961,528.853,30.2599,-1.07751,-36.3562,-70.7329,81.6682,51.6565,-52.041,-84.4371,
5.61022,5.52686,5.6394,5.58131,0,200,0,1.90109,0.109085,-2.29859,-4.27157,4.51776,2.79212,-2.77846,-4.63471,0,2468.13,0,2559.83,0,2436.03,0,2499.94,-31.1652,39.0989,-34.3126,36.3682,-30.0112,39.9916,-32.2827,38.1815,-88.6922,-17.4567,151.458,40.6403,-91.1535,-53.2614,22.6122,46.1402,10,6.95271e-310,-174.567,6.68183e-310,406.403,1.4822e-323,-532.614,5.23261e-310,461.402,-31.1652,-135.468,-34.3126,442.772,-30.0112,-492.623,-32.2827,499.583,33.0624,1.89712,-39.9755,-74.2881,78.5698,48.5586,-48.321,-80.6037,
5.61442,5.52851,5.6392,5.58453,0,200,0,2.05167,0.269118,-2.49955,-4.46907,4.329,2.60289,-2.54857,-4.39774,0,2463.52,0,2558.01,0,2436.26,0,2496.4,-31.001,39.2293,-34.2524,36.4249,-30.0193,39.9855,-32.1595,38.2854,-91.5188,-19.5631,152.811,43.32,-86.9876,-50.7135,19.9833,42.9835,10,6.95271e-310,-195.631,6.68183e-310,433.2,1.4822e-323,-507.135,5.23261e-310,429.835,-31.001,-156.401,-34.2524,469.624,-30.0193,-467.15,-32.1595,468.121,35.6813,4.68032,-43.4705,-77.7229,75.287,45.2677,-44.3229,-76.4824,
5.61852,5.52982,5.63887,5.58808,0,200,0,2.19817,0.42487,-2.7114,-4.67817,4.13453,2.40765,-2.30458,-4.14593,0,2459.01,0,2556.58,0,2436.63,0,2492.5,-30.8399,39.3561,-34.2048,36.4696,-30.0327,39.9754,-32.0234,38.3992,-94.4879,-21.6126,154.861,46.1523,-82.457,-48.0861,16.4109,39.6309,10,6.95271e-310,-216.126,6.68183e-310,461.523,1.4822e-323,-480.861,5.23261e-310,396.309,-30.8399,-176.77,-34.2048,497.993,-30.0327,-440.886,-32.0234,434.708,38.229,7.38904,-47.1547,-81.3596,71.9048,41.8721,-40.0796,-72.1031,
5.62278,5.53065,5.63834,5.59178,0,200,0,2.36193,0.598305,-2.95993,-4.92498,3.92926,2.20117,-2.04421,-3.87736,0,2454.32,0,2555.67,0,2437.21,0,2488.42,-30.6717,39.4873,-34.1746,36.4979,-30.0538,39.9596,-31.881,38.5175,-98.1166,-23.8981,157.878,49.4876,-77.6868,-45.3098,12.2164,36.0545,10,6.95271e-310,-238.981,6.68183e-310,494.876,1.4822e-323,-453.098,5.23261e-310,360.545,-30.6717,-199.494,-34.1746,531.374,-30.0538,-413.138,-31.881,399.062,41.077,10.4053,-51.4771,-85.6517,68.335,38.2812,-35.5514,-67.4324,
5.627,5.53139,5.63745,5.59576,0,200,0,2.52657,0.772543,-3.2144,-5.17788,3.69945,1.96932,-1.75528,-3.57961,0,2449.68,0,2554.85,0,2438.18,0,2484.05,-30.5049,39.6163,-34.1475,36.5232,-30.0892,39.9329,-31.7275,38.6441,-101.719,-26.1948,160.973,52.9044,-72.2125,-42.1959,7.19927,32.0881,10,6.95271e-310,-261.948,6.68183e-310,529.044,1.4822e-323,-421.959,5.23261e-310,320.881,-30.5049,-222.332,-34.1475,565.567,-30.0892,-382.026,-31.7275,359.525,43.9404,13.4355,-55.9026,-90.0501,64.3383,34.2491,-30.5265,-62.2541,
5.63097,5.53297,5.63619,5.6,0,200,0,2.66865,0.923664,-3.41676,-5.37691,3.43256,1.69954,-1.43644,-3.25133,0,2445.31,0,2553.11,0,2439.57,0,2479.38,-30.3475,39.737,-34.0897,36.5772,-30.1395,39.895,-31.5633,38.7783,-104.135,-28.1827,162.308,55.604,-65.7206,-38.5754,1.82713,27.7136,10,6.95271e-310,-281.827,6.68183e-310,556.04,1.4822e-323,-385.754,5.23261e-310,277.136,-30.3475,-242.09,-34.0897,592.617,-30.1395,-345.859,-31.5633,315.914,46.4112,16.0637,-59.4218,-93.5115,59.6967,29.5572,-24.9815,-56.5448,
5.63486,5.53517,5.63476,5.60436,0,200,0,2.80001,1.06394,-3.5872,-5.54274,3.14119,1.40487,-1.10263,-2.90778,0,2441.03,0,2550.7,0,2441.15,0,2474.58,-30.1925,39.8549,-34.0094,36.6519,-30.1968,39.8516,-31.3938,38.9156,-105.852,-30.0252,162.439,57.8627,-58.6815,-34.6217,-3.56181,23.1352,10,6.95271e-310,-300.252,6.68183e-310,578.627,1.4822e-323,-346.217,5.23261e-310,231.352,-30.1925,-260.397,-34.0094,615.279,-30.1968,-306.365,-31.3938,270.267,48.6958,18.5033,-62.3861,-96.3955,54.6294,24.4326,-19.1763,-50.5701,
5.63859,5.53723,5.6332,5.60899,0,200,0,2.9206,1.19308,-3.75372,-5.70491,2.84184,1.10196,-0.759947,-2.55472,0,2436.93,0,2548.43,0,2442.86,0,2469.49,-30.0438,39.9671,-33.9338,36.7219,-30.2589,39.8045,-31.2135,39.0604,-107.438,-31.7193,162.79,60.0708,-51.2924,-30.5582,-9.68855,18.4319,10,6.95271e-310,-317.193,6.68183e-310,600.708,1.4822e-323,-305.582,5.23261e-310,184.319,-30.0438,-277.226,-33.9338,637.43,-30.2589,-265.778,-31.2135,223.38,50.793,20.7492,-65.2821,-99.2159,49.4233,19.1645,-13.2165,-44.43,
5.64199,5.53977,5.6313,5.61379,0,200,0,3.0206,1.30092,-3.88073,-5.82655,2.51528,0.771068,-0.396847,-2.18081,0,2433.19,0,2545.63,0,2444.95,0,2464.21,-29.9075,40.0692,-33.8404,36.808,-30.3342,39.7472,-31.0254,39.21,-108.122,-33.1302,161.979,61.7378,-43.1605,-26.1219,-16.2606,13.4501,10,6.95271e-310,-331.302,6.68183e-310,617.378,1.4822e-323,-261.219,5.23261e-310,134.501,-29.9075,-291.233,-33.8404,654.186,-30.3342,-221.471,-31.0254,173.711,52.5322,22.6246,-67.4909,-101.331,43.744,13.4099,-6.90168,-37.9271,
5.6453,5.54249,5.62924,5.61871,0,200,0,3.11419,1.40214,-3.99558,-5.93564,2.17202,0.423096,-0.0239,-1.79676,0,2429.55,0,2542.64,0,2447.21,0,2458.8,-29.7748,40.1679,-33.7401,36.8999,-30.416,39.6846,-30.8324,39.362,-108.507,-34.4529,160.749,63.2378,-34.6715,-21.4573,-23.1017,8.33348,10,6.95271e-310,-344.529,6.68183e-310,632.378,1.4822e-323,-214.573,5.23261e-310,83.3348,-29.7748,-304.361,-33.7401,669.278,-30.416,-174.888,-30.8324,122.697,54.1598,24.385,-69.4883,-103.228,37.7742,7.35819,-0.415653,-31.248,
5.64855,5.5457,5.62707,5.62359,0,200,0,3.20108,1.49654,-4.0855,-6.01873,1.81114,0.0572697,0.353493,-1.40831,0,2425.98,0,2539.11,0,2449.6,0,2453.44,-29.6442,40.2644,-33.6214,37.0081,-30.502,39.6185,-30.64,39.5119,-108.367,-35.6843,158.511,64.3929,-25.9442,-16.5533,-29.7116,3.15735,10,6.95271e-310,-356.843,6.68183e-310,643.929,1.4822e-323,-165.533,5.23261e-310,31.5735,-29.6442,-316.579,-33.6214,680.937,-30.502,-125.914,-30.64,71.0854,55.671,26.0267,-71.0521,-104.674,31.498,0.995995,6.1477,-24.4923,
5.6516,5.54913,5.62496,5.62851,0,200,0,3.27138,1.57392,-4.15159,-6.07752,1.44973,-0.30894,0.72282,-1.02777,0,2422.61,0,2535.34,0,2451.92,0,2448.02,-29.5211,40.3548,-33.4944,37.1231,-30.5855,39.5541,-30.445,39.6623,-107.774,-36.6886,155.823,65.223,-17.2089,-11.6433,-36.3559,-1.91114,10,6.95271e-310,-366.886,6.68183e-310,652.23,1.4822e-323,-116.433,5.23261e-310,-19.1114,-29.5211,-326.531,-33.4944,689.353,-30.5855,-76.8793,-30.445,20.5509,56.8936,27.3726,-72.2016,-105.696,25.2127,-5.37287,12.5708,-17.8742,
5.65447,5.5527,5.62284,5.63351,0,200,0,3.32717,1.63637,-4.19887,-6.11716,1.08423,-0.679255,1.08881,-0.650363,0,2419.46,0,2531.41,0,2454.25,0,2442.52,-29.4054,40.4392,-33.3616,37.2425,-30.6694,39.4891,-30.2464,39.814,-106.797,-37.4939,152.792,65.7968,-8.37818,-6.67812,-43.1681,-6.93613,10,6.95271e-310,-374.939,6.68183e-310,657.968,1.4822e-323,-66.7812,5.23261e-310,-69.3613,-29.4054,-334.5,-33.3616,695.21,-30.6694,-27.2921,-30.2464,-29.5473,57.8639,28.4586,-73.0238,-106.385,18.8562,-11.8131,18.9358,-11.3107,
5.65719,5.55647,5.62067,5.63847,0,200,0,3.37362,1.68914,-4.22911,-6.13931,0.711851,-1.05656,1.45207,-0.275718,0,2416.47,0,2527.26,0,2456.64,0,2437.06,-29.2952,40.519,-33.2208,37.3682,-30.755,39.4225,-30.0485,39.9635,-105.464,-38.1705,149.263,66.1373,0.506783,-1.61921,-49.9247,-11.924,10,6.95271e-310,-381.705,6.68183e-310,661.373,1.4822e-323,-16.1921,5.23261e-310,-119.24,-29.2952,-341.186,-33.2208,698.742,-30.755,23.2304,-30.0485,-79.2761,58.6717,29.3764,-73.5498,-106.771,12.38,-18.3749,25.2534,-4.7951,
5.65975,5.56068,5.61842,5.64336,0,200,0,3.40884,1.73035,-4.23244,-6.13358,0.326654,-1.44686,1.8156,0.0990697,0,2413.65,0,2522.63,0,2459.12,0,2431.68,-29.1912,40.594,-33.0633,37.5076,-30.8437,39.3531,-29.8528,40.11,-103.547,-38.693,144.785,66.1072,9.5219,3.61389,-56.4602,-16.9142,10,6.95271e-310,-386.93,6.68183e-310,661.072,1.4822e-323,36.1389,5.23261e-310,-169.142,-29.1912,-346.336,-33.0633,698.579,-30.8437,75.492,-29.8528,-129.032,59.2842,30.093,-73.6076,-106.671,5.68094,-25.1628,31.5757,1.72295,
5.66217,5.56531,5.61604,5.64818,0,200,0,3.43466,1.76182,-4.21196,-6.1031,-0.0748745,-1.85378,2.18283,0.477422,0,2410.99,0,2517.54,0,2461.74,0,2426.38,-29.0929,40.6645,-32.8894,37.6601,-30.9375,39.2794,-29.6592,40.2533,-101.069,-39.0862,139.365,65.7486,18.7163,9.06951,-62.8154,-21.9531,10,6.95271e-310,-390.862,6.68183e-310,657.486,1.4822e-323,90.6951,5.23261e-310,-219.531,-29.0929,-350.198,-32.8894,695.146,-30.9375,129.974,-29.6592,-179.278,59.7332,30.6403,-73.2515,-106.141,-1.30217,-32.2396,37.9622,8.30299,
5.66436,5.56997,5.61413,5.65289,0,200,0,3.43661,1.76887,-4.16669,-6.04771,-0.442241,-2.22545,2.51015,0.815667,0,2408.59,0,2512.41,0,2463.84,0,2421.2,-29.0041,40.7279,-32.7135,37.813,-31.0123,39.2204,-29.4693,40.3926,-98.2704,-39.1532,133.945,65.0549,27.1687,14.0559,-68.7509,-26.4524,10,6.95271e-310,-391.532,6.68183e-310,650.549,1.4822e-323,140.559,5.23261e-310,-264.524,-29.0041,-350.804,-32.7135,688.362,-31.0123,179.779,-29.4693,-224.131,59.7671,30.763,-72.4641,-105.178,-7.69115,-38.7034,43.6548,14.1855,
5.66638,5.57499,5.61207,5.65735,0,200,0,3.43386,1.77087,-4.10199,-5.97207,-0.822249,-2.6101,2.83789,1.15377,0,2406.36,0,2506.89,0,2466.1,0,2416.3,-28.9215,40.7866,-32.5232,37.9768,-31.093,39.1564,-29.2889,40.5236,-94.9932,-39.154,127.581,64.0927,35.6284,19.2154,-74.2474,-30.9527,10,6.95271e-310,-391.54,6.68183e-310,640.927,1.4822e-323,192.154,5.23261e-310,-309.527,-28.9215,-350.754,-32.5232,678.904,-31.093,231.31,-29.2889,-269.003,59.7193,30.7978,-71.3389,-103.862,-14.3,-45.393,49.3545,20.0656,
5.6682,5.58023,5.61008,5.66176,0,200,0,3.4151,1.75638,-4.01614,-5.87476,-1.19997,-2.99229,3.15556,1.48174,0,2404.36,0,2501.13,0,2468.29,0,2411.45,-28.8472,40.8392,-32.3239,38.1466,-31.1709,39.0945,-29.1099,40.6523,-91.2619,-38.9352,120.738,62.8414,43.9632,24.3427,-79.6074,-35.3166,10,6.95271e-310,-389.352,6.68183e-310,628.414,1.4822e-323,243.427,5.23261e-310,-353.166,-28.8472,-348.513,-32.3239,666.561,-31.1709,282.522,-29.1099,-312.514,59.393,30.5458,-69.8459,-102.17,-20.869,-52.0399,54.8793,25.7694,
5.66988,5.5856,5.60795,5.66594,0,200,0,3.39414,1.73937,-3.92289,-5.76971,-1.58582,-3.38293,3.47246,1.80843,0,2402.51,0,2495.22,0,2470.64,0,2406.85,-28.7786,40.8875,-32.1186,38.3196,-31.2542,39.0279,-28.9396,40.7737,-87.2844,-38.6841,113.392,61.4878,52.2376,29.5823,-84.6942,-39.666,10,6.95271e-310,-386.841,6.68183e-310,614.878,1.4822e-323,295.823,5.23261e-310,-396.66,-28.7786,-345.954,-32.1186,653.197,-31.2542,334.851,-28.9396,-355.886,59.0285,30.2499,-68.2242,-100.343,-27.5794,-58.8336,60.3906,31.4509,
5.67129,5.591,5.6063,5.66989,0,200,0,3.35011,1.69867,-3.80459,-5.63948,-1.93185,-3.73264,3.74703,2.09229,0,2400.96,0,2489.28,0,2472.44,0,2402.5,-28.7208,40.9282,-31.911,38.4927,-31.3182,38.9765,-28.7782,40.8879,-82.9702,-38.1172,105.978,59.7955,59.6417,34.2761,-89.1435,-43.4407,10,6.95271e-310,-381.172,6.68183e-310,597.955,1.4822e-323,342.761,5.23261e-310,-434.407,-28.7208,-340.244,-31.911,636.448,-31.3182,381.737,-28.7782,-393.519,58.2629,29.5421,-66.1668,-98.0778,-33.5973,-64.9156,65.1658,36.3876,
5.67255,5.59665,5.60463,5.67344,0,200,0,3.30347,1.65498,-3.67297,-5.49533,-2.27637,-4.08093,4.01149,2.3651,0,2399.57,0,2483.07,0,2474.29,0,2398.6,-28.6693,40.9643,-31.6932,38.6722,-31.3836,38.9239,-28.6329,40.9897,-78.3151,-37.5121,97.8311,57.9191,66.7075,38.9503,-92.8658,-47.0717,10,6.95271e-310,-375.121,6.68183e-310,579.191,1.4822e-323,389.503,5.23261e-310,-470.717,-28.6693,-334.157,-31.6932,617.863,-31.3836,428.427,-28.6329,-429.727,57.4516,28.7823,-63.8777,-95.5709,-39.5891,-70.9727,69.7651,41.1322,
5.67364,5.60228,5.60304,5.67671,0,200,0,3.25041,1.60449,-3.53446,-5.34426,-2.60721,-4.4153,4.25896,2.62029,0,2398.37,0,2476.87,0,2476.03,0,2395,-28.6246,40.9955,-31.4749,38.8501,-31.4451,38.8742,-28.4987,41.0831,-73.5172,-36.8174,89.5299,55.9499,73.3327,43.4382,-96.1437,-50.4685,10,6.95271e-310,-368.174,6.68183e-310,559.499,1.4822e-323,434.382,5.23261e-310,-504.685,-28.6246,-327.178,-31.4749,598.349,-31.4451,473.256,-28.4987,-463.601,56.5288,27.9043,-61.4688,-92.9437,-45.3428,-76.7879,74.0689,45.5702,
5.67455,5.60799,5.60197,5.67971,0,200,0,3.17941,1.53565,-3.37494,-5.17195,-2.89779,-4.70829,4.46584,2.83425,0,2397.37,0,2470.59,0,2477.22,0,2391.7,-28.5872,41.0216,-31.2523,39.0294,-31.487,38.8403,-28.3754,41.1684,-68.4462,-35.8776,81.1164,53.6957,79.0494,47.3743,-98.615,-53.3131,10,6.95271e-310,-358.776,6.68183e-310,536.957,1.4822e-323,473.743,5.23261e-310,-533.131,-28.5872,-317.754,-31.2523,575.986,-31.487,512.584,-28.3754,-491.963,55.2941,26.7069,-58.6946,-89.9469,-50.3963,-81.8833,77.6668,49.2913,
5.67532,5.61393,5.60082,5.68244,0,200,0,3.1038,1.46184,-3.20545,-4.98911,-3.19139,-5.00446,4.66939,3.04428,0,2396.53,0,2464.06,0,2478.48,0,2388.7,-28.5558,41.0435,-31.0202,39.2141,-31.5317,38.804,-28.2629,41.2457,-63.037,-34.8728,72.0825,51.3028,84.6034,51.3525,-100.651,-56.108,10,6.95271e-310,-348.728,6.68183e-310,513.028,1.4822e-323,513.525,5.23261e-310,-561.08,-28.5558,-307.684,-31.0202,552.242,-31.5317,552.329,-28.2629,-519.834,53.9791,25.4233,-55.7469,-86.7672,-55.5025,-87.0341,81.2068,52.9439,
5.67594,5.62016,5.60005,5.68492,0,200,0,3.01139,1.37091,-3.01255,-4.78213,-3.45869,-5.27347,4.84355,3.22432,0,2395.84,0,2457.21,0,2479.33,0,2385.97,-28.5302,41.0613,-30.7753,39.4066,-31.5614,38.7798,-28.1605,41.3157,-57.1838,-33.639,62.536,48.5887,89.4729,54.9692,-101.877,-58.502,10,6.95271e-310,-336.39,6.68183e-310,485.887,1.4822e-323,549.692,5.23261e-310,-585.02,-28.5302,-295.329,-30.7753,525.294,-31.5614,588.472,-28.1605,-543.704,52.372,23.8419,-52.3923,-83.1675,-60.1511,-91.7126,84.2356,56.0752,
5.67642,5.62603,5.59941,5.68707,0,200,0,2.91917,1.27982,-2.8278,-4.58404,-3.69965,-5.51585,4.99555,3.38142,0,2395.31,0,2450.75,0,2480.03,0,2383.61,-28.5105,41.075,-30.5433,39.5867,-31.5861,38.7598,-28.0718,41.376,-51.5675,-32.405,53.4443,45.9907,93.7234,58.2285,-102.702,-60.5911,10,6.95271e-310,-324.05,6.68183e-310,459.907,1.4822e-323,582.285,5.23261e-310,-605.911,-28.5105,-282.975,-30.5433,499.494,-31.5861,621.045,-28.0718,-564.535,50.7682,22.2577,-49.1792,-79.7225,-64.3418,-95.9279,86.8791,58.8074,
5.67678,5.63344,5.59893,5.68894,0,200,0,2.79942,1.16092,-2.58355,-4.32289,-3.95889,-5.77615,5.14359,3.53391,0,2394.92,0,2442.6,0,2480.55,0,2381.55,-28.4957,41.0852,-30.2493,39.8118,-31.6046,38.7446,-27.9944,41.4284,-44.3231,-30.7978,41.5941,42.5622,97.8229,61.7312,-102.172,-62.6216,10,6.95271e-310,-307.978,6.68183e-310,425.622,1.4822e-323,617.312,5.23261e-310,-626.216,-28.4957,-266.892,-30.2493,465.434,-31.6046,656.057,-27.9944,-584.788,48.6856,20.1899,-44.9314,-75.1807,-68.8502,-100.455,89.4537,61.4593,
5.67704,5.6404,5.59872,5.69057,0,200,0,2.67735,1.03944,-2.35058,-4.07394,-4.18362,-6.00136,5.26397,3.65818,0,2394.64,0,2434.94,0,2480.79,0,2379.76,-28.4854,41.0924,-29.9714,40.0214,-31.613,38.7378,-27.9268,41.474,-37.4194,-29.1572,30.4934,39.2935,101.213,64.7641,-101.341,-64.2749,10,6.95271e-310,-291.572,6.68183e-310,392.935,1.4822e-323,647.641,5.23261e-310,-642.749,-28.4854,-250.479,-29.9714,432.957,-31.613,686.379,-27.9268,-601.275,46.5626,18.0772,-40.8797,-70.8511,-72.7586,-104.372,91.5473,63.6205,
5.67713,5.64755,5.59869,5.69161,0,200,0,2.55109,0.913407,-2.10763,-3.81448,-4.38464,-6.20244,5.3579,3.7546,0,2394.54,0,2427.07,0,2480.82,0,2378.61,-28.4814,41.0951,-29.6843,40.2349,-31.6139,38.737,-27.8836,41.5031,-30.2328,-27.4572,18.7964,35.8864,103.788,67.474,-99.3324,-65.5607,10,6.95271e-310,-274.572,6.68183e-310,358.864,1.4822e-323,674.74,5.23261e-310,-655.607,-28.4814,-233.477,-29.6843,399.099,-31.6139,713.477,-27.8836,-614.103,44.3668,15.8853,-36.6545,-66.3388,-76.2546,-107.869,93.1809,65.2974,
5.67708,5.65501,5.59895,5.69249,0,200,0,2.40659,0.768794,-1.84768,-3.53723,-4.56864,-6.38588,5.43149,3.8303,0,2394.59,0,2418.87,0,2480.54,0,2377.64,-28.4834,41.0937,-29.3835,40.455,-31.6042,38.745,-27.8467,41.5278,-22.5865,-25.5087,6.59465,32.2441,105.887,69.9495,-96.7793,-66.5692,10,6.95271e-310,-255.087,6.68183e-310,322.441,1.4822e-323,699.495,5.23261e-310,-665.692,-28.4834,-213.993,-29.3835,362.896,-31.6042,738.24,-27.8467,-624.164,41.8537,13.3703,-32.1335,-61.517,-79.4546,-111.059,94.4606,66.6139,
5.67689,5.6627,5.59941,5.69317,0,200,0,2.24715,0.608899,-1.57556,-3.24717,-4.73717,-6.55337,5.48623,3.88665,0,2394.8,0,2410.41,0,2480.03,0,2376.9,-28.4913,41.0883,-29.0714,40.6799,-31.5861,38.7598,-27.8188,41.5465,-14.5536,-23.3561,-6.07143,28.433,107.505,72.2125,-93.6588,-67.3197,10,6.95271e-310,-233.561,6.68183e-310,284.33,1.4822e-323,722.125,5.23261e-310,-673.197,-28.4913,-192.473,-29.0714,325.01,-31.5861,760.884,-27.8188,-631.651,39.0808,10.5896,-27.401,-56.4724,-82.3856,-113.972,95.4127,67.5939,
5.67662,5.67068,5.60052,5.69353,0,200,0,2.06826,0.429354,-1.28419,-2.93707,-4.86132,-6.67506,5.49641,3.89769,0,2395.1,0,2401.63,0,2478.81,0,2376.5,-28.5026,41.0804,-28.7458,40.9106,-31.5433,38.7946,-27.8039,41.5565,-6.16481,-20.9398,-19.0716,24.3566,108.059,73.8658,-89.4238,-67.4637,10,6.95271e-310,-209.398,6.68183e-310,243.566,1.4822e-323,738.658,5.23261e-310,-674.637,-28.5026,-168.317,-28.7458,284.476,-31.5433,777.452,-27.8039,-633.081,35.9697,7.46703,-22.3337,-51.0795,-84.5447,-116.088,95.5898,67.7859,
5.6762,5.67867,5.60201,5.69368,0,200,0,1.873,0.233111,-0.984612,-2.61867,-4.95162,-6.76202,5.4747,3.87635,0,2395.56,0,2392.85,0,2477.16,0,2376.33,-28.5198,41.0685,-28.4184,41.1387,-31.4852,38.8418,-27.7974,41.5608,2.37818,-18.3002,-32.0298,20.1691,107.88,75.0556,-84.6319,-67.1741,10,6.95271e-310,-183.002,6.68183e-310,201.691,1.4822e-323,750.556,5.23261e-310,-671.741,-28.5198,-141.934,-28.4184,242.83,-31.4852,789.398,-27.7974,-630.18,32.5739,4.0541,-17.1237,-45.5421,-86.1152,-117.6,95.2122,67.4148,
5.67559,5.68649,5.60429,5.69359,0,200,0,1.65272,0.0113813,-0.668433,-2.28393,-4.97458,-6.77989,5.39459,3.796,0,2396.24,0,2384.24,0,2474.66,0,2376.44,-28.5449,41.051,-28.0956,41.3599,-31.3966,38.9134,-27.8014,41.5582,10.9897,-15.3197,-44.5558,15.7603,106.443,75.3236,-79.0049,-66.0924,10,6.95271e-310,-153.197,6.68183e-310,157.603,1.4822e-323,753.236,5.23261e-310,-660.924,-28.5449,-112.146,-28.0956,198.963,-31.3966,792.149,-27.8014,-619.366,28.7429,0.197936,-11.6249,-39.7205,-86.5144,-117.911,93.8189,66.0175,
5.67497,5.69416,5.60682,5.69308,0,200,0,1.43619,-0.206583,-0.362232,-1.95944,-4.96914,-6.76878,5.28703,3.68724,0,2396.91,0,2375.8,0,2471.88,0,2376.99,-28.57,41.0336,-27.7775,41.5742,-31.2981,38.9926,-27.8223,41.5442,19.3721,-12.3899,-56.8637,11.4886,104.229,75.2041,-72.5894,-64.6332,10,6.95271e-310,-123.899,6.68183e-310,114.886,1.4822e-323,752.041,5.23261e-310,-646.332,-28.57,-82.8651,-27.7775,156.46,-31.2981,791.034,-27.8223,-604.788,24.9773,-3.59275,-6.29969,-34.0772,-86.4198,-117.718,91.9483,64.126,
5.67406,5.70159,5.60974,5.69211,0,200,0,1.20288,-0.442041,-0.0468389,-1.62624,-4.91385,-6.70692,5.13445,3.53235,0,2397.91,0,2367.63,0,2468.66,0,2378.06,-28.6074,41.0075,-27.4678,41.7794,-31.184,39.084,-27.8626,41.5171,27.8135,-9.22817,-68.9967,7.09716,100.992,74.4055,-65.3526,-62.5584,10,6.95271e-310,-92.2817,6.68183e-310,70.9716,1.4822e-323,744.055,5.23261e-310,-625.584,-28.6074,-51.2741,-27.4678,112.751,-31.184,783.139,-27.8626,-584.066,20.9197,-7.68767,-0.814589,-28.2824,-85.4582,-116.642,89.2947,61.4321,
5.67315,5.70895,5.61288,5.69066,0,200,0,0.974331,-0.67274,0.259352,-1.30233,-4.83392,-6.61994,4.95409,3.34853,0,2398.91,0,2359.54,0,2465.21,0,2379.65,-28.6447,40.9815,-27.1597,41.9804,-31.0611,39.1817,-27.9228,41.4767,36.0904,-6.1306,-81.1196,2.83071,96.9699,73.2709,-57.1896,-60.1001,10,6.95271e-310,-61.306,6.68183e-310,28.3071,1.4822e-323,732.709,5.23261e-310,-601.001,-28.6447,-20.3246,-27.1597,70.2875,-31.0611,771.89,-27.9228,-559.524,16.9449,-11.6998,4.51048,-22.6492,-84.0682,-115.129,86.1581,58.2353,
5.67217,5.71561,5.61638,5.68831,0,200,0,0.763927,-0.885459,0.545736,-0.999827,-4.69196,-6.47008,4.71823,3.10708,0,2399.99,0,2352.21,0,2461.36,0,2382.24,-28.685,40.9533,-26.8794,42.1604,-30.9238,39.2902,-28.0202,41.411,43.6012,-3.27631,-92.3918,-1.15586,91.49,71.2935,-47.594,-56.8769,10,6.95271e-310,-32.7631,6.68183e-310,-11.5586,1.4822e-323,712.935,5.23261e-310,-568.769,-28.685,8.19023,-26.8794,30.6018,-30.9238,752.225,-28.0202,-527.358,13.2857,-15.3993,9.49106,-17.3883,-81.5994,-112.523,82.0563,54.0361,
5.67113,5.72382,5.62021,5.68605,0,200,0,0.507625,-1.14422,0.871271,-0.654339,-4.57333,-6.3428,4.47335,2.8568,0,2401.14,0,2343.18,0,2457.15,0,2384.73,-28.7277,40.9234,-26.5323,42.3796,-30.7734,39.4081,-28.1139,41.3474,52.7239,0.197729,-106.056,-5.6999,85.8741,69.6244,-37.225,-53.5336,10,6.95271e-310,1.97729,6.68183e-310,-56.999,1.4822e-323,696.244,5.23261e-310,-535.336,-28.7277,42.9007,-26.5323,-14.6193,-30.7734,735.652,-28.1139,-493.989,8.82826,-19.8994,15.1525,-11.3798,-79.5362,-110.31,77.7974,49.6835,
5.67019,5.73137,5.62426,5.68324,0,200,0,0.274605,-1.37943,1.16603,-0.341137,-4.41684,-6.17712,4.1923,2.56909,0,2402.17,0,2334.87,0,2452.7,0,2387.81,-28.7659,40.8965,-26.2116,42.5788,-30.6135,39.5324,-28.2297,41.2684,60.948,3.35594,-118.684,-9.81695,79.3121,67.4408,-26.0628,-49.6927,10,6.95271e-310,33.5594,6.68183e-310,-98.1695,1.4822e-323,674.408,5.23261e-310,-496.927,-28.7659,74.4559,-26.2116,-55.5907,-30.6135,713.941,-28.2297,-455.658,4.77574,-23.9902,20.2788,-5.93281,-76.8146,-107.428,72.9095,44.6798,
5.66907,5.73895,5.62864,5.67988,0,200,0,0.0292875,-1.6274,1.465,-0.0235782,-4.22613,-5.97642,3.86579,2.23459,0,2403.41,0,2326.54,0,2447.87,0,2391.52,-28.812,40.8641,-25.8884,42.7761,-30.4398,39.6663,-28.3685,41.1731,69.3139,6.68348,-131.599,-13.9916,71.7369,64.7897,-13.7991,-45.2286,10,6.95271e-310,66.8348,6.68183e-310,-139.916,1.4822e-323,647.897,5.23261e-310,-452.286,-28.812,107.699,-25.8884,-97.1395,-30.4398,687.563,-28.3685,-411.113,0.509349,-28.3026,25.4783,-0.410056,-73.4979,-103.938,67.2311,38.8625,
5.66806,5.74651,5.63338,5.6769,0,200,0,-0.230218,-1.88927,1.75975,0.289814,-4.02735,-5.76682,3.52709,1.88887,0,2404.51,0,2318.22,0,2442.67,0,2394.79,-28.8531,40.835,-25.5642,42.9706,-30.2517,39.81,-28.4908,41.0886,77.5886,10.2,-144.021,-18.1094,64.0775,62.0232,-1.97858,-40.6077,10,6.95271e-310,102,6.68183e-310,-181.094,1.4822e-323,620.232,5.23261e-310,-406.077,-28.8531,142.835,-25.5642,-138.123,-30.2517,660.042,-28.4908,-364.988,-4.0038,-32.8569,30.6044,5.04025,-70.0408,-100.293,61.3406,32.8499,
5.6672,5.75387,5.63833,5.67292,0,200,0,-0.460513,-2.12159,2.02671,0.574994,-3.79795,-5.52608,3.13947,1.49186,0,2405.46,0,2310.13,0,2437.22,0,2399.16,-28.8883,40.8101,-25.2473,43.1576,-30.0543,39.9592,-28.654,40.9749,85.2641,13.3201,-156.387,-21.849,55.093,58.8399,11.6739,-35.3086,10,6.95271e-310,133.201,6.68183e-310,-218.49,1.4822e-323,588.399,5.23261e-310,-353.086,-28.8883,174.011,-25.2473,-175.332,-30.0543,628.358,-28.654,-312.111,-8.00892,-36.8972,35.2472,9.9999,-66.0514,-96.1057,54.5994,25.9454,
5.66617,5.76128,5.64372,5.66916,0,200,0,-0.724976,-2.38847,2.30745,0.87418,-3.54621,-5.26192,2.72183,1.06537,0,2406.6,0,2301.97,0,2431.29,0,2403.3,-28.9303,40.7803,-24.9264,43.3437,-29.8384,40.1207,-28.808,40.8668,93.2392,16.9039,-168.651,-25.7758,45.7298,55.3471,25.1525,-29.6092,10,6.95271e-310,169.039,6.68183e-310,-257.758,1.4822e-323,553.471,5.23261e-310,-296.092,-28.9303,209.819,-24.9264,-214.414,-29.8384,593.591,-28.808,-255.225,-12.6083,-41.5386,40.1296,15.2031,-61.6733,-91.5116,47.3362,18.5282,
5.66528,5.76849,5.6494,5.66555,0,200,0,-0.990464,-2.65604,2.5753,1.16001,-3.28205,-4.98462,2.28657,0.621641,0,2407.57,0,2294.04,0,2425.04,0,2407.27,-28.9665,40.7547,-24.6136,43.5221,-29.61,40.2896,-28.9553,40.7626,100.843,20.4988,-180.228,-29.5249,36.0971,51.6812,38.4643,-23.6751,10,6.95271e-310,204.988,6.68183e-310,-295.249,1.4822e-323,516.812,5.23261e-310,-236.751,-28.9665,245.743,-24.6136,-251.727,-29.61,557.102,-28.9553,-195.988,-17.2255,-46.192,44.7878,20.1741,-57.0791,-86.6891,39.7664,10.8112,
5.66458,5.77551,5.65546,5.66087,0,200,0,-1.22665,-2.89385,2.81609,1.41842,-2.98017,-4.66866,1.78581,0.109916,0,2408.34,0,2286.32,0,2418.37,0,2412.42,-28.9948,40.7345,-24.3074,43.6938,-29.3651,40.4684,-29.146,40.6265,107.792,23.6951,-191.725,-32.9063,24.8686,47.4997,53.8737,-16.8382,10,6.95271e-310,236.951,6.68183e-310,-329.063,1.4822e-323,474.997,5.23261e-310,-168.382,-28.9948,277.686,-24.3074,-285.37,-29.3651,515.465,-29.146,-127.755,-21.333,-50.3278,48.9756,24.6682,-51.8291,-81.1942,31.0575,1.91158,
5.66386,5.78204,5.66178,5.65641,0,200,0,-1.47099,-3.13988,3.04993,1.66869,-2.65875,-4.33251,1.26517,-0.421122,0,2409.13,0,2279.13,0,2411.42,0,2417.33,-29.0241,40.7136,-24.0215,43.8517,-29.1089,40.653,-29.3268,40.4962,114.319,27.0019,-202.213,-36.1846,13.453,43.0497,68.7495,-9.73775,10,6.95271e-310,270.019,6.68183e-310,-361.846,1.4822e-323,430.497,5.23261e-310,-97.3775,-29.0241,310.732,-24.0215,-317.994,-29.1089,471.15,-29.3268,-56.8813,-25.5824,-54.6065,53.0422,29.0207,-46.239,-75.348,22.0029,-7.32387,
5.66329,5.78831,5.66812,5.65183,0,200,0,-1.70145,-3.37168,3.26182,1.89641,-2.33805,-3.99696,0.731421,-0.965512,0,2409.76,0,2272.24,0,2404.45,0,2422.36,-29.0475,40.697,-23.7461,44.0014,-28.8506,40.8368,-29.5119,40.3615,120.357,30.1188,-212.214,-39.1621,1.81513,38.6088,83.7224,-2.45858,10,6.95271e-310,301.188,6.68183e-310,-391.621,1.4822e-323,386.088,5.23261e-310,-24.5858,-29.0475,341.885,-23.7461,-347.62,-28.8506,426.925,-29.5119,15.7757,-29.5904,-58.6379,56.7272,32.9811,-40.6617,-69.5124,12.7204,-16.7915,
5.66286,5.79412,5.67457,5.64723,0,200,0,-1.91805,-3.58929,3.45345,2.10278,-2.00848,-3.65222,0.181656,-1.52594,0,2410.24,0,2265.85,0,2397.36,0,2427.43,-29.0651,40.6844,-23.49,44.1386,-28.5867,41.0219,-29.6973,40.2253,125.746,33.0463,-221.333,-41.858,-10.0645,34.046,98.6002,5.03676,10,6.95271e-310,330.463,6.68183e-310,-418.58,1.4822e-323,340.46,5.23261e-310,50.3676,-29.0651,371.147,-23.49,-374.442,-28.5867,381.482,-29.6973,90.5929,-33.3574,-62.4225,60.06,36.57,-34.9301,-63.5168,3.15924,-26.538,
5.66246,5.79949,5.68086,5.64248,0,200,0,-2.11894,-3.7911,3.6239,2.28687,-1.68293,-3.3118,-0.374397,-2.09295,0,2410.67,0,2259.94,0,2390.44,0,2432.65,-29.0812,40.6729,-23.2527,44.2641,-28.3281,41.201,-29.8879,40.0839,130.591,35.7612,-229.864,-44.2599,-21.9826,29.5401,113.365,12.6194,10,6.95271e-310,357.612,6.68183e-310,-442.599,1.4822e-323,295.401,5.23261e-310,126.194,-29.0812,398.285,-23.2527,-398.335,-28.3281,336.602,-29.8879,166.278,-36.8511,-65.9322,63.0244,39.7717,-29.2684,-57.5965,-6.51126,-36.3991,
5.66225,5.80461,5.68702,5.63775,0,200,0,-2.30146,-3.97413,3.77142,2.44743,-1.37124,-2.98548,-0.927983,-2.65743,0,2410.91,0,2254.31,0,2383.66,0,2437.85,-29.0899,40.6666,-23.0259,44.3825,-28.0737,41.3747,-30.0773,39.9419,134.944,38.2254,-237.905,-46.3479,-33.7842,25.2231,127.921,20.1683,10,6.95271e-310,382.254,6.68183e-310,-463.479,1.4822e-323,252.231,5.23261e-310,201.683,-29.0899,422.92,-23.0259,-419.096,-28.0737,293.605,-30.0773,241.625,-40.0254,-69.1154,65.5898,42.564,-23.8477,-51.9214,-16.1388,-46.2161,
5.66216,5.80996,5.69327,5.63364,0,200,0,-2.49949,-4.17236,3.91803,2.60773,-1.0806,-2.67993,-1.46505,-3.20392,0,2411,0,2248.42,0,2376.78,0,2442.38,-29.0934,40.6642,-22.7878,44.5052,-27.8144,41.5495,-30.2412,39.818,139.495,40.8961,-245.853,-48.4285,-45.0954,21.1877,141.552,27.483,10,6.95271e-310,408.961,6.68183e-310,-484.285,1.4822e-323,211.877,5.23261e-310,274.83,-29.0934,449.625,-22.7878,-439.78,-27.8144,253.427,-30.2412,314.648,-43.4695,-72.5628,68.1397,45.3519,-18.7931,-46.6074,-25.4792,-55.7204,
5.66225,5.81417,5.69953,5.62879,0,200,0,-2.64588,-4.31856,4.02703,2.72751,-0.757331,-2.34168,-2.04448,-3.79444,0,2410.91,0,2243.79,0,2369.9,0,2447.71,-29.0899,40.6666,-22.6004,44.6007,-27.5539,41.7227,-30.4341,39.6707,142.529,42.8676,-252.236,-49.9798,-57.2683,16.7124,155.992,35.3821,10,6.95271e-310,428.676,6.68183e-310,-499.798,1.4822e-323,167.124,5.23261e-310,353.821,-29.0899,469.343,-22.6004,-455.197,-27.5539,208.846,-30.4341,393.492,-46.0154,-75.1053,70.0353,47.4349,-13.171,-40.7249,-35.5561,-65.9902,
5.66251,5.81853,5.70579,5.62447,0,200,0,-2.79719,-4.46925,4.12972,2.84139,-0.458094,-2.0274,-2.60331,-4.3631,0,2410.62,0,2238.99,0,2363.02,0,2452.46,-29.0792,40.6743,-22.4056,44.6989,-27.2924,41.8942,-30.605,39.539,145.607,44.9021,-258.44,-51.4491,-68.9142,12.5607,169.58,42.9936,10,6.95271e-310,449.021,6.68183e-310,-514.491,1.4822e-323,125.607,5.23261e-310,429.936,-29.0792,489.695,-22.4056,-469.792,-27.2924,167.501,-30.605,469.475,-48.6468,-77.726,71.8211,49.4155,-7.96684,-35.2592,-45.275,-75.8799,
5.66298,5.8227,5.71213,5.62029,0,200,0,-2.93677,-4.60773,4.21796,2.94037,-0.162146,-1.71615,-3.16528,-4.93456,0,2410.1,0,2234.41,0,2356.04,0,2457.06,-29.0602,40.6879,-22.219,44.7919,-27.0262,42.0664,-30.7701,39.4107,148.272,46.7746,-264.074,-52.7202,-80.5663,8.45146,182.944,50.6448,10,6.95271e-310,467.746,6.68183e-310,-527.202,1.4822e-323,84.5146,5.23261e-310,506.448,-29.0602,508.434,-22.219,-482.41,-27.0262,126.581,-30.7701,545.858,-51.0743,-80.1345,73.3559,51.1369,-2.81993,-29.8461,-55.0483,-85.8184,
5.66367,5.82655,5.71855,5.61644,0,200,0,-3.06392,-4.73326,4.29285,3.02518,0.131902,-1.40654,-3.72041,-5.49839,0,2409.34,0,2230.17,0,2348.98,0,2461.29,-29.0319,40.7081,-22.0465,44.8771,-26.7554,42.2392,-30.9215,39.292,150.427,48.4754,-268.801,-53.8049,-92.0261,4.36601,195.689,58.1975,10,6.95271e-310,484.754,6.68183e-310,-538.049,1.4822e-323,43.6601,5.23261e-310,581.975,-29.0319,525.462,-22.0465,-493.171,-26.7554,85.8992,-30.9215,621.267,-53.2856,-82.3175,74.6583,52.6118,2.29395,-24.4615,-64.7028,-95.6242,
5.66488,5.8306,5.7251,5.61322,0,200,0,-3.17577,-4.84227,4.34973,3.09252,0.400836,-1.12165,-4.24887,-6.03413,0,2408.01,0,2225.72,0,2341.77,0,2464.84,-28.9826,40.7432,-21.8645,44.966,-26.478,42.4136,-31.048,39.1921,152.319,49.9603,-273.034,-54.6509,-103.003,0.616286,207.713,65.3793,10,6.95271e-310,499.603,6.68183e-310,-546.509,1.4822e-323,6.16286,5.23261e-310,653.793,-28.9826,540.346,-21.8645,-501.543,-26.478,48.5765,-31.048,692.985,-55.2308,-84.2134,75.6475,53.7829,6.97106,-19.5069,-73.8935,-104.941,
5.66641,5.83368,5.73164,5.60954,0,200,0,-3.23348,-4.89641,4.37079,3.12155,0.688286,-0.818236,-4.8018,-6.59534,0,2406.33,0,2222.33,0,2334.58,0,2468.89,-28.9206,40.7873,-21.726,45.0331,-26.2004,42.5857,-31.192,39.0776,152.775,50.7097,-275.745,-54.9952,-114.482,-3.38281,220.195,72.8991,10,6.95271e-310,507.097,6.68183e-310,-549.952,1.4822e-323,-33.8281,5.23261e-310,728.991,-28.9206,547.884,-21.726,-504.919,-26.2004,8.75754,-31.192,768.069,-56.2344,-85.155,76.0138,54.2878,11.9702,-14.2302,-83.5096,-114.702,
5.66802,5.83676,5.73806,5.6066,0,200,0,-3.29852,-4.95766,4.39199,3.15073,0.953393,-0.537369,-5.31397,-7.1141,0,2404.55,0,2218.94,0,2327.51,0,2472.12,-28.8545,40.834,-21.5872,45.0998,-25.9263,42.7531,-31.3065,38.9859,153.307,51.5561,-278.034,-55.3413,-125.094,-7.07895,231.311,79.8558,10,6.95271e-310,515.561,6.68183e-310,-553.413,1.4822e-323,-70.7895,5.23261e-310,798.558,-28.8545,556.395,-21.5872,-508.313,-25.9263,-28.0364,-31.3065,837.543,-57.3656,-86.2201,76.3824,54.7952,16.5807,-9.34555,-92.4168,-123.723,
5.6703,5.83973,5.74477,5.60405,0,200,0,-3.3285,-4.98229,4.38622,3.15267,1.21235,-0.261879,-5.81747,-7.62332,0,2402.05,0,2215.67,0,2320.13,0,2474.92,-28.7615,40.8996,-21.453,45.1638,-25.6388,42.9261,-31.406,38.9059,153.065,51.9176,-279.28,-55.322,-135.66,-10.698,242.168,86.6886,10,6.95271e-310,519.176,6.68183e-310,-553.22,1.4822e-323,-106.98,5.23261e-310,866.886,-28.7615,560.075,-21.453,-508.056,-25.6388,-64.0536,-31.406,905.792,-57.887,-86.6485,76.2821,54.8291,21.0844,-4.55442,-101.173,-132.579,
5.67245,5.84194,5.75152,5.60207,0,200,0,-3.36601,-5.01474,4.38748,3.15967,1.49047,0.0329252,-6.30236,-8.11262,0,2399.69,0,2213.25,0,2312.71,0,2477.1,-28.6737,40.9612,-21.3534,45.211,-25.3486,43.0981,-31.4828,38.8437,152.412,52.3829,-279.138,-55.3823,-145.777,-14.5762,251.619,93.2601,10,6.95271e-310,523.829,6.68183e-310,-553.823,1.4822e-323,-145.762,5.23261e-310,932.601,-28.6737,564.79,-21.3534,-508.612,-25.3486,-102.664,-31.4828,971.445,-58.5393,-87.2129,76.3041,54.9507,25.9212,0.572612,-109.606,-141.089,
5.67533,5.84422,5.75818,5.60017,0,200,0,-3.34859,-4.99051,4.34745,3.12555,1.73668,0.295685,-6.76738,-8.58189,0,2396.51,0,2210.74,0,2305.38,0,2479.19,-28.5553,41.0438,-21.2504,45.2595,-25.0609,43.2661,-31.5568,38.7836,150.96,52.0939,-278.484,-54.8875,-155.669,-18.023,261.241,99.5624,10,6.95271e-310,520.939,6.68183e-310,-548.875,1.4822e-323,-180.23,5.23261e-310,995.624,-28.5553,561.983,-21.2504,-503.615,-25.0609,-136.964,-31.5568,1034.41,-58.2363,-86.7915,75.6078,54.3574,30.2032,5.14234,-117.693,-149.25,
5.67825,5.84619,5.76459,5.59889,0,200,0,-3.32949,-4.96454,4.30623,3.08948,1.96839,0.543366,-7.18639,-9.00376,0,2393.31,0,2208.57,0,2298.33,0,2480.61,-28.4356,41.1268,-21.1608,45.3014,-24.7829,43.4259,-31.6065,38.7431,149.363,51.7819,-277.129,-54.3708,-164.649,-21.2696,269.486,105.233,10,6.95271e-310,517.819,6.68183e-310,-543.708,1.4822e-323,-212.696,5.23261e-310,1052.33,-28.4356,558.946,-21.1608,-498.407,-24.7829,-169.27,-31.6065,1091.08,-57.9042,-86.3399,74.8909,53.7301,34.2328,9.44985,-124.981,-156.587,
5.68109,5.84809,5.77075,5.59796,0,200,0,-3.31514,-4.94346,4.26655,3.05474,2.18421,0.774604,-7.57302,-9.39245,0,2390.19,0,2206.48,0,2291.55,0,2481.62,-28.3187,41.2074,-21.075,45.3414,-24.515,43.5777,-31.6422,38.7139,147.867,51.535,-275.625,-53.8732,-172.971,-24.2976,276.853,110.461,10,6.95271e-310,515.35,6.68183e-310,-538.732,1.4822e-323,-242.976,5.23261e-310,1104.61,-28.3187,556.558,-21.075,-493.391,-24.515,-199.399,-31.6422,1143.32,-57.6546,-85.9733,74.2009,53.1259,37.9863,13.4714,-131.705,-163.347,
5.68477,5.84939,5.77648,5.59739,0,200,0,-3.21896,-4.83856,4.17587,2.96747,2.3675,0.972267,-7.90319,-9.7239,0,2386.14,0,2205.05,0,2285.25,0,2482.25,-28.1669,41.3113,-21.0158,45.3689,-24.2649,43.7174,-31.6645,38.6957,144.889,50.1695,-272.512,-52.6768,-180.38,-26.8789,283.518,114.922,10,6.95271e-310,501.695,6.68183e-310,-526.768,1.4822e-323,-268.789,5.23261e-310,1149.22,-28.1669,543.006,-21.0158,-481.399,-24.2649,-225.071,-31.6645,1187.91,-55.9819,-84.1488,72.6239,51.6081,41.1739,16.909,-137.447,-169.111,
5.68837,5.85069,5.78191,5.59712,0,200,0,-3.12645,-4.73747,4.08674,2.88171,2.53201,1.15044,-8.19958,-10,0,2382.17,0,2203.62,0,2279.28,0,2482.54,-28.0177,41.4127,-20.957,45.3961,-24.0272,43.8485,-31.6747,38.6874,142.065,48.8547,-269.408,-51.501,-187.104,-29.2014,289.406,118.921,10,6.95271e-310,488.547,6.68183e-310,-515.01,1.4822e-323,-292.014,5.23261e-310,1189.21,-28.0177,529.96,-20.957,-469.614,-24.0272,-248.165,-31.6747,1227.9,-54.3731,-82.3908,71.0738,50.1168,44.0349,20.0077,-142.601,-174.276,
5.69205,5.85199,5.7871,5.59714,0,200,0,-3.02799,-4.63024,3.99292,2.7913,2.67739,1.30892,-8.46521,-10,0,2378.12,0,2202.19,0,2273.57,0,2482.53,-27.8651,41.5155,-20.8977,45.4234,-23.7994,43.9726,-31.6742,38.6878,139.239,47.4583,-266.222,-50.262,-193.24,-31.2615,294.699,122.501,10,6.95271e-310,474.583,6.68183e-310,-502.62,1.4822e-323,-312.615,5.23261e-310,1225.01,-27.8651,516.098,-20.8977,-457.197,-23.7994,-268.642,-31.6742,1263.7,-52.6607,-80.5259,69.442,48.5443,46.5632,22.7638,-147.221,-178.895,
5.69593,5.85301,5.79236,5.59754,0,200,0,-2.91875,-4.51172,3.8922,2.69324,2.82651,1.47136,-8.71212,-10,0,2373.85,0,2201.07,0,2267.78,0,2482.08,-27.7037,41.6233,-20.8514,45.4447,-23.5677,44.0972,-31.6585,38.7007,136.019,45.9126,-262.198,-48.9246,-199.073,-33.3736,299.321,125.822,10,6.95271e-310,459.126,6.68183e-310,-489.246,1.4822e-323,-333.736,5.23261e-310,1258.22,-27.7037,500.749,-20.8514,-443.802,-23.5677,-289.639,-31.6585,1296.92,-50.7609,-78.4646,67.6905,46.839,49.1566,25.5889,-151.515,-183.174,
5.70011,5.85369,5.79657,5.59839,0,200,0,-2.75855,-4.34152,3.76406,2.56688,2.9182,1.57374,-8.8652,-10,0,2369.26,0,2200.32,0,2263.16,0,2481.15,-27.5299,41.7385,-20.8204,45.4589,-23.382,44.1959,-31.6255,38.7276,132.196,43.6745,-257.622,-47.2109,-203.117,-34.6914,302.583,127.87,10,6.95271e-310,436.745,6.68183e-310,-472.109,1.4822e-323,-346.914,5.23261e-310,1278.7,-27.5299,478.483,-20.8204,-426.65,-23.382,-302.718,-31.6255,1317.42,-47.9748,-75.5047,65.4618,44.6415,50.7514,27.3693,-154.177,-185.803,
5.70448,5.85419,5.8009,5.60025,0,200,0,-2.60393,-4.17638,3.64108,2.44519,3.01265,1.67922,-8.9686,-10,0,2364.45,0,2199.78,0,2258.39,0,2479.1,-27.3471,41.8586,-20.798,45.4691,-23.1901,44.297,-31.5535,38.7863,128.249,41.5075,-252.012,-45.5631,-206.306,-36.0488,304.231,129.23,10,6.95271e-310,415.075,6.68183e-310,-455.631,1.4822e-323,-360.488,5.23261e-310,1292.3,-27.3471,456.934,-20.798,-410.162,-23.1901,-316.191,-31.5535,1331.08,-45.2857,-72.6327,63.3232,42.5251,52.3939,29.2038,-155.976,-187.529,
5.70896,5.85444,5.80502,5.60252,0,200,0,-2.43854,-4.00019,3.51242,2.31719,3.0974,1.77445,-9.0349,-10,0,2359.52,0,2199.5,0,2253.86,0,2476.61,-27.1592,41.9807,-20.7866,45.4744,-23.0078,44.3919,-31.4656,38.8576,124.044,39.1933,-245.842,-43.8339,-208.798,-37.2713,305.013,130.082,10,6.95271e-310,391.933,6.68183e-310,-438.339,1.4822e-323,-372.713,5.23261e-310,1300.82,-27.1592,433.914,-20.7866,-392.865,-23.0078,-328.321,-31.4656,1339.68,-42.4093,-69.5685,61.0855,40.2989,53.8678,30.8601,-157.129,-188.594,
5.71378,5.85453,5.80935,5.60514,0,200,0,-2.26001,-3.81002,3.37272,2.17774,3.18853,1.87666,-9.09205,-10,0,2354.22,0,2199.39,0,2249.09,0,2473.72,-26.9566,42.1111,-20.7822,45.4764,-22.815,44.4913,-31.3635,38.9401,119.403,36.6956,-238.9,-41.953,-211.191,-38.5841,305.412,130.804,10,6.95271e-310,366.956,6.68183e-310,-419.53,1.4822e-323,-385.841,5.23261e-310,1308.04,-26.9566,409.067,-20.7822,-374.053,-22.815,-341.35,-31.3635,1346.98,-39.3046,-66.2612,58.6561,37.8738,55.4526,32.6377,-158.123,-189.486,
5.71917,5.85445,5.81267,5.60829,0,200,0,-2.01557,-3.55249,3.19544,2.00024,3.21315,1.90979,-9.04992,-10,0,2348.29,0,2199.49,0,2245.44,0,2470.26,-26.7291,42.2558,-20.7861,45.4746,-22.6672,44.5668,-31.2406,39.0387,113.964,33.2983,-231.362,-39.5618,-211.701,-38.9809,304.551,130.179,10,6.95271e-310,332.983,6.68183e-310,-395.618,1.4822e-323,-389.809,5.23261e-310,1301.79,-26.7291,375.239,-20.7861,-350.143,-22.6672,-345.242,-31.2406,1340.83,-35.0533,-61.7824,55.5728,34.7868,55.8809,33.2138,-157.39,-188.631,
5.72374,5.8542,5.81599,5.61141,0,200,0,-1.83119,-3.357,3.05604,1.86018,3.26523,1.97039,-9.02339,-10,0,2343.27,0,2199.76,0,2241.79,0,2466.83,-26.5359,42.3774,-20.7975,45.4694,-22.5191,44.6418,-31.1188,39.1359,109.342,30.7262,-224.296,-37.678,-212.339,-39.7477,303.287,129.765,10,6.95271e-310,307.262,6.68183e-310,-376.78,1.4822e-323,-397.477,5.23261e-310,1297.65,-26.5359,349.639,-20.7975,-331.31,-22.5191,-352.835,-31.1188,1336.78,-31.8468,-58.3827,53.1485,32.351,56.7867,34.2676,-156.928,-188.047,
5.72905,5.85375,5.81922,5.6158,0,200,0,-1.61193,-3.12478,2.89456,1.69754,3.29386,2.00729,-8.91315,-10,0,2337.43,0,2200.25,0,2238.24,0,2462,-26.3105,42.5177,-20.8177,45.4601,-22.3751,44.7142,-30.9469,39.272,103.975,27.6696,-215.734,-35.4928,-211.503,-40.1966,300.128,128.199,10,6.95271e-310,276.696,6.68183e-310,-354.928,1.4822e-323,-401.966,5.23261e-310,1281.99,-26.3105,319.213,-20.8177,-309.468,-22.3751,-357.252,-30.9469,1321.26,-28.0335,-54.3441,50.3402,29.5225,57.2845,34.9095,-155.011,-185.958,
5.73498,5.85314,5.82214,5.62015,0,200,0,-1.33543,-2.83375,2.69329,1.49468,3.29447,2.01543,-8.78188,-10,0,2330.9,0,2200.92,0,2235.03,0,2457.22,-26.0579,42.673,-20.8454,45.4474,-22.2442,44.7794,-30.7757,39.4063,97.6319,23.8294,-206.588,-32.768,-210.257,-40.262,297.086,126.349,10,6.95271e-310,238.294,6.68183e-310,-327.68,1.4822e-323,-402.62,5.23261e-310,1263.49,-26.0579,280.967,-20.8454,-282.232,-22.2442,-357.841,-30.7757,1302.9,-23.2248,-49.2827,46.8398,25.9944,57.2951,35.0509,-152.728,-183.504,
5.7399,5.85208,5.82517,5.62484,0,200,0,-1.13898,-2.62521,2.54177,1.34037,3.34146,2.07023,-8.65614,-10,0,2325.48,0,2202.1,0,2231.69,0,2452.05,-25.8474,42.8009,-20.8939,45.4252,-22.1083,44.8466,-30.5903,39.5504,92.1575,21.0873,-197.386,-30.7048,-208.943,-40.9547,292.882,124.568,10,6.95271e-310,210.873,6.68183e-310,-307.048,1.4822e-323,-409.547,5.23261e-310,1245.68,-25.8474,253.674,-20.8939,-261.623,-22.1083,-364.701,-30.5903,1285.23,-19.8084,-45.6558,44.2047,23.3108,58.1123,36.004,-150.541,-181.132,
5.74562,5.85094,5.82739,5.62987,0,200,0,-0.867017,-2.33915,2.34202,1.13765,3.3235,2.05799,-8.45665,-10,0,2319.2,0,2203.35,0,2229.25,0,2446.53,-25.6023,42.9479,-20.9456,45.4013,-22.0089,44.8955,-30.3913,39.7035,85.6396,17.312,-187.63,-27.9901,-206.169,-40.7561,288.022,121.787,10,6.95271e-310,173.12,6.68183e-310,-279.901,1.4822e-323,-407.561,5.23261e-310,1217.87,-25.6023,216.068,-20.9456,-234.499,-22.0089,-362.666,-30.3913,1257.58,-15.0786,-40.6808,40.7308,19.7852,57.8,35.7912,-147.072,-177.463,
5.75149,5.8494,5.82968,5.63535,0,200,0,-0.592294,-2.0499,2.13416,0.925785,3.31533,2.05573,-8.24107,-9.97602,0,2312.74,0,2205.04,0,2226.73,0,2440.49,-25.3496,43.0975,-21.0152,45.3692,-21.906,44.9458,-30.1729,39.8697,78.6467,13.4963,-176.935,-25.1583,-203.029,-40.6909,282.35,118.78,10,6.95271e-310,134.963,6.68183e-310,-251.583,1.4822e-323,-406.909,5.23261e-310,1187.8,-25.3496,178.061,-21.0152,-206.214,-21.906,-361.963,-30.1729,1227.67,-10.3008,-35.6504,37.1158,16.1006,57.6579,35.7519,-143.323,-173.496,
5.75749,5.84787,5.83187,5.64124,0,200,0,-0.318286,-1.76101,1.92197,0.709598,3.29646,2.04253,-8.00225,-9.72367,0,2306.15,0,2206.72,0,2224.32,0,2434.02,-25.0909,43.2486,-21.0848,45.3369,-21.8074,44.9937,-29.9378,40.0466,71.5662,9.68781,-166.03,-22.2682,-199.342,-40.4795,276.031,115.453,10,6.95271e-310,96.8781,6.68183e-310,-222.682,1.4822e-323,-404.795,5.23261e-310,1154.53,-25.0909,140.127,-21.0848,-177.345,-21.8074,-359.801,-29.9378,1194.57,-5.53541,-30.6263,33.4256,12.3408,57.3297,35.5223,-139.169,-169.107,
5.76349,5.8461,5.83351,5.64752,0,200,0,-0.0353966,-1.46317,1.70182,0.484821,3.25204,2.00236,-7.71623,-9.42316,0,2299.54,0,2208.67,0,2222.52,0,2427.11,-24.8308,43.3985,-21.1652,45.2994,-21.7335,45.0295,-29.6857,40.2338,64.246,5.75917,-154.827,-19.266,-194.566,-39.913,268.665,111.481,10,6.95271e-310,57.5917,6.68183e-310,-192.66,1.4822e-323,-399.13,5.23261e-310,1114.81,-24.8308,100.99,-21.1652,-147.36,-21.7335,-354.101,-29.6857,1155.05,-0.615593,-25.4464,29.5968,8.43167,56.5572,34.8237,-134.195,-163.881,
5.76955,5.84423,5.83528,5.65454,0,200,0,0.228606,-1.18401,1.48583,0.263968,3.21156,1.96644,-7.4058,-9.09644,0,2292.87,0,2210.73,0,2220.58,0,2419.38,-24.5672,43.5483,-21.2498,45.2598,-21.6541,45.0677,-29.4024,40.4413,56.9138,2.08374,-143.07,-16.3181,-189.186,-39.402,260.15,107.167,10,6.95271e-310,20.8374,6.68183e-310,-163.181,1.4822e-323,-394.02,5.23261e-310,1071.67,-24.5672,64.3856,-21.2498,-117.921,-21.6541,-348.952,-29.4024,1112.11,3.97576,-20.5914,25.8406,4.59074,55.8532,34.199,-128.797,-158.199,
5.77617,5.84233,5.83656,5.66057,0,200,0,0.563982,-0.832035,1.21727,-0.00952077,3.13131,1.88952,-7.11857,-8.79516,0,2285.59,0,2212.81,0,2219.17,0,2412.75,-24.2786,43.7099,-21.3355,45.2194,-21.5963,45.0954,-29.1581,40.6178,48.521,-2.56455,-131.598,-12.6611,-184.131,-38.3456,253.222,103.183,10,6.95271e-310,-25.6455,6.68183e-310,-126.611,1.4822e-323,-383.456,5.23261e-310,1031.83,-24.2786,18.0644,-21.3355,-81.3918,-21.5963,-338.36,-29.1581,1072.45,9.80839,-14.4702,21.1699,-0.165579,54.4575,32.8612,-123.801,-152.959,
5.78217,5.83976,5.8377,5.66811,0,200,0,0.830743,-0.550159,0.983954,-0.249532,3.07388,1.83504,-6.76521,-8.42415,0,2278.99,0,2215.65,0,2217.91,0,2404.46,-24.0157,43.8548,-21.4519,45.1643,-21.545,45.12,-28.8511,40.8364,40.5266,-6.27638,-118.942,-9.46579,-177.507,-37.5938,243.215,98.2794,10,6.95271e-310,-62.7638,6.68183e-310,-94.6579,1.4822e-323,-375.938,5.23261e-310,982.794,-24.0157,-18.9089,-21.4519,-49.4936,-21.545,-330.818,-28.8511,1023.63,14.4477,-9.56798,17.1122,-4.33969,53.4587,31.9137,-117.656,-146.507,
5.78728,5.83718,5.83877,5.67439,0,200,0,1.05729,-0.310724,0.773037,-0.467136,3.04174,1.8057,-6.48728,-8.13145,0,2273.37,0,2218.48,0,2216.73,0,2397.55,-23.7915,43.9769,-21.5682,45.1089,-21.4963,45.1432,-28.5941,41.0168,33.2818,-9.42887,-107.677,-6.57239,-172.189,-37.1818,234.839,94.4158,10,6.95271e-310,-94.2887,6.68183e-310,-65.7239,1.4822e-323,-371.818,5.23261e-310,944.158,-23.7915,-50.3118,-21.5682,-20.615,-21.4963,-326.675,-28.5941,985.175,18.3876,-5.4039,13.4441,-8.12411,52.8997,31.4035,-112.822,-141.416,
5.79293,5.83484,5.83955,5.68173,0,200,0,1.2994,-0.0542799,0.546325,-0.699906,2.96285,1.72884,-6.1404,-7.76719,0,2267.15,0,2221.05,0,2215.87,0,2389.47,-23.5423,44.1107,-21.6736,45.0584,-21.4611,45.1599,-28.292,41.2257,25.761,-12.8021,-96.0027,-3.47083,-165.312,-36.1339,224.906,89.6025,10,6.95271e-310,-128.021,6.68183e-310,-34.7083,1.4822e-323,-361.339,5.23261e-310,896.025,-23.5423,-83.9106,-21.6736,10.3501,-21.4611,-316.179,-28.292,937.25,22.5983,-0.943998,9.5013,-12.1723,51.5279,30.0667,-106.79,-135.082,
5.79852,5.83272,5.84016,5.69047,0,200,0,1.50046,0.16096,0.341326,-0.910399,2.86101,1.62858,-5.72678,-7.3328,0,2261.01,0,2223.39,0,2215.2,0,2379.86,-23.2956,44.2415,-21.7691,45.0123,-21.4335,45.173,-27.9308,41.4713,18.7917,-15.6207,-84.1653,-0.666173,-156.795,-34.7733,212.709,83.8631,10,6.95271e-310,-156.207,6.68183e-310,-6.66173,1.4822e-323,-347.733,5.23261e-310,838.631,-23.2956,-111.965,-21.7691,38.3506,-21.4335,-302.559,-27.9308,880.102,26.0949,2.7993,5.9361,-15.833,49.7567,28.3232,-99.5962,-127.527,
5.80467,5.83077,5.84058,5.69819,0,200,0,1.76202,0.438184,0.0905275,-1.16625,2.72795,1.49662,-5.35333,-6.94089,0,2254.25,0,2225.53,0,2214.74,0,2371.37,-23.0232,44.3839,-21.857,44.9697,-21.4146,45.182,-27.6099,41.6857,10.9583,-19.2658,-72.8004,2.75247,-148.975,-32.9881,202.368,78.6838,10,6.95271e-310,-192.658,6.68183e-310,27.5247,1.4822e-323,-329.881,5.23261e-310,786.838,-23.0232,-148.274,-21.857,72.4943,-21.4146,-284.699,-27.6099,828.524,30.6438,7.62059,1.57439,-20.2826,47.4427,26.0281,-93.1013,-120.711,
5.80953,5.82874,5.84094,5.7072,0,200,0,1.89968,0.588275,-0.0823882,-1.3444,2.62161,1.39121,-4.94049,-6.50639,0,2248.89,0,2227.76,0,2214.34,0,2361.46,-22.807,44.4954,-21.948,44.9253,-21.3983,45.1897,-27.2331,41.9328,4.88524,-21.2162,-61.7552,5.12279,-139.938,-31.5619,189.373,72.9487,10,6.95271e-310,-212.162,6.68183e-310,51.2279,1.4822e-323,-315.619,5.23261e-310,729.487,-22.807,-167.666,-21.948,96.1532,-21.3983,-270.429,-27.2331,771.42,33.0378,10.2309,-1.43284,-23.3809,45.5932,24.1949,-85.9215,-113.155,
5.81549,5.82691,5.8411,5.71628,0,200,0,2.10849,0.812351,-0.312607,-1.57935,2.46097,1.23097,-4.51352,-6.05745,0,2242.34,0,2229.78,0,2214.17,0,2351.47,-22.5415,44.6305,-22.0304,44.885,-21.3913,45.1931,-26.851,42.1784,-2.45078,-24.147,-50.3215,8.26167,-130.41,-29.3998,176.708,67.0213,10,6.95271e-310,-241.47,6.68183e-310,82.6167,1.4822e-323,-293.998,5.23261e-310,670.213,-22.5415,-196.839,-22.0304,127.502,-21.3913,-248.805,-26.851,712.392,36.6694,14.1278,-5.43664,-27.467,42.7995,21.4082,-78.496,-105.347,
5.8208,5.82469,5.84111,5.72543,0,200,0,2.27267,0.990175,-0.523507,-1.79597,2.31794,1.08797,-4.09694,-5.61864,0,2236.5,0,2232.22,0,2214.16,0,2341.41,-22.3043,44.7495,-22.1298,44.836,-21.3908,45.1933,-26.4643,42.4222,-9.42896,-26.4637,-38.8959,11.1477,-120.775,-27.4723,163.472,61.2323,10,6.95271e-310,-264.637,6.68183e-310,111.477,1.4822e-323,-274.723,5.23261e-310,612.323,-22.3043,-219.888,-22.1298,156.313,-21.3908,-229.529,-26.4643,654.746,39.5247,17.2204,-9.10447,-31.2343,40.312,18.9213,-71.2512,-97.7154,
5.82558,5.82287,5.84093,5.73566,0,200,0,2.36763,1.09745,-0.68915,-1.96631,2.1561,0.925669,-3.63875,-5.1354,0,2231.24,0,2234.22,0,2214.36,0,2330.15,-22.0901,44.8556,-22.2115,44.7957,-21.3989,45.1895,-26.0287,42.6908,-15.225,-27.8372,-28.1004,13.4159,-109.818,-25.2874,148.379,54.861,10,6.95271e-310,-278.372,6.68183e-310,134.159,1.4822e-323,-252.874,5.23261e-310,548.61,-22.0901,-233.516,-22.2115,178.955,-21.3989,-207.685,-26.0287,591.301,41.1761,19.0861,-11.9852,-34.1967,37.4975,16.0986,-63.2825,-89.3112,
5.83106,5.82134,5.84061,5.74443,0,200,0,2.54156,1.28552,-0.907376,-2.18849,1.96054,0.729265,-3.23661,-4.71167,0,2225.22,0,2235.91,0,2214.71,0,2320.5,-21.8441,44.976,-22.2802,44.7615,-21.4135,45.1825,-25.6532,42.9175,-21.9992,-30.2888,-18.0413,16.3873,-100.041,-22.6452,135.948,49.2727,10,6.95271e-310,-302.888,6.68183e-310,163.873,1.4822e-323,-226.452,5.23261e-310,492.727,-21.8441,-257.912,-22.2802,208.634,-21.4135,-181.27,-25.6532,535.645,44.201,22.357,-15.7805,-38.0606,34.0964,12.6829,-56.2889,-81.9421,
5.83536,5.81967,5.84013,5.75444,0,200,0,2.60323,1.35833,-1.05744,-2.34283,1.78161,0.549091,-2.80071,-4.251,0,2220.48,0,2237.74,0,2215.24,0,2309.49,-21.6504,45.0695,-22.3547,44.7244,-21.4351,45.1723,-25.2225,43.1721,-27.2692,-31.2044,-8.20922,18.4424,-89.0006,-20.2241,120.995,43.2052,10,6.95271e-310,-312.044,6.68183e-310,184.424,1.4822e-323,-202.241,5.23261e-310,432.052,-21.6504,-266.975,-22.3547,229.149,-21.4351,-157.069,-25.2225,475.224,45.2735,23.6232,-18.3902,-40.7449,30.9845,9.5494,-48.708,-73.9305,
5.84048,5.81829,5.83958,5.7655,0,200,0,2.68393,1.45231,-1.23369,-2.52263,1.55179,0.317837,-2.3267,-3.74944,0,2214.86,0,2239.26,0,2215.84,0,2297.33,-21.4195,45.1797,-22.4163,44.6935,-21.4601,45.1604,-24.7434,43.4484,-33.1839,-32.3926,2.1145,20.845,-76.6772,-17.1157,104.853,36.603,10,6.95271e-310,-323.926,6.68183e-310,208.45,1.4822e-323,-171.157,5.23261e-310,366.03,-21.4195,-278.747,-22.4163,253.144,-21.4601,-125.997,-24.7434,409.479,46.677,25.2576,-21.4556,-43.8719,26.9877,5.5276,-40.4643,-65.2077,
5.84499,5.81723,5.83865,5.77448,0,200,0,2.78168,1.56181,-1.40188,-2.69356,1.31727,0.0809176,-1.92509,-3.32535,0,2209.89,0,2240.43,0,2216.86,0,2287.45,-21.2151,45.276,-22.464,44.6696,-21.5017,45.1406,-24.3524,43.6688,-38.5273,-33.799,10.4072,23.1328,-66.0432,-13.9366,91.6546,31.0165,10,6.95271e-310,-337.99,6.68183e-310,231.328,1.4822e-323,-139.366,5.23261e-310,310.165,-21.2151,-292.714,-22.464,275.997,-21.5017,-94.2254,-24.3524,353.834,48.3771,27.162,-24.3806,-46.8445,22.909,1.40726,-33.4797,-57.8321,
5.849,5.81604,5.83765,5.78578,0,200,0,2.77836,1.56893,-1.52294,-2.81767,1.0722,-0.166763,-1.4557,-2.8275,0,2205.48,0,2241.74,0,2217.97,0,2275.02,-21.0337,45.3606,-22.5169,44.6429,-21.5471,45.119,-23.8573,43.9412,-43.0249,-33.833,19.4014,24.7876,-53.0673,-10.6137,74.6047,24.4709,10,6.95271e-310,-338.33,6.68183e-310,247.876,1.4822e-323,-106.137,5.23261e-310,244.709,-21.0337,-292.97,-22.5169,292.519,-21.5471,-61.0185,-23.8573,288.651,48.3194,27.2857,-26.4859,-49.0029,18.6469,-2.90022,-25.3166,-49.1739,
5.85369,5.81515,5.83655,5.79661,0,200,0,2.82701,1.62984,-1.68124,-2.97824,0.787811,-0.454009,-1.00523,-2.34957,0,2200.32,0,2242.71,0,2219.18,0,2263.1,-20.8204,45.4589,-22.5565,44.6229,-21.5969,45.0952,-23.3799,44.1971,-48.2861,-34.5811,28.0956,26.9386,-40.3386,-6.75905,58.6798,18.1887,10,6.95271e-310,-345.811,6.68183e-310,269.386,1.4822e-323,-67.5905,5.23261e-310,181.887,-20.8204,-300.352,-22.5565,314.009,-21.5969,-22.4953,-23.3799,226.084,49.1653,28.345,-29.239,-51.7955,13.7011,-7.89582,-17.4822,-40.8621,
5.85776,5.81452,5.83539,5.80663,0,200,0,2.84917,1.66263,-1.81124,-3.10987,0.513207,-0.731596,-0.595943,-1.91476,0,2195.85,0,2243.41,0,2220.45,0,2252.08,-20.6355,45.5431,-22.5849,44.6086,-21.6487,45.0703,-22.9359,44.4291,-52.7022,-34.9599,35.5261,28.7031,-28.4413,-3.03528,43.8903,12.477,10,6.95271e-310,-349.599,6.68183e-310,287.031,1.4822e-323,-30.3528,5.23261e-310,124.77,-20.6355,-304.056,-22.5849,331.639,-21.6487,14.7175,-22.9359,169.199,49.5508,28.9153,-31.4997,-54.0846,8.92534,-12.7234,-10.3642,-33.3002,
5.86172,5.81388,5.83418,5.819,0,200,0,2.79169,1.61555,-1.91343,-3.21369,0.20861,-1.03933,-0.126505,-1.41363,0,2191.48,0,2244.11,0,2221.78,0,2238.48,-20.4547,45.6246,-22.6132,44.5942,-21.7033,45.0441,-22.3847,44.7093,-56.743,-34.2634,43.73,30.093,-14.1661,1.09391,25.5254,5.90821,10,6.95271e-310,-342.634,6.68183e-310,300.93,1.4822e-323,10.9391,5.23261e-310,59.0821,-20.4547,-297.01,-22.6132,345.524,-21.7033,55.9832,-22.3847,103.791,48.5512,28.0965,-33.2771,-55.8903,3.628,-18.0753,-2.2001,-24.5848,
5.86534,5.81346,5.83288,5.82909,0,200,0,2.77236,1.60572,-2.0195,-3.32084,-0.0828629,-1.33418,0.262621,-0.998494,0,2187.5,0,2244.57,0,2223.21,0,2227.38,-20.2894,45.6983,-22.6319,44.5847,-21.7621,45.0157,-21.9324,44.9329,-60.5508,-34.0743,50.3238,31.5308,-2.09471,5.0481,10.5795,0.46585,10,6.95271e-310,-340.743,6.68183e-310,315.308,1.4822e-323,50.481,5.23261e-310,4.6585,-20.2894,-295.044,-22.6319,359.893,-21.7621,95.4966,-21.9324,49.5914,48.215,27.9255,-35.1218,-57.7537,-1.44109,-23.2032,4.56732,-17.3651,
5.86883,5.81322,5.83154,5.84158,0,200,0,2.66538,1.50791,-2.09012,-3.39207,-0.409857,-1.66465,0.707616,-0.521137,0,2183.67,0,2244.83,0,2224.69,0,2213.64,-20.13,45.7688,-22.6426,44.5793,-21.8225,44.9864,-21.3696,45.2033,-63.7837,-32.7012,57.3923,32.4873,12.3735,9.48175,-7.88944,-5.77703,10,6.95271e-310,-327.012,6.68183e-310,324.873,1.4822e-323,94.8175,5.23261e-310,-57.7703,-20.13,-281.244,-22.6426,369.452,-21.8225,139.804,-21.3696,-12.567,46.3545,26.2245,-36.35,-58.9926,-7.12795,-28.9505,12.3064,-9.06325,
5.87211,5.81312,5.83015,5.85246,0,200,0,2.58735,1.43853,-2.16602,-3.46824,-0.727879,-1.98627,1.09393,-0.106467,0,2180.05,0,2244.95,0,2226.22,0,2201.67,-19.9796,45.8347,-22.6474,44.5768,-21.885,44.956,-20.8765,45.4332,-66.9298,-31.7144,63.3855,33.5123,25.2546,13.7954,-23.9171,-11.198,10,6.95271e-310,-317.144,6.68183e-310,335.123,1.4822e-323,137.954,5.23261e-310,-111.98,-19.9796,-271.309,-22.6474,379.7,-21.885,182.91,-20.8765,-66.5465,44.9974,25.0179,-37.6698,-60.3172,-12.6588,-34.5438,19.0249,-1.85159,
5.87477,5.81321,5.82882,5.86299,0,200,0,2.47034,1.32853,-2.20775,-3.50973,-1.03066,-2.29249,1.45168,0.278871,0,2177.13,0,2244.85,0,2227.68,0,2190.09,-19.8575,45.8877,-22.6431,44.579,-21.9448,44.9269,-20.3967,45.6506,-69.1917,-30.1898,68.46,34.073,37.6268,17.9025,-39.456,-16.2275,10,6.95271e-310,-301.898,6.68183e-310,340.73,1.4822e-323,179.025,5.23261e-310,-162.275,-19.8575,-256.011,-22.6431,385.309,-21.9448,223.952,-20.3967,-116.624,42.9624,23.1049,-38.3957,-61.0389,-17.9246,-39.8694,25.2467,4.84993,
5.87799,5.8135,5.82751,5.87313,0,200,0,2.39425,1.26093,-2.27752,-3.57876,-1.35591,-2.62111,1.79229,0.646147,0,2173.59,0,2244.53,0,2229.12,0,2178.93,-19.7101,45.9512,-22.6303,44.5855,-22.0035,44.8982,-19.9329,45.855,-72.071,-29.2279,73.4011,35.0077,49.6355,22.3118,-54.0302,-21.0184,10,6.95271e-310,-292.279,6.68183e-310,350.077,1.4822e-323,223.118,5.23261e-310,-210.184,-19.7101,-246.327,-22.6303,394.662,-22.0035,268.016,-19.9329,-164.329,41.6392,21.9291,-39.609,-62.2393,-23.581,-45.5845,31.1702,11.2373,
5.88065,5.81404,5.82627,5.88337,0,200,0,2.27045,1.14416,-2.31,-3.60985,-1.67286,-2.94124,2.11838,0.999284,0,2170.67,0,2243.94,0,2230.48,0,2167.68,-19.5877,46.0035,-22.6062,44.5977,-22.0589,44.871,-19.4625,46.0566,-74.0489,-27.6119,77.584,35.4349,61.5738,26.6079,-68.7203,-25.616,10,6.95271e-310,-276.119,6.68183e-310,354.349,1.4822e-323,266.079,5.23261e-310,-256.16,-19.5877,-230.115,-22.6062,398.946,-22.0589,310.95,-19.4625,-210.103,39.4862,19.8984,-40.1738,-62.7801,-29.0931,-51.152,36.8414,17.3789,
5.88309,5.81491,5.82511,5.89343,0,200,0,2.12906,1.00923,-2.32222,-3.61984,-1.99091,-3.2623,2.4282,1.33582,0,2167.98,0,2242.97,0,2231.76,0,2156.6,-19.4752,46.0512,-22.5672,44.6175,-22.111,44.8453,-18.9979,46.2502,-75.492,-25.7545,81.0174,35.5826,73.2358,30.9175,-82.9803,-29.9912,10,6.95271e-310,-257.545,6.68183e-310,355.826,1.4822e-323,309.175,5.23261e-310,-299.912,-19.4752,-211.494,-22.5672,400.443,-22.111,354.021,-18.9979,-253.662,37.0271,17.5519,-40.3865,-62.9537,-34.6246,-56.7356,42.2296,23.2317,
5.88538,5.81617,5.82408,5.90341,0,200,0,1.97002,0.856255,-2.31401,-3.6084,-2.3094,-3.58344,2.72256,1.65675,0,2165.46,0,2241.59,0,2232.89,0,2145.63,-19.3697,46.0957,-22.5111,44.6458,-22.1572,44.8225,-18.5358,46.4373,-76.4091,-23.6562,83.7229,35.4473,84.6323,35.2303,-96.8276,-34.1565,10,6.95271e-310,-236.562,6.68183e-310,354.473,1.4822e-323,352.303,5.23261e-310,-341.565,-19.3697,-190.466,-22.5111,399.119,-22.1572,397.126,-18.5358,-295.127,34.2611,14.8914,-40.2437,-62.7548,-40.1634,-62.3206,47.3488,28.813,
5.88744,5.81772,5.82316,5.91311,0,200,0,1.79591,0.687613,-2.28653,-3.57695,-2.62227,-3.89869,2.99837,1.95853,0,2163.19,0,2239.89,0,2233.9,0,2134.96,-19.2747,46.1355,-22.442,44.6806,-22.1986,44.802,-18.0842,46.6151,-76.82,-21.3503,85.7337,35.0467,95.6091,39.4654,-110.107,-38.0668,10,6.95271e-310,-213.503,6.68183e-310,350.467,1.4822e-323,394.654,5.23261e-310,-380.668,-19.2747,-167.368,-22.442,395.147,-22.1986,439.456,-18.0842,-334.052,31.2332,11.9585,-39.7657,-62.2078,-45.6048,-67.8033,52.1456,34.0615,
5.88937,5.81979,5.82234,5.92245,0,200,0,1.61575,0.512572,-2.23724,-3.52232,-2.93765,-4.21616,3.25907,2.2443,0,2161.07,0,2237.61,0,2234.8,0,2124.69,-19.1856,46.1726,-22.3493,44.727,-22.2351,44.7839,-17.6482,46.7818,-76.6073,-18.9603,86.729,34.3417,106.105,43.7321,-122.543,-41.7661,10,6.95271e-310,-189.603,6.68183e-310,343.417,1.4822e-323,437.321,5.23261e-310,-417.661,-19.1856,-143.43,-22.3493,388.144,-22.2351,482.105,-17.6482,-370.879,28.0999,8.9143,-38.9085,-61.2578,-51.0895,-73.3246,56.6795,39.0313,
5.89121,5.82168,5.82168,5.93162,0,200,0,1.42806,0.32976,-2.18993,-3.47015,-3.23418,-4.5144,3.4979,2.50783,0,2159.05,0,2235.53,0,2235.53,0,2114.6,-19.1009,46.2077,-22.2646,44.7693,-22.2646,44.7693,-17.2186,46.9417,-76.4987,-16.467,87.8768,33.6671,116.178,47.7418,-134.653,-45.1676,10,6.95271e-310,-164.67,6.68183e-310,336.671,1.4822e-323,477.418,5.23261e-310,-451.676,-19.1009,-118.462,-22.2646,381.44,-22.2646,522.187,-17.2186,-404.734,24.8359,5.73496,-38.0858,-60.3504,-56.2467,-78.5113,60.8331,43.6145,
5.8929,5.82407,5.82115,5.94041,0,200,0,1.23437,0.140554,-2.12105,-3.39512,-3.5297,-4.8113,3.72306,2.75677,0,2157.2,0,2232.9,0,2236.12,0,2104.93,-19.0228,46.2399,-22.1578,44.8222,-22.2887,44.7573,-16.805,47.0913,-75.7752,-13.8898,88.0749,32.6919,125.754,51.7354,-145.941,-48.3775,10,6.95271e-310,-138.898,6.68183e-310,326.919,1.4822e-323,517.354,5.23261e-310,-483.775,-19.0228,-92.6577,-22.1578,371.742,-22.2887,562.111,-16.805,-436.684,21.4673,2.44442,-36.8878,-59.0456,-61.3861,-83.6748,64.7488,47.9438,
5.89449,5.82665,5.82073,5.94861,0,200,0,1.04793,-0.0416401,-2.04538,-3.31281,-3.81278,-5.09546,3.92832,2.98427,0,2155.44,0,2230.07,0,2236.58,0,2095.91,-18.9491,46.2702,-22.0422,44.8792,-22.3075,44.7479,-16.4184,47.2275,-74.8029,-11.4086,87.7384,31.6216,134.587,55.559,-156.197,-51.3076,10,6.95271e-310,-114.086,6.68183e-310,316.216,1.4822e-323,555.59,5.23261e-310,-513.076,-18.9491,-67.8154,-22.0422,361.095,-22.3075,600.338,-16.4184,-465.848,18.2249,-0.724175,-35.5718,-57.614,-66.3092,-88.6167,68.3187,51.9003,
5.89601,5.82974,5.82046,5.95645,0,200,0,0.859589,-0.225934,-1.95031,-3.20975,-4.09414,-5.3775,4.1225,3.19975,0,2153.77,0,2226.67,0,2236.87,0,2087.29,-18.8787,46.299,-21.9033,44.9471,-22.3193,44.742,-16.0478,47.3547,-73.2609,-8.90018,86.5039,30.2796,142.91,59.3565,-165.609,-54.0811,10,6.95271e-310,-89.0018,6.68183e-310,302.796,1.4822e-323,593.565,5.23261e-310,-540.811,-18.8787,-42.7028,-21.9033,347.743,-22.3193,638.307,-16.0478,-493.456,14.9494,-3.92928,-33.9184,-55.8218,-71.2025,-93.5218,71.6956,55.6479,
5.89734,5.83276,5.8204,5.96373,0,200,0,0.670653,-0.411329,-1.8511,-3.10273,-4.34488,-5.62839,4.29201,3.38913,0,2152.3,0,2223.35,0,2236.94,0,2079.27,-18.8171,46.3241,-21.7675,45.0131,-22.322,44.7407,-15.7023,47.4704,-71.583,-6.38002,85.127,28.8832,150.403,62.7371,-174.144,-56.5112,10,6.95271e-310,-63.8002,6.68183e-310,288.832,1.4822e-323,627.371,5.23261e-310,-565.112,-18.8171,-17.4762,-21.7675,333.845,-22.322,672.112,-15.7023,-517.642,11.6635,-7.15354,-32.193,-53.9605,-75.5631,-97.8851,74.6436,58.9414,
5.89864,5.83555,5.82053,5.97067,0,200,0,0.485697,-0.592834,-1.75937,-3.00377,-4.56857,-5.85175,4.44054,3.55662,0,2150.88,0,2220.27,0,2236.79,0,2071.64,-18.7571,46.3484,-21.6417,45.0737,-22.3161,44.7436,-15.3725,47.5782,-70.1074,-3.91283,84.0051,27.5921,157.283,65.7495,-182.097,-58.6517,10,6.95271e-310,-39.1283,6.68183e-310,275.921,1.4822e-323,657.495,5.23261e-310,-586.517,-18.7571,7.2201,-21.6417,320.994,-22.3161,702.239,-15.3725,-538.939,8.44691,-10.3102,-30.5978,-52.2395,-79.4534,-101.77,77.2268,61.8543,
5.89981,5.83927,5.82091,5.97719,0,200,0,0.294108,-0.781293,-1.63142,-2.86618,-4.79224,-6.07446,4.58249,3.71642,0,2149.59,0,2216.19,0,2236.38,0,2064.47,-18.7026,46.3704,-21.4741,45.1538,-22.2995,44.7519,-15.062,47.6774,-67.568,-1.35384,81.3957,25.7946,163.544,68.7569,-188.952,-60.6952,10,6.95271e-310,-13.5384,6.68183e-310,257.946,1.4822e-323,687.569,5.23261e-310,-606.952,-18.7026,32.832,-21.4741,303.099,-22.2995,732.321,-15.062,-559.274,5.11493,-13.5877,-28.3725,-49.8467,-83.3433,-105.643,79.6954,64.6334,
5.90094,5.84238,5.82155,5.98352,0,200,0,0.100192,-0.972206,-1.52059,-2.74725,-4.97171,-6.25226,4.69799,3.84929,0,2148.35,0,2212.76,0,2235.67,0,2057.51,-18.6504,46.3914,-21.3333,45.2204,-22.2705,44.7663,-14.76,47.7718,-65.5596,1.23747,79.6665,24.2395,169.208,71.1632,-195.519,-62.3784,10,6.95271e-310,12.3747,6.68183e-310,242.395,1.4822e-323,711.632,5.23261e-310,-623.784,-18.6504,58.7661,-21.3333,287.615,-22.2705,756.398,-14.76,-576.012,1.74247,-16.9079,-26.445,-47.7783,-86.4645,-108.735,81.7042,66.9441,
5.90206,5.84598,5.82261,5.98951,0,200,0,-0.09744,-1.16683,-1.3922,-2.60951,-5.1282,-6.40604,4.79696,3.96473,0,2147.11,0,2208.81,0,2234.51,0,2050.92,-18.5981,46.4124,-21.1706,45.2969,-22.2233,44.7898,-14.4735,47.8594,-63.0442,3.87885,77.2822,22.4384,174.109,73.2518,-201.092,-63.8321,10,6.95271e-310,38.7885,6.68183e-310,224.384,1.4822e-323,732.518,5.23261e-310,-638.321,-18.5981,85.2009,-21.1706,269.681,-22.2233,777.307,-14.4735,-590.461,-1.69461,-20.2927,-24.2123,-45.3829,-89.1861,-111.409,83.4253,68.9518,
5.90315,5.84999,5.82421,5.99518,0,200,0,-0.305382,-1.37186,-1.24486,-2.45171,-5.24657,-6.52028,4.87313,4.05651,0,2145.91,0,2204.39,0,2232.74,0,2044.68,-18.5475,46.4326,-20.9886,45.3815,-22.1513,44.8254,-14.202,47.9406,-60.0107,6.6599,74.3738,20.3735,178.083,74.8158,-205.61,-64.972,10,6.95271e-310,66.599,6.68183e-310,203.735,1.4822e-323,748.158,5.23261e-310,-649.72,-18.5475,113.032,-20.9886,249.116,-22.1513,792.983,-14.202,-601.78,-5.31099,-23.8585,-21.6498,-42.6383,-91.2448,-113.396,84.75,70.548,
5.90418,5.85347,5.82623,6.00044,0,200,0,-0.512134,-1.57586,-1.11202,-2.30978,-5.30614,-6.57464,4.91744,4.11534,0,2144.78,0,2200.57,0,2230.53,0,2038.89,-18.4996,46.4517,-20.8307,45.4542,-22.061,44.8699,-13.9496,48.0147,-57.4062,9.4261,72.2471,18.5146,181.123,75.5791,-209.427,-65.6745,10,6.95271e-310,94.261,6.68183e-310,185.146,1.4822e-323,755.791,5.23261e-310,-656.745,-18.4996,140.713,-20.8307,230.6,-22.061,800.661,-13.9496,-608.731,-8.90667,-27.4063,-19.3394,-40.1702,-92.2806,-114.342,85.5207,71.5711,
5.90523,5.85784,5.82871,6.00545,0,200,0,-0.728717,-1.78966,-0.947648,-2.13398,-5.35149,-6.61359,4.95271,4.16445,0,2143.63,0,2195.76,0,2227.8,0,2033.38,-18.4512,46.471,-20.6319,45.5447,-21.9497,44.9245,-13.7089,48.084,-53.8744,12.3246,68.9343,16.213,183.459,76.1418,-212.187,-66.2501,10,6.95271e-310,123.246,6.68183e-310,162.13,1.4822e-323,761.418,5.23261e-310,-662.501,-18.4512,169.717,-20.6319,207.675,-21.9497,806.342,-13.7089,-614.417,-12.6733,-31.1245,-16.4808,-37.1128,-93.0693,-115.019,86.134,72.4252,
5.90627,5.86204,5.83142,6.00997,0,200,0,-0.933619,-1.99178,-0.791549,-1.96688,-5.36468,-6.61978,4.96997,4.19421,0,2142.48,0,2191.14,0,2224.82,0,2028.41,-18.4027,46.4902,-20.4405,45.631,-21.8279,44.9838,-13.4915,48.1454,-50.4961,15.0656,65.8199,14.0263,185.04,76.2665,-214.147,-66.5731,10,6.95271e-310,150.656,6.68183e-310,140.263,1.4822e-323,762.665,5.23261e-310,-665.731,-18.4027,197.146,-20.4405,185.894,-21.8279,807.649,-13.4915,-617.586,-16.2369,-34.6396,-13.7661,-34.2066,-93.2988,-115.127,86.4342,72.9428,
5.90732,5.8663,5.83466,6.01408,0,200,0,-1.13952,-2.19485,-0.632307,-1.79643,-5.32895,-6.57564,4.96154,4.19717,0,2141.32,0,2186.45,0,2221.25,0,2023.89,-18.3537,46.5096,-20.2456,45.7178,-21.6817,45.0545,-13.2935,48.2005,-46.998,17.8198,62.7163,11.7958,185.61,75.7211,-215.081,-66.5418,10,6.95271e-310,178.198,6.68183e-310,117.958,1.4822e-323,757.211,5.23261e-310,-665.418,-18.3537,224.708,-20.2456,163.676,-21.6817,802.266,-13.2935,-617.217,-19.8177,-38.1714,-10.9966,-31.2423,-92.6773,-114.359,86.2877,72.9942,
5.90844,5.87059,5.83824,6.01775,0,200,0,-1.33519,-2.38754,-0.47665,-1.62948,-5.26188,-6.49932,4.936,4.18179,0,2140.1,0,2181.73,0,2217.32,0,2019.86,-18.3018,46.53,-20.0493,45.8042,-21.5206,45.1316,-13.1166,48.2489,-43.509,20.435,59.6272,9.61309,185.389,74.7471,-215.128,-66.2708,10,6.95271e-310,204.35,6.68183e-310,96.1309,1.4822e-323,747.471,5.23261e-310,-662.708,-18.3018,250.88,-20.0493,141.935,-21.5206,792.603,-13.1166,-614.46,-23.2206,-41.5225,-8.28957,-28.3389,-91.511,-113.032,85.8434,72.7268,
5.9096,5.87493,5.84231,6.02113,0,200,0,-1.53261,-2.58185,-0.320153,-1.46155,-5.15149,-6.37835,4.88836,4.14353,0,2138.82,0,2176.96,0,2212.84,0,2016.14,-18.2477,46.5513,-19.8504,45.8908,-21.3366,45.2189,-12.9535,48.2929,-39.9591,23.0727,56.6228,7.41805,184.314,73.1792,-214.347,-65.6964,10,6.95271e-310,230.727,6.68183e-310,74.1805,1.4822e-323,731.792,5.23261e-310,-656.964,-18.2477,277.279,-19.8504,120.071,-21.3366,777.011,-12.9535,-608.671,-26.654,-44.9017,-5.56787,-25.4183,-89.5912,-110.928,85.0149,72.0615,
5.9108,5.87885,5.84672,6.02411,0,200,0,-1.7206,-2.76664,-0.180133,-1.31118,-4.99476,-6.21014,4.81703,4.0805,0,2137.5,0,2172.65,0,2207.99,0,2012.86,-18.1919,46.5731,-19.6704,45.9682,-21.1369,45.3126,-12.8093,48.3314,-36.8199,25.5828,54.2738,5.45334,182.437,70.98,-212.9,-64.7947,10,6.95271e-310,255.828,6.68183e-310,54.5334,1.4822e-323,709.8,5.23261e-310,-647.947,-18.1919,302.401,-19.6704,100.502,-21.1369,755.113,-12.8093,-599.616,-29.9235,-48.1155,-3.13274,-22.8032,-86.8654,-108.002,83.7745,70.9651,
5.91211,5.88343,5.85159,6.02676,0,200,0,-1.90677,-2.94931,-0.0242808,-1.14322,-4.8203,-6.02298,4.73505,4.00588,0,2136.06,0,2167.61,0,2202.64,0,2009.94,-18.1311,46.5968,-19.4598,46.0578,-20.9162,45.4149,-12.6813,48.3651,-33.0874,28.0661,51.1457,3.26214,179.777,68.5328,-210.397,-63.7428,10,6.95271e-310,280.661,6.68183e-310,32.6214,1.4822e-323,685.328,5.23261e-310,-637.428,-18.1311,327.258,-19.4598,78.6792,-20.9162,730.743,-12.6813,-589.062,-33.1613,-51.2924,-0.422275,-19.882,-83.8313,-104.748,82.3487,69.6674,
5.91354,5.88738,5.85675,6.02898,0,200,0,-2.07308,-3.11176,0.102912,-1.00554,-4.59901,-5.78818,4.62804,3.90504,0,2134.48,0,2163.26,0,2196.95,0,2007.51,-18.064,46.6229,-19.2775,46.1344,-20.6814,45.5223,-12.574,48.3931,-30.081,30.2791,49.0076,1.46951,176.317,65.4484,-207.256,-62.3449,10,6.95271e-310,302.791,6.68183e-310,14.6951,1.4822e-323,654.484,5.23261e-310,-623.449,-18.064,349.413,-19.2775,60.8294,-20.6814,700.006,-12.574,-575.055,-36.0536,-54.1176,1.78977,-17.4877,-79.9827,-100.664,80.4877,67.9137,
5.91507,5.89118,5.86219,6.03093,0,200,0,-2.23131,-3.26591,0.219573,-0.878794,-4.34953,-5.52445,4.50573,3.78816,0,2132.81,0,2159.08,0,2190.97,0,2005.36,-17.9931,46.6503,-19.1021,46.2073,-20.4334,45.6342,-12.4794,48.4176,-27.2812,32.3815,47.1898,-0.17815,172.275,61.9786,-203.586,-60.7354,10,6.95271e-310,323.815,6.68183e-310,-1.7815,1.4822e-323,619.786,5.23261e-310,-607.354,-17.9931,370.465,-19.1021,44.4258,-20.4334,665.42,-12.4794,-558.936,-38.8054,-56.7985,3.81867,-15.2834,-75.644,-96.0773,78.3606,65.8811,
5.91677,5.89459,5.86788,6.03263,0,200,0,-2.37309,-3.40312,0.313392,-0.775927,-4.06948,-5.22944,4.36631,3.65348,0,2130.94,0,2155.34,0,2184.71,0,2003.49,-17.9137,46.6808,-18.9447,46.272,-20.1733,45.7497,-12.397,48.4388,-25.0399,34.2586,46.0902,-1.51012,167.681,58.0917,-199.47,-58.8903,10,6.95271e-310,342.586,6.68183e-310,-15.1012,1.4822e-323,580.917,5.23261e-310,-588.903,-17.9137,389.266,-18.9447,31.1708,-20.1733,626.666,-12.397,-540.465,-41.2711,-59.1847,5.45029,-13.4944,-70.7736,-90.9468,75.9359,63.5388,
5.9186,5.89862,5.87366,6.03408,0,200,0,-2.503,-3.52811,0.416917,-0.661648,-3.80564,-4.95038,4.2313,3.52251,0,2128.92,0,2150.89,0,2178.35,0,2001.89,-17.828,46.7136,-18.7577,46.3481,-19.9087,45.8655,-12.3268,48.4567,-22.3102,35.9731,44.154,-2.98554,162.81,54.4214,-194.742,-57.0996,10,6.95271e-310,359.731,6.68183e-310,-29.8554,1.4822e-323,544.214,5.23261e-310,-570.996,-17.828,406.444,-18.7577,16.4928,-19.9087,590.08,-12.3268,-522.539,-43.5304,-61.3585,7.25072,-11.5069,-66.185,-86.0936,73.5878,61.261,
5.92066,5.90226,5.87944,6.03529,0,200,0,-2.60568,-3.62526,0.492652,-0.576228,-3.534,-4.66349,4.08912,3.38371,0,2126.65,0,2146.9,0,2172,0,2000.56,-17.7317,46.7503,-18.5892,46.416,-19.6434,45.9797,-12.2681,48.4716,-20.2459,37.3161,42.8955,-4.07837,157.702,50.646,-189.783,-55.2075,10,6.95271e-310,373.161,6.68183e-310,-40.7837,1.4822e-323,506.46,5.23261e-310,-552.075,-17.7317,419.911,-18.5892,5.6323,-19.6434,552.439,-12.2681,-503.604,-45.3162,-63.0479,8.56786,-10.0214,-61.4608,-81.1042,71.1152,58.847,
5.92307,5.90583,5.88545,6.03624,0,200,0,-2.68131,-3.6944,0.547627,-0.511715,-3.25017,-4.36374,3.93569,3.23291,0,2124,0,2142.97,0,2165.38,0,1999.52,-17.619,46.7928,-18.4233,46.482,-19.3664,46.0971,-12.2222,48.4832,-18.6073,38.2875,41.9905,-4.89022,152.099,46.7014,-184.222,-53.1585,10,6.95271e-310,382.875,6.68183e-310,-48.9022,1.4822e-323,467.014,5.23261e-310,-531.585,-17.619,429.668,-18.4233,-2.42017,-19.3664,513.111,-12.2222,-483.102,-46.6315,-64.2505,9.52395,-8.89939,-56.5246,-75.8911,68.4468,56.2246,
5.92534,5.90933,5.89155,6.03684,0,200,0,-2.75568,-3.76267,0.602431,-0.447551,-2.95039,-4.04777,3.77134,3.07024,0,2121.51,0,2139.12,0,2158.67,0,1998.86,-17.513,46.8326,-18.2606,46.5462,-19.0849,46.2144,-12.1932,48.4905,-16.8436,39.2447,41.0356,-5.69838,146.03,42.5401,-178.256,-50.9554,10,6.95271e-310,392.447,6.68183e-310,-56.9838,1.4822e-323,425.401,5.23261e-310,-509.554,-17.513,439.28,-18.2606,-10.4376,-19.0849,471.615,-12.1932,-461.063,-47.9248,-65.4378,10.4771,-7.7835,-51.3112,-70.396,65.5886,53.3954,
5.92797,5.91267,5.89786,6.03711,0,200,0,-2.79716,-3.79705,0.631313,-0.409715,-2.63925,-3.71986,3.59415,2.89381,0,2118.61,0,2135.44,0,2151.74,0,1998.56,-17.3895,46.8786,-18.1048,46.607,-18.7932,46.3337,-12.1798,48.4938,-15.6332,39.7514,40.5558,-6.15408,139.447,38.2215,-171.67,-48.5726,10,6.95271e-310,397.514,6.68183e-310,-61.5408,1.4822e-323,382.215,5.23261e-310,-485.726,-17.3895,444.392,-18.1048,-14.9337,-18.7932,428.549,-12.1798,-437.232,-48.6462,-66.0357,10.9793,-7.12548,-45.9001,-64.6932,62.507,50.3272,
5.93087,5.91597,5.90434,6.03709,0,200,0,-2.81409,-3.80616,0.642595,-0.389595,-2.31982,-3.38313,3.40554,2.70513,0,2115.42,0,2131.82,0,2144.61,0,1998.58,-17.2534,46.9289,-17.9511,46.6664,-18.4924,46.4546,-12.181,48.4935,-14.7433,39.9218,40.3194,-6.37165,132.393,33.7875,-164.526,-46.03,10,6.95271e-310,399.218,6.68183e-310,-63.7165,1.4822e-323,337.875,5.23261e-310,-460.3,-17.2534,446.147,-17.9511,-17.05,-18.4924,384.329,-12.181,-411.806,-48.9407,-66.1941,11.1756,-6.77556,-40.3447,-58.8371,59.2268,47.0458,
5.934,5.91921,5.91093,6.03675,0,200,0,-2.80624,-3.78986,0.637198,-0.386273,-1.99719,-3.04287,3.20725,2.50591,0,2111.98,0,2128.25,0,2137.36,0,1998.95,-17.1066,46.9826,-17.7995,46.7245,-18.1858,46.5755,-12.1972,48.4895,-14.1448,39.7537,40.2728,-6.36347,124.935,29.308,-156.882,-43.3507,10,6.95271e-310,397.537,6.68183e-310,-63.6347,1.4822e-323,293.08,5.23261e-310,-433.507,-17.1066,444.52,-17.7995,-16.9102,-18.1858,339.656,-12.1972,-385.018,-48.8041,-65.9107,11.0817,-6.71779,-34.7337,-52.9195,55.7783,43.5811,
5.9373,5.92242,5.91859,6.03633,0,200,0,-2.81633,-3.79105,0.625712,-0.389124,-1.597,-2.62214,2.96406,2.26154,0,2108.35,0,2124.71,0,2128.93,0,1999.41,-16.9516,47.0387,-17.6493,46.7814,-17.8286,46.7134,-12.2176,48.4843,-13.5829,39.8241,40.755,-6.27254,116.118,23.762,-148.305,-40.0644,10,6.95271e-310,398.241,6.68183e-310,-62.7254,1.4822e-323,237.62,5.23261e-310,-400.644,-16.9516,445.28,-17.6493,-15.944,-17.8286,284.333,-12.2176,-352.16,-48.9797,-65.9313,10.8819,-6.76737,-27.7738,-45.6024,51.5488,39.3312,
5.94092,5.9255,5.92493,6.03578,0,200,0,-2.75725,-3.72218,0.583642,-0.422904,-1.3099,-2.31799,2.76971,2.06566,0,2104.37,0,2121.33,0,2121.96,0,2000.02,-16.7813,47.0998,-17.5052,46.8356,-17.5321,46.8255,-12.2443,48.4776,-13.7611,38.9557,41.1353,-5.76679,108.8,19.7663,-140.56,-37.4339,10,6.95271e-310,389.557,6.68183e-310,-57.6679,1.4822e-323,197.663,5.23261e-310,-374.339,-16.7813,436.657,-17.5052,-10.8323,-17.5321,244.488,-12.2443,-325.861,-47.9522,-64.7335,10.1503,-7.35485,-22.7809,-40.3129,48.1688,35.9245,
5.94511,5.92858,5.93211,6.03498,0,200,0,-2.67451,-3.62807,0.514782,-0.483465,-0.976665,-1.96541,2.53879,1.8325,0,2099.76,0,2117.94,0,2114.06,0,2000.9,-16.5836,47.1697,-17.3608,46.8893,-17.1955,46.9501,-12.2832,48.4677,-14.4695,37.7569,42.1483,-4.89997,100.315,15.132,-131.706,-34.3055,10,6.95271e-310,377.569,6.68183e-310,-48.9997,1.4822e-323,151.32,5.23261e-310,-343.055,-16.5836,424.739,-17.3608,-2.11049,-17.1955,198.27,-12.2832,-294.587,-46.5133,-63.0968,8.95273,-8.40809,-16.9855,-34.181,44.1528,31.8696,
5.94884,5.93145,5.94041,6.03414,0,200,0,-2.65708,-3.60052,0.461919,-0.528601,-0.538581,-1.50487,2.25354,1.54492,0,2095.66,0,2114.79,0,2104.93,0,2001.82,-16.4076,47.2312,-17.2264,46.9388,-16.805,47.0913,-12.3239,48.4574,-14.6124,37.4477,43.5208,-4.2445,90.2976,9.06194,-122.237,-30.444,10,6.95271e-310,374.477,6.68183e-310,-42.445,1.4822e-323,90.6194,5.23261e-310,-304.44,-16.4076,421.708,-17.2264,4.49377,-16.805,137.711,-12.3239,-255.983,-46.2101,-62.6178,8.03338,-9.19306,-9.36663,-26.1716,39.192,26.8681,
5.95321,5.93429,5.94747,6.03299,0,200,0,-2.54384,-3.47539,0.367456,-0.615395,-0.219429,-1.16658,2.01287,1.30104,0,2090.85,0,2111.66,0,2097.16,0,2003.09,-16.2009,47.3025,-17.0931,46.9875,-16.4722,47.2088,-12.3796,48.4432,-15.7772,35.8341,44.8456,-3.02786,81.6101,4.61961,-113.164,-27.1772,10,6.95271e-310,358.341,6.68183e-310,-30.2786,1.4822e-323,46.1961,5.23261e-310,-271.772,-16.2009,405.643,-17.0931,16.7089,-16.4722,93.4048,-12.3796,-223.328,-44.2406,-60.4415,6.39054,-10.7025,-3.81616,-20.2883,35.0064,22.6267,
5.95823,5.93711,5.95605,6.03155,0,200,0,-2.42239,-3.34027,0.242099,-0.733138,0.193111,-0.730711,1.70498,0.989149,0,2085.32,0,2108.56,0,2087.72,0,2004.67,-15.9632,47.3833,-16.9606,47.0355,-16.0665,47.3484,-12.4493,48.4254,-17.4515,34.097,47.0984,-1.39437,70.8823,-1.11188,-102.447,-22.9986,10,6.95271e-310,340.97,6.68183e-310,-13.9437,1.4822e-323,-11.1188,5.23261e-310,-229.986,-15.9632,388.353,-16.9606,33.0918,-16.0665,36.2295,-12.4493,-181.561,-42.1285,-58.0917,4.21042,-12.7502,3.35846,-12.708,29.6519,17.2026,
5.96258,5.93979,5.96288,6.0298,0,200,0,-2.28043,-3.18645,0.131519,-0.836456,0.494249,-0.410954,1.45157,0.730862,0,2080.54,0,2105.61,0,2080.21,0,2006.6,-15.7569,47.4523,-16.8343,47.0808,-15.7427,47.457,-12.534,48.4035,-18.7845,32.0968,48.373,0.0425763,61.8658,-5.30704,-92.9672,-19.548,10,6.95271e-310,320.968,6.68183e-310,0.425763,1.4822e-323,-53.0704,5.23261e-310,-195.48,-15.7569,368.421,-16.8343,47.5066,-15.7427,-5.61337,-12.534,-147.077,-39.6597,-55.4166,2.28729,-14.5471,8.59564,-7.14703,25.2446,12.7106,
5.96813,5.94217,5.97106,6.02754,0,200,0,-2.07712,-2.96799,-0.0471871,-1.0087,0.866292,-0.0165783,1.12982,0.402811,0,2074.43,0,2102.99,0,2071.22,0,2009.09,-15.4934,47.539,-16.722,47.1209,-15.3543,47.5841,-12.6436,48.375,-21.6018,29.2458,51.1917,2.40369,50.8922,-10.4847,-81.6021,-15.1661,10,6.95271e-310,292.458,6.68183e-310,24.0369,1.4822e-323,-104.847,5.23261e-310,-151.661,-15.4934,339.997,-16.722,71.1577,-15.3543,-57.2633,-12.6436,-103.286,-36.1239,-51.6172,-0.820645,-17.5426,15.0659,-0.288318,19.649,7.0054,
5.9733,5.945,5.97743,6.02555,0,200,0,-1.85671,-2.73345,-0.198157,-1.15201,1.09252,0.227115,0.885771,0.153232,0,2068.75,0,2099.88,0,2064.2,0,2011.28,-15.2476,47.6184,-16.5887,47.168,-15.0506,47.681,-12.7398,48.3497,-23.875,26.1719,52.5813,4.38213,42.3695,-13.6613,-71.9512,-11.8369,10,6.95271e-310,261.719,6.68183e-310,43.8213,1.4822e-323,-136.613,5.23261e-310,-118.369,-15.2476,309.337,-16.5887,90.9892,-15.0506,-88.9323,-12.7398,-70.0197,-32.2907,-47.5382,-3.44621,-20.0349,19.0004,3.94983,15.4047,2.6649,
5.97804,5.94747,5.9848,6.02354,0,200,0,-1.69482,-2.55855,-0.343221,-1.29037,1.41225,0.567068,0.590065,-0.148069,0,2063.53,0,2097.16,0,2056.1,0,2013.49,-15.0214,47.6902,-16.4722,47.2088,-14.6988,47.7907,-12.8371,48.324,-25.7966,23.895,54.495,6.2881,32.4578,-18.1179,-61.8639,-7.81107,10,6.95271e-310,238.95,6.68183e-310,62.881,1.4822e-323,-181.179,5.23261e-310,-78.1107,-15.0214,286.64,-16.4722,110.09,-14.6988,-133.389,-12.8371,-29.7867,-29.4751,-44.4966,-5.96906,-22.4412,24.5608,9.86205,10.262,-2.57512,
5.98396,5.94992,5.99138,6.02157,0,200,0,-1.42945,-2.27694,-0.543784,-1.48429,1.63178,0.804703,0.326043,-0.417552,0,2057.02,0,2094.47,0,2048.86,0,2015.65,-14.7388,47.7783,-16.3567,47.2489,-14.384,47.8863,-12.9321,48.2987,-29.3255,20.2,56.9513,8.94259,23.8127,-21.2084,-52.0617,-4.21318,10,6.95271e-310,202,6.68183e-310,89.4259,1.4822e-323,-212.084,5.23261e-310,-42.1318,-14.7388,249.779,-16.3567,136.675,-14.384,-164.198,-12.9321,6.16692,-24.8601,-39.5989,-9.45711,-25.8138,28.3788,13.9948,5.67031,-7.26177,
5.9893,5.95235,5.99695,6.02,0,200,0,-1.18835,-2.02117,-0.716568,-1.65047,1.79048,0.978757,0.106027,-0.641925,0,2051.15,0,2091.8,0,2042.73,0,2017.38,-14.4838,47.8562,-16.2417,47.2886,-14.1169,47.9657,-13.0079,48.2783,-32.3531,16.8437,58.7698,11.2229,16.6836,-23.4588,-43.7119,-1.21634,10,6.95271e-310,168.437,6.68183e-310,112.229,1.4822e-323,-234.588,5.23261e-310,-12.1634,-14.4838,216.293,-16.2417,159.518,-14.1169,-186.622,-13.0079,36.1149,-20.6669,-35.1507,-12.4621,-28.7038,31.1388,17.0219,1.84395,-11.1639,
5.99435,5.95473,6.00376,6.01814,0,200,0,-0.994606,-1.8135,-0.883567,-1.81098,2.04502,1.25209,-0.176625,-0.929734,0,2045.59,0,2089.17,0,2035.24,0,2019.42,-14.2416,47.9289,-16.1289,47.3272,-13.7901,48.0607,-13.0975,48.2541,-34.8547,14.1313,60.8035,13.4262,7.66927,-27.0257,-34.3032,2.63049,10,6.95271e-310,141.313,6.68183e-310,134.262,1.4822e-323,-270.257,5.23261e-310,26.3049,-14.2416,189.242,-16.1289,181.589,-13.7901,-222.196,-13.0975,74.5589,-17.2975,-31.5391,-15.3664,-31.4953,35.5655,21.7754,-3.07174,-16.1693,
6.00055,5.95713,6.00913,6.0165,0,200,0,-0.686813,-1.48862,-1.09844,-2.01933,2.15534,1.37725,-0.397864,-1.15553,0,2038.78,0,2086.54,0,2029.34,0,2021.23,-13.9444,48.0162,-16.0154,47.3657,-13.5319,48.1341,-13.1767,48.2325,-39.034,9.85888,63.1218,16.2745,0.918533,-28.62,-25.812,5.64525,10,6.95271e-310,98.5888,6.68183e-310,162.745,1.4822e-323,-286.2,5.23261e-310,56.4525,-13.9444,146.605,-16.0154,210.111,-13.5319,-238.066,-13.1767,104.685,-11.9446,-25.889,-19.1034,-35.1188,37.4841,23.9522,-6.91937,-20.0961,
6.00573,5.95947,6.01563,6.01445,0,200,0,-0.469122,-1.25662,-1.27743,-2.19195,2.37643,1.61634,-0.682262,-1.44561,0,2033.08,0,2083.97,0,2022.19,0,2023.48,-13.6956,48.0877,-15.9047,47.403,-13.2189,48.2209,-13.2756,48.2054,-41.8192,6.82122,65.1116,18.6403,-7.86134,-31.7299,-16.4554,9.51945,10,6.95271e-310,68.2122,6.68183e-310,186.403,1.4822e-323,-317.299,5.23261e-310,95.1945,-13.6956,116.3,-15.9047,233.806,-13.2189,-269.078,-13.2756,143.4,-8.15864,-21.8543,-22.2162,-38.1209,41.3293,28.1103,-11.8654,-25.141,
6.01217,5.96188,6.02121,6.01273,0,200,0,-0.150048,-0.919702,-1.50598,-2.41393,2.48566,1.74106,-0.924026,-1.69215,0,2025.99,0,2081.32,0,2016.05,0,2025.38,-13.3853,48.175,-15.7904,47.4411,-12.9494,48.294,-13.3587,48.1824,-46.2819,2.39168,67.5912,21.6727,-14.8907,-33.3138,-7.71741,12.8125,10,6.95271e-310,23.9168,6.68183e-310,216.727,1.4822e-323,-333.138,5.23261e-310,128.125,-13.3853,72.0919,-15.7904,264.168,-12.9494,-284.844,-13.3587,176.308,-2.60953,-15.9948,-26.191,-41.9814,43.2288,30.2794,-16.07,-29.4288,
6.01791,5.96437,6.02602,6.01141,0,200,0,0.129555,-0.624185,-1.69596,-2.59711,2.55529,1.82405,-1.12642,-1.8982,0,2019.67,0,2078.57,0,2010.76,0,2026.83,-13.1085,48.2511,-15.6721,47.4804,-12.7172,48.3557,-13.4222,48.1648,-49.9563,-1.49173,69.3282,24.1835,-20.6843,-34.3485,-0.262775,15.5668,10,6.95271e-310,-14.9173,6.68183e-310,241.835,1.4822e-323,-343.485,5.23261e-310,155.668,-13.1085,33.3338,-15.6721,289.315,-12.7172,-295.129,-13.4222,203.833,2.25312,-10.8554,-29.495,-45.1671,44.4398,31.7226,-19.5899,-33.0122,
6.02386,5.96699,6.0318,6.01005,0,200,0,0.392204,-0.345031,-1.89384,-2.78784,2.67893,1.96379,-1.37259,-2.14812,0,2013.13,0,2075.7,0,2004.39,0,2028.32,-12.8215,48.3281,-15.5478,47.5212,-12.4371,48.4285,-13.4874,48.1465,-53.5574,-5.15072,71.3398,26.7984,-27.6879,-36.1307,7.94933,18.9119,10,6.95271e-310,-51.5072,6.68183e-310,267.984,1.4822e-323,-361.307,5.23261e-310,189.119,-12.8215,-3.17905,-15.5478,315.505,-12.4371,-312.879,-13.4874,237.266,6.82094,-6.00054,-32.9364,-48.4842,46.59,34.1529,-23.8712,-37.3586,
6.02968,5.96922,6.03697,6.00902,0,200,0,0.653915,-0.0671232,-2.09482,-2.98271,2.77295,2.07221,-1.59262,-2.371,0,2006.73,0,2073.23,0,1998.71,0,2029.46,-12.5398,48.402,-15.4415,47.5559,-12.1868,48.4921,-13.5371,48.1326,-57.5068,-8.79466,73.6239,29.4626,-33.6491,-37.5014,15.163,21.8981,10,6.95271e-310,-87.9466,6.68183e-310,294.626,1.4822e-323,-375.014,5.23261e-310,218.981,-12.5398,-39.5446,-15.4415,342.182,-12.1868,-326.522,-13.5371,267.114,11.3724,-1.16736,-36.4317,-51.8732,48.2253,36.0385,-27.6977,-41.2348,
6.03563,5.97164,6.04193,6.00808,0,200,0,0.925771,0.221289,-2.29368,-3.17495,2.83993,2.15304,-1.80347,-2.58447,0,2000.19,0,2070.57,0,1993.26,0,2030.5,-12.2519,48.4757,-15.3263,47.5931,-11.946,48.552,-13.5826,48.1198,-61.4781,-12.5778,75.6844,32.0945,-39.2126,-38.5035,22.1919,24.7589,10,6.95271e-310,-125.778,6.68183e-310,320.945,1.4822e-323,-385.035,5.23261e-310,247.589,-12.2519,-77.3019,-15.3263,368.538,-11.946,-336.483,-13.5826,295.708,16.1004,3.84851,-39.8901,-55.2165,49.3902,37.4441,-31.3646,-44.9472,
6.0416,5.9742,6.04664,6.00725,0,200,0,1.20169,0.513854,-2.48715,-3.36143,2.88181,2.20807,-2.00258,-2.78586,0,1993.62,0,2067.76,0,1988.07,0,2031.41,-11.9623,48.5479,-15.2048,47.6321,-11.7172,48.6077,-13.6224,48.1085,-65.4128,-16.4161,77.5233,34.6511,-44.3096,-39.1622,28.9174,27.4591,10,6.95271e-310,-164.161,6.68183e-310,346.511,1.4822e-323,-391.622,5.23261e-310,274.591,-11.9623,-115.613,-15.2048,394.144,-11.7172,-343.014,-13.6224,322.699,20.8989,8.93659,-43.2548,-58.4596,50.1185,38.4013,-34.8274,-48.4498,
6.0476,5.97677,6.05115,6.00661,0,200,0,1.47835,0.807289,-2.67851,-3.54572,2.90568,2.24454,-2.19093,-2.97597,0,1987.02,0,2064.93,0,1983.12,0,2032.1,-11.6706,48.6189,-15.082,47.6711,-11.4981,48.66,-13.653,48.0999,-69.4153,-20.2651,79.3229,37.1788,-48.9402,-39.5741,35.2597,30.0104,10,6.95271e-310,-202.651,6.68183e-310,371.788,1.4822e-323,-395.741,5.23261e-310,300.104,-11.6706,-154.032,-15.082,419.459,-11.4981,-347.081,-13.653,348.204,25.7104,14.0398,-46.5827,-61.6647,50.5336,39.0355,-38.1031,-51.756,
6.05352,5.97945,6.0554,6.00617,0,200,0,1.74943,1.09493,-2.85974,-3.71963,2.90993,2.2607,-2.36504,-3.15131,0,1980.51,0,2061.99,0,1978.44,0,2032.59,-11.3826,48.6871,-14.9545,47.7112,-11.291,48.7085,-13.6743,48.0938,-73.2757,-24.0372,80.9011,39.5681,-53.0639,-39.7164,41.1714,32.366,10,6.95271e-310,-240.372,6.68183e-310,395.681,1.4822e-323,-397.164,5.23261e-310,323.66,-11.3826,-191.685,-14.9545,443.392,-11.291,-348.456,-13.6743,371.754,30.4248,19.0422,-49.7346,-64.6891,50.6075,39.3166,-41.1311,-54.8054,
6.05936,5.98207,6.05928,6.00589,0,200,0,2.01976,1.38161,-3.03525,-3.88794,2.89184,2.25347,-2.52196,-3.30899,0,1974.09,0,2059.1,0,1974.17,0,2032.9,-11.0982,48.7527,-14.8293,47.7503,-11.102,48.7519,-13.6875,48.09,-77.1665,-27.7975,82.3964,41.8812,-56.5602,-39.5501,46.5694,34.4866,10,6.95271e-310,-277.975,6.68183e-310,418.812,1.4822e-323,-395.501,5.23261e-310,344.866,-11.0982,-229.223,-14.8293,466.563,-11.102,-346.749,-13.6875,392.956,35.1262,24.028,-52.787,-67.6163,50.2928,39.1908,-43.8602,-57.5477,
6.06518,5.98483,6.06287,6.00582,0,200,0,2.29008,1.66827,-3.20166,-4.04677,2.84904,2.22074,-2.66199,-3.44922,0,1967.68,0,2056.07,0,1970.23,0,2032.97,-10.8141,48.8165,-14.6976,47.791,-10.927,48.7914,-13.691,48.089,-80.9799,-31.5575,83.6658,44.069,-59.4707,-39.045,51.5404,36.3753,10,6.95271e-310,-315.575,6.68183e-310,440.69,1.4822e-323,-390.45,5.23261e-310,363.753,-10.8141,-266.758,-14.6976,488.481,-10.927,-341.659,-13.691,411.843,39.8275,29.0134,-55.681,-70.3786,49.5485,38.6215,-46.2955,-59.9865,
6.07075,5.98767,6.06616,6.00598,0,200,0,2.54432,1.93816,-3.35013,-4.18743,2.79076,2.17171,-2.78336,-3.57016,0,1961.55,0,2052.95,0,1966.6,0,2032.8,-10.5419,48.8761,-14.5618,47.8326,-10.7661,48.8271,-13.6835,48.0912,-84.4589,-35.0956,84.6305,46.0133,-61.8313,-38.3254,55.9654,38.0081,10,6.95271e-310,-350.956,6.68183e-310,460.133,1.4822e-323,-383.254,5.23261e-310,380.081,-10.5419,-302.08,-14.5618,507.966,-10.7661,-334.427,-13.6835,428.172,44.2491,33.7072,-58.2631,-72.8249,48.5349,37.7688,-48.4063,-62.0898,
6.07606,5.99059,6.06912,6.0064,0,200,0,2.78194,2.19071,-3.47951,-4.30877,2.715,2.10426,-2.88266,-3.6683,0,1955.71,0,2049.73,0,1963.34,0,2032.34,-10.2823,48.9313,-14.4219,47.8749,-10.6215,48.8588,-13.6633,48.0969,-87.5938,-38.4044,85.2836,47.6987,-63.5608,-37.3635,59.7749,39.3381,10,6.95271e-310,-384.044,6.68183e-310,476.987,1.4822e-323,-373.635,5.23261e-310,393.381,-10.2823,-335.113,-14.4219,524.862,-10.6215,-324.776,-13.6633,441.478,48.3815,38.0993,-60.5132,-74.9351,47.2174,36.5959,-50.1332,-63.7965,
6.08111,5.99399,6.07178,6.0072,0,200,0,2.99847,2.42144,-3.57501,-4.39489,2.61013,2.00687,-2.95228,-3.7357,0,1950.16,0,2045.99,0,1960.42,0,2031.46,-10.0353,48.9826,-14.2588,47.9237,-10.4915,48.8869,-13.6247,48.1079,-89.9826,-41.4237,85.1821,48.9179,-64.5499,-36.0032,62.9494,40.2604,10,6.95271e-310,-414.237,6.68183e-310,489.179,1.4822e-323,-360.032,5.23261e-310,402.604,-10.0353,-365.255,-14.2588,537.102,-10.4915,-311.145,-13.6247,450.712,52.1473,42.112,-62.1741,-76.4329,45.3936,34.902,-51.344,-64.9687,
6.08591,5.99685,6.07418,6.00838,0,200,0,3.19278,2.62929,-3.6733,-4.48532,2.5154,1.91888,-3.00573,-3.7859,0,1944.88,0,2042.85,0,1957.78,0,2030.17,-9.79975,49.0302,-14.1221,47.9642,-10.3743,48.9119,-13.5682,48.1238,-92.6337,-44.1387,85.6247,50.1856,-64.9619,-34.7744,65.2734,40.9573,10,6.95271e-310,-441.387,6.68183e-310,501.856,1.4822e-323,-347.744,5.23261e-310,409.573,-9.79975,-392.357,-14.1221,549.82,-10.3743,-298.832,-13.5682,457.696,55.5265,45.7268,-63.8835,-78.0056,43.7462,33.3719,-52.2735,-65.8417,
6.09053,6.00021,6.07631,6.01038,0,200,0,3.35359,2.80311,-3.7347,-4.53743,2.39129,1.80076,-3.01547,-3.7901,0,1939.8,0,2039.14,0,1955.43,0,2027.97,-9.57343,49.0749,-13.9605,48.0115,-10.2699,48.9339,-13.4719,48.1509,-94.5375,-46.3983,85.4396,50.9458,-64.2418,-33.1442,66.4846,41.0486,10,6.95271e-310,-463.983,6.68183e-310,509.458,1.4822e-323,-331.442,5.23261e-310,410.486,-9.57343,-414.908,-13.9605,557.47,-10.2699,-282.508,-13.4719,458.637,58.3232,48.7498,-64.9513,-78.9118,41.5876,31.3176,-52.443,-65.9148,
6.09493,6.00417,6.07822,6.01267,0,200,0,3.49863,2.96058,-3.76194,-4.55375,2.23754,1.65239,-2.99955,-3.76785,0,1934.96,0,2034.79,0,1953.34,0,2025.45,-9.35749,49.1166,-13.7705,48.0663,-10.1767,48.9534,-13.3616,48.1816,-95.6426,-48.4411,84.4107,51.2339,-62.952,-31.1101,67.2748,40.7882,10,6.95271e-310,-484.411,6.68183e-310,512.339,1.4822e-323,-311.101,5.23261e-310,407.882,-9.35749,-435.295,-13.7705,560.405,-10.1767,-262.147,-13.3616,456.064,60.8458,51.4883,-65.4251,-79.1956,38.9138,28.7371,-52.1662,-65.5278,
6.09912,6.00754,6.07993,6.01536,0,200,0,3.61999,3.09379,-3.79482,-4.57732,2.09934,1.519,-2.96884,-3.72966,0,1930.35,0,2031.09,0,1951.45,0,2022.48,-9.1514,49.1554,-13.6086,48.1124,-10.0928,48.9708,-13.2317,48.2175,-97.0625,-50.1606,84.0181,51.6097,-61.1447,-29.2815,67.2342,40.3203,10,6.95271e-310,-501.606,6.68183e-310,516.097,1.4822e-323,-292.815,5.23261e-310,403.203,-9.1514,-452.45,-13.6086,564.209,-10.0928,-243.845,-13.2317,451.42,62.9564,53.805,-65.9969,-79.6055,36.5102,26.4174,-51.632,-64.8636,
6.10311,6.01156,6.08144,6.0183,0,200,0,3.72771,3.21279,-3.79244,-4.56379,1.92977,1.35368,-2.91405,-3.66673,0,1925.96,0,2026.66,0,1949.79,0,2019.25,-8.95517,49.1915,-13.4147,48.1668,-10.0188,48.9859,-13.09,48.2561,-97.6304,-51.6921,82.7027,51.4971,-58.8403,-27.0262,66.8705,39.5231,10,6.95271e-310,-516.921,6.68183e-310,514.971,1.4822e-323,-270.262,5.23261e-310,395.231,-8.95517,-467.73,-13.4147,563.138,-10.0188,-221.276,-13.09,443.487,64.8298,55.8747,-65.9555,-79.3703,33.5612,23.5423,-50.6791,-63.7692,
6.10678,6.01621,6.08279,6.02163,0,200,0,3.8075,3.30295,-3.75002,-4.50848,1.73607,1.16377,-2.83109,-3.57452,0,1921.92,0,2021.55,0,1948.32,0,2015.59,-8.77471,49.224,-13.1906,48.2287,-9.95308,48.9993,-12.9292,48.2994,-97.2042,-52.8406,80.4948,50.8322,-55.9784,-24.4423,65.9691,38.3383,10,6.95271e-310,-528.406,6.68183e-310,508.322,1.4822e-323,-244.423,5.23261e-310,383.383,-8.77471,-479.182,-13.1906,556.551,-9.95308,-195.423,-12.9292,431.683,66.2173,57.4426,-65.2177,-78.4083,30.1925,20.2394,-49.2364,-62.1656,
6.11029,6.02026,6.08397,6.02527,0,200,0,3.86868,3.37408,-3.71723,-4.46445,1.55893,0.989974,-2.73816,-3.47146,0,1918.06,0,2017.09,0,1947.01,0,2011.58,-8.6018,49.2545,-12.9951,48.2817,-9.89494,49.0111,-12.7531,48.3462,-97.1657,-53.7353,78.9477,50.3092,-52.7318,-22.0785,64.399,37.0128,10,6.95271e-310,-537.353,6.68183e-310,503.092,1.4822e-323,-220.785,5.23261e-310,370.128,-8.6018,-488.099,-12.9951,551.374,-9.89494,-171.774,-12.7531,418.475,67.2814,58.6796,-64.6474,-77.6426,27.1119,17.2169,-47.6202,-60.3733,
6.11352,6.02549,6.085,6.02916,0,200,0,3.91202,3.42659,-3.62988,-4.36258,1.33559,0.769534,-2.61696,-3.33947,0,1914.5,0,2011.34,0,1945.88,0,2007.31,-8.44238,49.2821,-12.7427,48.349,-9.84441,49.0213,-12.5653,48.3954,-95.6902,-54.384,75.8497,49.0273,-49.0365,-19.0888,62.6325,35.3016,10,6.95271e-310,-543.84,6.68183e-310,490.273,1.4822e-323,-190.888,5.23261e-310,353.016,-8.44238,-494.558,-12.7427,538.622,-9.84441,-141.867,-12.5653,401.412,68.0352,59.5928,-63.1283,-75.871,23.2276,13.3832,-45.5124,-58.0777,
6.11644,6.03046,6.08593,6.03342,0,200,0,3.92287,3.44568,-3.53372,-4.25258,1.12387,0.560414,-2.48024,-3.19087,0,1911.3,0,2005.87,0,1944.86,0,2002.62,-8.29883,49.3065,-12.5021,48.4118,-9.79917,49.0304,-12.3587,48.4486,-94.0414,-54.5883,72.9292,47.6317,-44.9661,-16.2536,60.1725,33.3735,10,6.95271e-310,-545.883,6.68183e-310,476.317,1.4822e-323,-162.536,5.23261e-310,333.735,-8.29883,-496.576,-12.5021,524.729,-9.79917,-113.506,-12.3587,382.183,68.2237,59.9249,-61.4559,-73.958,19.5455,9.74634,-43.1346,-55.4933,
6.11913,6.03526,6.08674,6.03786,0,200,0,3.91614,3.4466,-3.43303,-4.13855,0.917466,0.356312,-2.3352,-3.03346,0,1908.33,0,2000.6,0,1943.97,0,1997.74,-8.16585,49.3287,-12.2699,48.4711,-9.75921,49.0383,-12.1438,48.5029,-92.3119,-54.5514,70.108,46.1788,-40.6922,-13.488,57.3348,31.3298,10,6.95271e-310,-545.514,6.68183e-310,461.788,1.4822e-323,-134.88,5.23261e-310,313.298,-8.16585,-496.185,-12.2699,510.259,-9.75921,-85.8416,-12.1438,361.801,68.1068,59.9409,-59.7049,-71.9748,15.9559,6.19673,-40.6121,-52.7559,
6.12152,6.0412,6.08744,6.04259,0,200,0,3.88535,3.42258,-3.27829,-3.96723,0.667788,0.108593,-2.16189,-2.84695,0,1905.71,0,1994.06,0,1943.2,0,1992.53,-8.04819,49.348,-11.9815,48.5432,-9.72512,49.0451,-11.914,48.5598,-89.1203,-54.1839,65.7863,43.9742,-35.9916,-10.1366,54.2243,28.8993,10,6.95271e-310,-541.839,6.68183e-310,439.742,1.4822e-323,-101.366,5.23261e-310,288.993,-8.04819,-492.491,-11.9815,488.285,-9.72512,-52.3213,-11.914,337.552,67.5713,59.5232,-57.0138,-68.9953,11.6137,1.88858,-37.5981,-49.5122,
6.1236,6.04682,6.08805,6.04749,0,200,0,3.82996,3.37311,-3.12153,-3.79477,0.43252,-0.12495,-1.9824,-2.65377,0,1903.42,0,1987.88,0,1942.53,0,1987.14,-7.94527,49.3647,-11.7085,48.6098,-9.69513,49.051,-11.6759,48.6176,-85.8759,-53.4789,61.694,41.7488,-31.1597,-6.97786,50.69,26.382,10,6.95271e-310,-534.789,6.68183e-310,417.488,1.4822e-323,-69.7786,5.23261e-310,263.82,-7.94527,-485.425,-11.7085,466.098,-9.69513,-20.7276,-11.6759,312.438,66.6081,58.6628,-54.2874,-65.9959,7.52209,-2.17304,-34.4766,-46.1525,
6.12548,6.05285,6.08857,6.05259,0,200,0,3.75723,3.30572,-2.94209,-3.59846,0.180416,-0.375568,-1.78893,-2.44605,0,1901.35,0,1981.25,0,1941.95,0,1981.54,-7.85238,49.3796,-11.4153,48.6795,-9.66929,49.0561,-11.4281,48.6765,-82.016,-52.5361,57.0325,39.2097,-26.0919,-3.59046,46.8954,23.6724,10,6.95271e-310,-525.361,6.68183e-310,392.097,1.4822e-323,-35.9046,5.23261e-310,236.724,-7.85238,-475.981,-11.4153,440.776,-9.66929,13.1516,-11.4281,285.401,65.3431,57.4907,-51.1667,-62.582,3.13767,-6.53162,-31.1119,-42.54,
6.12708,6.05906,6.08905,6.05785,0,200,0,3.66054,3.21356,-2.74526,-3.38425,-0.0749197,-0.629551,-1.58571,-2.22809,0,1899.59,0,1974.42,0,1941.42,0,1975.75,-7.77365,49.392,-11.1129,48.7494,-9.64575,49.0608,-11.1719,48.7359,-77.6437,-51.2646,52.0273,36.4326,-20.9019,-0.15856,42.8149,20.8281,10,6.95271e-310,-512.646,6.68183e-310,364.326,1.4822e-323,-1.5856,5.23261e-310,208.281,-7.77365,-463.254,-11.1129,413.076,-9.64575,47.4752,-11.1719,257.017,63.6616,55.8879,-47.7437,-58.8565,-1.30295,-10.9487,-27.5776,-38.7494,
6.12845,6.06472,6.08947,6.06317,0,200,0,3.54577,3.10267,-2.55799,-3.18108,-0.308338,-0.861787,-1.38383,-2.01129,0,1898.09,0,1968.18,0,1940.96,0,1969.9,-7.70617,49.4026,-10.8363,48.8116,-9.62519,49.0648,-10.9124,48.7947,-73.5185,-49.745,47.516,33.7952,-15.7106,2.97915,38.4372,18.0007,10,6.95271e-310,-497.45,6.68183e-310,337.952,1.4822e-323,29.7915,5.23261e-310,180.007,-7.70617,-448.047,-10.8363,386.764,-9.62519,78.8563,-10.9124,228.802,61.6656,53.9595,-44.4868,-55.3231,-5.36241,-14.9876,-24.0666,-34.979,
6.12957,6.072,6.08987,6.06849,0,200,0,3.4194,2.9795,-2.31168,-2.91434,-0.601354,-1.15369,-1.16424,-1.77676,0,1896.85,0,1960.18,0,1940.52,0,1964.04,-7.6505,49.4112,-10.481,48.8892,-9.60577,49.0686,-10.6526,48.852,-67.6346,-48.0641,41.0159,30.3299,-10.4786,6.92057,34.2893,14.9346,10,6.95271e-310,-480.641,6.68183e-310,303.299,1.4822e-323,69.2057,5.23261e-310,149.346,-7.6505,-431.23,-10.481,352.188,-9.60577,118.274,-10.6526,198.198,59.4678,51.8173,-40.2031,-50.6841,-10.4583,-20.0641,-20.2476,-30.9002,
6.13049,6.0784,6.09023,6.0741,0,200,0,3.26525,2.82797,-2.08496,-2.66961,-0.858484,-1.4098,-0.943728,-1.54049,0,1895.84,0,1953.14,0,1940.13,0,1957.87,-7.6049,49.4183,-10.1679,48.9552,-9.58813,49.0721,-10.3784,48.911,-62.3185,-46.0049,35.4633,27.1461,-5.08497,10.3791,29.5318,11.8504,10,6.95271e-310,-460.049,6.68183e-310,271.461,1.4822e-323,103.791,5.23261e-310,118.504,-7.6049,-410.63,-10.1679,320.416,-9.58813,152.863,-10.3784,167.415,56.787,49.1821,-36.2601,-46.428,-14.9302,-24.5183,-16.4127,-26.7911,
6.13124,6.0842,6.09058,6.0798,0,200,0,3.09247,2.6573,-1.87157,-2.43988,-1.08927,-1.63961,-0.726515,-1.30722,0,1895.02,0,1946.76,0,1939.75,0,1951.6,-7.56819,49.4239,-9.88377,49.0134,-9.57107,49.0754,-10.0992,48.9694,-57.3531,-43.6909,30.5112,24.1541,0.293161,13.4827,24.4784,8.80868,10,6.95271e-310,-436.909,6.68183e-310,241.541,1.4822e-323,134.827,5.23261e-310,88.0868,-7.56819,-387.485,-9.88377,290.554,-9.57107,183.902,-10.0992,137.056,53.7821,46.2139,-32.549,-42.4328,-18.9438,-28.5149,-12.635,-22.7343,
6.13178,6.09127,6.09085,6.08564,0,200,0,2.90415,2.47051,-1.6115,-2.15988,-1.37215,-1.92171,-0.490384,-1.05465,0,1894.43,0,1938.98,0,1939.44,0,1945.18,-7.54153,49.428,-9.53697,49.082,-9.55754,49.078,-9.81327,49.0275,-51.0068,-41.1634,24,20.5076,5.86118,17.2899,19.3989,5.50941,10,6.95271e-310,-411.634,6.68183e-310,205.076,1.4822e-323,172.899,5.23261e-310,55.0941,-7.54153,-362.206,-9.53697,254.158,-9.55754,221.977,-9.81327,104.122,50.507,42.9655,-28.0262,-37.5631,-23.8635,-33.421,-8.52842,-18.3417,
6.13216,6.09753,6.09115,6.09156,0,200,0,2.69716,2.26461,-1.37296,-1.90367,-1.61833,-2.16705,-0.261882,-0.809446,0,1894,0,1932.1,0,1939.11,0,1938.67,-7.52258,49.4309,-9.22972,49.1407,-9.54285,49.0809,-9.52286,49.0848,-45.2344,-38.3811,18.3515,17.1676,11.3513,20.6021,14.0308,2.31135,10,6.95271e-310,-383.811,6.68183e-310,171.676,1.4822e-323,206.021,5.23261e-310,23.1135,-7.52258,-334.38,-9.22972,220.817,-9.54285,255.102,-9.52286,72.1982,46.9071,39.3845,-23.8776,-33.1073,-28.1449,-37.6878,-4.55447,-14.0773,
6.13236,6.10336,6.09149,6.09751,0,200,0,2.47241,2.04044,-1.143,-1.65721,-1.84164,-2.3894,-0.0386739,-0.569418,0,1893.78,0,1925.68,0,1938.75,0,1932.11,-7.51252,49.4324,-8.94278,49.1938,-9.52637,49.0841,-9.23033,49.1406,-39.6421,-35.3559,13.0894,13.9515,16.7257,23.6051,8.51088,-0.816052,10,6.95271e-310,-353.559,6.68183e-310,139.515,1.4822e-323,236.051,5.23261e-310,-8.16052,-7.51252,-304.127,-8.94278,188.709,-9.52637,285.135,-9.23033,40.9801,42.9984,35.4859,-19.8782,-28.821,-32.0285,-41.5548,-0.672589,-9.90292,
6.13239,6.11049,6.09185,6.10346,0,200,0,2.23512,1.80322,-0.870091,-1.36412,-2.11291,-2.65966,0.19479,-0.319149,0,1893.75,0,1917.84,0,1938.35,0,1925.58,-7.51132,49.4326,-8.59178,49.2563,-9.50872,49.0875,-8.93807,49.1946,-32.6812,-32.1581,6.27227,10.131,22.0327,27.2542,3.18871,-4.08139,10,6.95271e-310,-321.581,6.68183e-310,101.31,1.4822e-323,272.542,5.23261e-310,-40.8139,-7.51132,-272.148,-8.59178,150.566,-9.50872,321.629,-8.93807,8.38076,38.8716,31.3603,-15.132,-23.7238,-36.7462,-46.2549,3.38764,-5.55042,
6.13223,6.11707,6.09232,6.11001,0,200,0,1.95319,1.52084,-0.604936,-1.08032,-2.35056,-2.89596,0.43545,-0.0599339,0,1893.92,0,1910.6,0,1937.82,0,1918.36,-7.51902,49.4314,-8.26752,49.3117,-9.4852,49.0921,-8.61538,49.2522,-25.965,-28.3551,0.114357,6.42597,27.6369,30.4478,-2.91144,-7.45587,10,6.95271e-310,-283.551,6.68183e-310,64.2597,1.4822e-323,304.478,5.23261e-310,-74.5587,-7.51902,-234.119,-8.26752,113.571,-9.4852,353.57,-8.61538,-25.3065,33.9685,26.4494,-10.5206,-18.7881,-40.8793,-50.3645,7.57305,-1.04233,
6.13193,6.12376,6.09277,6.11513,0,200,0,1.71844,1.28525,-0.348369,-0.80478,-2.59165,-3.13579,0.634593,0.153708,0,1894.25,0,1903.24,0,1937.33,0,1912.74,-7.53383,49.4292,-7.93758,49.3659,-9.46342,49.0963,-8.36322,49.2956,-19.1186,-25.1852,-6.50414,2.83463,31.9058,33.6883,-7.42999,-10.242,10,6.95271e-310,-251.852,6.68183e-310,28.3463,1.4822e-323,336.883,5.23261e-310,-102.42,-7.53383,-202.423,-7.93758,77.7122,-9.46342,385.98,-8.36322,-53.1247,29.886,22.3522,-6.0586,-13.9962,-45.0721,-54.5355,11.0364,2.67318,
6.13139,6.13058,6.09344,6.12153,0,200,0,1.40478,0.970057,-0.0711148,-0.508158,-2.81809,-3.36034,0.863566,0.400829,0,1894.85,0,1895.74,0,1936.6,0,1905.7,-7.56048,49.4251,-7.60076,49.4189,-9.43048,49.1026,-8.0476,49.3481,-11.7579,-20.9469,-13.1222,-1.03809,36.9626,36.727,-13.3166,-13.4557,10,6.95271e-310,-209.469,6.68183e-310,-10.3809,1.4822e-323,367.27,5.23261e-310,-134.557,-7.56048,-160.044,-7.60076,39.038,-9.43048,416.373,-8.0476,-85.2093,24.431,16.8706,-1.23678,-8.83754,-49.0103,-58.4408,15.0185,6.97094,
6.13078,6.1374,6.09412,6.12668,0,200,0,1.13378,0.697319,0.193502,-0.224155,-3.04193,-3.58226,1.05407,0.605963,0,1895.52,0,1888.24,0,1935.85,0,1900.03,-7.59069,49.4205,-7.26361,49.4696,-9.39693,49.109,-7.79318,49.3889,-4.42434,-17.2821,-19.9771,-4.74038,40.8233,39.7304,-17.8165,-16.1261,10,6.95271e-310,-172.821,6.68183e-310,-47.4038,1.4822e-323,397.304,5.23261e-310,-161.261,-7.59069,-123.4,-7.26361,2.06575,-9.39693,446.413,-7.79318,-111.872,19.718,12.1273,3.36525,-3.89835,-52.9032,-62.3001,18.3317,10.5385,
6.12981,6.14411,6.09503,6.13228,0,200,0,0.809127,0.369903,0.467506,0.0689492,-3.23613,-3.77388,1.24851,0.816307,0,1896.59,0,1880.86,0,1934.84,0,1893.87,-7.63867,49.4131,-6.93143,49.5172,-9.3522,49.1176,-7.51664,49.4318,3.29981,-12.8869,-26.7858,-8.56697,44.6771,42.3296,-22.8078,-18.8583,10,6.95271e-310,-128.869,6.68183e-310,-85.6697,1.4822e-323,423.296,5.23261e-310,-188.583,-7.63867,-79.4563,-6.93143,-36.1524,-9.3522,472.413,-7.51664,-139.151,14.0718,6.4331,8.13055,1.19912,-56.2805,-65.6327,21.7133,14.1966,
6.12886,6.15092,6.0962,6.13773,0,200,0,0.480943,0.0390299,0.738,0.358833,-3.41827,-3.95274,1.42856,1.01186,0,1897.63,0,1873.37,0,1933.56,0,1887.87,-7.68544,49.4058,-6.59422,49.5633,-9.29509,49.1284,-7.247,49.472,11.0907,-8.44474,-33.6179,-12.348,48.0751,44.7614,-27.4556,-21.3935,10,6.95271e-310,-84.4474,6.68183e-310,-123.48,1.4822e-323,447.614,5.23261e-310,-213.935,-7.68544,-35.0416,-6.59422,-73.917,-9.29509,496.742,-7.247,-164.463,8.36422,0.678781,12.8348,6.24057,-59.4482,-68.7433,24.8446,17.5976,
6.12771,6.15764,6.09733,6.14313,0,200,0,0.137878,-0.307303,1.00927,0.649273,-3.59402,-4.12527,1.60604,1.20469,0,1898.89,0,1865.98,0,1932.31,0,1881.94,-7.74228,49.3969,-6.26086,49.6065,-9.23917,49.139,-6.98009,49.5104,18.9993,-3.79792,-40.4989,-16.1378,51.3576,47.1074,-32.1381,-23.8929,10,6.95271e-310,-37.9792,6.68183e-310,-161.378,1.4822e-323,471.074,5.23261e-310,-238.929,-7.74228,11.4178,-6.26086,-111.772,-9.23917,520.213,-6.98009,-189.419,2.39788,-5.3444,17.5526,11.2917,-62.5046,-71.7438,27.9312,20.9511,
6.1263,6.16421,6.09883,6.1484,0,200,0,-0.23357,-0.682768,1.27944,0.938185,-3.72979,-4.25681,1.76605,1.37971,0,1900.45,0,1858.75,0,1930.66,0,1876.14,-7.81213,49.3859,-5.93494,49.6465,-9.16554,49.1528,-6.71893,49.5465,27.1367,1.23673,-47.274,-19.9095,54.002,48.9075,-36.563,-26.1543,10,6.95271e-310,12.3673,6.68183e-310,-199.095,1.4822e-323,489.075,5.23261e-310,-261.543,-7.81213,61.7532,-5.93494,-149.449,-9.16554,538.228,-6.71893,-211.996,-4.06209,-11.8742,22.2512,16.3163,-64.866,-74.0315,30.7138,23.9949,
6.12504,6.17063,6.10052,6.15397,0,200,0,-0.616092,-1.06886,1.53952,1.21661,-3.85205,-4.37429,1.92376,1.5533,0,1901.83,0,1851.69,0,1928.81,0,1870.01,-7.87427,49.3761,-5.61591,49.6836,-9.08246,49.1682,-6.44272,49.5832,34.9689,6.41753,-53.6852,-23.5423,56.6927,50.5216,-41.165,-28.3907,10,6.95271e-310,64.1753,6.68183e-310,-235.423,1.4822e-323,505.216,5.23261e-310,-283.907,-7.87427,113.551,-5.61591,-185.74,-9.08246,554.384,-6.44272,-234.324,-10.7147,-18.5889,26.7743,21.1584,-66.9922,-76.0746,33.4567,27.014,
6.12383,6.17673,6.1027,6.15841,0,200,0,-0.964807,-1.42101,1.77476,1.46928,-3.92445,-4.44052,2.02918,1.67137,0,1903.17,0,1844.98,0,1926.41,0,1865.13,-7.93402,49.3665,-5.31273,49.7169,-8.9752,49.1879,-6.2228,49.6113,42.5061,11.1417,-59.709,-26.8337,57.781,51.4538,-44.2146,-29.8996,10,6.95271e-310,111.417,6.68183e-310,-268.337,1.4822e-323,514.538,5.23261e-310,-298.996,-7.93402,160.784,-5.31273,-218.62,-8.9752,563.726,-6.2228,-249.385,-16.7793,-24.7133,30.8654,25.5527,-68.2513,-77.2265,35.2901,29.0673,
6.12242,6.18248,6.1046,6.16325,0,200,0,-1.33988,-1.8001,2.0092,1.72016,-3.99873,-4.50945,2.1522,1.8082,0,1904.72,0,1838.65,0,1924.32,0,1859.81,-8.00383,49.3552,-5.02665,49.7467,-8.88204,49.2048,-5.98252,49.6408,49.8798,16.2252,-65.5279,-30.1073,59.485,52.4172,-48.0191,-31.6538,10,6.95271e-310,162.252,6.68183e-310,-301.073,1.4822e-323,524.172,5.23261e-310,-316.538,-8.00383,211.607,-5.02665,-251.326,-8.88204,573.377,-5.98252,-266.897,-23.3022,-31.306,34.9425,29.9159,-69.5431,-78.4252,37.4295,31.447,
6.12127,6.18748,6.10733,6.1683,0,200,0,-1.7321,-2.19559,2.21197,1.93724,-3.98719,-4.49017,2.24512,1.91556,0,1905.99,0,1833.15,0,1921.32,0,1854.24,-8.06059,49.346,-4.77799,49.7712,-8.74757,49.2289,-5.73139,49.6704,56.4716,21.5346,-70.0604,-32.9392,60.4344,52.2071,-51.5093,-33.0064,10,6.95271e-310,215.346,6.68183e-310,-329.392,1.4822e-323,522.071,5.23261e-310,-330.064,-8.06059,264.692,-4.77799,-279.621,-8.74757,571.3,-5.73139,-280.393,-30.1235,-38.1841,38.4691,33.6911,-69.3424,-78.0899,39.0455,33.3141,
6.12012,6.19309,6.10973,6.17219,0,200,0,-2.06743,-2.53418,2.4197,2.16102,-4.02569,-4.52189,2.32089,2.00243,0,1907.25,0,1826.98,0,1918.68,0,1849.97,-8.11737,49.3367,-4.49877,49.7972,-8.62954,49.2497,-5.53849,49.6923,63.4335,26.0772,-75.5088,-35.8498,60.7338,52.6782,-53.8653,-34.1046,10,6.95271e-310,260.772,6.68183e-310,-358.498,1.4822e-323,526.782,5.23261e-310,-341.046,-8.11737,310.108,-4.49877,-308.701,-8.62954,576.032,-5.53849,-291.354,-35.9553,-44.0726,42.0818,37.583,-70.012,-78.6415,40.3633,34.8248,
6.11889,6.1981,6.11273,6.17659,0,200,0,-2.45031,-2.92053,2.61422,2.36989,-3.9921,-4.47978,2.38588,2.07999,0,1908.6,0,1821.47,0,1915.37,0,1845.14,-8.17768,49.3267,-4.24925,49.8191,-8.48136,49.2754,-5.31989,49.7162,70.1074,31.2622,-80.0956,-38.5705,60.7255,52.1655,-56.4763,-35.0677,10,6.95271e-310,312.622,6.68183e-310,-385.705,1.4822e-323,521.655,5.23261e-310,-350.677,-8.17768,361.948,-4.24925,-335.886,-8.48136,570.931,-5.31989,-300.961,-42.6142,-50.7918,45.4647,41.2155,-69.4278,-77.9092,41.4937,36.1738,
6.11801,6.20277,6.11628,6.17993,0,200,0,-2.78036,-3.25309,2.77694,2.546,-3.91272,-4.39034,2.40071,2.10438,0,1909.57,0,1816.33,0,1911.47,0,1841.46,-8.22143,49.3195,-4.01637,49.8384,-8.30652,49.3052,-5.15363,49.7337,76.1868,35.7283,-84.052,-40.8559,59.24,51.0249,-57.5204,-35.3338,10,6.95271e-310,357.283,6.68183e-310,-408.559,1.4822e-323,510.249,5.23261e-310,-353.338,-8.22143,406.603,-4.01637,-358.72,-8.30652,559.554,-5.15363,-303.604,-48.3541,-56.5756,48.2947,44.2783,-68.0472,-76.3538,41.7515,36.5979,
6.11701,6.20734,6.11941,6.18373,0,200,0,-3.12715,-3.60271,2.94376,2.72591,-3.85798,-4.32674,2.44071,2.15525,0,1910.67,0,1811.31,0,1908.03,0,1837.28,-8.27048,49.3112,-3.78876,49.8562,-8.15225,49.3309,-4.96466,49.7529,82.1693,40.4223,-88.0466,-43.1943,58.5994,50.2248,-59.3854,-35.9481,10,6.95271e-310,404.223,6.68183e-310,-431.943,1.4822e-323,502.248,5.23261e-310,-359.481,-8.27048,453.534,-3.78876,-382.087,-8.15225,551.579,-4.96466,-309.728,-54.3853,-62.6558,51.1959,47.4071,-67.0953,-75.2476,42.4472,37.4826,
6.11628,6.21172,6.12354,6.18713,0,200,0,-3.46882,-3.94644,3.08902,2.88374,-3.72883,-4.18585,2.43562,2.15989,0,1911.47,0,1806.48,0,1903.48,0,1833.53,-8.30652,49.3052,-3.57006,49.8724,-7.94822,49.3642,-4.79529,49.7695,87.9266,45.0419,-91.384,-45.2384,56.4904,48.4016,-60.1025,-35.9467,10,6.95271e-310,450.419,6.68183e-310,-452.384,1.4822e-323,484.016,5.23261e-310,-359.467,-8.30652,499.724,-3.57006,-402.512,-7.94822,533.38,-4.79529,-309.698,-60.3273,-68.6338,53.722,50.152,-64.8492,-72.7974,42.3587,37.5634,
6.11569,6.21588,6.1275,6.1901,0,200,0,-3.77606,-4.25534,3.21962,3.02627,-3.6076,-4.05339,2.42257,2.15535,0,1912.12,0,1801.91,0,1899.13,0,1830.27,-8.33546,49.3003,-3.36261,49.8868,-7.75293,49.3953,-4.64735,49.7836,93.2457,49.1946,-94.4908,-47.0806,54.2466,46.6889,-60.4604,-35.8295,10,6.95271e-310,491.946,6.68183e-310,-470.806,1.4822e-323,466.889,5.23261e-310,-358.295,-8.33546,541.247,-3.36261,-420.919,-7.75293,516.284,-4.64735,-308.512,-65.6705,-74.006,55.9935,52.6308,-62.7409,-70.4938,42.1316,37.4843,
6.11526,6.21981,6.13139,6.1935,0,200,0,-4.08843,-4.56894,3.34182,3.15975,-3.48678,-3.92151,2.42079,2.16328,0,1912.59,0,1797.59,0,1894.85,0,1826.53,-8.35674,49.2967,-3.1665,49.8996,-7.56048,49.4251,-4.47847,49.799,98.157,53.4135,-97.22,-48.8049,52.4663,44.983,-61.286,-35.8726,10,6.95271e-310,534.135,6.68183e-310,-488.049,1.4822e-323,449.83,5.23261e-310,-358.726,-8.35674,583.431,-3.1665,-438.149,-7.56048,499.255,-4.47847,-308.927,-71.1031,-79.4598,58.1186,54.9521,-60.6397,-68.2002,42.1008,37.6223,
6.11501,6.22355,6.13644,6.19601,0,200,0,-4.38436,-4.86558,3.44004,3.26869,-3.2784,-3.69879,2.35776,2.10745,0,1912.87,0,1793.47,0,1889.3,0,1823.77,-8.36915,49.2946,-2.97991,49.9111,-7.31102,49.4626,-4.35315,49.8101,102.985,57.4071,-99.3377,-50.2021,48.6123,42.0739,-60.4052,-35.0727,10,6.95271e-310,574.071,6.68183e-310,-502.021,1.4822e-323,420.739,5.23261e-310,-350.727,-8.36915,623.365,-2.97991,-452.11,-7.31102,470.202,-4.35315,-300.917,-76.2497,-84.6188,59.8267,56.8468,-57.0157,-64.3267,41.0045,36.6514,
6.11489,6.22696,6.14141,6.19872,0,200,0,-4.67603,-5.15759,3.52592,3.36434,-3.06604,-3.47227,2.30008,2.05753,0,1913,0,1789.73,0,1883.83,0,1820.79,-8.37505,49.2936,-2.81001,49.921,-7.06493,49.4984,-4.21822,49.8217,107.345,61.3407,-101.012,-51.4265,45.0313,39.1127,-59.7815,-34.3487,10,6.95271e-310,613.407,6.68183e-310,-514.265,1.4822e-323,391.127,5.23261e-310,-343.487,-8.37505,662.701,-2.81001,-464.344,-7.06493,440.625,-4.21822,-293.665,-81.3222,-89.6973,61.3204,58.5103,-53.3224,-60.3874,40.0014,35.7832,
6.115,6.23016,6.14664,6.20094,0,200,0,-4.93613,-5.41739,3.59307,3.44068,-2.83431,-3.22567,2.21967,1.98347,0,1912.88,0,1786.21,0,1878.08,0,1818.35,-8.36974,49.2945,-2.65025,49.9297,-6.8062,49.5346,-4.10774,49.831,111.326,64.8443,-102.285,-52.3944,40.7814,35.8855,-58.4397,-33.3086,10,6.95271e-310,648.443,6.68183e-310,-523.944,1.4822e-323,358.855,5.23261e-310,-333.086,-8.36974,697.737,-2.65025,-474.014,-6.8062,408.39,-4.10774,-283.255,-85.8457,-94.2155,62.4882,59.838,-49.2924,-56.0986,38.6029,34.4952,
6.11535,6.23306,6.15185,6.203,0,200,0,-5.16965,-5.64992,3.64276,3.4987,-2.59893,-2.97543,2.13321,1.90292,0,1912.5,0,1783.02,0,1872.34,0,1816.08,-8.3526,49.2974,-2.50544,49.9372,-6.54789,49.5694,-4.00501,49.8393,114.768,67.9847,-103.097,-53.121,36.467,32.6094,-56.9111,-32.1839,10,6.95271e-310,679.847,6.68183e-310,-531.21,1.4822e-323,326.094,5.23261e-310,-321.839,-8.3526,729.145,-2.50544,-481.272,-6.54789,375.663,-4.00501,-272,-89.9069,-98.2595,63.3524,60.8469,-45.1987,-51.7466,37.0993,33.0943,
6.11599,6.23562,6.15741,6.20494,0,200,0,-5.38414,-5.86258,3.67057,3.53387,-2.33423,-2.69487,2.03021,1.80549,0,1911.79,0,1780.2,0,1866.23,0,1813.95,-8.3207,49.3028,-2.37737,49.9434,-6.27214,49.605,-3.90826,49.847,117.674,70.8629,-103.249,-53.546,31.7064,28.9313,-54.9905,-30.834,10,6.95271e-310,708.629,6.68183e-310,-535.46,1.4822e-323,289.313,5.23261e-310,-308.34,-8.3207,757.931,-2.37737,-485.517,-6.27214,338.918,-3.90826,-258.493,-93.6372,-101.958,63.836,61.4587,-40.5952,-46.8674,35.308,31.3998,
6.11705,6.23795,6.16282,6.20676,0,200,0,-5.55574,-6.03119,3.67874,3.54871,-2.08399,-2.42922,1.92643,1.70692,0,1910.63,0,1777.64,0,1860.28,0,1811.94,-8.26869,49.3115,-2.26124,49.9488,-6.00394,49.6382,-3.81743,49.8541,119.867,73.1547,-102.936,-53.7016,27.1333,25.4513,-52.9526,-29.471,10,6.95271e-310,731.547,6.68183e-310,-537.016,1.4822e-323,254.513,5.23261e-310,-294.71,-8.26869,780.858,-2.26124,-487.067,-6.00394,304.151,-3.81743,-244.856,-96.6216,-104.89,63.978,61.7168,-36.2434,-42.2473,33.5031,29.6856,
6.11858,6.23997,6.16833,6.20833,0,200,0,-5.68061,-6.15171,3.66113,3.53692,-1.8288,-2.15828,1.8093,1.5943,0,1908.94,0,1775.41,0,1854.22,0,1810.21,-8.19304,49.3242,-2.16008,49.9533,-5.73021,49.6706,-3.73917,49.86,121.291,74.8071,-101.974,-53.5039,22.3414,21.9024,-50.4761,-27.9233,10,6.95271e-310,748.071,6.68183e-310,-535.039,1.4822e-323,219.024,5.23261e-310,-279.233,-8.19304,797.395,-2.16008,-485.086,-5.73021,268.694,-3.73917,-229.373,-98.7932,-106.986,63.6718,61.5117,-31.8051,-37.5353,31.4661,27.7269,
6.12051,6.24162,6.17363,6.20957,0,200,0,-5.75137,-6.217,3.61998,3.50053,-1.58596,-1.90031,1.68599,1.47453,0,1906.82,0,1773.59,0,1848.39,0,1808.86,-8.09786,49.3399,-2.07745,49.9568,-5.46704,49.7002,-3.67761,49.8646,121.896,75.7224,-100.466,-52.9818,17.6247,18.5244,-47.7105,-26.2856,10,6.95271e-310,757.224,6.68183e-310,-529.818,1.4822e-323,185.244,5.23261e-310,-262.856,-8.09786,806.564,-2.07745,-479.861,-5.46704,234.944,-3.67761,-212.991,-100.024,-108.122,62.9562,60.8788,-27.5819,-33.0489,29.3216,25.644,
6.12285,6.24318,6.17896,6.21086,0,200,0,-5.7932,-6.2522,3.56328,3.4483,-1.34996,-1.64907,1.56144,1.35369,0,1904.25,0,1771.88,0,1842.53,0,1807.43,-7.98253,49.3587,-1.99962,49.96,-5.20189,49.7287,-3.61308,49.8693,121.97,76.2396,-98.5643,-52.248,13.0263,15.238,-44.8808,-24.6323,10,6.95271e-310,762.396,6.68183e-310,-522.48,1.4822e-323,152.38,5.23261e-310,-246.323,-7.98253,811.755,-1.99962,-472.52,-5.20189,202.108,-3.61308,-196.454,-100.751,-108.734,61.9701,59.9705,-23.4775,-28.6794,27.1555,23.5424,
6.12557,6.2442,6.18428,6.2119,0,200,0,-5.79135,-6.24262,3.47828,3.36623,-1.10389,-1.38778,1.42541,1.22065,0,1901.25,0,1770.76,0,1836.67,0,1806.29,-7.84823,49.3802,-1.94874,49.962,-4.93723,49.7556,-3.56109,49.873,121.159,76.1605,-95.8831,-51.1223,8.32648,11.8162,-41.7428,-22.8195,10,6.95271e-310,761.605,6.68183e-310,-511.223,1.4822e-323,118.162,5.23261e-310,-228.195,-7.84823,810.985,-1.94874,-461.261,-4.93723,167.917,-3.56109,-178.322,-100.719,-108.567,60.4919,58.5431,-19.1982,-24.1354,24.7898,21.2287,
6.12855,6.24506,6.18958,6.21281,0,200,0,-5.76171,-6.20451,3.37921,3.26964,-0.862172,-1.1309,1.28424,1.08209,0,1897.97,0,1769.81,0,1830.85,0,1805.28,-7.70084,49.4034,-1.90561,49.9637,-4.6736,49.7811,-3.51565,49.8762,119.917,75.7016,-92.8916,-49.8038,3.61287,8.4535,-38.434,-20.9347,10,6.95271e-310,757.016,6.68183e-310,-498.038,1.4822e-323,84.535,5.23261e-310,-209.347,-7.70084,806.419,-1.90561,-448.074,-4.6736,134.316,-3.51565,-159.471,-100.204,-107.904,58.7689,56.8632,-14.9943,-19.6679,22.3347,18.819,
6.13197,6.24575,6.1949,6.21362,0,200,0,-5.69365,-6.12674,3.26031,3.1527,-0.625265,-0.878763,1.13599,0.936138,0,1894.21,0,1769.06,0,1824.99,0,1804.4,-7.53206,49.4294,-1.8715,49.965,-4.40865,49.8053,-3.47562,49.8791,118.043,74.7162,-89.4374,-48.2146,-1.10149,5.15532,-34.8965,-18.9522,10,6.95271e-310,747.162,6.68183e-310,-482.146,1.4822e-323,51.5532,5.23261e-310,-189.522,-7.53206,796.592,-1.8715,-432.181,-4.40865,101.358,-3.47562,-139.643,-99.02,-106.552,56.701,54.8295,-10.8742,-15.2828,19.7563,16.2807,
6.13559,6.24614,6.20019,6.2143,0,200,0,-5.60311,-6.02591,3.12548,3.01901,-0.385052,-0.623375,0.981848,0.78396,0,1890.23,0,1768.62,0,1819.17,0,1803.65,-7.35311,49.4564,-1.85172,49.9657,-4.14476,49.8279,-3.44153,49.8814,115.696,73.4239,-85.586,-46.4051,-5.83873,1.81313,-31.2337,-16.8882,10,6.95271e-310,734.239,6.68183e-310,-464.051,1.4822e-323,18.1313,5.23261e-310,-168.882,-7.35311,783.695,-1.85172,-414.085,-4.14476,67.9592,-3.44153,-119,-97.4454,-104.799,54.3562,52.5045,-6.69655,-10.8413,17.0756,13.6341,
6.13964,6.24642,6.20562,6.21488,0,200,0,-5.47826,-5.88954,2.97114,2.86546,-0.145115,-0.367881,0.817054,0.620816,0,1885.78,0,1768.32,0,1813.19,0,1803.02,-7.15272,49.4857,-1.83795,49.9662,-3.8742,49.8497,-3.41285,49.8834,112.795,71.6605,-81.3064,-44.3303,-10.7039,-1.52782,-27.2767,-14.6783,10,6.95271e-310,716.605,6.68183e-310,-443.303,1.4822e-323,-15.2782,5.23261e-310,-146.783,-7.15272,766.091,-1.83795,-393.337,-3.8742,34.5715,-3.41285,-96.8999,-95.2741,-102.427,51.6721,49.8341,-2.52374,-6.39794,14.2096,10.7968,
6.14361,6.24647,6.2108,6.21535,0,200,0,-5.34822,-5.74821,2.81272,2.70717,0.0883575,-0.119567,0.65524,0.460377,0,1881.41,0,1768.27,0,1807.5,0,1802.49,-6.95636,49.5137,-1.83557,49.9663,-3.61607,49.8691,-3.38892,49.885,109.734,69.829,-76.9617,-42.1959,-15.3807,-4.77658,-23.4432,-12.5068,10,6.95271e-310,698.29,6.68183e-310,-421.959,1.4822e-323,-47.7658,5.23261e-310,-125.068,-6.95636,747.803,-1.83557,-371.993,-3.61607,2.10323,-3.38892,-75.1829,-93.0126,-99.9689,48.9168,47.0813,1.53665,-2.07942,11.3955,8.00656,
6.14883,6.2463,6.21607,6.21577,0,200,0,-5.12158,-5.50669,2.60882,2.50279,0.300016,0.107216,0.479257,0.285597,0,1875.67,0,1768.45,0,1801.7,0,1802.03,-6.69755,49.5494,-1.84396,49.966,-3.35305,49.8874,-3.36801,49.8864,105.071,66.6703,-71.5683,-39.4444,-19.8467,-7.73314,-19.1195,-10.1431,10,6.95271e-310,666.703,6.68183e-310,-394.444,1.4822e-323,-77.3314,5.23261e-310,-101.431,-6.69755,716.252,-1.84396,-344.478,-3.35305,-27.4439,-3.36801,-51.5445,-89.0709,-95.7684,45.3708,43.5268,5.21768,1.86463,8.33491,4.9669,
6.1539,6.24587,6.22127,6.21611,0,200,0,-4.90237,-5.27303,2.39996,2.29269,0.521149,0.34327,0.300576,0.107878,0,1870.09,0,1768.93,0,1795.98,0,1801.66,-6.44629,49.5827,-1.86549,49.9652,-3.09355,49.9042,-3.35126,49.8876,100.347,63.615,-66.0733,-36.6209,-24.355,-10.8159,-14.8541,-7.74138,10,6.95271e-310,636.15,6.68183e-310,-366.209,1.4822e-323,-108.159,5.23261e-310,-77.4138,-6.44629,685.733,-1.86549,-316.244,-3.09355,-58.2543,-3.35126,-27.5263,-85.2585,-91.7048,41.7384,39.8729,9.06346,5.96991,5.22741,1.87615,
6.15942,6.2452,6.22644,6.2164,0,200,0,-4.64683,-5.00174,2.16889,2.0597,0.73594,0.572885,0.115376,-0.0764966,0,1864.01,0,1769.66,0,1790.3,0,1801.34,-6.17231,49.6176,-1.89904,49.9639,-2.83575,49.9195,-3.33692,49.8885,94.8832,60.0612,-60.0918,-33.4934,-28.7296,-13.8123,-10.4574,-5.25087,10,6.95271e-310,600.612,6.68183e-310,-334.934,1.4822e-323,-138.123,5.23261e-310,-52.5087,-6.17231,650.229,-1.89904,-284.97,-2.83575,-88.2035,-3.33692,-2.62015,-80.8144,-86.9867,37.7198,35.8208,12.799,9.96322,2.00654,-1.33038,
6.16502,6.24421,6.23151,6.21663,0,200,0,-4.38237,-4.72131,1.92482,1.8128,0.954505,0.806003,-0.0732732,-0.264492,0,1857.86,0,1770.75,0,1784.72,0,1801.09,-5.89448,49.6513,-1.94814,49.962,-2.58263,49.9333,-3.32555,49.8893,89.042,56.3858,-53.8251,-30.1845,-33.0309,-16.8576,-6.08366,-2.71268,10,6.95271e-310,563.858,6.68183e-310,-301.845,1.4822e-323,-168.576,5.23261e-310,-27.1268,-5.89448,613.509,-1.94814,-251.883,-2.58263,-118.643,-3.32555,22.7624,-76.2152,-82.1097,33.4751,31.527,16.6001,14.0175,-1.27432,-4.59986,
6.17101,6.24287,6.23665,6.2168,0,200,0,-4.09087,-4.41269,1.65491,1.53904,1.18089,1.04716,-0.272868,-0.463571,0,1851.27,0,1772.22,0,1779.06,0,1800.89,-5.59684,49.6858,-2.0152,49.9594,-2.32588,49.9459,-3.31658,49.8899,82.4557,52.338,-46.9703,-26.5204,-37.3563,-20.0097,-1.54993,-0.0260289,10,6.95271e-310,523.38,6.68183e-310,-265.204,1.4822e-323,-200.097,5.23261e-310,-0.260289,-5.59684,573.066,-2.0152,-215.245,-2.32588,-150.151,-3.31658,49.6296,-71.1455,-76.7424,28.7811,26.7659,20.5373,18.2114,-4.74553,-8.06211,
6.17701,6.24105,6.24167,6.21692,0,200,0,-3.79669,-4.10138,1.36862,1.24752,1.41908,1.29977,-0.476273,-0.666633,0,1844.67,0,1774.23,0,1773.54,0,1800.76,-5.29903,49.7184,-2.1062,49.9556,-2.07507,49.9569,-3.31061,49.8903,75.4256,48.2543,-39.7294,-22.6261,-41.616,-23.3184,2.90696,2.71317,10,6.95271e-310,482.543,6.68183e-310,-226.261,1.4822e-323,-233.184,5.23261e-310,27.1317,-5.29903,532.261,-2.1062,-176.305,-2.07507,-183.227,-3.31061,77.0219,-66.0293,-71.3284,23.8022,21.696,24.6797,22.6046,-8.28301,-11.5936,
6.18312,6.23944,6.24643,6.21702,0,200,0,-3.48865,-3.77587,1.08519,0.959474,1.62566,1.52001,-0.674853,-0.864938,0,1837.95,0,1775.99,0,1768.31,0,1800.66,-4.99505,49.7499,-2.18643,49.9522,-1.83736,49.9662,-3.30583,49.8906,68.3444,43.9815,-32.7656,-18.7745,-45.5252,-26.1957,7.2757,5.3878,10,6.95271e-310,439.815,6.68183e-310,-187.745,1.4822e-323,-261.957,5.23261e-310,53.878,-4.99505,489.565,-2.18643,-137.793,-1.83736,-211.99,-3.30583,103.769,-60.6722,-65.6672,18.8729,16.6865,28.2723,26.4349,-11.7366,-15.0424,
6.18873,6.23726,6.25102,6.21709,0,200,0,-3.21599,-3.48716,0.797669,0.665685,1.85973,1.76727,-0.871065,-1.06094,0,1831.78,0,1778.39,0,1763.26,0,1800.58,-4.71595,49.7771,-2.29537,49.9473,-1.60799,49.9741,-3.30223,49.8908,61.3144,40.1957,-25.6431,-14.8565,-49.4521,-29.4403,11.3336,8.03097,10,6.95271e-310,401.957,6.68183e-310,-148.565,1.4822e-323,-294.403,5.23261e-310,80.3097,-4.71595,451.734,-2.29537,-98.6174,-1.60799,-244.429,-3.30223,130.201,-55.9303,-60.6462,13.8725,11.5771,32.3432,30.7352,-15.149,-18.4512,
6.19575,6.23538,6.25544,6.21713,0,200,0,-2.83785,-3.08891,0.477024,0.339637,2.029,1.94924,-1.07706,-1.26683,0,1824.06,0,1780.46,0,1758.39,0,1800.54,-4.36626,49.809,-2.38935,49.9429,-1.38698,49.9808,-3.30045,49.891,52.8011,34.9603,-18.0698,-10.4979,-52.726,-31.808,15.8077,10.8067,10,6.95271e-310,349.603,6.68183e-310,-104.979,1.4822e-323,-318.08,5.23261e-310,108.067,-4.36626,399.412,-2.38935,-55.0358,-1.38698,-268.099,-3.30045,157.958,-49.3539,-53.7201,8.29607,5.90673,35.2869,33.8999,-18.7314,-22.0319,
6.20244,6.23301,6.25955,6.21714,0,200,0,-2.48029,-2.71219,0.151564,0.0073628,2.20864,2.1407,-1.27806,-1.4678,0,1816.7,0,1783.07,0,1753.87,0,1800.53,-4.03308,49.8371,-2.50784,49.9371,-1.18153,49.986,-3.29986,49.891,44.1591,30.0091,-10.3778,-6.06473,-55.7805,-34.3093,19.9603,13.5156,10,6.95271e-310,300.091,6.68183e-310,-60.6473,1.4822e-323,-343.093,5.23261e-310,135.156,-4.03308,349.928,-2.50784,-10.7103,-1.18153,-293.107,-3.29986,185.047,-43.1355,-47.1685,2.63589,0.128049,38.4111,37.2295,-22.2272,-25.527,
6.20923,6.23091,6.26339,6.21716,0,200,0,-2.11284,-2.32527,-0.16736,-0.317583,2.35499,2.29808,-1.47313,-1.6628,0,1809.23,0,1785.38,0,1749.65,0,1800.5,-3.69435,49.8633,-2.61256,49.9317,-0.989817,49.9902,-3.29864,49.8911,35.5162,24.9227,-3.04357,-1.72508,-58.4309,-36.3566,23.9953,16.1444,10,6.95271e-310,249.227,6.68183e-310,-17.2508,1.4822e-323,-363.566,5.23261e-310,161.444,-3.69435,299.09,-2.61256,32.6809,-0.989817,-313.576,-3.29864,211.335,-36.7451,-40.4394,-2.91062,-5.52318,40.9564,39.9665,-25.6197,-28.9183,
6.21619,6.22893,6.26703,6.21719,0,200,0,-1.73357,-1.92603,-0.487232,-0.643132,2.47877,2.43233,-1.66693,-1.85653,0,1801.57,0,1787.55,0,1745.65,0,1800.47,-3.34708,49.8878,-2.71129,49.9264,-0.807694,49.9935,-3.29745,49.8911,26.6935,19.6738,4.14636,2.62503,-60.7794,-38.0959,27.9776,18.7559,10,6.95271e-310,196.738,6.68183e-310,26.2503,1.4822e-323,-380.959,5.23261e-310,187.559,-3.34708,246.625,-2.71129,76.1767,-0.807694,-330.965,-3.29745,237.451,-30.1491,-33.4962,-8.47361,-11.1849,43.109,42.3013,-28.9901,-32.2875,
6.22329,6.22648,6.2703,6.21725,0,200,0,-1.34391,-1.51601,-0.823813,-0.986764,2.59682,2.55979,-1.85672,-2.04615,0,1793.76,0,1790.26,0,1742.05,0,1800.41,-2.99305,49.9103,-2.83394,49.9196,-0.644133,49.9959,-3.29445,49.8913,17.1748,14.2823,11.7022,7.20975,-62.631,-39.7506,31.7117,21.3128,10,6.95271e-310,142.823,6.68183e-310,72.0975,1.4822e-323,-397.506,5.23261e-310,213.128,-2.99305,192.733,-2.83394,122.017,-0.644133,-347.511,-3.29445,263.019,-23.3723,-26.3653,-14.3272,-17.1611,45.1621,44.518,-32.2907,-35.5852,
6.23119,6.22403,6.2735,6.21737,0,200,0,-0.906997,-1.05643,-1.18484,-1.35481,2.68807,2.66023,-2.05545,-2.24454,0,1785.08,0,1792.95,0,1738.53,0,1800.27,-2.5988,49.9324,-2.95597,49.9125,-0.48414,49.9977,-3.28848,49.8917,6.65822,8.23853,19.6118,12.1238,-64.0762,-41.0427,35.5983,23.989,10,6.95271e-310,82.3853,6.68183e-310,121.238,1.4822e-323,-410.427,5.23261e-310,239.89,-2.5988,132.318,-2.95597,171.151,-0.48414,-360.429,-3.28848,289.782,-15.7739,-18.3727,-20.606,-23.5619,46.7491,46.2649,-35.747,-39.0355,
6.2386,6.22154,6.27622,6.21751,0,200,0,-0.498589,-0.626718,-1.52863,-1.70575,2.7649,2.74488,-2.23803,-2.42671,0,1776.92,0,1795.69,0,1735.53,0,1800.12,-2.22832,49.9503,-3.08039,49.905,-0.348127,49.9988,-3.2813,49.8922,-3.50138,2.58856,27.0708,16.8064,-65.0697,-42.131,39.0377,26.447,10,6.95271e-310,25.8856,6.68183e-310,168.064,1.4822e-323,-421.31,5.23261e-310,264.47,-2.22832,75.8359,-3.08039,217.969,-0.348127,-371.311,-3.2813,314.363,-8.67111,-10.8994,-26.5849,-29.6653,48.0851,47.737,-38.9223,-42.2036,
6.24541,6.21924,6.27866,6.21776,0,200,0,-0.134244,-0.242818,-1.84479,-2.02851,2.83286,2.81984,-2.40305,-2.59101,0,1769.43,0,1798.22,0,1732.86,0,1799.84,-1.88825,49.9643,-3.1952,49.8978,-0.226488,49.9995,-3.26876,49.893,-12.8703,-2.45536,33.857,21.1129,-65.8048,-43.0942,42.032,28.6663,10,6.95271e-310,-24.5536,6.68183e-310,211.129,1.4822e-323,-430.942,5.23261e-310,286.663,-1.88825,25.4107,-3.1952,261.027,-0.226488,-380.943,-3.26876,336.556,-2.33468,-4.22292,-32.0833,-35.2785,49.2671,49.0406,-41.7922,-45.061,
6.25297,6.21744,6.28074,6.21806,0,200,0,0.283138,0.196291,-2.16179,-2.35067,2.83733,2.8303,-2.5659,-2.753,0,1761.11,0,1800.2,0,1730.56,0,1799.51,-1.51038,49.9772,-3.28489,49.892,-0.122228,49.9999,-3.2538,49.894,-22.8619,-8.22865,40.3871,25.4209,-65.7667,-43.1949,45.0899,30.8554,10,6.95271e-310,-82.2865,6.68183e-310,254.209,1.4822e-323,-431.949,5.23261e-310,308.554,-1.51038,-32.3093,-3.28489,304.101,-0.122228,-381.949,-3.2538,358.448,4.92414,3.41376,-37.5964,-40.8813,49.3449,49.2227,-44.6244,-47.8782,
6.2606,6.21561,6.28279,6.21849,0,200,0,0.691765,0.626825,-2.48173,-2.67587,2.84081,2.83968,-2.72799,-2.91385,0,1752.72,0,1802.21,0,1728.31,0,1799.04,-1.1294,49.9872,-3.37638,49.8859,-0.0197562,50,-3.23229,49.8954,-32.985,-13.8849,46.9152,29.7691,-65.5555,-43.2816,48.0096,33.0315,10,6.95271e-310,-138.849,6.68183e-310,297.691,1.4822e-323,-432.816,5.23261e-310,330.315,-1.1294,-88.8615,-3.37638,347.577,-0.0197562,-382.816,-3.23229,380.211,12.0307,10.9013,-43.1605,-46.5369,49.4055,49.3857,-47.4433,-50.6756,
6.26798,6.21401,0.00155795,6.21905,0,200,0,1.07625,1.03253,-2.78479,-2.98351,2.83558,2.84006,-2.88157,-3.06584,0,1744.6,0,1803.97,0,1726.16,0,1798.43,-0.76035,49.9942,-3.45588,49.8804,0.0778974,49.9999,-3.20476,49.8972,-42.6578,-19.2107,52.9951,33.8853,-65.1802,-43.2488,50.7024,35.0907,10,6.95271e-310,-192.107,6.68183e-310,338.853,1.4822e-323,-432.488,5.23261e-310,350.907,-0.76035,-142.113,-3.45588,388.733,0.0778974,-382.488,-3.20476,400.804,18.7173,17.957,-48.4312,-51.8871,49.3144,49.3923,-50.1143,-53.319,
6.27507,6.21271,0.00300804,6.21977,0,200,0,1.44382,1.4205,-3.06072,-3.26318,2.79631,2.80496,-3.01147,-3.19368,0,1736.8,0,1805.4,0,1724.57,0,1797.64,-0.405656,49.9984,-3.52104,49.8759,0.150402,49.9998,-3.16888,49.8995,-51.9086,-24.3029,58.4383,37.63,-64.1072,-42.7477,52.9116,36.8273,10,6.95271e-310,-243.029,6.68183e-310,376.3,1.4822e-323,-427.477,5.23261e-310,368.273,-0.405656,-193.03,-3.52104,426.176,0.150402,-377.477,-3.16888,418.173,25.11,24.7043,-53.23,-56.751,48.6315,48.7819,-52.3734,-55.5422,
6.28182,6.21128,0.00447012,6.22072,0,200,0,1.77157,1.76764,-3.3299,-3.53645,2.77456,2.78741,-3.13169,-3.31115,0,1729.38,0,1806.97,0,1722.96,0,1796.58,-0.0682982,50,-3.59215,49.8708,0.223505,49.9995,-3.12105,49.9025,-60.8253,-28.8512,63.7901,41.2862,-62.9771,-42.4828,54.7679,38.4289,10,6.95271e-310,-288.512,6.68183e-310,412.862,1.4822e-323,-424.828,5.23261e-310,384.289,-0.0682982,-238.512,-3.59215,462.733,0.223505,-374.828,-3.12105,434.192,30.8099,30.7416,-57.9114,-61.5035,48.2532,48.4767,-54.4642,-57.5853,
0.00515322,6.21019,0.00550076,6.22187,0,200,0,2.08509,2.09991,-3.57233,-3.78201,2.71966,2.73548,-3.22897,-3.40513,0,1722.21,0,1808.17,0,1721.83,0,1795.32,0.25766,49.9993,-3.64656,49.8668,0.275037,49.9992,-3.06363,49.9061,-69.3196,-33.2032,68.5309,44.5752,-61.1941,-41.7628,56.1837,39.7175,10,6.95271e-310,-332.032,6.68183e-310,445.752,1.4822e-323,-417.628,5.23261e-310,397.175,0.25766,-282.033,-3.64656,495.619,0.275037,-367.629,-3.06363,447.081,36.2625,36.5201,-62.1275,-65.7741,47.2985,47.5735,-56.156,-59.2197,
0.0123438,6.20934,0.00649545,6.2233,0,200,0,2.4243,2.45979,-3.82358,-4.03569,2.63665,2.65533,-3.32663,-3.49869,0,1714.3,0,1809.11,0,1720.73,0,1793.75,0.617172,49.9962,-3.68898,49.8637,0.32477,49.9989,-2.99245,49.9104,-78.4381,-37.9142,73.3314,47.9783,-58.8845,-40.6633,57.561,41.0057,10,6.95271e-310,-379.142,6.68183e-310,479.783,1.4822e-323,-406.633,5.23261e-310,410.057,0.617172,-329.145,-3.68898,529.646,0.32477,-356.634,-2.99245,459.967,42.1618,42.779,-66.497,-70.1859,45.8549,46.1796,-57.8544,-60.8468,
0.0180123,6.20873,0.00735831,6.22518,0,200,0,2.65224,2.70402,-4.01571,-4.22957,2.57968,2.60084,-3.37964,-3.5463,0,1708.06,0,1809.78,0,1719.78,0,1791.68,0.900566,49.9919,-3.71946,49.8615,0.367912,49.9986,-2.89854,49.9159,-85.4821,-41.0957,77.1155,50.5799,-56.5231,-39.9121,57.9727,41.6832,10,6.95271e-310,-410.957,6.68183e-310,505.799,1.4822e-323,-399.121,5.23261e-310,416.832,0.900566,-360.965,-3.71946,555.66,0.367912,-349.122,-2.89854,466.748,46.1259,47.0264,-69.8384,-73.5578,44.864,45.232,-58.7763,-61.6748,
0.0246627,6.20832,0.00798261,6.22687,0,200,0,2.95042,3.02132,-4.22666,-4.44169,2.47172,2.49467,-3.44948,-3.6113,0,1700.75,0,1810.23,0,1719.1,0,1789.82,1.23301,49.9848,-3.73976,49.8599,0.399126,49.9984,-2.8142,49.9207,-93.6776,-45.2429,81.0343,53.4311,-53.6745,-38.469,58.7914,42.5915,10,6.95271e-310,-452.429,6.68183e-310,534.311,1.4822e-323,-384.69,5.23261e-310,425.915,1.23301,-402.444,-3.73976,584.171,0.399126,-334.692,-2.8142,475.835,51.3117,52.5447,-73.5071,-77.2468,42.9864,43.3856,-59.991,-62.8052,
0.0299965,6.20813,0.00843689,6.22898,0,200,0,3.15499,3.24121,-4.38488,-4.60047,2.38239,2.40664,-3.47695,-3.63272,0,1694.88,0,1810.44,0,1718.6,0,1787.5,1.4996,49.9775,-3.74932,49.8592,0.42184,49.9982,-2.70889,49.9266,-100.079,-48.1026,84.0694,55.5675,-50.6913,-37.2737,58.7281,42.9203,10,6.95271e-310,-481.026,6.68183e-310,555.675,1.4822e-323,-372.737,5.23261e-310,429.203,1.4996,-431.048,-3.74932,605.535,0.42184,-322.739,-2.70889,479.13,54.8693,56.3689,-76.2588,-80.0082,41.4328,41.8547,-60.4688,-63.1777,
0.035737,6.20816,0.00871253,6.23128,0,200,0,3.37795,3.48068,-4.54213,-4.75762,2.2628,2.28785,-3.499,-3.64816,0,1688.57,0,1810.4,0,1718.29,0,1784.97,1.78647,49.9681,-3.74754,49.8594,0.435621,49.9981,-2.59401,49.9327,-106.839,-51.218,87.0021,57.6863,-47.17,-35.6672,58.5567,43.1724,10,6.95271e-310,-512.18,6.68183e-310,576.863,1.4822e-323,-356.672,5.23261e-310,431.724,1.78647,-462.212,-3.74754,626.722,0.435621,-306.674,-2.59401,481.656,58.747,60.5335,-78.9936,-82.7411,39.353,39.7887,-60.8522,-63.4462,
0.041765,6.20844,0.00890428,6.23383,0,200,0,3.60692,3.72696,-4.69539,-4.91008,2.12186,2.14746,-3.51426,-3.65609,0,1681.93,0,1810.1,0,1718.08,0,1782.16,2.08764,49.9564,-3.7338,49.8604,0.445208,49.998,-2.46655,49.9391,-113.761,-54.4196,89.7961,59.7465,-43.2183,-33.7713,58.2316,43.328,10,6.95271e-310,-544.196,6.68183e-310,597.465,1.4822e-323,-337.713,5.23261e-310,433.28,2.08764,-494.239,-3.7338,647.325,0.445208,-287.715,-2.46655,483.219,62.729,64.8166,-81.6589,-85.3927,36.9019,37.3471,-61.1176,-63.5841,
0.0464509,6.2091,0.00892825,6.23691,0,200,0,3.74167,3.87517,-4.78808,-5.00089,1.99314,2.01881,-3.47976,-3.61275,0,1676.78,0,1809.37,0,1718.05,0,1778.77,2.32171,49.9461,-3.70094,49.8628,0.446406,49.998,-2.31273,49.9465,-118.69,-56.3254,91.5778,60.9829,-39.0422,-32.0369,56.942,42.8027,10,6.95271e-310,-563.254,6.68183e-310,609.829,1.4822e-323,-320.369,5.23261e-310,428.027,2.32171,-513.308,-3.70094,659.692,0.446406,-270.371,-2.31273,477.973,65.0725,67.3942,-83.271,-86.972,34.6634,35.1098,-60.5176,-62.8304,
0.0514003,6.21025,0.00878444,6.23959,0,200,0,3.91639,4.0641,-4.86898,-5.07849,1.82221,1.84746,-3.45777,-3.58308,0,1671.34,0,1808.11,0,1718.21,0,1775.83,2.56889,49.934,-3.64356,49.8671,0.439216,49.9981,-2.17923,49.9525,-123.642,-58.7749,92.8947,62.0506,-34.864,-29.7302,56.0939,42.454,10,6.95271e-310,-587.749,6.68183e-310,620.506,1.4822e-323,-297.302,5.23261e-310,424.54,2.56889,-537.815,-3.64356,670.373,0.439216,-247.304,-2.17923,474.492,68.1111,70.68,-84.6779,-88.3215,31.6905,32.1298,-60.1352,-62.3144,
0.0566374,6.21201,0.00848483,6.24311,0,200,0,4.07774,4.24049,-4.92625,-5.1307,1.61281,1.6372,-3.40176,-3.51695,0,1665.57,0,1806.17,0,1718.54,0,1771.96,2.83036,49.9198,-3.55569,49.8734,0.424236,49.9982,-2.00322,49.9599,-128.401,-61.0497,93.7605,62.7877,-29.6409,-26.9021,54.5382,41.6301,10,6.95271e-310,-610.497,6.68183e-310,627.877,1.4822e-323,-269.021,5.23261e-310,416.301,2.83036,-560.577,-3.55569,677.751,0.424236,-219.023,-2.00322,466.261,70.9173,73.7477,-85.6739,-89.2295,28.0489,28.4731,-59.1611,-61.1643,
0.0672435,6.21855,0.00701077,6.25182,0,200,0,4.38329,4.57647,-4.90114,-5.08682,1.01085,1.03101,-3.18801,-3.27816,0,1653.91,0,1798.97,0,1720.16,0,1762.37,3.35964,49.887,-3.22929,49.8956,0.350536,49.9988,-1.56786,49.9754,-135.696,-65.3697,92.4902,62.3206,-16.456,-18.7602,49.8134,38.5789,10,6.95271e-310,-653.697,6.68183e-310,623.206,1.4822e-323,-187.602,5.23261e-310,385.789,3.35964,-603.81,-3.22929,673.102,0.350536,-137.603,-1.56786,435.764,76.2311,79.5907,-85.2372,-88.4665,17.58,17.9305,-55.4437,-57.0116,
0.068394,6.21918,0.0067591,6.25293,0,200,0,4.4102,4.60668,-4.89935,-5.08325,0.944034,0.963466,-3.15748,-3.24446,0,1652.64,0,1798.28,0,1720.44,0,1761.16,3.41703,49.8831,-3.19819,49.8976,0.337953,49.9989,-1.51276,49.9771,-136.575,-65.7542,92.4111,62.2843,-14.7994,-17.8548,49.103,38.1458,10,6.95271e-310,-657.542,6.68183e-310,622.843,1.4822e-323,-178.548,5.23261e-310,381.458,3.41703,-607.659,-3.19819,672.74,0.337953,-128.549,-1.51276,431.435,76.6991,80.1161,-85.2061,-88.4043,16.418,16.7559,-54.9127,-56.4255,
0.0719293,6.22288,0.00580037,6.25677,0,200,0,4.49739,4.70401,-4.81825,-4.99152,0.650215,0.666891,-3.02927,-3.1052,0,1648.75,0,1794.21,0,1721.5,0,1756.93,3.59337,49.8707,-3.0134,49.9091,0.290017,49.9992,-1.32051,49.9826,-137.811,-66.9965,90.4664,61.1184,-8.9467,-13.8761,46.5765,36.3428,10,6.95271e-310,-669.965,6.68183e-310,611.184,1.4822e-323,-138.761,5.23261e-310,363.428,3.59337,-620.095,-3.0134,661.093,0.290017,-88.7615,-1.32051,413.41,78.2155,81.8089,-83.7957,-86.8091,11.3081,11.5981,-52.683,-54.0035,
0.0751411,6.22634,0.00474575,6.26074,0,200,0,4.56047,4.77629,-4.73535,-4.89868,0.368242,0.381886,-2.89066,-2.95519,0,1645.22,0,1790.4,0,1722.66,0,1752.57,3.75352,49.8589,-2.84053,49.9192,0.237287,49.9994,-1.12223,49.9874,-138.87,-67.9075,88.5792,59.9331,-3.03355,-10.0552,43.7641,34.3972,10,6.95271e-310,-679.075,6.68183e-310,599.331,1.4822e-323,-100.552,5.23261e-310,343.972,3.75352,-629.216,-2.84053,649.25,0.237287,-50.5522,-1.12223,393.96,79.3124,83.066,-82.3539,-85.1945,6.40422,6.6415,-50.2724,-51.3946,
0.0781012,6.23077,0.00345146,6.26484,0,200,0,4.62058,4.8449,-4.60378,-4.75442,0.0335732,0.0434961,-2.73024,-2.78298,0,1641.96,0,1785.54,0,1724.08,0,1748.06,3.90109,49.8476,-2.61975,49.9313,0.172572,49.9997,-0.917327,49.9916,-138.906,-68.7739,85.6207,58.073,3.25556,-5.51935,40.7129,32.1552,10,6.95271e-310,-687.739,6.68183e-310,580.73,1.4822e-323,-55.1935,5.23261e-310,321.552,3.90109,-637.891,-2.61975,630.662,0.172572,-5.1938,-0.917327,371.543,80.358,84.2591,-80.0658,-82.6856,0.583881,0.756454,-47.4824,-48.3997,
0.0805939,6.23531,0.00207327,6.26874,0,200,0,4.66696,4.89842,-4.4548,-4.59239,-0.303081,-0.29712,-2.56611,-2.60763,0,1639.22,0,1780.54,0,1725.6,0,1743.76,4.02533,49.8377,-2.39292,49.9427,0.103663,49.9999,-0.722017,49.9948,-138.327,-69.4462,82.3109,55.9759,9.31458,-0.955158,37.6473,29.867,10,6.95271e-310,-694.462,6.68183e-310,559.759,1.4822e-323,-9.55158,5.23261e-310,298.67,4.02533,-644.624,-2.39292,609.702,0.103663,40.4483,-0.722017,348.665,81.1646,85.1899,-77.4748,-79.8677,-5.27097,-5.1673,-44.628,-45.35,
0.0826192,6.23974,0.000790959,6.27367,0,200,0,4.63807,4.87533,-4.29394,-4.4188,-0.612819,-0.610545,-2.36041,-2.38776,0,1636.99,0,1775.66,0,1727.01,0,1738.34,4.12626,49.8294,-2.17144,49.9528,0.0395479,50,-0.475748,49.9977,-137.111,-69.095,79.0083,53.721,15.8869,3.24441,33.5352,26.9988,10,6.95271e-310,-690.95,6.68183e-310,537.21,1.4822e-323,32.4441,5.23261e-310,269.988,4.12626,-641.121,-2.17144,587.163,0.0395479,82.4441,-0.475748,319.985,80.6621,84.7884,-74.6772,-76.8487,-10.6577,-10.6182,-41.0505,-41.5263,
0.0844169,6.24552,6.2825,6.27831,0,200,0,4.62935,4.87176,-4.07464,-4.1829,-0.993746,-0.99571,-2.14847,-2.16249,0,1635.02,0,1769.31,0,1728.63,0,1733.24,4.21583,49.822,-1.88286,49.9645,-0.0341566,50,-0.243869,49.9994,-134.639,-69.0114,74.2908,50.6522,22.4556,8.40721,29.6172,24.0522,10,6.95271e-310,-690.114,6.68183e-310,506.522,1.4822e-323,84.0721,5.23261e-310,240.522,4.21583,-640.292,-1.88286,556.486,-0.0341566,134.072,-0.243869,290.521,80.5104,84.7262,-70.8632,-72.7461,-17.2825,-17.3167,-37.3647,-37.6085,
0.0859149,6.2512,6.28129,3.59527e-05,0,200,0,4.58321,4.82991,-3.8549,-3.94684,-1.34609,-1.35153,-1.93044,-1.93034,0,1633.37,0,1763.06,0,1729.96,0,1727.84,4.29046,49.8156,-1.59901,49.9744,-0.0946672,49.9999,0.00179763,50,-131.766,-68.4178,69.6457,47.5795,28.7828,13.1796,25.4709,21.0183,10,6.95271e-310,-684.178,6.68183e-310,475.795,1.4822e-323,131.796,5.23261e-310,210.183,4.29046,-634.362,-1.59901,525.769,-0.0946672,181.796,0.00179763,260.183,79.708,83.9984,-67.0417,-68.6407,-23.4102,-23.5049,-33.5729,-33.5711,
0.0869695,6.25664,6.27995,0.00510528,0,200,0,4.50527,4.75499,-3.63128,-3.70759,-1.68712,-1.69642,-1.6981,-1.68342,0,1632.21,0,1757.08,0,1731.44,0,1722.26,4.343,49.811,-1.32709,49.9824,-0.161782,49.9997,0.255263,49.9993,-128.59,-67.3872,65.0017,44.4593,35.186,17.8022,20.9396,17.7886,10,6.95271e-310,-673.872,6.68183e-310,444.593,1.4822e-323,178.022,5.23261e-310,177.886,4.343,-624.061,-1.32709,494.576,-0.161782,228.021,0.255263,227.885,78.3526,82.6956,-63.1527,-64.4798,-29.3412,-29.503,-29.5321,-29.2769,
0.0878084,6.2637,6.2787,0.0102944,0,200,0,4.42428,4.67641,-3.34283,-3.39884,-2.09149,-2.10437,-1.45241,-1.42281,0,1631.29,0,1749.31,0,1732.81,0,1716.55,4.38478,49.8074,-0.974251,49.9905,-0.224104,49.9995,0.514713,49.9974,-123.821,-66.3115,58.8369,40.4339,41.5721,23.2765,16.3877,14.3768,10,6.95271e-310,-663.115,6.68183e-310,404.339,1.4822e-323,232.765,5.23261e-310,143.768,4.38478,-613.307,-0.974251,454.33,-0.224104,282.765,0.514713,193.765,76.944,81.3288,-58.1361,-59.1103,-36.3737,-36.5978,-25.2593,-24.7446,
0.0883717,6.2695,6.27743,0.0155435,0,200,0,4.31026,4.56399,-3.0966,-3.13594,-2.43618,-2.45272,-1.20846,-1.16378,0,1630.67,0,1742.93,0,1734.2,0,1710.78,4.41284,49.8049,-0.684279,49.9953,-0.287618,49.9992,0.777146,49.994,-119.755,-64.7852,53.6994,37.0024,47.8075,27.947,11.5734,10.9874,10,6.95271e-310,-647.852,6.68183e-310,370.024,1.4822e-323,279.47,5.23261e-310,109.874,4.41284,-598.047,-0.684279,420.019,-0.287618,329.469,0.777146,159.868,74.961,79.3738,-53.8539,-54.5381,-42.3684,-42.656,-21.0168,-20.2396,
0.0887072,6.27686,6.27647,0.0208526,0,200,0,4.18793,4.44263,-2.79178,-2.80997,-2.82679,-2.84609,-0.960077,-0.90013,0,1630.3,0,1734.84,0,1735.26,0,1704.94,4.42955,49.8034,-0.316371,49.999,-0.335539,49.9989,1.04255,49.9891,-114.073,-63.1428,47.1694,32.751,53.7032,33.2304,6.88899,7.53726,10,6.95271e-310,-631.428,6.68183e-310,327.51,1.4822e-323,332.304,5.23261e-310,75.3726,4.42955,-581.625,-0.316371,377.509,-0.335539,382.303,1.04255,125.362,72.8336,77.2631,-48.5527,-48.869,-49.1616,-49.4972,-16.697,-15.6544,
0.0888031,0.000419448,6.27546,0.0263054,0,200,0,4.03817,4.29314,-2.50493,-2.50373,-3.19001,-3.21223,-0.706568,-0.630949,0,1630.19,0,1727.41,0,1736.38,0,1698.94,4.43432,49.803,0.0209724,50,-0.386488,49.9985,1.31512,49.9827,-108.629,-61.1261,41.0837,28.754,59.615,38.1457,1.90643,4.01543,10,6.95271e-310,-611.261,6.68183e-310,287.54,1.4822e-323,381.457,5.23261e-310,40.1543,4.43432,-561.458,0.0209724,337.54,-0.386488,431.455,1.31512,90.137,70.2291,74.6634,-43.5641,-43.5431,-55.4784,-55.8649,-12.2881,-10.973,
0.0886233,0.00620783,6.27454,0.0316623,0,200,0,3.86257,4.11702,-2.25101,-2.23316,-3.49744,-3.52228,-0.461536,-0.370522,0,1630.39,0,1721.05,0,1737.38,0,1693.05,4.42537,49.8038,0.310389,49.999,-0.432024,49.9981,1.58285,49.9749,-103.608,-58.7559,35.7736,25.2195,65.1337,42.307,-3.0941,0.60985,10,6.95271e-310,-587.559,6.68183e-310,252.195,1.4822e-323,423.07,5.23261e-310,6.0985,4.42537,-537.755,0.310389,302.194,-0.432024,473.069,1.58285,56.0734,67.1751,71.6004,-39.148,-38.8376,-60.8251,-61.2571,-8.02671,-6.44386,
0.0882039,0.0133984,6.27375,0.0378116,0,200,0,3.64519,3.89845,-1.93996,-1.90144,-3.85478,-3.88189,-0.183145,-0.0744622,0,1630.85,0,1713.14,0,1738.25,0,1686.28,4.40448,49.8056,0.669898,49.9955,-0.471552,49.9978,1.89013,49.9643,-97.101,-55.8182,29.1844,20.8881,71.0806,47.1387,-8.74689,-3.26038,10,6.95271e-310,-558.182,6.68183e-310,208.881,1.4822e-323,471.387,5.23261e-310,-32.6038,4.40448,-508.376,0.669898,258.877,-0.471552,521.384,1.89013,17.3605,63.3946,67.7991,-33.7384,-33.0685,-67.0396,-67.5112,-3.18512,-1.29499,
0.087341,0.0200376,6.27307,0.0426039,0,200,0,3.45428,3.70506,-1.64708,-1.58948,-4.1741,-4.20318,0.0476775,0.170127,0,1631.8,0,1705.83,0,1739,0,1681.01,4.3615,49.8094,1.00181,49.99,-0.505716,49.9974,2.12955,49.9546,-90.6212,-53.2287,22.8723,16.8126,75.6267,51.4558,-13.3289,-6.46327,10,6.95271e-310,-532.287,6.68183e-310,168.126,1.4822e-323,514.558,5.23261e-310,-64.6327,4.3615,-482.477,1.00181,218.116,-0.505716,564.556,2.12955,-14.6781,60.0744,64.4359,-28.6449,-27.6431,-72.5931,-73.0988,0.829174,2.95873,
0.0862624,0.0266652,6.27264,0.0479369,0,200,0,3.21631,3.464,-1.35312,-1.27647,-4.46973,-4.50005,0.292124,0.42989,0,1632.99,0,1698.54,0,1739.48,0,1675.15,4.30778,49.8141,1.3331,49.9822,-0.527292,49.9972,2.39593,49.9426,-83.7819,-50.0009,16.5869,12.723,80.1874,55.4488,-18.3406,-9.86001,10,6.95271e-310,-500.009,6.68183e-310,127.23,1.4822e-323,554.488,5.23261e-310,-98.6001,4.30778,-450.195,1.3331,177.212,-0.527292,604.485,2.39593,-48.6575,55.9358,60.2435,-23.5326,-22.1995,-77.7345,-78.2618,5.08042,7.47635,
0.0846086,0.0334,6.27227,0.0532339,0,200,0,2.94255,3.18551,-1.04436,-0.948354,-4.75301,-4.7844,0.54175,0.694725,0,1634.81,0,1691.14,0,1739.89,0,1669.32,4.22539,49.8211,1.66969,49.9721,-0.545864,49.997,2.66044,49.9292,-76.1815,-46.2799,9.96946,8.43195,84.4243,59.2742,-23.4931,-13.3257,10,6.95271e-310,-462.799,6.68183e-310,84.3195,1.4822e-323,592.742,5.23261e-310,-133.257,4.22539,-412.978,1.66969,134.292,-0.545864,642.739,2.66044,-83.3277,51.1748,55.4002,-18.1628,-16.4931,-82.6611,-83.207,9.42174,12.0822,
0.0824395,0.040279,6.27214,0.0583991,0,200,0,2.63571,2.87246,-0.723835,-0.608064,-5.01423,-5.04599,0.787492,0.955294,0,1637.19,0,1683.57,0,1740.03,0,1663.64,4.11731,49.8302,2.0134,49.9594,-0.552444,49.9969,2.9183,49.9148,-67.8145,-42.1033,3.06793,3.9799,88.0801,62.7974,-28.5821,-16.7363,10,6.95271e-310,-421.033,6.68183e-310,39.799,1.4822e-323,627.974,5.23261e-310,-167.363,4.11731,-371.203,2.0134,89.7584,-0.552444,677.971,2.9183,-117.449,45.8385,49.9558,-12.5884,-10.575,-87.2039,-87.7564,13.6955,16.6138,
0.0804261,0.0473257,6.2722,0.0633726,0,200,0,2.33875,2.56972,-0.407294,-0.271284,-5.27589,-5.30748,1.01659,1.19866,0,1639.41,0,1675.82,0,1739.96,0,1658.17,4.01697,49.8384,2.3654,49.944,-0.549463,49.997,3.16651,49.8996,-59.5096,-38.0626,-3.85416,-0.421374,91.3877,66.323,-33.3502,-19.9188,10,6.95271e-310,-380.626,6.68183e-310,-4.21374,1.4822e-323,663.23,5.23261e-310,-199.188,4.01697,-330.788,2.3654,45.7303,-0.549463,713.227,3.16651,-149.289,40.6738,44.6908,-7.08338,-4.71798,-91.7546,-92.3041,17.6798,20.8463,
0.0779094,0.0542047,6.27245,0.0682741,0,200,0,2.00403,2.22779,-0.0898571,0.0659049,-5.50402,-5.53489,1.24353,1.43966,0,1642.18,0,1668.25,0,1739.69,0,1652.77,3.89153,49.8483,2.70891,49.9266,-0.536876,49.9971,3.41106,49.8835,-50.7111,-33.5036,-10.7984,-4.83124,94.2125,69.3929,-38.1446,-23.0707,10,6.95271e-310,-335.036,6.68183e-310,-48.3124,1.4822e-323,693.929,5.23261e-310,-230.707,3.89153,-285.188,2.70891,1.61417,-0.536876,743.926,3.41106,-180.824,34.8527,38.7442,-1.56273,1.14617,-95.7221,-96.2589,21.6266,25.0376,
0.075189,0.0608199,6.273,0.0728761,0,200,0,1.65636,1.87232,0.215871,0.39062,-5.69433,-5.72362,1.45257,1.6619,0,1645.17,0,1660.97,0,1739.08,0,1647.71,3.75591,49.8587,3.03912,49.9076,-0.509316,49.9974,3.64058,49.8673,-41.8364,-28.7661,-17.5175,-9.07798,96.3611,71.9473,-42.6028,-25.9755,10,6.95271e-310,-287.661,6.68183e-310,-90.7798,1.4822e-323,719.473,5.23261e-310,-259.755,3.75591,-237.802,3.03912,-40.8722,-0.509316,769.47,3.64058,-209.888,28.8062,32.5621,3.75428,6.7934,-99.0318,-99.5411,25.262,28.9026,
0.0719892,0.0673513,6.2741,0.0777417,0,200,0,1.24689,1.45368,0.521576,0.715065,-5.82805,-5.85416,1.66201,1.88529,0,1648.69,0,1653.79,0,1737.87,0,1642.36,3.59635,49.8705,3.36502,49.8866,-0.454196,49.9979,3.88317,49.849,-32.2827,-23.1866,-24.1983,-13.3226,97.8923,73.7282,-47.1661,-28.8906,10,6.95271e-310,-231.866,6.68183e-310,-133.226,1.4822e-323,737.282,5.23261e-310,-288.906,3.59635,-181.995,3.36502,-83.3389,-0.454196,787.28,3.88317,-239.057,21.6851,25.2814,9.07089,12.4359,-101.357,-101.812,28.9045,32.7877,
0.0692568,0.073655,6.27565,0.0815886,0,200,0,0.89625,1.0952,0.797743,1.00931,-5.93356,-5.95523,1.81555,2.04986,0,1651.69,0,1646.86,0,1736.17,0,1638.13,3.46007,49.8801,3.67942,49.8644,-0.37688,49.9986,4.07491,49.8337,-23.4333,-18.4087,-30.3385,-17.1644,98.2802,75.1203,-50.4442,-31.0329,10,6.95271e-310,-184.087,6.68183e-310,-171.644,1.4822e-323,751.203,5.23261e-310,-310.329,3.46007,-134.207,3.67942,-121.78,-0.37688,801.201,4.07491,-260.495,15.5869,19.047,13.8738,17.5532,-103.192,-103.569,31.5748,35.6497,
0.0657574,0.0799468,6.27746,0.0860947,0,200,0,0.454027,0.642944,1.08765,1.31725,-5.99853,-6.01499,1.99476,2.24198,0,1655.54,0,1639.93,0,1734.18,0,1633.17,3.2855,49.8919,3.99308,49.8403,-0.286402,49.9992,4.29942,49.8148,-13.5873,-12.3818,-36.7361,-21.191,98.5855,75.9608,-54.4333,-33.5334,10,6.95271e-310,-123.818,6.68183e-310,-211.91,1.4822e-323,759.608,5.23261e-310,-335.334,3.2855,-73.9263,3.99308,-162.069,-0.286402,809.607,4.29942,-285.519,7.89613,11.1816,18.9156,22.9087,-104.322,-104.609,34.6915,38.9909,
0.0628093,0.0861426,6.28015,0.089642,0,200,0,0.0634914,0.243949,1.34639,1.59374,-6.01089,-6.01961,2.1097,2.36708,0,1658.79,0,1633.12,0,1731.21,0,1629.27,3.1384,49.9014,4.30181,49.8146,-0.151601,49.9998,4.4761,49.7992,-4.27365,-7.06202,-42.5014,-24.7954,97.3383,76.0751,-56.9112,-35.1495,10,6.95271e-310,-70.6202,6.68183e-310,-247.954,1.4822e-323,760.751,5.23261e-310,-351.495,3.1384,-20.7188,4.30181,-198.139,-0.151601,810.751,4.4761,-301.696,1.1042,4.2426,23.4155,27.7173,-104.537,-104.689,36.6904,41.1665,
0.0591901,0.0922785,6.28266,0.0934051,0,200,0,-0.381637,-0.211564,1.61897,1.88389,-6.01735,-6.01886,2.24436,2.51251,0,1662.77,0,1626.37,0,1728.46,0,1625.13,2.95778,49.9124,4.60738,49.7873,-0.0263604,50,4.66346,49.782,5.68332,-0.993585,-48.613,-28.5849,96.2229,76.1136,-59.9386,-37.0353,10,6.95271e-310,-9.93585,6.68183e-310,-285.849,1.4822e-323,761.136,5.23261e-310,-370.353,2.95778,39.9766,4.60738,-236.062,-0.0263604,811.136,4.66346,-320.571,-6.63716,-3.67938,28.1559,32.7633,-104.649,-104.676,39.0323,43.6958,
0.056254,0.097995,0.00299606,0.0972999,0,200,0,-0.822258,-0.660614,1.84728,2.12856,-5.94819,-5.93958,2.34647,2.62576,0,1666,0,1620.08,0,1724.58,0,1620.85,2.81121,49.9209,4.89191,49.7601,0.149803,49.9998,4.85732,49.7635,14.8354,5.00118,-53.6715,-31.7697,94.2592,75.1133,-62.2921,-38.4849,10,6.95271e-310,50.0118,6.68183e-310,-317.697,1.4822e-323,751.133,5.23261e-310,-384.849,2.81121,99.9327,4.89191,-267.937,0.149803,801.132,4.85732,-335.085,-14.3001,-11.4889,32.1265,37.0184,-103.447,-103.297,40.8082,45.6655,
0.0526587,0.103484,0.00660331,0.10026,0,200,0,-1.27009,-1.11877,2.07829,2.37528,-5.84744,-5.82846,2.42337,2.71114,0,1669.95,0,1614.04,0,1720.61,0,1617.59,2.63172,49.9307,5.16496,49.7325,0.330163,49.9989,5.00461,49.7489,24.5242,11.1058,-58.8559,-34.9864,91.2724,73.6855,-64.0455,-39.577,10,6.95271e-310,111.058,6.68183e-310,-349.864,1.4822e-323,736.855,5.23261e-310,-395.77,2.63172,160.988,5.16496,-300.132,0.330163,786.854,5.00461,-346.021,-22.0886,-19.4568,36.1442,41.3092,-101.695,-101.364,42.1456,47.1502,
0.0494469,0.108397,0.010494,0.103664,0,200,0,-1.72842,-1.58632,2.27615,2.58719,-5.70942,-5.67925,2.50041,2.79791,0,1673.48,0,1608.64,0,1716.33,0,1613.85,2.47134,49.9389,5.40926,49.7065,0.52469,49.9972,5.1739,49.7316,33.4138,17.3446,-63.255,-37.7453,88.3934,71.7499,-65.9143,-40.6792,10,6.95271e-310,173.446,6.68183e-310,-377.453,1.4822e-323,717.499,5.23261e-310,-406.792,2.47134,223.385,5.40926,-327.747,0.52469,767.497,5.1739,-357.06,-30.0595,-27.5882,39.5853,44.9946,-99.2942,-98.7695,43.4853,48.6592,
0.046319,0.113203,0.0147526,0.106516,0,200,0,-2.16914,-2.03602,2.46121,2.78597,-5.54446,-5.50205,2.54808,2.85373,0,1676.93,0,1603.35,0,1711.65,0,1610.71,2.31512,49.9464,5.64807,49.68,0.737602,49.9946,5.31572,49.7166,42.1825,23.3444,-67.4019,-40.3295,84.7086,69.4444,-67.0955,-41.3752,10,6.95271e-310,233.444,6.68183e-310,-403.295,1.4822e-323,694.444,5.23261e-310,-413.752,2.31512,283.391,5.64807,-353.615,0.737602,744.439,5.31572,-364.035,-37.7241,-35.409,42.8037,48.4517,-96.4254,-95.6878,44.3144,49.6302,
0.0431792,0.117829,0.0193306,0.109128,0,200,0,-2.6124,-2.48829,2.63425,2.97222,-5.35004,-5.29447,2.57932,2.89244,0,1680.38,0,1598.26,0,1706.61,0,1607.83,2.15829,49.9534,5.87782,49.6533,0.966468,49.9907,5.44559,49.7026,50.8915,29.3789,-71.2952,-42.748,80.4671,66.7356,-67.924,-41.8452,10,6.95271e-310,293.789,6.68183e-310,-427.48,1.4822e-323,667.356,5.23261e-310,-418.452,2.15829,343.742,5.87782,-377.827,0.966468,717.347,5.44559,-368.749,-45.433,-43.2747,45.813,51.6908,-93.0441,-92.0777,44.8577,50.3033,
0.040243,0.122023,0.024328,0.111238,0,200,0,-3.03363,-2.91796,2.78054,3.13049,-5.11363,-5.04369,2.58011,2.89926,0,1683.61,0,1593.65,0,1701.12,0,1605.51,2.01161,49.9595,6.08604,49.6282,1.21628,49.9852,5.55042,49.691,59.1385,35.1126,-74.5746,-44.798,75.4329,63.453,-68.0491,-41.8953,10,6.95271e-310,351.126,6.68183e-310,-447.98,1.4822e-323,634.53,5.23261e-310,-418.953,2.01161,401.086,6.08604,-398.352,1.21628,684.515,5.55042,-369.262,-52.7588,-50.7472,48.3573,54.4433,-88.9326,-87.7163,44.8715,50.4219,
0.0376904,0.126901,0.0290857,0.113335,0,200,0,-3.42325,-3.31491,2.94194,3.30581,-4.93993,-4.85632,2.58013,2.90527,0,1686.42,0,1588.28,0,1695.88,0,1603.21,1.88407,49.9645,6.32803,49.5979,1.45408,49.9789,5.65462,49.6792,67.3071,40.4129,-78.3174,-47.0642,70.7976,61.0203,-68.1784,-41.9348,10,6.95271e-310,404.129,6.68183e-310,-470.642,1.4822e-323,610.203,5.23261e-310,-419.348,1.88407,454.093,6.32803,-421.044,1.45408,660.182,5.65462,-369.668,-59.5347,-57.6507,51.1643,57.4923,-85.9118,-84.4577,44.8718,50.5265,
0.0347782,0.130976,0.0352935,0.115444,0,200,0,-3.88177,-3.7818,3.06418,3.43966,-4.61884,-4.51739,2.55151,2.88267,0,1689.62,0,1583.8,0,1689.05,0,1600.89,1.73856,49.9698,6.53008,49.5717,1.76431,49.9689,5.75939,49.6672,75.7836,46.6489,-81.0472,-48.7874,64.3703,56.5734,-67.7096,-41.5884,10,6.95271e-310,466.489,6.68183e-310,-487.874,1.4822e-323,565.734,5.23261e-310,-415.884,1.73856,516.458,6.53008,-438.302,1.76431,615.703,5.75939,-366.217,-67.5091,-65.7705,53.2901,59.8201,-80.3277,-78.5634,44.3741,50.1335,
0.0325971,0.134775,0.0406984,0.116942,0,200,0,-4.24188,-4.14818,3.16877,3.55507,-4.36498,-4.248,2.51004,2.84548,0,1692.02,0,1579.62,0,1683.11,0,1599.24,1.62957,49.9734,6.71835,49.5466,2.03436,49.9586,5.83379,49.6585,82.8917,51.5444,-83.4474,-50.2675,58.647,53.0482,-66.9189,-41.0574,10,6.95271e-310,515.444,6.68183e-310,-502.675,1.4822e-323,530.482,5.23261e-310,-410.574,1.62957,565.417,6.71835,-453.128,2.03436,580.44,5.83379,-360.915,-73.7719,-72.1423,55.109,61.8274,-75.9127,-73.8783,43.6528,49.4866,
0.0302002,0.13819,0.0477811,0.118476,0,200,0,-4.66593,-4.57911,3.24106,3.63709,-3.97478,-3.83746,2.43442,2.77425,0,1694.66,0,1575.87,0,1675.32,0,1597.55,1.50978,49.9772,6.88754,49.5233,2.38815,49.9429,5.90995,49.6495,90.5265,57.3058,-85.0286,-51.3051,50.9377,47.6534,-65.402,-40.0668,10,6.95271e-310,573.058,6.68183e-310,-513.051,1.4822e-323,476.534,5.23261e-310,-400.668,1.50978,623.035,6.88754,-463.527,2.38815,526.477,5.90995,-351.019,-81.1465,-79.6367,56.3662,63.2538,-69.1266,-66.7385,42.3378,48.2477,
0.0283786,0.141522,0.0547799,0.119627,0,200,0,-5.03015,-4.94858,3.29621,3.70173,-3.60784,-3.45043,2.33996,2.68306,0,1696.66,0,1572.2,0,1667.62,0,1596.29,1.41874,49.9799,7.05249,49.5001,2.73763,49.925,5.96707,49.6427,97.3786,62.25,-86.2557,-52.11,43.2294,42.5741,-63.449,-38.815,10,6.95271e-310,622.5,6.68183e-310,-521.1,1.4822e-323,425.741,5.23261e-310,-388.15,1.41874,672.48,7.05249,-471.6,2.73763,475.666,5.96707,-338.508,-87.4809,-86.0622,57.3254,64.3779,-62.7451,-60.0075,40.6949,46.662,
0.0267728,0.144566,0.0620184,0.120489,0,200,0,-5.37309,-5.29612,3.331,3.74518,-3.22302,-3.04484,2.22731,2.57288,0,1698.43,0,1568.85,0,1659.66,0,1595.34,1.33848,49.9821,7.20313,49.4784,3.09893,49.9039,6.0099,49.6375,103.835,66.903,-87.0311,-52.6352,35.0897,37.2495,-61.1077,-37.3128,10,6.95271e-310,669.03,6.68183e-310,-526.352,1.4822e-323,372.495,5.23261e-310,-373.128,1.33848,719.012,7.20313,-476.873,3.09893,422.399,6.0099,-323.491,-93.445,-92.1065,57.9304,65.1336,-56.0526,-52.9537,38.7358,44.7457,
0.0255264,0.14731,0.0694006,0.12134,0,200,0,-5.69439,-5.62101,3.3434,3.76538,-2.8293,-2.62993,2.10634,2.45433,0,1699.8,0,1565.83,0,1651.54,0,1594.4,1.27618,49.9837,7.33889,49.4585,3.46725,49.8796,6.05214,49.6324,109.704,71.2576,-87.2986,-52.8528,26.8756,31.8025,-58.6115,-35.6982,10,6.95271e-310,712.576,6.68183e-310,-528.528,1.4822e-323,318.025,5.23261e-310,-356.982,1.27618,762.56,7.33889,-479.07,3.46725,367.905,6.05214,-307.349,-99.033,-97.7568,58.146,65.4849,-49.2052,-45.7379,36.6319,42.6841,
0.0245916,0.149683,0.0768069,0.121928,0,200,0,-5.98176,-5.91107,3.33354,3.76227,-2.43118,-2.21058,1.97183,2.32151,0,1700.83,0,1563.22,0,1643.39,0,1593.76,1.22946,49.9849,7.45623,49.4409,3.83657,49.8526,6.08128,49.6288,114.948,75.1488,-87.0696,-52.7637,18.5243,26.2961,-55.8272,-33.8962,10,6.95271e-310,751.488,6.68183e-310,-527.637,1.4822e-323,262.961,5.23261e-310,-338.962,1.22946,801.473,7.45623,-478.196,3.83657,312.814,6.08128,-289.334,-104.031,-102.801,57.9746,65.4309,-42.2814,-38.4448,34.2927,40.374,
0.0239804,0.151768,0.0840933,0.122347,0,200,0,-6.23455,-6.16561,3.30626,3.74092,-2.04202,-1.80053,1.83017,2.18104,0,1701.5,0,1560.93,0,1635.37,0,1593.29,1.19891,49.9856,7.55931,49.4253,4.19971,49.8233,6.1021,49.6262,119.572,78.5678,-86.46,-52.4344,10.2789,20.9131,-52.901,-31.9947,10,6.95271e-310,785.678,6.68183e-310,-524.344,1.4822e-323,209.131,5.23261e-310,-319.947,1.19891,835.663,7.55931,-474.919,4.19971,258.955,6.1021,-270.32,-108.427,-107.228,57.5002,65.0595,-35.5133,-31.3136,31.829,37.9311,
0.0234891,0.15353,0.091164,0.122611,0,200,0,-6.46568,-6.39816,3.26625,3.70592,-1.66084,-1.39911,1.68644,2.03806,0,1702.04,0,1558.99,0,1627.6,0,1593,1.17435,49.9862,7.64637,49.4119,4.55189,49.7924,6.11518,49.6246,123.75,81.6925,-85.5885,-51.9276,2.18381,15.6421,-49.9586,-30.0624,10,6.95271e-310,816.925,6.68183e-310,-519.276,1.4822e-323,156.421,5.23261e-310,-300.624,1.17435,866.911,7.64637,-469.864,4.55189,206.214,6.11518,-250.999,-112.447,-111.272,56.8044,64.4508,-28.8842,-24.3323,29.3294,35.4446,
0.0233453,0.155004,0.0982347,0.122706,0,200,0,-6.66283,-6.59572,3.20671,3.65056,-1.28102,-0.999045,1.53259,1.88448,0,1702.2,0,1557.37,0,1619.82,0,1592.9,1.16716,49.9864,7.7192,49.4005,4.90384,49.7589,6.11994,49.6241,127.328,84.3524,-84.2816,-51.1521,-5.9337,10.3897,-46.8044,-27.9905,10,6.95271e-310,843.524,6.68183e-310,-511.521,1.4822e-323,103.897,5.23261e-310,-279.905,1.16716,893.511,7.7192,-462.121,4.90384,153.656,6.11994,-230.281,-115.875,-114.708,55.7689,63.4881,-22.2785,-17.3747,26.6537,32.7736,
0.023537,0.156166,0.105329,0.122659,0,200,0,-6.82833,-6.76067,3.12664,3.5738,-0.89948,-0.597218,1.36903,1.72079,0,1701.99,0,1556.09,0,1612.01,0,1592.95,1.17674,49.9862,7.77662,49.3915,5.25674,49.7229,6.11756,49.6243,130.318,86.5794,-82.5186,-50.0943,-14.0903,5.11415,-43.4521,-25.7852,10,6.95271e-310,865.794,6.68183e-310,-500.943,1.4822e-323,51.1415,5.23261e-310,-257.852,1.17674,915.78,7.77662,-451.551,5.25674,100.864,6.11756,-208.228,-118.754,-117.577,54.3763,62.153,-15.6431,-10.3864,23.8093,29.9269,
0.0241602,0.157089,0.112364,0.122443,0,200,0,-6.95133,-6.88187,3.0278,3.47757,-0.527355,-0.204988,1.19552,1.54666,0,1701.3,0,1555.08,0,1604.28,0,1593.19,1.20789,49.9854,7.8222,49.3843,5.60639,49.6847,6.10686,49.6257,132.634,88.2252,-80.3387,-48.779,-22.1647,-0.0331126,-39.8867,-23.4424,10,6.95271e-310,882.252,6.68183e-310,-487.79,1.4822e-323,-0.331126,5.23261e-310,-234.424,1.20789,932.237,7.8222,-438.405,5.60639,49.3536,6.10686,-184.799,-120.893,-119.685,52.6573,60.4795,-9.1714,-3.56501,20.7916,26.8984,
0.0254545,0.15787,0.119351,0.122107,0,200,0,-7.01608,-6.9429,2.9084,3.36039,-0.173808,0.168512,1.01031,1.36049,0,1699.88,0,1554.22,0,1596.59,0,1593.56,1.27259,49.9838,7.86075,49.3782,5.95339,49.6443,6.0902,49.6277,134.089,89.073,-77.6873,-47.184,-30.0385,-4.92874,-36.0564,-20.9399,10,6.95271e-310,890.73,6.68183e-310,-471.84,1.4822e-323,-49.2874,5.23261e-310,-209.399,1.27259,940.714,7.86075,-422.462,5.95339,0.356935,6.0902,-159.771,-122.019,-120.746,50.5808,58.4416,-3.02275,2.93064,17.5706,23.6608,
0.0272761,0.1583,0.126398,0.12152,0,200,0,-7.02985,-6.95144,2.76221,3.21542,0.180453,0.542879,0.807897,1.15641,0,1697.87,0,1553.75,0,1588.84,0,1594.2,1.36364,49.9814,7.88197,49.3748,6.30307,49.6011,6.06106,49.6313,134.731,89.2236,-74.4375,-45.2215,-37.9977,-9.83474,-31.8562,-18.2008,10,6.95271e-310,892.236,6.68183e-310,-452.215,1.4822e-323,-98.3474,5.23261e-310,-182.008,1.36364,942.218,7.88197,-402.84,6.30307,-48.7462,6.06106,-132.377,-122.258,-120.895,48.0384,55.9203,3.1383,9.44137,14.0504,20.1114,
0.0301643,0.158599,0.133456,0.120813,0,200,0,-6.95701,-6.8703,2.58642,3.04048,0.510231,0.89278,0.586777,0.93327,0,1694.7,0,1553.42,0,1581.07,0,1594.98,1.50799,49.9773,7.89676,49.3725,6.65303,49.5554,6.02596,49.6355,134.105,88.1863,-70.497,-42.8576,-45.6702,-14.4106,-27.2253,-15.2074,10,6.95271e-310,881.863,6.68183e-310,-428.576,1.4822e-323,-144.106,5.23261e-310,-152.074,1.50799,931.841,7.89676,-379.204,6.65303,-94.5508,6.02596,-102.438,-120.991,-119.483,44.9812,52.8779,8.87358,15.5266,10.2048,16.2308,
0.0331723,0.158683,0.140419,0.119914,0,200,0,-6.86309,-6.76774,2.3994,2.8537,0.835137,1.23752,0.358333,0.70226,0,1691.39,0,1553.32,0,1573.41,0,1595.97,1.65831,49.9725,7.9009,49.3718,6.99791,49.5079,5.98135,49.6409,133.158,86.8627,-66.3607,-40.3385,-53.3438,-18.9187,-22.4902,-12.1116,10,6.95271e-310,868.627,6.68183e-310,-403.385,1.4822e-323,-189.187,5.23261e-310,-121.116,1.65831,918.6,7.9009,-354.013,6.99791,-139.679,5.98135,-71.4747,-119.358,-117.7,41.7286,49.6295,14.5241,21.522,6.23187,12.2132,
0.0362283,0.158539,0.147526,0.118872,0,200,0,-6.76203,-6.65789,2.19765,2.65154,1.17151,1.59411,0.119688,0.460639,0,1688.02,0,1553.48,0,1565.6,0,1597.12,1.81102,49.9672,7.8938,49.3729,7.34956,49.4569,5.92959,49.6472,132.042,85.4419,-61.9722,-37.6166,-61.2967,-23.5835,-17.617,-8.87562,10,6.95271e-310,854.419,6.68183e-310,-376.166,1.4822e-323,-235.835,5.23261e-310,-88.7562,1.81102,904.386,7.8938,-326.793,7.34956,-186.379,5.92959,-39.109,-117.6,-115.789,38.2199,46.1137,20.3741,27.7236,2.08153,8.01112,
0.0404587,0.15812,0.154525,0.117733,0,200,0,-6.56573,-6.44944,1.96053,2.41323,1.4819,1.92439,-0.136955,0.200746,0,1683.37,0,1553.94,0,1557.9,0,1598.37,2.02239,49.9591,7.87309,49.3763,7.69552,49.4042,5.87306,49.6539,129.392,82.715,-56.7853,-34.413,-68.769,-27.8958,-12.345,-5.39528,10,6.95271e-310,827.15,6.68183e-310,-344.13,1.4822e-323,-278.958,5.23261e-310,-53.9528,2.02239,877.109,7.87309,-294.754,7.69552,-229.554,5.87306,-4.29895,-114.187,-112.164,34.0962,41.9693,25.7721,33.4676,-2.38183,3.49123,
0.0446772,0.157581,0.161344,0.116463,0,200,0,-6.36001,-6.2316,1.7195,2.17067,1.78192,2.24377,-0.396172,-0.0620981,0,1678.73,0,1554.54,0,1550.4,0,1599.77,2.23312,49.9501,7.84646,49.3805,8.03223,49.3506,5.80998,49.6613,126.599,79.8615,-51.5987,-31.1545,-76.1431,-32.0647,-7.09877,-1.87779,10,6.95271e-310,798.615,6.68183e-310,-311.545,1.4822e-323,-320.647,5.23261e-310,-18.7779,2.23312,848.565,7.84646,-262.164,8.03223,-271.297,5.80998,30.8834,-110.609,-108.376,29.9044,37.7509,30.9899,39.0221,-6.88995,-1.07997,
0.0491833,0.156646,0.167851,0.11518,0,200,0,-6.12591,-5.98456,1.46103,1.90955,2.07237,2.55268,-0.654503,-0.324091,0,1673.77,0,1555.57,0,1543.24,0,1601.18,2.45817,49.9395,7.8003,49.3878,8.3532,49.2973,5.74629,49.6687,123.099,76.6201,-46.0836,-27.6535,-83.0893,-36.0986,-1.91326,1.628,10,6.95271e-310,766.201,6.68183e-310,-276.535,1.4822e-323,-360.986,5.23261e-310,16.28,2.45817,816.141,7.8003,-227.148,8.3532,-311.689,5.74629,65.9487,-106.538,-104.079,25.4092,33.2095,36.0413,44.3945,-11.3827,-5.63637,
0.0541208,0.15522,0.173999,0.11391,0,200,0,-5.85389,-5.69837,1.17943,1.62389,2.35314,2.85087,-0.912229,-0.585445,0,1668.34,0,1557.13,0,1536.48,0,1602.57,2.70472,49.9268,7.72986,49.3989,8.65612,49.245,5.68319,49.676,118.648,72.8595,-40.1141,-23.8318,-89.4899,-39.995,3.23252,5.12543,10,6.95271e-310,728.595,6.68183e-310,-238.318,1.4822e-323,-399.95,5.23261e-310,51.2543,2.70472,778.522,7.72986,-188.919,8.65612,-350.705,5.68319,100.93,-101.807,-99.102,20.5117,28.2416,40.9242,49.5804,-15.8649,-10.1817,
0.0596095,0.153698,0.179703,0.112676,0,200,0,-5.5346,-5.36333,0.888513,1.32866,2.59934,3.11321,-1.16897,-0.845716,0,1662.31,0,1558.81,0,1530.2,0,1603.93,2.97871,49.9112,7.65466,49.4106,8.93689,49.1948,5.62187,49.6829,113.352,68.4515,-33.9841,-19.8828,-95.1405,-43.4171,8.33562,8.60896,10,6.95271e-310,684.515,6.68183e-310,-198.828,1.4822e-323,-434.171,5.23261e-310,86.0896,2.97871,734.426,7.65466,-149.418,8.93689,-384.976,5.62187,135.773,-96.254,-93.2753,15.4524,23.1071,45.2059,54.1428,-20.33,-14.7081,
0.0655417,0.15208,0.184965,0.111417,0,200,0,-5.17428,-4.98599,0.590751,1.0263,2.81382,3.34256,-1.426,-1.10634,0,1655.78,0,1560.59,0,1524.41,0,1605.32,3.27474,49.8926,7.57471,49.4229,9.19558,49.1471,5.55935,49.69,107.324,63.4821,-27.7595,-15.8398,-100.124,-46.4034,13.4138,12.0967,10,6.95271e-310,634.821,6.68183e-310,-158.398,1.4822e-323,-464.034,5.23261e-310,120.967,3.27474,684.714,7.57471,-108.975,9.19558,-414.886,5.55935,170.657,-89.9876,-86.7128,10.2739,17.8486,48.9359,58.1315,-24.8,-19.2406,
0.0718574,0.150019,0.189842,0.110243,0,200,0,-4.78621,-4.5798,0.273168,0.702855,3.01976,3.56228,-1.67981,-1.36351,0,1648.83,0,1562.86,0,1519.05,0,1606.61,3.58978,49.871,7.47282,49.4384,9.43519,49.1017,5.50099,49.6965,100.41,58.1317,-21.1823,-11.5214,-104.498,-49.2674,18.3897,15.5397,10,6.95271e-310,581.317,6.68183e-310,-115.214,1.4822e-323,-492.674,5.23261e-310,155.397,3.58978,631.188,7.47282,-65.7755,9.43519,-443.573,5.50099,205.093,-83.2384,-79.6487,4.75075,12.2236,52.5176,61.9528,-29.2142,-23.7132,
0.0777297,0.148245,0.194468,0.109056,0,200,0,-4.42639,-4.20314,-0.0214655,0.403179,3.20636,3.76194,-1.92465,-1.61174,0,1642.37,0,1564.81,0,1513.96,0,1607.91,3.88257,49.849,7.38512,49.4516,9.66223,49.0575,5.44202,49.703,94.0856,53.1706,-15.1975,-7.51758,-108.728,-51.8661,23.0934,18.8619,10,6.95271e-310,531.706,6.68183e-310,-75.1758,1.4822e-323,-518.661,5.23261e-310,188.619,3.88257,581.556,7.38512,-25.7242,9.66223,-469.603,5.44202,238.322,-76.9807,-73.0981,-0.373313,7.01181,55.7628,65.4251,-33.4722,-28.0302,
0.0852198,0.146064,0.198627,0.107978,0,200,0,-3.95266,-3.70795,-0.359015,0.0594267,3.35374,3.92105,-2.18398,-1.87414,0,1634.13,0,1567.21,0,1509.39,0,1609.1,4.25584,49.8185,7.27725,49.4676,9.86615,49.0169,5.38841,49.7088,85.474,46.644,-8.32793,-2.92779,-111.742,-53.9275,28.0985,22.3773,10,6.95271e-310,466.44,6.68183e-310,-29.2779,1.4822e-323,-539.275,5.23261e-310,223.773,4.25584,516.259,7.27725,20.1896,9.86615,-490.258,5.38841,273.482,-68.7419,-64.4861,-6.24374,1.03351,58.326,68.1921,-37.9822,-32.5938,
0.0922186,0.144242,0.202605,0.107007,0,200,0,-3.51902,-3.25427,-0.670557,-0.257297,3.48563,4.06414,-2.43076,-2.1237,0,1626.44,0,1569.21,0,1505.01,0,1610.17,4.6044,49.7875,7.18712,49.4808,10.0611,48.9773,5.34015,49.714,77.5843,40.6673,-2.11161,1.30486,-114.619,-55.7766,32.7534,25.7217,10,6.95271e-310,406.673,6.68183e-310,13.0486,1.4822e-323,-557.766,5.23261e-310,257.217,4.6044,456.461,7.18712,62.5293,10.0611,-508.789,5.34015,306.931,-61.2003,-56.5959,-11.6619,-4.47474,60.6196,70.6807,-42.2741,-36.934,
0.0992773,0.141869,0.206237,0.106252,0,200,0,-3.09209,-2.80714,-0.9997,-0.593193,3.62677,4.2155,-2.66539,-2.36049,0,1618.67,0,1571.82,0,1501.02,0,1611,4.95572,49.7538,7.06969,49.4977,10.2389,48.9404,5.30262,49.718,69.1115,34.7803,4.3737,5.78495,-116.984,-57.7441,37.1183,28.8983,10,6.95271e-310,347.803,6.68183e-310,57.8495,1.4822e-323,-577.441,5.23261e-310,288.983,4.95572,397.557,7.06969,107.347,10.2389,-528.501,5.30262,338.701,-53.7756,-48.8198,-17.3861,-10.3164,63.0742,73.3131,-46.3547,-41.0521,
0.1066,0.13952,0.209568,0.105749,0,200,0,-2.6589,-2.35301,-1.3291,-0.929279,3.74889,4.347,-2.89114,-2.58768,0,1610.62,0,1574.4,0,1497.35,0,1611.55,5.3199,49.7162,6.95341,49.5141,10.4019,48.906,5.27759,49.7207,60.2449,28.8043,10.7879,10.2681,-118.713,-59.4499,41.2577,31.9504,10,6.95271e-310,288.043,6.68183e-310,102.681,1.4822e-323,-594.499,5.23261e-310,319.504,5.3199,337.759,6.95341,152.195,10.4019,-545.593,5.27759,369.224,-46.2418,-40.9219,-23.1148,-16.1614,65.1982,75.6,-50.2806,-45.0031,
0.114174,0.1371,0.21248,0.105281,0,200,0,-2.20875,-1.88121,-1.6597,-1.26677,3.84857,4.45486,-3.1141,-2.81198,0,1602.28,0,1577.07,0,1494.15,0,1612.07,5.69629,49.6745,6.83352,49.5308,10.5443,48.8755,5.25435,49.7232,50.8707,22.5953,17.148,14.7688,-119.836,-60.8455,45.3012,34.9643,10,6.95271e-310,225.953,6.68183e-310,147.688,1.4822e-323,-608.455,5.23261e-310,349.643,5.69629,275.628,6.83352,197.219,10.5443,-559.579,5.25435,399.367,-38.413,-32.7167,-28.8643,-22.0308,66.9316,77.4759,-54.1583,-48.904,
0.12182,0.134954,0.215081,0.10497,0,200,0,-1.76038,-1.41101,-1.97545,-1.58864,3.92031,4.53391,-3.32861,-3.02737,0,1593.87,0,1579.43,0,1491.29,0,1612.41,6.07593,49.6295,6.72725,49.5454,10.6713,48.848,5.23886,49.7248,41.4854,16.4095,23.1406,19.0643,-120.42,-61.8588,49.1311,37.8613,10,6.95271e-310,164.095,6.68183e-310,190.643,1.4822e-323,-618.588,5.23261e-310,378.613,6.07593,213.724,6.72725,240.189,10.6713,-569.74,5.23886,428.338,-30.6153,-24.5394,-34.3557,-27.6285,68.1792,78.8506,-57.8888,-52.65,
0.129549,0.133145,0.217346,0.104778,0,200,0,-1.3104,-0.938987,-2.27312,-1.89146,3.95966,4.57963,-3.5357,-3.23502,0,1585.37,0,1581.42,0,1488.8,0,1612.62,6.45937,49.581,6.63758,49.5575,10.7819,48.8237,5.22932,49.7258,32.1072,10.2008,28.7166,23.11,-120.445,-62.4298,52.7759,40.6562,10,6.95271e-310,102.008,6.68183e-310,231.1,1.4822e-323,-624.298,5.23261e-310,406.562,6.45937,151.589,6.63758,280.657,10.7819,-575.474,5.22932,456.288,-22.7896,-16.3302,-39.5326,-32.895,68.8637,79.6457,-61.4905,-56.2612,
0.137279,0.131671,0.219323,0.10473,0,200,0,-0.866331,-0.472891,-2.5514,-2.17394,3.97128,4.59679,-3.73373,-3.43318,0,1576.87,0,1583.04,0,1486.62,0,1612.67,6.84243,49.5296,6.56453,49.5672,10.8785,48.8022,5.22694,49.726,22.8537,4.07223,33.8588,26.888,-119.985,-62.6216,56.2067,43.3262,10,6.95271e-310,40.7223,6.68183e-310,268.88,1.4822e-323,-626.216,5.23261e-310,433.262,6.84243,90.2519,6.56453,318.447,10.8785,-577.413,5.22694,482.988,-15.0666,-8.22419,-44.3722,-37.8077,69.0657,79.9442,-64.9344,-59.7075,
0.145153,0.129969,0.221025,0.104886,0,200,0,-0.426445,-0.0105946,-2.83684,-2.46423,3.98035,4.61064,-3.9233,-3.62231,0,1568.21,0,1584.91,0,1484.75,0,1612.5,7.23219,49.4742,6.48017,49.5783,10.9615,48.7837,5.23469,49.7252,13.1756,-2.00215,39.0654,30.7667,-119.036,-62.7741,59.4334,45.8783,10,6.95271e-310,-20.0215,6.68183e-310,307.667,1.4822e-323,-627.741,5.23261e-310,458.783,7.23219,29.4527,6.48017,357.245,10.9615,-578.958,5.23469,508.508,-7.41644,-0.184255,-49.3363,-42.8561,69.2235,80.185,-68.2313,-62.9966,
0.15311,0.128519,0.222307,0.105293,0,200,0,0.00944013,0.447915,-3.10444,-2.73597,3.95898,4.59287,-4.09773,-3.79557,0,1559.45,0,1586.51,0,1483.34,0,1612.05,7.62565,49.4151,6.40827,49.5876,11.024,48.7696,5.25495,49.7231,3.43428,-8.02368,43.8907,34.4005,-117.35,-62.509,62.3558,48.2217,10,6.95271e-310,-80.2368,6.68183e-310,344.005,1.4822e-323,-625.09,5.23261e-310,482.217,7.62565,-30.8217,6.40827,393.593,11.024,-576.32,5.25495,531.94,0.164176,7.78982,-53.9903,-47.582,68.8519,79.8759,-71.2648,-66.0099,
0.161236,0.127296,0.223338,0.105988,0,200,0,0.440811,0.902358,-3.36067,-2.99568,3.91556,4.55233,-4.26092,-3.95677,0,1550.52,0,1587.85,0,1482.2,0,1611.29,8.0269,49.3515,6.34765,49.5954,11.0743,48.7582,5.28951,49.7194,-6.41737,-13.9869,48.4466,37.8767,-115.07,-61.942,65.0334,50.4082,10,6.95271e-310,-139.869,6.68183e-310,378.767,1.4822e-323,-619.42,5.23261e-310,504.082,8.0269,-90.518,6.34765,428.362,11.0743,-570.662,5.28951,553.801,7.66628,15.6932,-58.4464,-52.0987,68.0967,79.171,-74.103,-68.8135,
0.169301,0.126026,0.224105,0.107067,0,200,0,0.846906,1.33132,-3.61158,-3.25021,3.8682,4.50712,-4.40368,-4.09645,0,1541.64,0,1589.25,0,1481.36,0,1610.1,8.42468,49.2851,6.28464,49.6035,11.1117,48.7497,5.34313,49.7137,-16.2971,-19.6079,52.848,41.2821,-112.248,-61.3173,67.3101,52.3121,10,6.95271e-310,-196.079,6.68183e-310,412.821,1.4822e-323,-613.173,5.23261e-310,523.121,8.42468,-146.794,6.28464,462.425,11.1117,-564.424,5.34313,572.835,14.7288,23.1535,-62.81,-56.5254,67.273,78.3847,-76.5857,-71.2426,
0.177223,0.125127,0.224668,0.108817,0,200,0,1.21211,1.71896,-3.83829,-3.47949,3.80546,4.44597,-4.51249,-4.20026,0,1532.93,0,1590.24,0,1480.74,0,1608.18,8.81482,49.2169,6.24005,49.6091,11.1391,48.7434,5.43011,49.7043,-25.7479,-24.6745,56.772,44.3545,-108.722,-60.4818,68.962,53.746,10,6.95271e-310,-246.745,6.68183e-310,443.545,1.4822e-323,-604.818,5.23261e-310,537.46,8.81482,-197.528,6.24005,493.155,11.1391,-556.075,5.43011,587.164,21.0801,29.8949,-66.7529,-60.5128,66.182,77.3211,-78.4781,-73.048,
0.184869,0.124456,0.224944,0.110638,0,200,0,1.55815,2.08663,-4.04252,-3.68563,3.72442,4.3657,-4.60813,-4.29069,0,1524.52,0,1590.97,0,1480.44,0,1606.17,9.19087,49.148,6.20676,49.6133,11.1526,48.7403,5.52064,49.6943,-34.8171,-29.4774,60.2475,47.1197,-104.89,-59.3944,70.3756,55.0009,10,6.95271e-310,-294.774,6.68183e-310,471.197,1.4822e-323,-593.944,5.23261e-310,550.009,9.19087,-245.626,6.20676,520.811,11.1526,-545.204,5.52064,599.703,27.0983,36.2892,-70.3047,-64.098,64.7726,75.9251,-80.1414,-74.6207,
0.192335,0.123977,0.225004,0.113011,0,200,0,1.86696,2.41652,-4.22901,-3.87349,3.63445,4.27589,-4.67307,-4.34886,0,1516.31,0,1591.5,0,1480.37,0,1603.56,9.55756,49.078,6.18297,49.6162,11.1555,48.7397,5.63854,49.6811,-43.549,-33.7748,63.375,49.6421,-100.469,-58.1828,71.2461,55.8319,10,6.95271e-310,-337.748,6.68183e-310,496.421,1.4822e-323,-581.828,5.23261e-310,558.319,9.55756,-288.67,6.18297,546.038,11.1555,-533.088,5.63854,608,32.4689,42.0265,-73.548,-67.365,63.2078,74.3633,-81.2709,-75.6323,
0.199453,0.123677,0.224824,0.115768,0,200,0,2.13806,2.70769,-4.3941,-4.03943,3.5356,4.17654,-4.70988,-4.37779,0,1508.48,0,1591.83,0,1480.57,0,1600.53,9.90668,49.0088,6.16811,49.6181,11.1467,48.7417,5.77546,49.6653,-51.7817,-37.5571,66.0986,51.8729,-95.6172,-56.8472,71.6368,56.2765,10,6.95271e-310,-375.571,6.68183e-310,518.729,1.4822e-323,-568.472,5.23261e-310,562.765,9.90668,-326.562,6.16811,568.347,11.1467,-519.731,5.77546,612.43,37.1837,47.0903,-76.4191,-70.251,61.4887,72.6354,-81.9109,-76.1355,
0.206249,0.123569,0.224369,0.118716,0,200,0,2.38363,2.9724,-4.5371,-4.18274,3.42209,4.06175,-4.72626,-4.38575,0,1501,0,1591.95,0,1481.07,0,1597.29,10.2395,48.9403,6.16276,49.6188,11.1245,48.7467,5.92185,49.6481,-59.5718,-40.989,68.4114,53.8023,-90.417,-55.3093,71.6911,56.4422,10,6.95271e-310,-409.89,6.68183e-310,538.023,1.4822e-323,-553.093,5.23261e-310,564.422,10.2395,-360.95,6.16276,587.642,11.1245,-504.346,5.92185,614.07,41.4545,51.6939,-78.9061,-72.7434,59.5147,70.6392,-82.1958,-76.2739,
0.212888,0.123701,0.223398,0.122119,0,200,0,2.60648,3.21392,-4.65375,-4.29901,3.27864,3.91558,-4.70882,-4.3586,0,1493.7,0,1591.8,0,1482.14,0,1593.54,10.5642,48.8712,6.1693,49.6179,11.0772,48.7575,6.0908,49.6276,-67.1338,-44.1116,70.2584,55.372,-84.3327,-53.3585,71.1939,56.1438,10,6.95271e-310,-441.116,6.68183e-310,553.72,1.4822e-323,-533.585,5.23261e-310,561.438,10.5642,-392.245,6.1693,603.338,11.0772,-484.828,6.0908,611.066,45.3301,55.8943,-80.9347,-74.7654,57.0198,68.097,-81.8926,-75.8018,
0.22003,0.124109,0.222188,0.12581,0,200,0,2.84513,3.47262,-4.7639,-4.408,3.10233,3.73587,-4.68648,-4.32573,0,1485.84,0,1591.36,0,1483.47,0,1589.48,10.913,48.7945,6.18951,49.6154,11.0182,48.7709,6.27394,49.6048,-75.1334,-47.4556,71.9307,56.849,-77.5525,-50.9606,70.5969,55.774,10,6.95271e-310,-474.556,6.68183e-310,568.49,1.4822e-323,-509.606,5.23261e-310,557.74,10.913,-425.761,6.18951,618.106,11.0182,-460.835,6.27394,607.345,49.4805,60.3934,-82.8504,-76.6608,53.9535,64.9717,-81.504,-75.2301,
0.225699,0.124888,0.220282,0.130161,0,200,0,2.98699,3.63038,-4.80849,-4.45037,2.90629,3.53449,-4.58592,-4.21276,0,1479.61,0,1590.5,0,1485.57,0,1584.7,11.1894,48.7319,6.22816,49.6106,10.9252,48.7918,6.48967,49.5771,-81.3065,-49.4685,72.5454,57.4356,-70.0285,-48.2844,68.7682,54.3378,10,6.95271e-310,-494.685,6.68183e-310,574.356,1.4822e-323,-482.844,5.23261e-310,543.378,11.1894,-445.953,6.22816,623.966,10.9252,-434.053,6.48967,592.955,51.9477,63.137,-83.6259,-77.3977,50.5442,61.4694,-79.7551,-73.2654,
0.231703,0.126122,0.218257,0.134547,0,200,0,3.14864,3.80884,-4.83818,-4.47654,2.67371,3.29623,-4.48995,-4.10429,0,1473,0,1589.14,0,1487.79,0,1579.87,11.4818,48.6638,6.28939,49.6029,10.8264,48.8138,6.70707,49.5481,-87.5885,-51.7538,72.8461,57.8128,-62.1705,-45.1136,67.0054,52.9629,10,6.95271e-310,-517.538,6.68183e-310,578.128,1.4822e-323,-451.136,5.23261e-310,529.629,11.4818,-468.874,6.28939,627.731,10.8264,-402.322,6.70707,579.177,54.759,66.2408,-84.1422,-77.8528,46.4993,57.3257,-78.0861,-71.379,
0.238079,0.127896,0.216207,0.138634,0,200,0,3.34659,4.02462,-4.85219,-4.48549,2.40115,3.01791,-4.41662,-4.01933,0,1465.99,0,1587.19,0,1490.05,0,1575.38,11.7918,48.5896,6.37736,49.5916,10.7263,48.8359,6.90949,49.5203,-93.9797,-54.5345,72.8119,57.9687,-54.3012,-41.4034,65.6003,51.899,10,6.95271e-310,-545.345,6.68183e-310,579.687,1.4822e-323,-414.034,5.23261e-310,518.99,11.7918,-496.755,6.37736,629.279,10.7263,-365.198,6.90949,568.51,58.2016,69.9934,-84.3859,-78.0086,41.7591,52.4855,-76.8108,-69.9014,
0.243615,0.130065,0.213463,0.14405,0,200,0,3.45311,4.1466,-4.81469,-4.44181,2.09928,2.70833,-4.25004,-3.83733,0,1459.9,0,1584.8,0,1493.07,0,1569.42,12.0606,48.5236,6.48492,49.5777,10.5923,48.8652,7.17764,49.4821,-99.1753,-56.0678,71.9323,57.423,-44.9999,-37.2856,62.6881,49.5536,10,6.95271e-310,-560.678,6.68183e-310,574.23,1.4822e-323,-372.856,5.23261e-310,495.536,12.0606,-512.154,6.48492,623.808,10.5923,-323.991,7.17764,545.018,60.0541,72.1147,-83.7338,-77.2489,36.5091,47.1014,-73.9137,-66.7361,
0.248481,0.132665,0.211042,0.148784,0,200,0,3.5544,4.26145,-4.75169,-4.3714,1.79663,2.39889,-4.10548,-3.6793,0,1454.55,0,1581.94,0,1495.73,0,1564.21,12.2966,48.4644,6.61383,49.5606,10.474,48.8907,7.41179,49.4476,-103.268,-57.5184,70.6119,56.5256,-36.7704,-33.1632,60.1524,47.5178,10,6.95271e-310,-575.184,6.68183e-310,565.256,1.4822e-323,-331.632,5.23261e-310,475.178,12.2966,-526.72,6.61383,614.817,10.474,-282.741,7.41179,524.626,61.8156,74.1122,-82.6381,-76.0243,31.2458,41.7197,-71.3996,-63.9878,
0.254102,0.135625,0.207938,0.154201,0,200,0,3.67585,4.39855,-4.67503,-4.2863,1.42655,2.02007,-3.93549,-3.49391,0,1448.36,0,1578.69,0,1499.14,0,1558.25,12.5688,48.3945,6.7605,49.5408,10.3222,48.9229,7.67953,49.4067,-108.153,-59.2539,68.9729,55.4375,-26.9929,-28.1195,57.1573,45.127,10,6.95271e-310,-592.539,6.68183e-310,554.375,1.4822e-323,-281.195,5.23261e-310,451.27,12.5688,-544.145,6.7605,603.916,10.3222,-232.272,7.67953,500.677,63.9278,76.4966,-81.3049,-74.5444,24.8096,35.1317,-68.4433,-60.7637,
0.259099,0.138921,0.205266,0.15969,0,200,0,3.75647,4.49307,-4.58107,-4.18295,1.07325,1.65926,-3.75769,-3.30053,0,1442.87,0,1575.06,0,1502.08,0,1552.22,12.8105,48.3311,6.92374,49.5183,10.1914,48.9503,7.9506,49.3638,-111.903,-60.4278,67.0231,54.11,-17.8988,-23.3098,54.0391,42.6299,10,6.95271e-310,-604.278,6.68183e-310,541.1,1.4822e-323,-233.098,5.23261e-310,426.299,12.8105,-555.947,6.92374,590.619,10.1914,-184.147,7.9506,475.663,65.3299,78.1404,-79.6707,-72.747,18.6652,28.8566,-65.3512,-57.4006,
0.263701,0.142456,0.201982,0.166017,0,200,0,3.79001,4.53939,-4.45652,-4.04834,0.683465,1.26022,-3.52142,-3.04631,0,1437.8,0,1571.17,0,1505.7,0,1545.26,13.0328,48.2716,7.09876,49.4935,10.0306,48.9835,8.26279,49.3125,-115.138,-60.96,64.5235,52.366,-7.69881,-17.9971,49.9515,39.3295,10,6.95271e-310,-609.6,6.68183e-310,523.66,1.4822e-323,-179.971,5.23261e-310,393.295,13.0328,-561.329,7.09876,573.154,10.0306,-130.988,8.26279,442.608,65.9131,78.9459,-77.5047,-70.406,11.8863,21.9169,-61.2421,-52.9793,
0.268111,0.146375,0.199106,0.17135,0,200,0,3.85675,4.61837,-4.32069,-3.90136,0.288514,0.857169,-3.33462,-2.8444,0,1432.95,0,1566.86,0,1508.86,0,1539.39,13.2455,48.2137,7.29266,49.4653,9.88965,49.0122,8.52566,49.2678,-117.895,-61.9363,61.8187,50.4629,1.29002,-12.6221,46.6602,36.7145,10,6.95271e-310,-619.363,6.68183e-310,504.629,1.4822e-323,-126.221,5.23261e-310,367.145,13.2455,-571.15,7.29266,554.094,9.88965,-77.209,8.52566,416.412,67.074,80.3195,-75.1424,-67.8497,5.01763,14.9073,-57.9935,-49.4678,
0.27203,0.150654,0.195595,0.177486,0,200,0,3.87621,4.64869,-4.14737,-3.71588,-0.150479,0.408277,-3.08859,-2.58099,0,1428.64,0,1562.16,0,1512.72,0,1532.64,13.4344,48.1614,7.50422,49.4337,9.71749,49.0466,8.8278,49.2145,-119.971,-62.2665,58.4471,48.0481,11.353,-6.642,42.3702,33.2866,10,6.95271e-310,-622.665,6.68183e-310,480.481,1.4822e-323,-66.42,5.23261e-310,332.866,13.4344,-574.504,7.50422,529.915,9.71749,-17.3734,8.8278,382.081,67.4123,80.8467,-72.1282,-64.624,-2.61702,7.10047,-53.7146,-44.8868,
0.275721,0.155052,0.192335,0.184437,0,200,0,3.84131,4.624,-3.97316,-3.52917,-0.575217,-0.0256575,-2.80816,-2.28091,0,1424.58,0,1557.32,0,1516.31,0,1525,13.612,48.1115,7.72157,49.4002,9.55756,49.078,9.16967,49.152,-121.483,-61.86,54.9814,45.6192,21.5366,-0.85843,37.4978,29.3807,10,6.95271e-310,-618.6,6.68183e-310,456.192,1.4822e-323,-8.5843,5.23261e-310,293.807,13.612,-570.488,7.72157,505.592,9.55756,40.4937,9.16967,342.959,66.8054,80.4174,-69.0985,-61.3769,-10.0038,-0.446217,-48.8376,-39.6679,
0.278681,0.15987,0.189459,0.190214,0,200,0,3.82439,4.61527,-3.77346,-3.31579,-0.997365,-0.455924,-2.57145,-2.02788,0,1421.33,0,1552.02,0,1519.47,0,1518.64,13.7544,48.071,7.95947,49.3624,9.41636,49.1053,9.45343,49.0982,-121.921,-61.6831,51.1477,42.8392,30.2318,4.88337,33.3348,26.0856,10,6.95271e-310,-616.831,6.68183e-310,428.392,1.4822e-323,48.8337,5.23261e-310,260.856,13.7544,-568.76,7.95947,477.754,9.41636,97.939,9.45343,309.955,66.5112,80.2656,-65.6254,-57.666,-17.3455,-7.92911,-44.7209,-35.2674,
0.281653,0.164951,0.185887,0.196757,0,200,0,3.78617,4.58526,-3.55192,-3.07983,-1.47585,-0.944493,-2.28933,-1.7273,0,1418.06,0,1546.43,0,1523.4,0,1511.44,13.8972,48.0299,8.21019,49.3213,9.24093,49.1386,9.7745,49.0353,-122.372,-61.2191,46.8407,39.7601,40.1877,11.3971,28.3497,22.1651,10,6.95271e-310,-612.191,6.68183e-310,397.601,1.4822e-323,113.971,5.23261e-310,221.651,13.8972,-564.162,8.21019,446.923,9.24093,163.11,9.7745,270.686,65.8464,79.7436,-61.7725,-53.5623,-25.6669,-16.426,-39.8144,-30.04,
0.284517,0.170284,0.18264,0.204115,0,200,0,3.69997,4.50697,-3.32885,-2.84164,-1.94502,-1.42284,-1.97803,-1.39527,0,1414.91,0,1540.56,0,1526.97,0,1503.35,14.0347,47.9899,8.47311,49.2768,9.08129,49.1684,10.135,48.962,-122.295,-60.1066,42.4078,36.6561,50.2228,17.7796,22.8557,17.8369,10,6.95271e-310,-601.066,6.68183e-310,366.561,1.4822e-323,177.796,5.23261e-310,178.369,14.0347,-553.076,8.47311,415.838,9.08129,226.965,10.135,227.331,64.3473,78.382,-57.893,-49.4199,-33.8264,-24.7451,-34.4006,-24.2655,
0.286759,0.175785,0.179404,0.210419,0,200,0,3.63496,4.44814,-3.08613,-2.58335,-2.42268,-1.90966,-1.70047,-1.09997,0,1412.44,0,1534.51,0,1530.53,0,1496.42,14.1422,47.9583,8.74404,49.2295,8.92215,49.1975,10.4435,48.8972,-121.579,-59.2689,37.6962,33.2845,59.2829,24.2765,17.8712,13.9829,10,6.95271e-310,-592.689,6.68183e-310,332.845,1.4822e-323,242.765,5.23261e-310,139.829,14.1422,-544.73,8.74404,382.074,8.92215,291.962,10.4435,188.726,63.2167,77.3589,-53.6719,-44.9279,-42.1336,-33.2115,-29.5735,-19.13,
0.288676,0.181501,0.176252,0.218161,0,200,0,3.48574,4.30421,-2.8364,-2.31744,-2.89653,-2.39243,-1.3569,-0.734652,0,1410.33,0,1528.22,0,1534,0,1487.9,14.2342,47.9311,9.02531,49.1787,8.76704,49.2254,10.8217,48.8149,-120.119,-57.2906,32.7242,29.8145,69.0026,30.7205,11.7601,9.21376,10,6.95271e-310,-572.906,6.68183e-310,298.145,1.4822e-323,307.205,5.23261e-310,92.1376,14.2342,-524.975,9.02531,347.324,8.76704,356.43,10.8217,140.952,60.6216,74.8558,-49.3287,-40.3033,-50.3745,-41.6075,-23.5983,-12.7766,
0.290282,0.187134,0.173208,0.225291,0,200,0,3.34636,4.16925,-2.58784,-2.05297,-3.36317,-2.86768,-1.03715,-0.394904,0,1408.57,0,1522.03,0,1537.35,0,1480.06,14.3111,47.9082,9.30217,49.1271,8.61716,49.2518,11.1695,48.7365,-118.441,-55.4395,27.7707,26.3623,78.0131,37.0653,5.99777,4.77716,10,6.95271e-310,-554.395,6.68183e-310,263.623,1.4822e-323,370.653,5.23261e-310,47.7716,14.3111,-506.486,9.30217,312.75,8.61716,419.905,11.1695,96.508,58.1975,72.5086,-45.0059,-35.7038,-58.4899,-49.8727,-18.0374,-6.86789,
0.291552,0.192778,0.170296,0.232482,0,200,0,3.18442,4.01081,-2.33818,-1.78737,-3.82069,-3.33346,-0.712065,-0.0496841,0,1407.17,0,1515.82,0,1540.55,0,1472.15,14.372,47.8899,9.57932,49.0738,8.4737,49.2767,11.5197,48.6549,-116.343,-53.2786,22.7539,22.8952,86.7215,43.2851,0.106365,0.26804,10,6.95271e-310,-532.786,6.68183e-310,228.952,1.4822e-323,432.851,5.23261e-310,2.6804,14.372,-484.896,9.57932,278.026,8.4737,482.127,11.5197,51.3353,55.3812,69.7532,-40.664,-31.0847,-66.4468,-57.9731,-12.3837,-0.86407,
0.292463,0.198435,0.167587,0.23972,0,200,0,2.99798,3.82688,-2.08828,-1.52152,-4.26345,-3.78389,-0.383052,0.299563,0,1406.17,0,1509.6,0,1543.53,0,1464.18,14.4156,47.8768,9.85675,49.0188,8.3402,49.2995,11.8716,48.5702,-113.773,-50.7813,17.6954,19.4251,95.034,49.3022,-5.88484,-4.29438,10,6.95271e-310,-507.813,6.68183e-310,194.251,1.4822e-323,493.022,5.23261e-310,-42.9438,14.4156,-459.937,9.85675,243.27,8.3402,542.321,11.8716,5.62645,52.1389,66.5544,-36.318,-26.4612,-74.147,-65.8068,-6.66177,5.20978,
0.293158,0.204595,0.165095,0.246839,0,200,0,2.80747,3.63828,-1.81946,-1.23535,-4.71762,-4.24513,-0.0623316,0.640146,0,1405.4,0,1502.82,0,1546.27,0,1456.35,14.4489,47.8668,10.1585,48.9572,8.21729,49.3201,12.217,48.4845,-110.605,-48.2254,12.2945,15.6911,102.927,55.4691,-11.8051,-8.74242,10,6.95271e-310,-482.254,6.68183e-310,156.911,1.4822e-323,554.691,5.23261e-310,-87.4242,14.4489,-434.388,10.1585,205.868,8.21729,604.011,12.217,-38.9397,48.8256,63.2744,-31.6428,-21.4843,-82.0456,-73.8283,-1.08403,11.133,
0.293637,0.20982,0.16289,0.25403,0,200,0,2.58525,3.41737,-1.59551,-0.99669,-5.10678,-4.64054,0.260858,0.983364,0,1404.87,0,1497.07,0,1548.7,0,1448.44,14.4718,47.8599,10.4142,48.9034,8.10851,49.3381,12.5653,48.3954,-107.694,-45.2384,7.60113,12.5788,110.326,60.7547,-17.7295,-13.2245,10,6.95271e-310,-452.384,6.68183e-310,125.788,1.4822e-323,607.547,5.23261e-310,-132.245,14.4718,-404.524,10.4142,174.691,8.10851,656.885,12.5653,-83.8498,44.9608,59.4326,-27.7479,-17.3337,-88.8136,-80.7051,4.53667,17.102,
0.293925,0.2158,0.160936,0.261112,0,200,0,2.36153,3.19445,-1.34272,-0.727102,-5.51632,-5.05563,0.574371,1.31657,0,1404.56,0,1490.5,0,1550.85,0,1440.65,14.4856,47.8557,10.7064,48.8403,8.01212,49.3539,12.9078,48.3052,-104.042,-42.228,2.4087,9.0648,117.309,66.3104,-23.5689,-17.5738,10,6.95271e-310,-422.28,6.68183e-310,90.648,1.4822e-323,663.104,5.23261e-310,-175.738,14.4856,-374.424,10.7064,139.488,8.01212,712.458,12.9078,-127.433,41.07,55.5556,-23.3517,-12.6453,-95.9361,-87.924,9.98907,22.8968,
0.294009,0.222212,0.159294,0.268063,0,200,0,2.13153,2.96468,-1.07568,-0.44207,-5.92553,-5.46949,0.877041,1.63853,0,1404.47,0,1483.44,0,1552.65,0,1433.01,14.4896,47.8545,11.0194,48.7706,7.93108,49.367,13.2432,48.2143,-99.8258,-39.1294,-3.02772,5.35127,123.767,71.8558,-29.2792,-21.7742,10,6.95271e-310,-391.294,6.68183e-310,53.5127,1.4822e-323,718.558,5.23261e-310,-217.742,14.4896,-343.44,11.0194,102.283,7.93108,767.925,13.2432,-169.527,37.07,51.5596,-18.7075,-7.68817,-103.053,-95.1216,15.2529,28.4961,
0.293913,0.227329,0.157976,0.274619,0,200,0,1.88988,2.72276,-0.866814,-0.218859,-6.24953,-5.79724,1.16302,1.94266,0,1404.57,0,1477.81,0,1554.1,0,1425.8,14.485,47.8559,11.2688,48.7136,7.86599,49.3774,13.559,48.1264,-96.1745,-35.8708,-7.45896,2.44513,129.423,76.247,-34.6175,-25.7422,10,6.95271e-310,-358.708,6.68183e-310,24.4513,1.4822e-323,762.47,5.23261e-310,-257.422,14.485,-310.852,11.2688,73.1649,7.86599,811.847,13.559,-209.296,32.8674,47.3524,-15.075,-3.80624,-108.687,-100.821,20.2264,33.7854,
0.29359,0.232842,0.156981,0.280395,0,200,0,1.67144,2.50344,-0.640582,0.022805,-6.56994,-6.12047,1.41185,2.20747,0,1404.93,0,1471.75,0,1555.2,0,1419.44,14.4695,47.8606,11.5372,48.6507,7.81687,49.3852,13.8368,48.0473,-92.0339,-32.9211,-12.0812,-0.701793,134.166,80.5839,-39.3731,-29.1958,10,6.95271e-310,-329.211,6.68183e-310,-7.01793,1.4822e-323,805.839,5.23261e-310,-291.958,14.4695,-281.351,11.5372,41.6328,7.81687,855.224,13.8368,-243.91,29.0685,43.538,-11.1406,0.396608,-114.26,-106.443,24.5539,38.3907,
0.293146,0.238606,0.156298,0.287454,0,200,0,1.38024,2.21102,-0.416295,0.263206,-6.87769,-6.43016,1.70884,2.52393,0,1405.42,0,1465.41,0,1555.95,0,1411.68,14.4483,47.867,11.8174,48.5834,7.78313,49.3905,14.1756,47.9484,-87.3423,-28.9887,-16.8517,-3.82666,139.255,84.7443,-44.9478,-33.32,10,6.95271e-310,-289.887,6.68183e-310,-38.2666,1.4822e-323,847.443,5.23261e-310,-333.2,14.4483,-242.02,11.8174,10.3169,7.78313,896.833,14.1756,-285.252,24.0042,38.4525,-7.23992,4.5775,-119.612,-111.829,29.7189,43.8945,
0.292343,0.244274,0.155867,0.293649,0,200,0,1.10521,1.93377,-0.190884,0.504442,-7.15943,-6.71312,1.97119,2.80335,0,1406.3,0,1459.17,0,1556.42,0,1404.86,14.4098,47.8786,12.0926,48.5157,7.76182,49.3939,14.4724,47.8597,-82.3637,-25.268,-21.5244,-6.96468,143.388,88.5496,-49.9529,-36.9622,10,6.95271e-310,-252.68,6.68183e-310,-69.6468,1.4822e-323,885.496,5.23261e-310,-369.622,14.4098,-204.801,12.0926,-21.1311,7.76182,934.89,14.4724,-321.762,19.221,33.6309,-3.31971,8.77291,-124.512,-116.75,34.2815,48.7539,
0.29136,0.250231,0.155747,0.299654,0,200,0,0.825277,1.65114,0.0437471,0.755676,-7.43137,-6.98541,2.2206,3.06927,0,1407.38,0,1452.62,0,1556.55,0,1398.26,14.3628,47.8927,12.3814,48.4428,7.7559,49.3948,14.7595,47.7719,-76.9512,-21.4781,-26.3231,-10.2317,146.988,92.2171,-54.7704,-40.4263,10,6.95271e-310,-214.781,6.68183e-310,-102.317,1.4822e-323,922.171,5.23261e-310,-404.263,14.3628,-166.889,12.3814,-53.8742,7.7559,971.566,14.7595,-356.491,14.3526,28.7154,0.760819,13.1422,-129.241,-121.485,38.6191,53.3785,
0.29015,0.255899,0.155951,0.305394,0,200,0,0.535486,1.35801,0.264834,0.992541,-7.6631,-7.21655,2.45758,3.322,0,1408.71,0,1446.39,0,1556.33,0,1391.94,14.3048,47.91,12.6558,48.3718,7.76597,49.3932,15.0334,47.6864,-71.404,-17.5515,-30.8478,-13.3108,149.956,95.3366,-59.3476,-43.718,10,6.95271e-310,-175.515,6.68183e-310,-133.108,1.4822e-323,953.366,5.23261e-310,-437.18,14.3048,-127.605,12.6558,-84.7361,7.76597,1002.76,15.0334,-389.493,9.31279,23.6176,4.60581,17.2616,-133.271,-125.505,42.7405,57.7739,
0.288736,0.262191,0.156562,0.310991,0,200,0,0.237823,1.05645,0.508124,1.25332,-7.89322,-7.44494,2.68096,3.56071,0,1410.27,0,1439.47,0,1555.66,0,1385.79,14.237,47.9302,12.9599,48.2912,7.79615,49.3885,15.3001,47.6015,-65.1553,-13.5153,-35.7038,-16.6997,152.338,98.4271,-63.7488,-46.8236,10,6.95271e-310,-135.153,6.68183e-310,-166.997,1.4822e-323,984.271,5.23261e-310,-468.236,14.237,-87.2229,12.9599,-118.706,7.79615,1033.66,15.3001,-420.634,4.13605,18.3731,8.83694,21.7968,-137.273,-129.477,46.6253,61.9254,
0.287142,0.267224,0.157868,0.316228,0,200,0,-0.0781531,0.736083,0.69151,1.45067,-8.00874,-7.55675,2.88613,3.7802,0,1412.02,0,1433.93,0,1554.22,0,1380.03,14.1606,47.9529,13.2028,48.2254,7.86066,49.3782,15.5492,47.5208,-59.2592,-9.22916,-39.4393,-19.259,153.623,99.96,-67.626,-49.6773,10,6.95271e-310,-92.2916,6.68183e-310,-192.59,1.4822e-323,999.6,5.23261e-310,-496.773,14.1606,-44.3387,13.2028,-144.364,7.86066,1048.98,15.5492,-449.253,-1.35918,12.8014,12.0263,25.229,-139.282,-131.422,50.1935,65.7427,
0.28544,0.272689,0.159894,0.321261,0,200,0,-0.40186,0.407682,0.883124,1.65743,-8.09204,-7.6343,3.06952,3.97734,0,1413.89,0,1427.92,0,1551.99,0,1374.49,14.079,47.9769,13.4661,48.1525,7.96065,49.3622,15.7882,47.4419,-52.7606,-4.83693,-43.2149,-21.9363,153.997,101.046,-71.1021,-52.2339,10,6.95271e-310,-48.3693,6.68183e-310,-219.363,1.4822e-323,1010.46,5.23261e-310,-522.339,14.079,-0.392397,13.4661,-171.211,7.96065,1059.82,15.7882,-474.897,-6.98887,7.09013,15.3587,28.8248,-140.731,-132.77,53.383,69.1712,
0.283679,0.27843,0.162446,0.325899,0,200,0,-0.719854,0.0848269,1.08022,1.8704,-8.15048,-7.6855,3.2261,4.14657,0,1415.83,0,1421.6,0,1549.19,0,1369.39,13.9945,48.0016,13.7423,48.0744,8.08663,49.3417,16.008,47.3682,-45.9084,-0.52063,-46.9699,-24.692,153.57,101.787,-74.1085,-54.4222,10,6.95271e-310,-5.2063,6.68183e-310,-246.92,1.4822e-323,1017.87,5.23261e-310,-544.222,13.9945,42.7953,13.7423,-198.846,8.08663,1067.21,16.008,-496.854,-12.5192,1.47525,18.7864,32.5287,-141.748,-133.661,56.1062,72.1142,
0.281869,0.282936,0.165394,0.330273,0,200,0,-1.04726,-0.24757,1.22113,2.02376,-8.11959,-7.64625,3.37212,4.30448,0,1417.82,0,1416.65,0,1545.94,0,1364.58,13.9076,48.0269,13.9588,48.012,8.23206,49.3177,16.2151,47.2977,-39.6319,3.92331,-49.7056,-26.6689,152.487,101.316,-76.7411,-56.4634,10,6.95271e-310,39.2331,6.68183e-310,-266.689,1.4822e-323,1013.16,5.23261e-310,-564.634,13.9076,87.26,13.9588,-218.677,8.23206,1062.48,16.2151,-517.336,-18.2131,-4.30557,21.237,35.1958,-141.21,-132.978,58.6455,74.8606,
0.279987,0.28834,0.168738,0.33436,0,200,0,-1.36769,-0.573199,1.39537,2.21291,-8.104,-7.62118,3.4949,4.43837,0,1419.89,0,1410.7,0,1542.26,0,1360.08,13.8172,48.0529,14.2181,47.9359,8.39691,49.2899,16.4082,47.231,-32.6647,8.27459,-52.9134,-29.1102,150.839,101.045,-79.0708,-58.1865,10,6.95271e-310,82.7459,6.68183e-310,-291.102,1.4822e-323,1010.45,5.23261e-310,-581.865,13.8172,130.799,14.2181,-243.166,8.39691,1059.74,16.4082,-534.634,-23.7859,-9.96868,24.2672,38.4853,-140.939,-132.542,60.7809,77.1891,
0.278106,0.292787,0.172297,0.338171,0,200,0,-1.68835,-0.899059,1.52727,2.35706,-8.02696,-7.53405,3.60753,4.56135,0,1421.96,0,1405.81,0,1538.35,0,1355.89,13.7267,48.0789,14.4311,47.8722,8.5723,49.2597,16.5881,47.1682,-26.2297,12.629,-55.351,-30.9643,148.755,99.9417,-81.0921,-59.768,10,6.95271e-310,126.29,6.68183e-310,-309.643,1.4822e-323,999.417,5.23261e-310,-597.68,13.7267,174.369,14.4311,-261.77,8.5723,1048.68,16.5881,-550.512,-29.3626,-15.6358,26.5613,40.9924,-139.599,-131.027,62.7397,79.3278,
0.276272,0.29649,0.17612,0.341646,0,200,0,-2.00226,-1.21805,1.62473,2.4647,-7.89685,-7.39311,3.70497,4.66821,0,1423.98,0,1401.74,0,1534.14,0,1352.07,13.6386,48.1039,14.6082,47.8184,8.76055,49.2265,16.7519,47.1102,-20.232,16.8917,-57.1327,-32.341,146.182,98.1184,-82.7314,-61.139,10,6.95271e-310,168.917,6.68183e-310,-323.41,1.4822e-323,981.184,5.23261e-310,-611.39,13.6386,217.021,14.6082,-275.592,8.76055,1030.41,16.7519,-564.279,-34.822,-21.1834,28.2561,42.8644,-137.336,-128.576,64.4343,81.1862,
0.274475,0.300684,0.180315,0.344726,0,200,0,-2.30057,-1.52133,1.73806,2.58956,-7.76676,-7.25116,3.77552,4.7471,0,1425.95,0,1397.12,0,1529.53,0,1348.68,13.5521,48.1284,14.8087,47.7567,8.96696,49.1894,16.897,47.0584,-13.912,20.9434,-59.069,-33.9401,143.038,96.2888,-83.9548,-62.1409,10,6.95271e-310,209.434,6.68183e-310,-339.401,1.4822e-323,962.888,5.23261e-310,-621.409,13.5521,257.562,14.8087,-291.644,8.96696,1012.08,16.897,-574.35,-40.0099,-26.4578,30.2272,45.0358,-135.074,-126.107,65.6612,82.5582,
0.272737,0.30386,0.184653,0.347435,0,200,0,-2.58855,-1.81412,1.80763,2.66784,-7.5795,-7.05163,3.83324,4.81214,0,1427.87,0,1393.63,0,1524.76,0,1345.7,13.4684,48.1519,14.9603,47.7094,9.18027,49.15,17.0243,47.0125,-8.24072,24.855,-60.2012,-34.9317,139.504,93.6861,-84.8139,-62.9637,10,6.95271e-310,248.55,6.68183e-310,-349.317,1.4822e-323,936.861,5.23261e-310,-629.637,13.4684,296.702,14.9603,-301.608,9.18027,986.011,17.0243,-582.624,-45.0183,-31.5499,31.437,46.3972,-131.817,-122.637,66.6651,83.6895,
0.271107,0.307264,0.189255,0.349808,0,200,0,-2.85919,-2.08927,1.8822,2.75175,-7.38908,-6.84821,3.86866,4.85398,0,1429.66,0,1389.89,0,1519.7,0,1343.09,13.3899,48.1737,15.1226,47.6582,9.40636,49.1072,17.1359,46.9719,-2.50619,28.5309,-61.3272,-35.9946,135.56,91.0362,-85.3122,-63.4802,10,6.95271e-310,285.309,6.68183e-310,-359.946,1.4822e-323,910.362,5.23261e-310,-634.802,13.3899,333.483,15.1226,-312.287,9.40636,959.469,17.1359,-587.83,-49.725,-36.3351,32.7339,47.8564,-128.506,-119.099,67.2811,84.417,
0.269525,0.310691,0.194061,0.351821,0,200,0,-3.1148,-2.34926,1.95561,2.83455,-7.18892,-6.63449,3.8842,4.87495,0,1431.4,0,1386.12,0,1514.41,0,1340.87,13.3137,48.1949,15.2858,47.6061,9.64224,49.0615,17.2304,46.9373,3.21514,32.0035,-62.3468,-37.0421,131.227,88.2517,-85.4799,-63.7228,10,6.95271e-310,320.035,6.68183e-310,-370.421,1.4822e-323,882.517,5.23261e-310,-637.228,13.3137,368.23,15.2858,-322.815,9.64224,931.578,17.2304,-590.291,-54.1704,-40.8567,34.0107,49.2965,-125.025,-115.383,67.5514,84.7818,
0.268087,0.313304,0.199178,0.353451,0,200,0,-3.35523,-2.59368,1.98942,2.87551,-6.93273,-6.36387,3.8812,4.87634,0,1432.98,0,1383.24,0,1508.78,0,1339.08,13.2444,48.214,15.4102,47.566,9.89317,49.0115,17.3069,46.9092,8.39436,35.2691,-62.6072,-37.542,126.363,84.7063,-85.1861,-63.7091,10,6.95271e-310,352.691,6.68183e-310,-375.42,1.4822e-323,847.063,5.23261e-310,-637.091,13.2444,400.905,15.4102,-327.854,9.89317,896.075,17.3069,-590.182,-58.3518,-45.1074,34.5986,50.0088,-120.569,-110.676,67.4991,84.806,
0.266781,0.315916,0.205086,0.354733,0,200,0,-3.58661,-2.82868,2.00914,2.90236,-6.62805,-6.04255,3.84811,4.84672,0,1434.42,0,1380.37,0,1502.28,0,1337.67,13.1814,48.2312,15.5344,47.5256,10.1826,48.9522,17.367,46.887,13.6974,38.4103,-62.4763,-37.8518,120.53,80.4936,-84.3034,-63.2843,10,6.95271e-310,384.103,6.68183e-310,-378.518,1.4822e-323,804.936,5.23261e-310,-632.843,13.1814,432.335,15.5344,-330.992,10.1826,853.888,17.367,-585.956,-62.3758,-49.1944,34.9415,50.4759,-115.27,-105.088,66.9237,84.2907,
0.265702,0.318517,0.210215,0.355716,0,200,0,-3.77692,-3.02198,2.03941,2.93974,-6.38412,-5.78419,3.80995,4.8112,0,1435.6,0,1377.51,0,1496.64,0,1336.59,13.1293,48.2454,15.6579,47.485,10.4335,48.8993,17.4131,46.8699,18.4005,40.9942,-62.5586,-38.3036,115.435,77.1139,-83.4668,-62.786,10,6.95271e-310,409.942,6.68183e-310,-383.036,1.4822e-323,771.139,5.23261e-310,-627.86,13.1293,458.187,15.6579,-335.551,10.4335,820.038,17.4131,-580.99,-65.6856,-52.5562,35.468,51.1259,-111.028,-100.595,66.2599,83.673,
0.264779,0.320434,0.216807,0.356399,0,200,0,-3.97429,-3.22191,2.0138,2.91936,-6.01478,-5.39633,3.73739,4.74048,0,1436.62,0,1375.4,0,1489.39,0,1335.84,13.0848,48.2575,15.7489,47.4549,10.7556,48.8295,17.4451,46.858,23.0936,43.6704,-61.4995,-37.9907,108.652,72.018,-81.7821,-61.8193,10,6.95271e-310,436.704,6.68183e-310,-379.907,1.4822e-323,720.18,5.23261e-310,-618.193,13.0848,484.962,15.7489,-332.452,10.7556,769.01,17.4451,-571.335,-69.1181,-56.0333,35.0226,50.7715,-104.605,-93.8492,64.9981,82.4432,
0.264036,0.322567,0.222415,0.356866,0,200,0,-4.13199,-3.38168,2.01225,2.92363,-5.7299,-5.09572,3.66579,4.67014,0,1437.44,0,1373.05,0,1483.22,0,1335.32,13.049,48.2672,15.8501,47.4212,11.0293,48.7684,17.467,46.8498,27.2975,45.8089,-60.9133,-38.0057,102.867,68.0784,-80.3095,-60.8619,10,6.95271e-310,458.089,6.68183e-310,-380.057,1.4822e-323,680.784,5.23261e-310,-608.619,13.049,506.356,15.8501,-332.636,11.0293,729.553,17.467,-561.769,-71.8607,-58.8118,34.9956,50.8458,-99.6505,-88.6212,63.7529,81.2199,
0.263473,0.324233,0.228971,0.35707,0,200,0,-4.2859,-3.53715,1.97159,2.88752,-5.36736,-4.71481,3.56728,4.57218,0,1438.06,0,1371.22,0,1476.01,0,1335.1,13.0218,48.2746,15.9291,47.3948,11.3488,48.695,17.4765,46.8462,31.3881,47.8931,-59.5379,-37.4856,95.9726,63.0755,-78.2344,-59.5375,10,6.95271e-310,478.931,6.68183e-310,-374.856,1.4822e-323,630.755,5.23261e-310,-595.375,13.0218,527.206,15.9291,-327.462,11.3488,679.45,17.4765,-548.529,-74.5374,-61.5157,34.2886,50.2177,-93.3454,-81.9966,62.0396,79.5162,
0.263078,0.325647,0.235897,0.35701,0,200,0,-4.42488,-3.67722,1.91104,2.83082,-4.97709,-4.30516,3.44951,4.45425,0,1438.49,0,1369.66,0,1468.39,0,1335.16,13.0027,48.2797,15.9961,47.3722,11.6858,48.6152,17.4737,46.8473,35.2719,49.7731,-57.7612,-36.6932,88.5832,57.6927,-75.8059,-57.9492,10,6.95271e-310,497.731,6.68183e-310,-366.932,1.4822e-323,576.927,5.23261e-310,-579.492,13.0027,546.011,15.9961,-319.56,11.6858,625.543,17.4737,-532.645,-76.9544,-63.9517,33.2355,49.2316,-86.5581,-74.8723,59.9916,77.4653,
0.262898,0.326774,0.243424,0.356639,0,200,0,-4.54766,-3.80051,1.82388,2.74672,-4.54483,-3.85188,3.30589,4.30963,0,1438.69,0,1368.42,0,1460.11,0,1335.57,12.994,48.282,16.0495,47.3541,12.0513,48.5259,17.4563,46.8538,38.9627,51.4312,-55.4465,-35.5373,80.4437,51.7339,-72.896,-56.0073,10,6.95271e-310,514.312,6.68183e-310,-355.373,1.4822e-323,517.339,5.23261e-310,-560.073,12.994,562.594,16.0495,-308.018,12.0513,565.865,17.4563,-513.219,-79.0898,-66.0958,31.7196,47.769,-79.0405,-66.9892,57.4937,74.95,
0.262961,0.327745,0.252172,0.35592,0,200,0,-4.66101,-3.91368,1.7028,2.62829,-4.04017,-3.32284,3.1227,4.1245,0,1438.62,0,1367.36,0,1450.49,0,1336.36,12.9971,48.2812,16.0954,47.3385,12.4754,48.4186,17.4226,46.8663,42.739,52.9579,-52.4135,-33.9216,70.8904,44.7784,-69.2685,-53.5265,10,6.95271e-310,529.579,6.68183e-310,-339.216,1.4822e-323,447.784,5.23261e-310,-535.265,12.9971,577.86,16.0954,-291.878,12.4754,496.203,17.4226,-488.399,-81.0611,-68.064,29.6139,45.7093,-70.2639,-57.7885,54.3079,71.7305,
0.263245,0.328536,0.260381,0.354637,0,200,0,-4.724,-3.97588,1.58236,2.51,-3.57532,-2.83515,2.9198,3.91815,0,1438.31,0,1366.49,0,1441.46,0,1337.78,13.0108,48.2775,16.1329,47.3258,12.8724,48.3146,17.3625,46.8886,45.9113,53.8018,-49.3739,-32.3115,61.6664,38.3695,-65.4334,-50.7707,10,6.95271e-310,538.018,6.68183e-310,-323.115,1.4822e-323,383.695,5.23261e-310,-507.707,13.0108,586.296,16.1329,-275.789,12.8724,432.01,17.3625,-460.819,-82.1565,-69.1457,27.5193,43.6521,-62.1794,-49.307,50.7792,68.1417,
0.263833,0.329135,0.267895,0.352947,0,200,0,-4.7365,-3.98675,1.46286,2.39213,-3.15895,-2.39793,2.70498,3.69877,0,1437.66,0,1365.83,0,1433.19,0,1339.63,13.0391,48.2699,16.1612,47.3161,13.2351,48.2165,17.2833,46.9179,48.3444,53.9601,-46.3678,-30.7109,53.0528,32.6269,-61.5016,-47.8475,10,6.95271e-310,539.601,6.68183e-310,-307.109,1.4822e-323,326.269,5.23261e-310,-478.475,13.0391,587.871,16.1612,-259.793,13.2351,374.486,17.2833,-431.557,-82.3739,-69.3348,25.4411,41.6023,-54.9383,-41.7032,47.0431,64.3264,
0.265043,0.329566,0.276919,0.35085,0,200,0,-4.71765,-3.96454,1.29524,2.22568,-2.6638,-1.87779,2.43453,3.42266,0,1436.33,0,1365.35,0,1423.26,0,1341.94,13.0975,48.2541,16.1816,47.3091,13.6697,48.0951,17.1848,46.954,50.5555,53.685,-42.3893,-28.4588,42.8236,25.7968,-56.5971,-44.1678,10,6.95271e-310,536.85,6.68183e-310,-284.588,1.4822e-323,257.968,5.23261e-310,-441.678,13.0975,585.104,16.1816,-237.279,13.6697,306.063,17.1848,-394.724,-82.046,-68.9485,22.5259,38.7075,-46.3269,-32.6572,42.3397,59.5245,
0.266445,0.329818,0.28399,0.348393,0,200,0,-4.63509,-3.87809,1.1564,2.08753,-2.2905,-1.48496,2.17709,3.15858,0,1434.79,0,1365.08,0,1415.49,0,1344.64,13.1652,48.2356,16.1935,47.3051,14.0094,47.9973,17.0694,46.9961,51.6768,52.5478,-39.0219,-26.5917,34.5332,20.6436,-52.0859,-40.6574,10,6.95271e-310,525.478,6.68183e-310,-265.917,1.4822e-323,206.436,5.23261e-310,-406.574,13.1652,573.714,16.1935,-218.612,14.0094,254.433,17.0694,-359.578,-80.6102,-67.445,20.1113,36.3048,-39.8348,-25.8254,37.8624,54.9318,
0.268507,0.329926,0.292559,0.345673,0,200,0,-4.5252,-3.76249,0.967751,1.89917,-1.84265,-1.0135,1.86853,2.84266,0,1432.52,0,1364.96,0,1406.06,0,1347.64,13.2646,48.2084,16.1986,47.3033,14.4202,47.8755,16.9415,47.0424,52.5527,51.031,-34.7058,-24.0509,24.7298,14.4604,-46.7127,-36.4536,10,6.95271e-310,510.31,6.68183e-310,-240.509,1.4822e-323,144.604,5.23261e-310,-364.536,13.2646,558.518,16.1986,-193.206,14.4202,192.48,16.9415,-317.493,-78.6992,-65.4346,16.8305,33.0291,-32.0462,-17.626,32.4961,49.4376,
0.271155,0.329854,0.300265,0.342761,0,200,0,-4.35507,-3.58502,0.777432,1.70866,-1.45583,-0.605484,1.55365,2.51991,0,1429.61,0,1365.04,0,1397.58,0,1350.84,13.3922,48.1731,16.1952,47.3045,14.7887,47.7629,16.8044,47.0915,52.3512,48.692,-30.433,-21.4845,15.9446,9.11518,-41.3105,-32.1614,10,6.95271e-310,486.92,6.68183e-310,-214.845,1.4822e-323,91.1518,5.23261e-310,-321.614,13.3922,535.093,16.1952,-167.541,14.7887,138.915,16.8044,-274.522,-75.7404,-62.3481,13.5206,29.7158,-25.3188,-10.5302,27.02,43.8245,
0.273612,0.329578,0.307168,0.339285,0,200,0,-4.15573,-3.37887,0.600241,1.53072,-1.11236,-0.243077,1.23045,2.18728,0,1426.9,0,1365.34,0,1389.99,0,1354.66,13.5105,48.1401,16.1822,47.3089,15.118,47.6597,16.6407,47.1496,51.862,45.9627,-26.4066,-19.0917,7.60948,4.36851,-35.9217,-27.7475,10,6.95271e-310,459.627,6.68183e-310,-190.917,1.4822e-323,43.6851,5.23261e-310,-277.475,13.5105,507.767,16.1822,-143.608,15.118,91.3448,16.6407,-230.325,-72.2735,-58.763,10.439,26.6212,-19.3454,-4.22742,21.3991,38.0397,
0.276704,0.329159,0.314742,0.336397,0,200,0,-3.95784,-3.17243,0.383142,1.31248,-0.738518,0.151498,0.907659,1.85666,0,1423.5,0,1365.8,0,1381.66,0,1357.84,13.6593,48.0981,16.1624,47.3157,15.4785,47.5438,16.5044,47.1975,50.9153,43.242,-21.8403,-16.1586,-0.909679,-0.798381,-30.5209,-23.3489,10,6.95271e-310,432.42,6.68183e-310,-161.586,1.4822e-323,-7.98381,5.23261e-310,-233.489,13.6593,480.518,16.1624,-114.27,15.4785,39.56,16.5044,-186.291,-68.8319,-55.1726,6.66334,22.8257,-12.8438,2.63475,15.7854,32.2898,
0.280047,0.328571,0.322987,0.333042,0,200,0,-3.73347,-2.93882,0.139249,1.06699,-0.334926,0.5776,0.545197,1.48509,0,1419.82,0,1366.45,0,1372.59,0,1361.53,13.8201,48.0521,16.1346,47.3252,15.87,47.4146,16.346,47.2526,49.789,40.1602,-16.7996,-12.8615,-10.3328,-6.37687,-24.593,-18.4076,10,6.95271e-310,401.602,6.68183e-310,-128.615,1.4822e-323,-63.7687,5.23261e-310,-184.076,13.8201,449.654,16.1346,-81.2897,15.87,-16.3541,16.346,-136.824,-64.9299,-51.1099,2.42171,18.5563,-5.82481,10.0452,9.48169,25.8276,
0.283966,0.327769,0.330525,0.329291,0,200,0,-3.4443,-2.63883,-0.109333,0.816219,0.0203641,0.953415,0.163922,1.09362,0,1415.51,0,1367.33,0,1364.3,0,1365.66,14.0083,47.9976,16.0966,47.3382,16.227,47.2936,16.1686,47.3136,47.6057,36.1952,-11.7325,-9.49761,-19.0256,-11.2918,-18.4381,-13.2061,10,6.95271e-310,361.952,6.68183e-310,-94.9761,1.4822e-323,-112.918,5.23261e-310,-132.061,14.0083,409.95,16.0966,-47.638,16.227,-65.6243,16.1686,-84.7472,-59.9009,-45.8926,-1.90144,14.1951,0.354159,16.5811,2.85083,19.0194,
0.287693,0.326786,0.337176,0.326247,0,200,0,-3.18753,-2.37178,-0.351172,0.571705,0.338356,1.28947,-0.166665,0.754743,0,1411.41,0,1368.41,0,1356.98,0,1369,14.1871,47.945,16.05,47.3539,16.5412,47.1846,16.0245,47.3626,45.2496,32.6704,-7.03451,-6.2216,-26.4942,-15.6886,-13.1229,-8.6994,10,6.95271e-310,326.704,6.68183e-310,-62.216,1.4822e-323,-156.886,5.23261e-310,-86.994,14.1871,374.649,16.05,-14.862,16.5412,-109.702,16.0245,-39.6314,-55.4353,-41.2483,-6.10734,9.94269,5.88446,22.4256,-2.89852,13.126,
0.291181,0.325659,0.345445,0.322208,0,200,0,-2.92381,-2.09844,-0.629269,0.29054,0.736103,1.70962,-0.569216,0.341186,0,1407.58,0,1369.65,0,1347.89,0,1373.45,14.3542,47.8953,15.9967,47.372,16.9308,47.0462,15.8331,47.4269,43.5204,29.0561,-1.62901,-2.45446,-36.3656,-21.1867,-6.91686,-3.20597,10,6.95271e-310,290.561,6.68183e-310,-24.5446,1.4822e-323,-211.867,5.23261e-310,-32.0597,14.3542,338.456,15.9967,22.8274,16.9308,-164.821,15.8331,15.3673,-50.8488,-36.4946,-10.9438,5.05287,12.8018,29.7326,-9.89941,5.93367,
0.295579,0.324437,0.352947,0.31896,0,200,0,-2.63269,-1.79522,-0.919689,-0.00320998,1.08324,2.07702,-0.943143,-0.0416024,0,1402.74,0,1371,0,1339.63,0,1377.02,14.5647,47.8317,15.9388,47.3915,17.2833,46.9179,15.679,47.4781,40.5568,25.0571,3.73568,1.48038,-44.6496,-25.9892,-1.11835,1.88852,10,6.95271e-310,250.571,6.68183e-310,14.8038,1.4822e-323,-259.892,5.23261e-310,18.8852,14.5647,298.403,15.9388,62.1953,17.2833,-212.974,15.679,66.3633,-45.7859,-31.2212,-15.9946,-0.0558258,18.8389,36.1221,-16.4025,-0.72352,
0.29933,0.323047,0.360066,0.315281,0,200,0,-2.35431,-1.50653,-1.19786,-0.285167,1.41755,2.43051,-1.31794,-0.426447,0,1398.61,0,1372.52,0,1331.8,0,1381.07,14.744,47.7767,15.8729,47.4136,17.6168,46.7937,15.5042,47.5355,37.9624,21.241,8.84106,5.25292,-53.0491,-30.612,4.529,7.00209,10,6.95271e-310,212.41,6.68183e-310,52.5292,1.4822e-323,-306.12,5.23261e-310,70.0209,14.744,260.187,15.8729,99.9429,17.6168,-259.326,15.5042,117.556,-40.9445,-26.2005,-20.8323,-4.95942,24.653,42.2698,-22.9206,-7.41647,
0.303632,0.321669,0.366801,0.31135,0,200,0,-2.02601,-1.16642,-1.47766,-0.568731,1.71492,2.74598,-1.71272,-0.831985,0,1393.88,0,1374.04,0,1324.39,0,1385.39,14.9494,47.7128,15.8075,47.4355,17.9316,46.674,15.3172,47.596,34.5869,16.7429,13.9245,9.04737,-60.9667,-34.73,10.4026,12.3895,10,6.95271e-310,167.429,6.68183e-310,90.4737,1.4822e-323,-347.3,5.23261e-310,123.895,14.9494,215.142,15.8075,137.909,17.9316,-300.626,15.3172,171.491,-35.2349,-20.2855,-25.6985,-9.89098,29.8247,47.7562,-29.7865,-14.4693,
0.308414,0.320195,0.37247,0.30821,0,200,0,-1.69362,-0.820915,-1.75293,-0.848015,1.96029,3.00655,-2.06338,-1.19124,0,1388.62,0,1375.66,0,1318.16,0,1388.84,15.1774,47.6408,15.7376,47.4587,18.1958,46.5716,15.1677,47.6439,30.3357,12.1817,18.702,12.7822,-67.1418,-38.1293,15.674,17.1689,10,6.95271e-310,121.817,6.68183e-310,127.822,1.4822e-323,-381.293,5.23261e-310,171.689,15.1774,169.458,15.7376,175.281,18.1958,-334.722,15.1677,219.333,-29.4542,-14.2768,-30.4857,-14.7481,34.092,52.2878,-35.8849,-20.7172,
0.312944,0.318744,0.378953,0.304927,0,200,0,-1.38258,-0.497476,-2.04467,-1.14372,2.24091,3.30451,-2.43338,-1.57024,0,1383.64,0,1377.26,0,1311.03,0,1392.46,15.3931,47.5716,15.6687,47.4815,18.4974,46.4526,15.0112,47.6934,26.6137,7.91276,23.6949,16.7388,-74.3732,-42.0165,21.0512,22.2115,10,6.95271e-310,79.1276,6.68183e-310,167.388,1.4822e-323,-420.165,5.23261e-310,222.115,15.3931,126.699,15.6687,214.87,18.4974,-373.713,15.0112,269.809,-24.0448,-8.65176,-35.5595,-19.8908,38.9723,57.4697,-42.3196,-27.3084,
0.317067,0.317306,0.384286,0.301439,0,200,0,-1.06908,-0.17271,-2.30093,-1.4039,2.46515,3.54299,-2.78499,-1.93141,0,1379.1,0,1378.84,0,1305.16,0,1396.29,15.589,47.5077,15.6004,47.504,18.7449,46.3533,14.8447,47.7455,22.8602,3.61781,28.07,20.217,-80.6509,-45.125,26.0936,27.0099,10,6.95271e-310,36.1781,6.68183e-310,202.17,1.4822e-323,-451.25,5.23261e-310,270.099,15.589,83.6858,15.6004,249.673,18.7449,-404.896,14.8447,317.844,-18.5927,-3.00364,-40.0161,-24.4157,42.8723,61.6171,-48.4345,-33.5898,
0.322124,0.316072,0.38926,0.298671,0,200,0,-0.732046,0.178128,-2.562,-1.66835,2.65448,3.74555,-3.12095,-2.27498,0,1373.54,0,1380.2,0,1299.69,0,1399.34,15.8291,47.4283,15.5418,47.5232,18.9752,46.2595,14.7125,47.7864,18.1709,-1.0099,32.3675,23.7566,-85.7472,-47.7566,30.9365,31.5853,10,6.95271e-310,-10.099,6.68183e-310,237.566,1.4822e-323,-477.566,5.23261e-310,315.853,15.8291,37.3292,15.5418,285.089,18.9752,-431.307,14.7125,363.639,-12.7312,3.09787,-44.5565,-29.0148,46.1649,65.1401,-54.2774,-39.5649,
0.326247,0.31461,0.393862,0.295483,0,200,0,-0.425781,0.495627,-2.80705,-1.9174,2.84234,3.94564,-3.44897,-2.61177,0,1369,0,1381.81,0,1294.63,0,1402.84,16.0245,47.3626,15.4723,47.5459,19.1879,46.1717,14.5601,47.8331,14.1355,-5.20696,36.3842,27.0841,-91.0955,-50.3622,35.5599,36.0608,10,6.95271e-310,-52.0696,6.68183e-310,270.841,1.4822e-323,-503.622,5.23261e-310,360.608,16.0245,-4.70701,15.4723,318.387,19.1879,-457.45,14.5601,408.441,-7.40489,8.6196,-48.8183,-33.346,49.4319,68.6198,-59.9821,-45.422,
0.331196,0.31328,0.398116,0.292847,0,200,0,-0.0958134,0.839063,-3.05704,-2.17102,3.00093,4.11552,-3.7665,-2.93655,0,1363.56,0,1383.27,0,1289.95,0,1405.74,16.2587,47.2827,15.409,47.5664,19.3841,46.0897,14.4339,47.8713,9.22552,-9.73712,40.3449,30.476,-95.4229,-52.5677,40.0652,40.3856,10,6.95271e-310,-97.3712,6.68183e-310,304.76,1.4822e-323,-525.677,5.23261e-310,403.856,16.2587,-50.0885,15.409,352.326,19.3841,-479.587,14.4339,451.727,-1.66632,14.5924,-53.166,-37.7569,52.1902,71.5743,-65.5043,-51.0704,
0.335786,0.312045,0.402083,0.290653,0,200,0,0.195579,1.14292,-3.29255,-2.40991,3.15019,4.27528,-4.0511,-3.22719,0,1358.51,0,1384.63,0,1285.58,0,1408.16,16.4756,47.2076,15.3503,47.5854,19.5668,46.0124,14.3289,47.9028,4.70154,-13.7411,43.9849,33.6711,-99.3241,-54.6425,44.0606,44.2591,10,6.95271e-310,-137.411,6.68183e-310,336.711,1.4822e-323,-546.425,5.23261e-310,442.591,16.4756,-90.2034,15.3503,384.297,19.5668,-500.413,14.3289,490.493,3.40137,19.8769,-57.2618,-41.9115,54.786,74.3528,-70.4539,-56.125,
0.34022,0.310955,0.40563,0.288328,0,200,0,0.489766,1.44914,-3.50758,-2.62792,3.27282,4.40729,-4.33319,-3.51568,0,1353.63,0,1385.83,0,1281.68,0,1410.71,16.6847,47.1341,15.2984,47.6021,19.7299,45.9427,14.2175,47.936,0.237388,-17.7799,47.3025,36.5877,-102.89,-56.3515,47.9656,48.1009,10,6.95271e-310,-177.799,6.68183e-310,365.877,1.4822e-323,-563.515,5.23261e-310,481.009,16.6847,-130.665,15.2984,413.479,19.7299,-517.573,14.2175,528.945,8.51766,25.2024,-61.0013,-45.7029,56.9186,76.6485,-75.3597,-61.1422,
0.344678,0.310128,0.408842,0.286627,0,200,0,0.760371,1.73182,-3.70584,-2.82845,3.37456,4.5175,-4.58231,-3.76949,0,1348.73,0,1386.74,0,1278.15,0,1412.59,16.8947,47.0592,15.259,47.6147,19.8773,45.8791,14.1359,47.9602,-4.13784,-21.5011,50.2781,39.274,-105.691,-57.7735,51.4016,51.4878,10,6.95271e-310,-215.011,6.68183e-310,392.74,1.4822e-323,-577.735,5.23261e-310,514.878,16.8947,-167.952,15.259,440.355,19.8773,-531.856,14.1359,562.838,13.2238,30.1185,-64.4495,-49.1905,58.6879,78.5653,-79.6923,-65.5564,
0.349112,0.309553,0.411658,0.284913,0,200,0,1.03593,2.01936,-3.8813,-3.00549,3.44654,4.59691,-4.82703,-4.01895,0,1343.85,0,1387.37,0,1275.05,0,1414.47,17.1032,46.9838,15.2316,47.6235,20.0065,45.8229,14.0537,47.9843,-8.50182,-25.2884,52.9096,41.6486,-108.04,-58.7882,54.7371,54.8158,10,6.95271e-310,-252.884,6.68183e-310,416.486,1.4822e-323,-587.882,5.23261e-310,548.158,17.1032,-205.9,15.2316,464.11,20.0065,-542.059,14.0537,596.142,18.0162,35.1194,-67.5009,-52.2693,59.9398,79.9463,-83.9484,-69.8947,
0.353343,0.309121,0.414127,0.283643,0,200,0,1.28362,2.27848,-4.03974,-3.1651,3.50448,4.66135,-5.04037,-4.23579,0,1339.2,0,1387.84,0,1272.34,0,1415.87,17.3018,46.9111,15.2111,47.6301,20.1195,45.7734,13.9927,48.0021,-12.6245,-28.6966,55.2248,43.7913,-109.824,-59.6079,57.6386,57.713,10,6.95271e-310,-286.966,6.68183e-310,437.913,1.4822e-323,-596.079,5.23261e-310,577.13,17.3018,-240.055,15.2111,485.543,20.1195,-550.306,13.9927,625.132,22.3239,39.6257,-70.2563,-55.0452,60.9474,81.067,-87.6586,-73.6658,
0.357453,0.308798,0.416236,0.282624,0,200,0,1.51709,2.52302,-4.18281,-3.30906,3.54637,4.70879,-5.23312,-4.43135,0,1334.68,0,1388.2,0,1270.02,0,1416.99,17.4945,46.8395,15.1957,47.635,20.216,45.7309,13.9438,48.0163,-16.6494,-31.9108,57.2717,45.7252,-111.111,-60.2057,60.2622,60.3285,10,6.95271e-310,-319.108,6.68183e-310,457.252,1.4822e-323,-602.057,5.23261e-310,603.285,17.4945,-272.268,15.1957,504.887,20.216,-556.326,13.9438,651.302,26.3841,43.8786,-72.7445,-57.5489,61.676,81.8921,-91.0109,-77.067,
0.361169,0.30857,0.418022,0.281917,0,200,0,1.71868,2.73461,-4.30716,-3.43403,3.57878,4.7459,-5.39565,-4.59584,0,1330.59,0,1388.45,0,1268.05,0,1417.77,17.6684,46.7742,15.1848,47.6384,20.2977,45.6947,13.9099,48.0262,-20.2603,-34.6887,59.0093,47.405,-112.015,-60.6706,62.4725,62.5313,10,6.95271e-310,-346.887,6.68183e-310,474.05,1.4822e-323,-606.706,5.23261e-310,625.313,17.6684,-300.113,15.1848,521.688,20.2977,-561.011,13.9099,673.34,29.8901,47.5584,-74.907,-59.7222,62.2397,82.5374,-93.8375,-79.9276,
0.365483,0.308498,0.419448,0.281473,0,200,0,1.94347,2.971,-4.42681,-3.55388,3.58473,4.75559,-5.55532,-4.75673,0,1325.84,0,1388.53,0,1266.48,0,1418.26,17.87,46.6976,15.1814,47.6395,20.3628,45.6657,13.8886,48.0324,-24.5137,-37.789,60.6181,49.0189,-112.128,-60.773,64.6892,64.6911,10,6.95271e-310,-377.89,6.68183e-310,490.189,1.4822e-323,-607.73,5.23261e-310,646.911,17.87,-331.193,15.1814,537.829,20.3628,-562.065,13.8886,694.943,33.7996,51.6696,-76.9879,-61.8065,62.3431,82.7059,-96.6143,-82.7258,
0.369138,0.308654,0.42055,0.281186,0,200,0,2.13177,3.1691,-4.51495,-3.64159,3.57646,4.75021,-5.68628,-4.88848,0,1321.82,0,1388.36,0,1265.27,0,1418.57,18.0406,46.6319,15.1888,47.6372,20.4131,45.6432,13.8748,48.0364,-28.0205,-40.3865,61.7895,50.2043,-112.021,-60.6788,66.483,66.4611,10,6.95271e-310,-403.865,6.68183e-310,502.043,1.4822e-323,-606.788,5.23261e-310,664.611,18.0406,-357.233,15.1888,549.68,20.4131,-561.145,13.8748,712.647,37.0742,55.1148,-78.5208,-63.332,62.1993,82.6124,-98.8919,-85.0171,
0.372206,0.309037,0.421341,0.28121,0,200,0,2.28049,3.32604,-4.574,-3.69959,3.55567,4.7315,-5.78244,-4.98458,0,1318.45,0,1387.94,0,1264.4,0,1418.55,18.1836,46.5764,15.2071,47.6313,20.4492,45.6271,13.8759,48.036,-30.824,-42.4408,62.5469,50.9937,-111.589,-60.411,67.7931,67.7568,10,6.95271e-310,-424.408,6.68183e-310,509.937,1.4822e-323,-604.11,5.23261e-310,677.568,18.1836,-377.831,15.2071,557.568,20.4492,-558.483,13.8759,725.604,39.6607,57.8442,-79.5478,-64.3408,61.8377,82.287,-100.564,-86.6883,
0.375622,0.309684,0.421869,0.281605,0,200,0,2.43432,3.48901,-4.6211,-3.74492,3.51225,4.68947,-5.86608,-5.06712,0,1314.69,0,1387.22,0,1263.82,0,1418.11,18.3425,46.514,15.2379,47.6215,20.4733,45.6163,13.8949,48.0305,-33.8809,-44.5695,63.0923,51.6176,-110.483,-59.8341,68.9621,68.8772,10,6.95271e-310,-445.695,6.68183e-310,516.176,1.4822e-323,-598.341,5.23261e-310,688.772,18.3425,-399.181,15.2379,563.797,20.4733,-552.725,13.8949,736.803,42.3359,60.6785,-80.367,-65.1291,61.0827,81.556,-102.019,-88.1238,
0.378486,0.310811,0.42218,0.28242,0,200,0,2.54727,3.60962,-4.63003,-3.75077,3.44959,4.62762,-5.91359,-5.11238,0,1311.54,0,1385.98,0,1263.48,0,1417.21,18.4757,46.4613,15.2915,47.6043,20.4875,45.6099,13.934,48.0192,-36.0779,-46.1382,63.1221,51.7188,-109.028,-58.9944,69.6045,69.5035,10,6.95271e-310,-461.382,6.68183e-310,517.188,1.4822e-323,-589.944,5.23261e-310,695.035,18.4757,-414.92,15.2915,564.793,20.4875,-544.334,13.934,743.054,44.3003,62.776,-80.5222,-65.2307,59.9929,80.4804,-102.845,-88.911,
0.381146,0.312093,0.422228,0.284014,0,200,0,2.61751,3.68697,-4.62461,-3.74184,3.38128,4.55944,-5.91265,-5.10704,0,1308.62,0,1384.57,0,1263.42,0,1415.46,18.5992,46.4119,15.3526,47.5846,20.4897,45.6089,14.0106,47.9969,-37.915,-47.1279,62.8749,51.6242,-106.907,-58.0745,69.6513,69.4634,10,6.95271e-310,-471.279,6.68183e-310,516.242,1.4822e-323,-580.745,5.23261e-310,694.634,18.5992,-424.867,15.3526,563.826,20.4897,-535.136,14.0106,742.631,45.522,64.1212,-80.4281,-65.0755,58.8049,79.2946,-102.829,-88.8181,
0.383519,0.314083,0.421989,0.286207,0,200,0,2.65551,3.7313,-4.57354,-3.68533,3.27873,4.45626,-5.87333,-5.06167,0,1306,0,1382.39,0,1263.69,0,1413.05,18.7093,46.3677,15.4472,47.554,20.4788,45.6138,14.1158,47.9661,-39.0428,-47.6783,62.0026,50.9022,-104.115,-56.6885,69.1494,68.8958,10,6.95271e-310,-476.783,6.68183e-310,509.022,1.4822e-323,-566.885,5.23261e-310,688.958,18.7093,-430.415,15.4472,556.576,20.4788,-521.271,14.1158,736.924,46.1828,64.8921,-79.5399,-64.0927,57.0214,77.5002,-102.145,-88.029,
0.385592,0.315976,0.421437,0.288652,0,200,0,2.66928,3.75059,-4.51512,-3.62173,3.17362,4.34971,-5.80689,-4.98849,0,1303.72,0,1380.3,0,1264.29,0,1410.36,18.8054,46.3288,15.5372,47.5247,20.4536,45.6251,14.233,47.9314,-39.9648,-47.8973,60.9865,50.0828,-100.995,-55.2632,68.3354,67.9583,10,6.95271e-310,-478.973,6.68183e-310,500.828,1.4822e-323,-552.632,5.23261e-310,679.583,18.8054,-432.644,15.5372,548.352,20.4536,-507.007,14.233,727.514,46.4223,65.2277,-78.5238,-62.9865,55.1935,75.6471,-100.989,-86.7563,
0.387342,0.318253,0.420431,0.292235,0,200,0,2.62256,3.70853,-4.42619,-3.52658,3.04858,4.22202,-5.66844,-4.84017,0,1301.8,0,1377.8,0,1265.4,0,1406.42,18.8864,46.2958,15.6454,47.4892,20.4077,45.6457,14.4047,47.8801,-40.2771,-47.2956,59.4445,48.8458,-96.8157,-53.5621,66.6238,66.0309,10,6.95271e-310,-472.956,6.68183e-310,488.458,1.4822e-323,-535.621,5.23261e-310,660.309,18.8864,-426.66,15.6454,535.947,20.4077,-489.975,14.4047,708.189,45.6097,64.4961,-76.9772,-61.3318,53.0187,73.4264,-98.5815,-84.1769,
0.3889,0.320746,0.418921,0.295902,0,200,0,2.57054,3.66065,-4.31046,-3.40404,2.89313,4.06261,-5.51284,-4.67448,0,1300.09,0,1375.06,0,1267.06,0,1402.38,18.9585,46.2663,15.7637,47.45,20.3387,45.6764,14.5802,47.827,-40.4364,-46.6195,57.5232,47.244,-92.1022,-51.4433,64.6942,63.871,10,6.95271e-310,-466.195,6.68183e-310,472.44,1.4822e-323,-514.433,5.23261e-310,638.71,18.9585,-419.928,15.7637,519.89,20.3387,-468.757,14.5802,686.537,44.705,63.6636,-74.9645,-59.2007,50.3154,70.6541,-95.8755,-81.2953,
0.390182,0.323586,0.416955,0.299917,0,200,0,2.49732,3.59085,-4.16289,-3.24873,2.70684,3.87116,-5.32658,-4.47719,0,1298.68,0,1371.93,0,1269.23,0,1397.97,19.0179,46.242,15.8984,47.4051,20.2489,45.7163,14.7721,47.768,-40.2175,-45.6532,55.1351,45.2074,-86.7682,-48.9016,62.353,61.2921,10,6.95271e-310,-456.532,6.68183e-310,452.074,1.4822e-323,-489.016,5.23261e-310,612.921,19.0179,-410.29,15.8984,499.479,20.2489,-443.3,14.7721,660.689,43.4317,62.4496,-72.3982,-56.4997,47.0755,67.3245,-92.6362,-77.8642,
0.391213,0.326642,0.414678,0.304256,0,200,0,2.40204,3.49831,-3.99475,-3.07227,2.50091,3.65923,-5.11351,-4.25221,0,1297.54,0,1368.57,0,1271.73,0,1393.19,19.0655,46.2224,16.0432,47.3563,20.1448,45.7623,14.9791,47.7035,-39.6747,-44.3854,52.4214,42.8899,-81.0006,-46.0902,59.6501,58.3464,10,6.95271e-310,-443.854,6.68183e-310,428.899,1.4822e-323,-460.902,5.23261e-310,583.464,19.0655,-397.632,16.0432,476.255,20.1448,-415.14,14.9791,631.168,41.7746,60.8401,-69.4739,-53.4307,43.494,63.6388,-88.9306,-73.9514,
0.391956,0.330189,0.412233,0.308546,0,200,0,2.30129,3.39953,-3.79295,-2.86081,2.26428,3.41617,-4.89649,-4.02343,0,1296.72,0,1364.67,0,1274.42,0,1388.48,19.0998,46.2082,16.2111,47.299,20.0328,45.8114,15.1837,47.6388,-38.6449,-43.0393,49.2827,40.1107,-75.1177,-42.8624,56.7996,55.3486,10,6.95271e-310,-430.393,6.68183e-310,401.107,1.4822e-323,-428.624,5.23261e-310,553.486,19.0998,-384.185,16.2111,448.406,20.0328,-382.813,15.1837,601.124,40.0224,59.1222,-65.9643,-49.7532,39.3788,59.4116,-85.1563,-69.9726,
0.392627,0.333281,0.409213,0.314083,0,200,0,2.14029,3.24031,-3.60835,-2.6678,2.03443,3.17836,-4.60113,-3.71292,0,1295.99,0,1361.27,0,1277.74,0,1382.39,19.1309,46.1954,16.3573,47.2487,19.8944,45.8717,15.4472,47.554,-37.7727,-40.8801,46.1052,37.5709,-68.0941,-39.7168,53.0868,51.2741,10,6.95271e-310,-408.801,6.68183e-310,375.709,1.4822e-323,-397.168,5.23261e-310,512.741,19.1309,-362.606,16.3573,422.958,19.8944,-351.296,15.4472,560.295,37.2225,56.3533,-62.7539,-46.3966,35.3814,55.2758,-80.0197,-64.5725,
0.393059,0.337224,0.406565,0.319356,0,200,0,1.98286,3.08403,-3.38598,-2.43473,1.7776,2.91453,-4.32736,-3.42474,0,1295.51,0,1356.93,0,1280.65,0,1376.58,19.1508,46.1871,16.5434,47.1838,19.7728,45.9242,15.6977,47.4719,-36.1262,-38.7651,42.5246,34.5082,-61.562,-36.2133,49.4463,47.4953,10,6.95271e-310,-387.651,6.68183e-310,345.082,1.4822e-323,-362.133,5.23261e-310,474.953,19.1508,-341.464,16.5434,392.266,19.7728,-316.209,15.6977,522.424,34.4845,53.6353,-58.8866,-42.3432,30.9147,50.6875,-75.2585,-59.5607,
0.393274,0.340999,0.403533,0.324269,0,200,0,1.83422,2.93597,-3.15779,-2.19631,1.50544,2.63437,-4.05883,-3.14281,0,1295.27,0,1352.78,0,1283.99,0,1371.18,19.1607,46.183,16.7214,47.121,19.6335,45.984,15.9308,47.3942,-34.569,-36.7652,38.8474,31.3699,-54.967,-32.4972,45.8558,43.7933,10,6.95271e-310,-367.652,6.68183e-310,313.699,1.4822e-323,-324.972,5.23261e-310,437.933,19.1607,-321.469,16.7214,360.82,19.6335,-278.988,15.9308,485.328,31.8995,51.0603,-54.9181,-38.1967,26.1816,45.8151,-70.5883,-54.6575,
0.393346,0.344606,0.400357,0.330765,0,200,0,1.60315,2.70509,-2.94606,-1.97481,1.24811,2.36863,-3.70418,-2.77048,0,1295.2,0,1348.81,0,1287.48,0,1364.03,19.1641,46.1816,16.8913,47.0604,19.4874,46.0461,16.2383,47.2897,-32.7347,-33.652,35.1013,28.4563,-47.494,-28.9783,41.2259,38.9046,10,6.95271e-310,-336.52,6.68183e-310,284.563,1.4822e-323,-289.783,5.23261e-310,389.046,19.1641,-290.338,16.8913,331.624,19.4874,-243.737,16.2383,436.336,27.8809,47.045,-51.2358,-34.3445,21.7063,41.1936,-64.4206,-48.1823,
0.393178,0.349136,0.397085,0.336913,0,200,0,1.38525,2.48673,-2.68126,-1.69776,0.936697,2.04855,-3.36831,-2.41791,0,1295.38,0,1343.83,0,1291.08,0,1357.27,19.1563,46.1848,17.1043,46.9834,19.3366,46.1096,16.5287,47.189,-30.2931,-30.7123,30.7155,24.8125,-40.0726,-24.7289,36.6211,34.2752,10,6.95271e-310,-307.123,6.68183e-310,248.125,1.4822e-323,-247.289,5.23261e-310,342.752,19.1563,-260.938,17.1043,295.108,19.3366,-201.18,16.5287,389.941,24.0912,43.2476,-46.6307,-29.5263,16.2904,35.627,-58.5793,-42.0505,
0.392831,0.353199,0.393346,0.343456,0,200,0,1.14037,2.24094,-2.43135,-1.43688,0.624837,1.72677,-2.99745,-2.02931,0,1295.76,0,1339.36,0,1295.2,0,1350.07,19.1403,46.1915,17.2951,46.9135,19.1641,46.1816,16.8372,47.0798,-28.0423,-27.4062,26.3448,21.3771,-32.152,-20.4659,31.6116,29.168,10,6.95271e-310,-274.062,6.68183e-310,213.771,1.4822e-323,-204.659,5.23261e-310,291.68,19.1403,-227.871,17.2951,260.685,19.1641,-158.478,16.8372,338.759,19.8326,38.9728,-42.2843,-24.9892,10.8667,30.0308,-52.1295,-35.2923,
0.392208,0.357082,0.390194,0.350239,0,200,0,0.860411,1.95932,-2.20511,-1.20018,0.350679,1.44424,-2.61878,-1.63231,0,1296.45,0,1335.09,0,1298.66,0,1342.61,19.1115,46.2034,17.4771,46.846,19.0184,46.2418,17.1561,46.9645,-25.3704,-23.6229,22.2448,18.2641,-24.8974,-16.7204,26.4473,23.9522,10,6.95271e-310,-236.229,6.68183e-310,182.641,1.4822e-323,-167.204,5.23261e-310,239.522,19.1115,-190.025,17.4771,229.487,19.0184,-120.962,17.1561,286.486,14.9637,34.0751,-38.3497,-20.8726,6.09876,25.1172,-45.5441,-28.3879,
0.391453,0.361972,0.386671,0.357154,0,200,0,0.579458,1.67636,-1.92169,-0.903601,0.00709965,1.09128,-2.23451,-1.22939,0,1297.28,0,1329.71,0,1302.54,0,1335.01,19.0766,46.2178,17.7059,46.76,18.8554,46.3085,17.4805,46.8448,-22.1969,-19.824,17.3339,14.364,-17.1196,-12.033,20.9965,18.6592,10,6.95271e-310,-198.24,6.68183e-310,143.64,1.4822e-323,-120.33,5.23261e-310,186.592,19.0766,-152.023,17.7059,190.4,18.8554,-74.0215,17.4805,233.437,10.0775,29.1541,-33.4207,-15.7148,0.123472,18.9788,-38.8611,-21.3806,
0.390314,0.366442,0.382704,0.364057,0,200,0,0.280504,1.37438,-1.64529,-0.615192,-0.340744,0.732869,-1.83239,-0.808698,0,1298.53,0,1324.79,0,1306.9,0,1327.41,19.024,46.2395,17.9148,46.6804,18.6715,46.3829,17.8034,46.723,-19.0512,-15.7764,12.3895,10.5657,-9.1578,-7.28087,15.2865,13.1264,10,6.95271e-310,-157.764,6.68183e-310,105.657,1.4822e-323,-72.8087,5.23261e-310,131.264,19.024,-111.525,17.9148,152.337,18.6715,-26.4258,17.8034,177.987,4.87833,23.9023,-28.6138,-10.699,-5.92598,12.7455,-31.8677,-14.0643,
0.388948,0.37096,0.379349,0.370864,0,200,0,-0.0344119,1.05583,-1.37989,-0.33767,-0.662863,0.401794,-1.44354,-0.401581,0,1300.03,0,1319.82,0,1310.59,0,1319.93,18.9608,46.2654,18.1255,46.599,18.5158,46.4453,18.121,46.6007,-15.4765,-11.51,7.6131,6.91494,-2.00987,-2.88516,9.6387,7.77444,10,6.95271e-310,-115.1,6.68183e-310,69.1494,1.4822e-323,-28.8516,5.23261e-310,77.7444,18.9608,-68.8348,18.1255,115.748,18.5158,17.5937,18.121,124.345,-0.598467,18.3623,-23.998,-5.87253,-11.528,6.98773,-25.1051,-6.98402,
0.387222,0.375574,0.375178,0.377719,0,200,0,-0.360402,0.725249,-1.08847,-0.033902,-1.03337,0.0201429,-1.03316,0.0271462,0,1301.93,0,1314.74,0,1315.18,0,1312.39,18.8809,46.2981,18.3403,46.5149,18.3219,46.5221,18.4401,46.4754,-11.8269,-7.08856,2.33216,2.91232,5.8277,2.17604,3.58742,2.13209,10,6.95271e-310,-70.8856,6.68183e-310,29.1232,1.4822e-323,21.7604,5.23261e-310,21.3209,18.8809,-24.5875,18.3403,75.6381,18.3219,68.2825,18.4401,67.7964,-6.26786,12.613,-18.9299,-0.5896,-17.9716,0.350311,-17.9679,0.472108,
0.385688,0.379804,0.371715,0.384598,0,200,0,-0.691108,0.390459,-0.839854,0.226019,-1.35626,-0.312019,-0.637897,0.440764,0,1303.62,0,1310.09,0,1318.99,0,1304.82,18.8098,46.327,18.5369,46.4369,18.1607,46.5853,18.7593,46.3475,-8.3452,-2.60659,-2.39402,-0.506974,12.9037,6.58421,-2.24872,-3.30625,10,6.95271e-310,-26.0659,6.68183e-310,-5.06974,1.4822e-323,65.8421,5.23261e-310,-33.0625,18.8098,20.2611,18.5369,41.3671,18.1607,112.427,18.7593,13.285,-12.0193,6.79059,-14.6062,3.93077,-23.5871,-5.42642,-11.0939,7.66546,
0.383891,0.384873,0.367808,0.391609,0,200,0,-1.0318,0.0449757,-0.540528,0.538867,-1.74456,-0.710793,-0.233512,0.863805,0,1305.6,0,1304.52,0,1323.29,0,1297.11,18.7265,46.3607,18.7721,46.3423,17.9785,46.6559,19.0838,46.2148,-4.36922,2.01427,-7.90298,-4.62304,20.4678,11.8814,-8.45727,-8.86911,10,6.95271e-310,20.1427,6.68183e-310,-46.2304,1.4822e-323,118.814,5.23261e-310,-88.6911,18.7265,66.5034,18.7721,0.111944,17.9785,165.469,19.0838,-42.4763,-17.9444,0.782185,-9.40049,9.3716,-30.3402,-12.3616,-4.06108,15.0227,
0.381817,0.389403,0.363613,0.398787,0,200,0,-1.39645,-0.325207,-0.262226,0.829229,-2.12462,-1.10211,0.192089,1.30845,0,1307.88,0,1299.53,0,1327.9,0,1289.21,18.6304,46.3994,18.9818,46.2568,17.7827,46.7309,19.415,46.0766,-0.516457,6.96255,-13.3011,-8.44679,28.1636,17.0723,-14.9685,-14.72,10,6.95271e-310,69.6255,6.68183e-310,-84.4679,1.4822e-323,170.723,5.23261e-310,-147.2,18.6304,116.025,18.9818,-38.2111,17.7827,217.454,19.415,-101.124,-24.2861,-5.65577,-4.56045,14.4214,-36.9499,-19.1672,3.34068,22.7557,
0.38008,0.393478,0.360246,0.405978,0,200,0,-1.75935,-0.692737,-0.0345385,1.06775,-2.4476,-1.43415,0.597743,1.73313,0,1309.79,0,1295.05,0,1331.61,0,1281.3,18.5497,46.4318,19.1702,46.1791,17.6252,46.7905,19.7459,45.9358,3.03325,11.8817,-18.0095,-11.5808,35.0174,21.4805,-21.1498,-20.3016,10,6.95271e-310,118.817,6.68183e-310,-115.808,1.4822e-323,214.805,5.23261e-310,-203.016,18.5497,165.249,19.1702,-69.6291,17.6252,261.596,19.7459,-157.08,-30.5973,-12.0476,-0.60067,18.5695,-42.5669,-24.9417,10.3955,30.1414,
0.378066,0.397277,0.356315,0.413048,0,200,0,-2.12653,-1.06529,0.194495,1.30686,-2.79152,-1.78866,1.0128,2.16684,0,1312,0,1290.87,0,1335.93,0,1273.52,18.4562,46.469,19.3454,46.1059,17.4412,46.8594,20.0702,45.7951,6.44808,16.8632,-22.8692,-14.7284,42.1896,26.1805,-27.5415,-26.0075,10,6.95271e-310,168.632,6.68183e-310,-147.284,1.4822e-323,261.805,5.23261e-310,-260.075,18.4562,215.101,19.3454,-101.178,17.4412,308.664,20.0702,-214.28,-36.9831,-18.5269,3.38253,22.728,-48.5482,-31.1071,17.614,37.6841,
0.375933,0.401016,0.352947,0.419963,0,200,0,-2.50186,-1.44633,0.408414,1.53068,-3.10507,-2.11128,1.41093,2.58314,0,1314.35,0,1286.76,0,1339.63,0,1265.92,18.357,46.5083,19.5177,46.0332,17.2833,46.9179,20.3863,45.6552,10.0998,21.9565,-27.4853,-17.6711,48.6041,30.4619,-33.7762,-31.4821,10,6.95271e-310,219.565,6.68183e-310,-176.711,1.4822e-323,304.619,5.23261e-310,-314.821,18.357,266.073,19.5177,-130.678,17.2833,351.537,20.3863,-269.166,-43.5106,-25.1535,7.10285,26.6206,-54.0012,-36.7179,24.5379,44.9243,
0.374159,0.404659,0.349712,0.426602,0,200,0,-2.84828,-1.7975,0.608438,1.74034,-3.41732,-2.43226,1.7837,2.97332,0,1316.3,0,1282.75,0,1343.19,0,1258.61,18.2745,46.5408,19.6853,45.9618,17.1313,46.9736,20.689,45.5188,13.3101,26.6544,-31.9017,-20.4249,54.8213,34.7237,-39.6735,-36.6101,10,6.95271e-310,266.544,6.68183e-310,-204.249,1.4822e-323,347.237,5.23261e-310,-366.101,18.2745,313.085,19.6853,-158.287,17.1313,394.211,20.689,-320.582,-49.5353,-31.2608,10.5815,30.2668,-59.4316,-42.3002,31.0209,51.7099,
0.372158,0.408255,0.347123,0.433338,0,200,0,-3.22169,-2.17626,0.792099,1.9335,-3.6905,-2.71244,2.15313,3.36035,0,1318.5,0,1278.8,0,1346.04,0,1251.2,18.1813,46.5772,19.8504,45.8908,17.0097,47.0178,20.9951,45.3785,16.9437,31.7198,-36.0794,-22.9572,60.2852,38.4485,-45.5796,-41.694,10,6.95271e-310,317.198,6.68183e-310,-229.572,1.4822e-323,384.485,5.23261e-310,-416.94,18.1813,363.775,19.8504,-183.682,17.0097,431.502,20.9951,-371.561,-56.0293,-37.848,13.7756,33.626,-64.1826,-47.1729,37.4458,58.4409,
0.370349,0.412054,0.344175,0.440444,0,200,0,-3.5974,-2.55683,0.982373,2.13379,-4.00031,-3.03023,2.53693,3.76266,0,1320.49,0,1274.62,0,1349.28,0,1243.39,18.097,46.6101,20.0246,45.815,16.871,47.0677,21.3171,45.2281,20.3484,36.8132,-40.527,-25.5817,66.327,42.673,-51.7616,-46.9766,10,6.95271e-310,368.132,6.68183e-310,-255.817,1.4822e-323,426.73,5.23261e-310,-469.766,18.097,414.742,20.0246,-210.002,16.871,473.798,21.3171,-424.538,-62.5636,-44.4665,17.0847,37.1093,-69.5707,-52.6997,44.1206,65.4376,
0.368683,0.41499,0.341766,0.446652,0,200,0,-3.93513,-2.89901,1.12576,2.2849,-4.2453,-3.28174,2.87303,4.11488,0,1322.32,0,1271.39,0,1351.93,0,1236.56,18.0193,46.6401,20.159,45.756,16.7576,47.1082,21.5974,45.0949,23.2511,41.3921,-44.1366,-27.5605,71.3134,46.0149,-57.1566,-51.6019,10,6.95271e-310,413.921,6.68183e-310,-275.605,1.4822e-323,460.149,5.23261e-310,-516.019,18.0193,460.561,20.159,-229.849,16.7576,507.257,21.5974,-470.924,-68.437,-50.4176,19.5784,39.7374,-73.8314,-57.0738,49.9657,71.5631,
0.366981,0.418357,0.339597,0.452512,0,200,0,-4.26051,-3.22897,1.28704,2.45504,-4.4999,-3.54222,3.18257,4.4396,0,1324.2,0,1267.68,0,1354.32,0,1230.11,17.94,46.6707,20.313,45.6879,16.6554,47.1444,21.8613,44.9676,26.4105,45.8055,-47.904,-29.7872,75.8967,49.4824,-62.3227,-55.8635,10,6.95271e-310,458.055,6.68183e-310,-297.872,1.4822e-323,494.824,5.23261e-310,-558.635,17.94,504.726,20.313,-252.184,16.6554,541.969,21.8613,-513.668,-74.0959,-56.1559,22.3834,42.6964,-78.2591,-61.6038,55.349,77.2104,
0.365735,0.420886,0.337787,0.458049,0,200,0,-4.55475,-3.52655,1.39579,2.57042,-4.7026,-3.74982,3.46935,4.74068,0,1325.57,0,1264.9,0,1356.31,0,1224.02,17.8818,46.6931,20.4285,45.6364,16.57,47.1745,22.11,44.8458,28.7913,49.7916,-50.8751,-31.2925,80.0102,52.2445,-66.9563,-59.813,10,6.95271e-310,497.916,6.68183e-310,-312.925,1.4822e-323,522.445,5.23261e-310,-598.13,17.8818,544.609,20.4285,-267.288,16.57,569.62,22.11,-553.285,-79.213,-61.3312,24.2746,44.703,-81.7843,-65.2143,60.3366,82.4465,
0.364512,0.423487,0.336217,0.462771,0,200,0,-4.81266,-3.78775,1.51118,2.69264,-4.89781,-3.94929,3.7112,4.99468,0,1326.91,0,1262.04,0,1358.04,0,1218.83,17.8247,46.7149,20.5471,45.5831,16.4959,47.2005,22.3215,44.7409,31.1575,53.2878,-53.7378,-32.8884,83.5092,54.9018,-71.0175,-63.1442,10,6.95271e-310,532.878,6.68183e-310,-328.884,1.4822e-323,549.018,5.23261e-310,-631.442,17.8247,579.593,20.5471,-283.301,16.4959,596.218,22.3215,-586.701,-83.6985,-65.8738,26.2814,46.8285,-85.1793,-68.6834,64.5426,86.8641,
0.363434,0.425907,0.335007,0.468116,0,200,0,-5.09809,-4.07607,1.59934,2.78713,-5.06576,-4.12053,3.97475,5.27196,0,1328.1,0,1259.38,0,1359.37,0,1212.95,17.7743,46.7341,20.6574,45.5332,16.4388,47.2204,22.5603,44.621,33.4843,57.1524,-56.335,-34.1143,86.9285,57.1856,-75.2977,-66.7769,10,6.95271e-310,571.524,6.68183e-310,-341.143,1.4822e-323,571.856,5.23261e-310,-667.769,17.7743,618.258,20.6574,-295.61,16.4388,619.076,22.5603,-623.148,-88.6624,-70.8881,27.8145,48.4719,-88.1002,-71.6614,69.126,91.6863,
0.362619,0.428244,0.334,0.472598,0,200,0,-5.33161,-4.31178,1.68487,2.87878,-5.22344,-4.28095,4.18931,5.49801,0,1329,0,1256.81,0,1360.48,0,1208.02,17.7362,46.7486,20.7637,45.4848,16.3912,47.2369,22.76,44.5194,35.4769,60.3132,-58.6775,-35.3035,89.8313,59.3276,-78.8635,-69.736,10,6.95271e-310,603.132,6.68183e-310,-353.035,1.4822e-323,593.276,5.23261e-310,-697.36,17.7362,649.881,20.7637,-307.551,16.3912,640.513,22.76,-652.841,-92.7237,-74.9875,29.3021,50.0658,-90.8425,-74.4513,72.8575,95.6175,
0.361828,0.430366,0.333269,0.476241,0,200,0,-5.52927,-4.51156,1.76435,2.96381,-5.35588,-4.41537,4.36162,5.67964,0,1329.87,0,1254.47,0,1361.28,0,1204.01,17.6992,46.7626,20.8602,45.4407,16.3567,47.2489,22.9221,44.4362,37.3468,62.9902,-60.7135,-36.4078,92.0638,61.1249,-81.8084,-72.113,10,6.95271e-310,629.902,6.68183e-310,-364.078,1.4822e-323,611.249,5.23261e-310,-721.13,17.6992,676.665,20.8602,-318.637,16.3567,658.497,22.9221,-676.694,-96.1612,-78.462,30.6844,51.5446,-93.1458,-76.7891,75.8543,98.7764,
0.361324,0.432211,0.332766,0.480172,0,200,0,-5.72865,-4.71229,1.81735,3.02162,-5.46608,-4.52694,4.54099,5.86904,0,1330.42,0,1252.44,0,1361.83,0,1199.69,17.6757,46.7715,20.944,45.4021,16.3329,47.2571,23.0966,44.3458,38.9139,65.6857,-62.4236,-37.1507,94.2555,62.6186,-84.725,-74.5891,10,6.95271e-310,656.857,6.68183e-310,-371.507,1.4822e-323,626.186,5.23261e-310,-745.891,17.6757,703.629,20.944,-326.105,16.3329,673.443,23.0966,-701.546,-99.6286,-81.953,31.606,52.55,-95.0623,-78.7294,78.9737,102.07,
0.361025,0.433745,0.332466,0.483288,0,200,0,-5.8823,-4.86676,1.85861,3.06689,-5.55274,-4.61441,4.67856,6.01456,0,1330.75,0,1250.76,0,1362.16,0,1196.26,17.6617,46.7768,21.0136,45.3699,16.3188,47.262,23.2346,44.2736,40.1227,67.7616,-63.7536,-37.7306,95.9275,63.7915,-86.9667,-76.4897,10,6.95271e-310,677.616,6.68183e-310,-377.306,1.4822e-323,637.915,5.23261e-310,-764.897,17.6617,724.393,21.0136,-331.936,16.3188,685.177,23.2346,-720.623,-102.301,-84.6393,32.3236,53.3372,-96.5694,-80.2506,81.3663,104.601,
0.360869,0.435087,0.332442,0.485769,0,200,0,-6.00264,-4.98751,1.89124,3.10303,-5.6158,-4.67754,4.7817,6.124,0,1330.92,0,1249.28,0,1362.19,0,1193.53,17.6544,46.7795,21.0745,45.3417,16.3176,47.2624,23.3444,44.2158,41.1383,69.3861,-64.7697,-38.1912,97.0815,64.6419,-88.6554,-77.9165,10,6.95271e-310,693.861,6.68183e-310,-381.912,1.4822e-323,646.419,5.23261e-310,-779.165,17.6544,740.641,21.0745,-336.57,16.3176,693.681,23.3444,-734.949,-104.394,-86.7393,32.8912,53.9657,-97.6661,-81.3485,83.16,106.504,
0.360977,0.436214,0.332718,0.488429,0,200,0,-6.12145,-5.10604,1.90106,3.11578,-5.65421,-4.7152,4.8862,6.23526,0,1330.8,0,1248.04,0,1361.89,0,1190.6,17.6594,46.7776,21.1255,45.3179,16.3307,47.2579,23.462,44.1536,41.9279,70.9858,-65.4624,-38.341,98.0829,65.155,-90.2369,-79.3643,10,6.95271e-310,709.858,6.68183e-310,-383.41,1.4822e-323,651.55,5.23261e-310,-793.643,17.6594,756.635,21.1255,-338.092,16.3307,698.808,23.462,-749.489,-106.46,-88.8006,33.062,54.1875,-98.3341,-82.0034,84.9773,108.439,
0.3613,0.437101,0.333329,0.490466,0,200,0,-6.20436,-5.18808,1.89781,3.11484,-5.66373,-4.72305,4.95546,6.30969,0,1330.45,0,1247.07,0,1361.21,0,1188.36,17.6745,46.7719,21.1657,45.2991,16.3595,47.2479,23.5519,44.1057,42.4617,72.0979,-65.7667,-38.3109,98.5397,65.273,-91.2184,-80.3279,10,6.95271e-310,720.979,6.68183e-310,-383.109,1.4822e-323,652.73,5.23261e-310,-803.279,17.6745,767.751,21.1657,-337.809,16.3595,699.978,23.5519,-759.173,-107.902,-90.2274,33.0054,54.1712,-98.4996,-82.14,86.1819,109.734,
0.362055,0.43782,0.334456,0.492108,0,200,0,-6.25212,-5.2338,1.87488,3.09378,-5.63972,-4.69598,4.99263,6.35103,0,1329.61,0,1246.27,0,1359.97,0,1186.56,17.7099,46.7585,21.1983,45.2839,16.4128,47.2295,23.6243,44.0669,42.658,72.7292,-65.6038,-38.0128,98.4593,64.9307,-91.5923,-80.8531,10,6.95271e-310,727.292,6.68183e-310,-380.128,1.4822e-323,649.307,5.23261e-310,-808.531,17.7099,774.051,21.1983,-334.845,16.4128,696.536,23.6243,-764.464,-108.732,-91.0226,32.6066,53.8049,-98.082,-81.6693,86.8284,110.453,
0.363206,0.438299,0.336205,0.493235,0,200,0,-6.26289,-5.24148,1.82901,3.04916,-5.57154,-4.62306,4.99212,6.35337,0,1328.35,0,1245.75,0,1358.05,0,1185.32,17.7636,46.7381,21.22,45.2737,16.4954,47.2007,23.6739,44.0403,42.5499,72.8557,-64.8847,-37.4019,97.6655,63.9827,-91.2666,-80.8627,10,6.95271e-310,728.557,6.68183e-310,-374.019,1.4822e-323,639.827,5.23261e-310,-808.627,17.7636,775.295,21.22,-328.746,16.4954,687.028,23.6739,-764.587,-108.92,-91.1562,31.8088,53.0288,-96.8964,-80.401,86.8195,110.493,
0.36492,0.438623,0.338494,0.494241,0,200,0,-6.24427,-5.21826,1.75757,2.97856,-5.47104,-4.51635,4.96935,6.33315,0,1326.46,0,1245.39,0,1355.53,0,1184.21,17.8437,46.7076,21.2346,45.2669,16.6034,47.1628,23.7182,44.0164,42.0215,72.5767,-63.6796,-36.4441,96.4782,62.59,-90.4425,-80.5706,10,6.95271e-310,725.767,6.68183e-310,-364.441,1.4822e-323,625.9,5.23261e-310,-805.706,17.8437,772.475,21.2346,-319.174,16.6034,673.063,23.7182,-761.69,-108.596,-90.7523,30.5664,51.801,-95.1485,-78.5452,86.4235,110.142,
0.366957,0.438742,0.341167,0.494841,0,200,0,-6.19438,-5.1629,1.66901,2.89032,-5.34215,-4.38021,4.91812,6.28344,0,1324.22,0,1245.26,0,1352.59,0,1183.55,17.9388,46.6712,21.2401,45.2643,16.7293,47.1182,23.7446,44.0022,41.1942,71.8711,-62.0761,-35.2524,94.8388,60.8084,-89.0979,-79.889,10,6.95271e-310,718.711,6.68183e-310,-352.524,1.4822e-323,608.084,5.23261e-310,-798.89,17.9388,765.382,21.2401,-307.259,16.7293,655.203,23.7446,-754.888,-107.728,-89.7896,29.0263,50.2664,-92.9069,-76.1776,85.5326,109.277,
0.369426,0.438659,0.344259,0.4952,0,200,0,-6.11561,-5.07751,1.55839,2.77947,-5.18447,-4.21416,4.84349,6.20972,0,1321.51,0,1245.35,0,1349.19,0,1183.16,18.054,46.6267,21.2363,45.2661,16.875,47.0663,23.7604,43.9937,39.994,70.7692,-60.0436,-33.76,92.8202,58.632,-87.2814,-78.8884,10,6.95271e-310,707.692,6.68183e-310,-337.6,1.4822e-323,586.32,5.23261e-310,-788.884,18.054,754.319,21.2363,-292.334,16.875,633.386,23.7604,-744.89,-106.358,-88.3045,27.1024,48.3386,-90.1647,-73.2897,84.2347,107.995,
0.372146,0.438347,0.347758,0.495248,0,200,0,-6.01475,-4.96936,1.42842,2.64869,-4.99532,-4.01554,4.7457,6.11204,0,1318.52,0,1245.69,0,1345.34,0,1183.1,18.1808,46.5775,21.2222,45.2727,17.0396,47.007,23.7625,43.9925,38.5703,69.3656,-57.6174,-32.0034,90.334,56.0247,-85.0382,-77.5709,10,6.95271e-310,693.656,6.68183e-310,-320.034,1.4822e-323,560.247,5.23261e-310,-775.709,18.1808,740.233,21.2222,-274.762,17.0396,607.254,23.7625,-731.717,-104.604,-86.4236,24.842,46.0642,-86.8751,-69.8355,82.5338,106.296,
0.375106,0.437772,0.351593,0.494996,0,200,0,-5.89229,-4.83897,1.27857,2.49735,-4.77756,-3.78743,4.6267,5.99241,0,1315.26,0,1246.33,0,1341.12,0,1183.38,18.3186,46.5234,21.1961,45.2849,17.2197,46.9413,23.7514,43.9985,36.8901,67.667,-54.815,-29.9749,87.4461,53.0265,-82.4056,-75.9634,10,6.95271e-310,676.67,6.68183e-310,-299.749,1.4822e-323,530.265,5.23261e-310,-759.634,18.3186,723.194,21.1961,-254.464,17.2197,577.206,23.7514,-715.636,-102.475,-84.1561,22.236,43.4321,-83.088,-65.8683,80.4644,104.216,
0.37839,0.436873,0.35568,0.494229,0,200,0,-5.73279,-4.67069,1.10888,2.32532,-4.53502,-3.53387,4.47623,5.84,0,1311.65,0,1247.32,0,1336.63,0,1184.22,18.4712,46.463,21.1554,45.304,17.4114,46.8705,23.7177,44.0167,34.787,65.4641,-51.6086,-27.6739,84.1717,49.6902,-79.2378,-73.9241,10,6.95271e-310,654.641,6.68183e-310,-276.739,1.4822e-323,496.902,5.23261e-310,-739.241,18.4712,701.104,21.1554,-231.435,17.4114,543.773,23.7177,-695.225,-99.7007,-81.2294,19.2849,40.4403,-78.8699,-61.4585,77.8476,101.565,
0.381829,0.435483,0.360054,0.492983,0,200,0,-5.54866,-4.47738,0.91244,2.12525,-4.25572,-3.24278,4.30019,5.6608,0,1307.86,0,1248.84,0,1331.82,0,1185.59,18.6309,46.3992,21.0924,45.3333,17.6162,46.7939,23.6628,44.0463,32.3589,62.9269,-47.9292,-25.0047,80.4033,45.854,-75.6237,-71.5331,10,6.95271e-310,629.269,6.68183e-310,-250.047,1.4822e-323,458.54,5.23261e-310,-715.331,18.6309,675.668,21.0924,-204.714,17.6162,505.333,23.6628,-671.284,-96.4984,-77.8675,15.8685,36.9609,-74.0124,-56.3962,74.7859,98.4487,
0.385545,0.434045,0.36462,0.49073,0,200,0,-5.30594,-4.22476,0.717041,1.9261,-3.96898,-2.94377,4.0665,5.4214,0,1303.78,0,1250.43,0,1326.79,0,1188.07,18.8032,46.3297,21.0272,45.3636,17.8297,46.713,23.5635,44.0995,29.5914,59.5957,-44.0301,-22.3489,76.1084,41.9146,-71.2352,-68.3502,10,6.95271e-310,595.957,6.68183e-310,-223.489,1.4822e-323,419.146,5.23261e-310,-683.502,18.8032,642.287,21.0272,-178.125,17.8297,465.859,23.5635,-639.402,-92.2773,-73.4741,12.4703,33.4975,-69.0257,-51.196,70.7218,94.2853,
0.389367,0.432259,0.369438,0.488034,0,200,0,-5.04237,-3.95101,0.501812,1.70622,-3.65519,-2.61705,3.80738,5.15544,0,1299.57,0,1252.39,0,1321.49,0,1191.04,18.9802,46.2575,20.9462,45.4011,18.0546,46.6265,23.4445,44.1628,26.5874,55.9819,-39.782,-19.4203,71.3575,37.6068,-66.4757,-64.8179,10,6.95271e-310,559.819,6.68183e-310,-194.203,1.4822e-323,376.068,5.23261e-310,-648.179,18.9802,606.076,20.9462,-148.802,18.0546,422.694,23.4445,-604.016,-87.6934,-68.7133,8.72716,29.6733,-63.5685,-45.5139,66.2153,89.6598,
0.39343,0.430366,0.374207,0.484918,0,200,0,-4.74723,-3.64507,0.281699,1.48116,-3.34549,-2.29458,3.52259,4.86273,0,1295.1,0,1254.47,0,1316.25,0,1194.47,19.1679,46.18,20.8602,45.4407,18.2767,46.5399,23.3068,44.2357,23.2134,51.9388,-35.4361,-16.4242,66.5331,33.3552,-61.3935,-60.9334,10,6.95271e-310,519.388,6.68183e-310,-164.242,1.4822e-323,333.552,5.23261e-310,-609.334,19.1679,565.568,20.8602,-118.801,18.2767,380.092,23.3068,-565.098,-82.5605,-63.3925,4.89912,25.7593,-58.1825,-39.9058,61.2625,84.5692,
0.397864,0.428316,0.379109,0.48149,0,200,0,-4.42139,-3.30747,0.0466045,1.24071,-3.02905,-1.96503,3.21193,4.54335,0,1290.23,0,1256.73,0,1310.86,0,1198.24,19.3725,46.0945,20.767,45.4833,18.5046,46.4497,23.155,44.3153,19.3951,47.4764,-30.866,-13.2237,61.5391,29.0108,-55.9495,-56.6954,10,6.95271e-310,474.764,6.68183e-310,-132.237,1.4822e-323,290.108,5.23261e-310,-566.954,19.3725,520.859,20.767,-86.7535,18.5046,336.558,23.155,-522.639,-76.8938,-57.5213,0.810513,21.5775,-52.6791,-34.1745,55.8597,79.0147,
0.402382,0.425823,0.383951,0.477739,0,200,0,-4.07924,-2.95335,-0.208731,0.978848,-2.69984,-1.6229,2.88655,4.2084,0,1285.26,0,1259.47,0,1305.53,0,1202.36,19.5806,46.0065,20.6535,45.5349,18.7293,46.3596,22.9886,44.4018,15.1978,42.7929,-26.0553,-9.74342,56.4118,24.4956,-50.3084,-52.2539,10,6.95271e-310,427.929,6.68183e-310,-97.4342,1.4822e-323,244.956,5.23261e-310,-522.539,19.5806,473.936,20.6535,-51.8992,18.7293,291.315,22.9886,-478.138,-70.9433,-51.3627,-3.6301,17.0234,-46.9537,-28.2244,50.2008,73.1895,
0.407176,0.423798,0.388852,0.473653,0,200,0,-3.70717,-2.56861,-0.445605,0.736668,-2.39685,-1.30686,2.52905,3.84045,0,1279.98,0,1261.7,0,1300.14,0,1206.86,19.8009,45.9121,20.5613,45.5767,18.9563,46.2672,22.807,44.4954,10.8978,37.7021,-21.4489,-6.51918,51.2192,20.333,-44.3885,-47.3744,10,6.95271e-310,377.021,6.68183e-310,-65.1918,1.4822e-323,203.33,5.23261e-310,-473.744,19.8009,422.933,20.5613,-19.6151,18.9563,249.597,22.807,-429.249,-64.4724,-44.6715,-7.74966,12.8116,-41.6843,-22.728,43.9835,66.7905,
0.41209,0.421485,0.393766,0.469182,0,200,0,-3.31483,-2.16332,-0.696946,0.479263,-2.08558,-0.982529,2.14934,3.44929,0,1274.58,0,1264.24,0,1294.73,0,1211.78,20.0262,45.8143,20.4558,45.6241,19.1834,46.1735,22.6079,44.5969,6.26461,32.3365,-16.6576,-3.09541,45.8226,16.059,-38.2157,-42.1896,10,6.95271e-310,323.365,6.68183e-310,-30.9541,1.4822e-323,160.59,5.23261e-310,-421.896,20.0262,369.18,20.4558,14.67,19.1834,206.764,22.6079,-377.299,-57.6492,-37.623,-12.1208,8.335,-36.2709,-17.0875,37.3798,59.9876,
0.417387,0.418813,0.398775,0.464413,0,200,0,-2.89448,-1.72904,-0.974282,0.194912,-1.76143,-0.645092,1.74477,3.03248,0,1268.75,0,1267.18,0,1289.22,0,1217.02,20.2686,45.7076,20.3338,45.6786,19.4145,46.0769,22.3949,44.7042,1.04365,26.5878,-11.5603,0.684416,40.2527,11.6101,-31.7028,-36.6649,10,6.95271e-310,265.878,6.68183e-310,6.84416,1.4822e-323,116.101,5.23261e-310,-366.649,20.2686,311.585,20.3338,52.5228,19.4145,162.178,22.3949,-321.945,-50.3389,-30.0702,-16.944,3.38977,-30.6335,-11.219,30.3438,52.7387,
0.422744,0.416428,0.403856,0.459247,0,200,0,-2.45469,-1.27518,-1.2384,-0.0754716,-1.45304,-0.323255,1.31016,2.58457,0,1262.86,0,1269.81,0,1283.63,0,1222.7,20.5132,45.5983,20.2248,45.727,19.6484,45.9776,22.1637,44.8193,-4.1757,20.5763,-6.60886,4.28164,34.4659,7.37289,-24.9798,-30.729,10,6.95271e-310,205.763,6.68183e-310,42.8164,1.4822e-323,73.7289,5.23261e-310,-307.29,20.5132,251.361,20.2248,88.5434,19.6484,119.707,22.1637,-262.471,-42.6903,-22.1771,-21.5374,-1.31255,-25.2702,-5.62182,22.7854,44.9491,
0.428292,0.414247,0.408914,0.454178,0,200,0,-2.01104,-0.816999,-1.4996,-0.342408,-1.16181,-0.0186745,0.869628,2.13096,0,1256.75,0,1272.2,0,1278.07,0,1228.28,20.7659,45.4838,20.125,45.771,19.8806,45.8777,21.9362,44.9311,-9.52643,14.5101,-1.80074,7.83642,28.8111,3.36768,-18.2998,-24.7145,10,6.95271e-310,145.101,6.68183e-310,78.3642,1.4822e-323,33.6768,5.23261e-310,-247.145,20.7659,190.585,20.125,124.135,19.8806,79.5545,21.9362,-202.213,-34.9746,-14.2087,-26.08,-5.95493,-20.2054,-0.324774,15.124,37.0602,
0.433925,0.41167,0.413935,0.448833,0,200,0,-1.55586,-0.347105,-1.78138,-0.630981,-0.860327,0.296042,0.413495,1.661,0,1250.56,0,1275.04,0,1272.55,0,1234.16,21.0218,45.3661,20.007,45.8227,20.1108,45.7773,21.6957,45.0477,-15.2493,8.28769,3.20289,11.675,23.0001,-0.774937,-11.4695,-18.4851,10,6.95271e-310,82.8769,6.68183e-310,116.75,1.4822e-323,-7.74937,5.23261e-310,-184.851,21.0218,128.243,20.007,162.572,20.1108,38.0279,21.6957,-139.803,-27.0584,-6.03661,-30.9806,-10.9736,-14.9622,5.14856,7.19122,28.8869,
0.439006,0.409621,0.418957,0.443404,0,200,0,-1.12344,0.0985452,-2.02909,-0.884087,-0.582204,0.587367,-0.0445277,1.1889,0,1244.97,0,1277.29,0,1267.02,0,1240.13,21.252,45.2587,19.9131,45.8636,20.3404,45.6757,21.4509,45.1648,-20.2427,2.38106,7.7644,15.0459,17.0022,-4.60236,-4.9208,-12.2285,10,6.95271e-310,23.8106,6.68183e-310,150.459,1.4822e-323,-46.0236,5.23261e-310,-122.285,21.252,69.0693,19.9131,196.323,20.3404,-0.347906,21.4509,-77.1205,-19.5382,1.71383,-35.2885,-15.3754,-10.1253,10.2151,-0.774394,20.6765,
0.445514,0.407056,0.424026,0.437987,0,200,0,-0.629661,0.609238,-2.33291,-1.19468,-0.298078,0.884792,-0.535346,0.683993,0,1237.81,0,1280.11,0,1261.45,0,1246.09,21.5461,45.1195,19.7954,45.9145,20.5717,45.572,21.2059,45.2804,-26.9118,-4.37431,12.835,19.1814,11.3512,-8.51115,2.22487,-5.52979,10,6.95271e-310,-43.7431,6.68183e-310,191.814,1.4822e-323,-85.1115,5.23261e-310,-55.2979,21.5461,1.37637,19.7954,237.729,20.5717,-39.5395,21.2059,-10.0175,-10.9506,10.5954,-40.5724,-20.777,-5.18396,15.3877,-9.31036,11.8955,
0.451398,0.404875,0.428927,0.432547,0,200,0,-0.164391,1.08975,-2.60516,-1.47268,-0.0381437,1.15756,-1.01886,0.18629,0,1231.34,0,1282.51,0,1256.06,0,1252.07,21.8112,44.9919,19.6952,45.9576,20.7948,45.4706,20.9592,45.3951,-32.9012,-10.7353,17.4551,22.8853,5.66203,-12.0909,8.99313,1.07133,10,6.95271e-310,-107.353,6.68183e-310,228.853,1.4822e-323,-120.909,5.23261e-310,10.7133,21.8112,-62.3613,19.6952,274.811,20.7948,-75.4387,20.9592,56.1083,-2.85898,18.9522,-45.3071,-25.6119,-0.663369,20.1314,-17.7194,3.23982,
0.457414,0.402934,0.433805,0.427154,0,200,0,0.303265,1.57295,-2.87053,-1.74319,0.203846,1.41228,-1.50989,-0.318833,0,1224.72,0,1284.65,0,1250.69,0,1258.01,22.0815,44.8599,19.6059,45.9957,21.0163,45.3686,20.7141,45.5074,-38.9546,-17.13,21.8946,26.4929,0.0736205,-15.4282,15.7124,7.77328,10,6.95271e-310,-171.3,6.68183e-310,264.929,1.4822e-323,-154.282,5.23261e-310,77.7328,22.0815,-126.44,19.6059,310.924,21.0163,-108.913,20.7141,123.24,5.27417,27.3556,-49.9222,-30.3163,3.54514,24.5615,-26.259,-5.54492,
0.463238,0.400645,0.438599,0.421821,0,200,0,0.75321,2.0379,-3.15215,-2.03087,0.456033,1.67696,-1.9925,-0.815406,0,1218.31,0,1287.17,0,1245.42,0,1263.87,22.3424,44.7305,19.5006,46.0405,21.2336,45.2674,20.4711,45.6172,-45.0506,-23.2827,26.4094,30.325,-5.56734,-18.9013,22.2517,14.3611,10,6.95271e-310,-232.827,6.68183e-310,303.25,1.4822e-323,-189.013,5.23261e-310,143.611,22.3424,-188.096,19.5006,349.29,21.2336,-143.745,20.4711,189.228,13.0993,35.4417,-54.82,-35.3194,7.93101,29.1646,-34.6521,-14.181,
0.469134,0.398631,0.443308,0.416512,0,200,0,1.20468,2.50451,-3.42194,-2.30599,0.68635,1.91953,-2.48142,-1.31827,0,1211.83,0,1289.38,0,1240.24,0,1269.71,22.6057,44.598,19.4079,46.0797,21.4465,45.1669,20.2286,45.7253,-51.1576,-29.4565,30.6903,33.9933,-11.0701,-22.078,28.7188,21.0341,10,6.95271e-310,-294.565,6.68183e-310,339.933,1.4822e-323,-220.78,5.23261e-310,210.341,22.6057,-249.967,19.4079,386.013,21.4465,-175.613,20.2286,256.066,20.951,43.5567,-59.5121,-40.1042,11.9365,33.3831,-43.1551,-22.9265,
0.474779,0.396834,0.447898,0.411323,0,200,0,1.63851,2.9528,-3.67702,-2.56584,0.900097,2.14518,-2.96192,-1.81243,0,1205.62,0,1291.36,0,1235.19,0,1275.42,22.8571,44.4697,19.325,46.1145,21.6536,45.068,19.9911,45.8296,-56.9755,-35.3884,34.7081,37.46,-16.4749,-25.0293,34.9182,27.592,10,6.95271e-310,-353.884,6.68183e-310,374.6,1.4822e-323,-250.293,5.23261e-310,275.92,22.8571,-309.414,19.325,420.714,21.6536,-205.225,19.9911,321.75,28.4959,51.353,-63.9482,-44.6232,15.6539,37.3075,-51.5117,-31.5206,
0.48016,0.394964,0.452285,0.406205,0,200,0,2.05502,3.38304,-3.92933,-2.8231,1.10658,2.36301,-3.43129,-2.2953,0,1199.7,0,1293.42,0,1230.36,0,1281.05,23.0961,44.3461,19.2388,46.1505,21.8511,44.9726,19.7563,45.9313,-62.6666,-41.0824,38.5942,40.8904,-21.7755,-27.8793,40.8766,33.9991,10,6.95271e-310,-410.824,6.68183e-310,408.904,1.4822e-323,-278.793,5.23261e-310,339.991,23.0961,-366.478,19.2388,455.055,21.8511,-233.82,19.7563,385.923,35.7395,58.8355,-68.3361,-49.0974,19.2448,41.0959,-59.6746,-39.9183,
0.485241,0.393562,0.456359,0.401304,0,200,0,2.45261,3.79357,-4.14824,-3.04573,1.27736,2.54432,-3.88401,-2.76098,0,1194.11,0,1294.96,0,1225.88,0,1286.44,23.3211,44.2281,19.174,46.1774,22.0341,44.8831,19.5309,46.0276,-67.9417,-46.5166,41.9973,43.8633,-26.6999,-30.2431,46.4622,40.1786,10,6.95271e-310,-465.166,6.68183e-310,438.633,1.4822e-323,-302.431,5.23261e-310,401.786,23.3211,-420.938,19.174,484.811,22.0341,-257.548,19.5309,447.814,42.6541,65.9752,-72.1432,-52.9692,22.2149,44.249,-67.5479,-48.017,
0.489927,0.392483,0.460278,0.396702,0,200,0,2.8211,4.17396,-4.34389,-3.24425,1.42883,2.7059,-4.31371,-3.20287,0,1188.96,0,1296.14,0,1221.57,0,1291.5,23.5281,44.1184,19.1242,46.1981,22.2099,44.7964,19.3189,46.117,-72.6938,-51.5525,45.0567,46.5176,-31.4186,-32.3442,51.6268,46.0435,10,6.95271e-310,-515.525,6.68183e-310,465.176,1.4822e-323,-323.442,5.23261e-310,460.435,23.5281,-471.406,19.1242,511.374,22.2099,-278.645,19.3189,506.552,49.0626,72.5907,-75.5459,-56.4217,24.8493,47.0592,-75.021,-55.7021,
0.494445,0.391609,0.463825,0.392495,0,200,0,3.16737,4.53168,-4.52174,-3.42442,1.55556,2.84176,-4.71558,-3.6159,0,1183.99,0,1297.11,0,1217.67,0,1296.13,23.7272,44.0116,19.0838,46.2148,22.3686,44.7174,19.1248,46.1979,-77.2578,-56.286,47.7759,48.9288,-35.6086,-34.1059,56.3964,51.5272,10,6.95271e-310,-562.86,6.68183e-310,489.288,1.4822e-323,-341.059,5.23261e-310,515.272,23.7272,-518.849,19.0838,535.502,22.3686,-296.341,19.1248,561.469,55.0846,78.8118,-78.639,-59.5552,27.0533,49.4219,-82.01,-62.8853,
0.498724,0.390985,0.466965,0.388636,0,200,0,3.49166,4.86679,-4.67605,-3.58039,1.65474,2.949,-5.08958,-4.00017,0,1179.28,0,1297.79,0,1214.21,0,1300.38,23.9152,43.9097,19.055,46.2267,22.5089,44.6469,18.9463,46.2713,-81.556,-60.7196,50.113,51.0185,-39.2681,-35.4899,60.7689,56.6299,10,6.95271e-310,-607.196,6.68183e-310,510.185,1.4822e-323,-354.899,5.23261e-310,566.299,23.9152,-563.286,19.055,556.412,22.5089,-310.252,18.9463,612.57,60.7245,84.6398,-81.3226,-62.2676,28.7781,51.287,-88.5145,-69.5681,
0.502702,0.390338,0.469842,0.385125,0,200,0,3.78762,5.17278,-4.82378,-3.72984,1.74708,3.04872,-5.43346,-4.35339,0,1174.9,0,1298.5,0,1211.05,0,1304.24,24.0898,43.8142,19.0251,46.239,22.6373,44.582,18.7838,46.3376,-85.6028,-64.7668,52.2791,53.0201,-42.6144,-36.7777,64.7619,61.3211,10,6.95271e-310,-647.668,6.68183e-310,530.201,1.4822e-323,-367.777,5.23261e-310,613.211,24.0898,-603.853,19.0251,576.44,22.6373,-323.195,18.7838,659.549,65.8717,89.9615,-83.8918,-64.8668,30.3839,53.0212,-94.4949,-75.7112,
0.506357,0.389919,0.472622,0.381913,0,200,0,4.05804,5.4524,-4.9547,-3.86188,1.82886,3.13762,-5.75429,-4.68279,0,1170.88,0,1298.97,0,1207.99,0,1307.77,24.2498,43.7258,19.0057,46.247,22.7611,44.5189,18.6348,46.3977,-89.1996,-68.4647,54.213,54.7914,-45.7917,-37.9216,68.4074,65.6971,10,6.95271e-310,-684.647,6.68183e-310,547.914,1.4822e-323,-379.216,5.23261e-310,656.971,24.2498,-640.921,19.0057,594.161,22.7611,-334.697,18.6348,703.368,70.5746,94.8244,-86.1688,-67.1631,31.8062,54.5673,-100.075,-81.4398,
0.510001,0.389703,0.474599,0.378929,0,200,0,4.32533,5.72884,-5.0563,-3.96405,1.86559,3.17942,-6.05108,-4.98754,0,1166.88,0,1299.2,0,1205.82,0,1311.05,24.4089,43.6372,18.9957,46.2511,22.8491,44.4738,18.4963,46.4531,-92.9361,-72.1201,55.667,56.1642,-48.0261,-38.4464,71.7883,69.7454,10,6.95271e-310,-721.201,6.68183e-310,561.642,1.4822e-323,-384.464,5.23261e-310,697.454,24.4089,-677.563,18.9957,607.893,22.8491,-339.99,18.4963,743.907,75.2231,99.632,-87.9357,-68.94,32.4451,55.2942,-105.236,-86.7398,
0.512697,0.389763,0.476517,0.376401,0,200,0,4.53535,5.94563,-5.12894,-4.03653,1.89938,3.2181,-6.29946,-5.24268,0,1163.91,0,1299.14,0,1203.71,0,1313.84,24.5265,43.5712,18.9985,46.25,22.9343,44.4299,18.3788,46.4997,-95.5185,-74.9898,56.8212,57.1424,-50.2474,-38.9303,74.4956,73.134,10,6.95271e-310,-749.898,6.68183e-310,571.424,1.4822e-323,-389.303,5.23261e-310,731.34,24.5265,-706.327,18.9985,617.673,22.9343,-344.874,18.3788,777.84,78.8757,103.402,-89.199,-70.2006,33.0326,55.967,-109.556,-91.1771,
0.515406,0.390087,0.478123,0.374207,0,200,0,4.73541,6.15247,-5.18291,-4.08963,1.9096,3.23242,-6.52746,-5.47655,0,1160.93,0,1298.78,0,1201.94,0,1316.25,24.6444,43.5046,19.0134,46.2438,23.0057,44.393,18.2767,46.5399,-98.0265,-77.7253,57.6774,57.8645,-51.9372,-39.0921,76.9635,76.2426,10,6.95271e-310,-777.253,6.68183e-310,578.645,1.4822e-323,-390.921,5.23261e-310,762.426,24.6444,-733.748,19.0134,624.888,23.0057,-346.528,18.2767,808.965,82.355,106.999,-90.1375,-71.1241,33.2104,56.2161,-113.521,-95.2443,
0.517814,0.390698,0.479405,0.372506,0,200,0,4.90626,6.32933,-5.21212,-4.11723,1.89945,3.22555,-6.71768,-5.67132,0,1158.28,0,1298.11,0,1200.53,0,1318.12,24.7491,43.4452,19.0417,46.2322,23.0626,44.3635,18.1975,46.5709,-100.101,-80.0626,58.1841,58.2485,-53.1059,-38.9744,78.9822,78.834,10,6.95271e-310,-800.626,6.68183e-310,582.485,1.4822e-323,-389.744,5.23261e-310,788.34,24.7491,-757.181,19.0417,628.717,23.0626,-345.38,18.1975,834.911,85.3262,110.075,-90.6456,-71.6039,33.0339,56.0965,-116.829,-98.6317,
0.519828,0.391752,0.480436,0.371127,0,200,0,5.05306,6.48116,-5.20659,-4.10889,1.86431,3.19304,-6.87926,-5.8366,0,1156.07,0,1296.95,0,1199.4,0,1319.64,24.8365,43.3952,19.0904,46.2121,23.1083,44.3397,18.1333,46.596,-101.583,-82.0702,58.2904,58.157,-53.9054,-38.5161,80.6063,81.0342,10,6.95271e-310,-820.702,6.68183e-310,581.57,1.4822e-323,-385.161,5.23261e-310,810.342,24.8365,-777.306,19.0904,627.782,23.1083,-340.821,18.1333,856.938,87.8793,112.716,-90.5494,-71.459,32.4228,55.5311,-119.639,-101.506,
0.52147,0.39325,0.481286,0.370325,0,200,0,5.16497,6.59717,-5.17087,-4.0692,1.81011,3.14101,-7.00023,-5.95972,0,1154.26,0,1295.3,0,1198.46,0,1320.52,24.9077,43.3544,19.1596,46.1834,23.146,44.32,18.0959,46.6105,-102.409,-83.602,58.0199,57.6517,-54.2732,-37.7983,81.7242,82.6778,10,6.95271e-310,-836.02,6.68183e-310,576.517,1.4822e-323,-377.983,5.23261e-310,826.778,24.9077,-792.666,19.1596,622.7,23.146,-333.663,18.0959,873.388,89.8256,114.733,-89.9283,-70.7686,31.4803,54.6263,-121.743,-103.647,
0.522764,0.395168,0.481766,0.369725,0,200,0,5.26124,6.69666,-5.09813,-3.99137,1.72518,3.0573,-7.0978,-6.0589,0,1152.84,0,1293.19,0,1197.93,0,1321.18,24.9638,43.3221,19.2482,46.1466,23.1672,44.3089,18.068,46.6213,-102.774,-84.918,57.3258,56.6407,-54.2005,-36.6606,82.5228,84.0026,10,6.95271e-310,-849.18,6.68183e-310,566.407,1.4822e-323,-366.606,5.23261e-310,840.026,24.9638,-805.858,19.2482,612.553,23.1672,-322.297,18.068,886.647,91.4998,116.464,-88.6632,-69.415,30.0031,53.1703,-123.44,-105.372,
0.523747,0.397421,0.482125,0.369402,0,200,0,5.33702,6.77489,-5.00086,-3.88812,1.6252,2.95823,-7.17281,-6.13477,0,1151.75,0,1290.71,0,1197.54,0,1321.53,25.0064,43.2976,19.3521,46.1031,23.1832,44.3006,18.0529,46.6272,-102.646,-85.9535,56.3605,55.2937,-53.9072,-35.3184,83.0146,85.0188,10,6.95271e-310,-859.535,6.68183e-310,552.937,1.4822e-323,-353.184,5.23261e-310,850.188,25.0064,-816.238,19.3521,599.04,23.1832,-308.883,18.0529,896.815,92.8178,117.824,-86.9715,-67.6194,28.2643,51.4475,-124.745,-106.692,
0.524502,0.39983,0.482293,0.369438,0,200,0,5.39044,6.83018,-4.88923,-3.7701,1.51543,2.84889,-7.21988,-6.18174,0,1150.92,0,1288.06,0,1197.35,0,1321.49,25.0391,43.2787,19.4631,46.0564,23.1906,44.2967,18.0546,46.6265,-102.199,-86.6842,55.1938,53.7507,-53.2915,-33.8414,83.1915,85.6526,10,6.95271e-310,-866.842,6.68183e-310,537.507,1.4822e-323,-338.414,5.23261e-310,856.526,25.0391,-823.563,19.4631,583.563,23.1906,-294.117,18.0546,903.152,93.7467,118.786,-85.03,-65.5669,26.3553,49.5459,-125.563,-107.509,
0.524861,0.40261,0.482209,0.369869,0,200,0,5.41588,6.85652,-4.74731,-3.62082,1.38507,2.71832,-7.23341,-6.19411,0,1150.53,0,1285,0,1197.45,0,1321.02,25.0546,43.2697,19.5911,46.0021,23.1869,44.2986,18.0747,46.6187,-101.177,-87.0323,53.6679,51.7937,-52.2888,-32.0832,82.948,85.8279,10,6.95271e-310,-870.323,6.68183e-310,517.937,1.4822e-323,-320.832,5.23261e-310,858.279,25.0546,-827.054,19.5911,563.939,23.1869,-276.533,18.0747,904.898,94.1893,119.244,-82.5619,-62.9709,24.0882,47.2751,-125.798,-107.724,
0.525005,0.405354,0.48185,0.371032,0,200,0,5.40101,6.84201,-4.60307,-3.46933,1.25385,2.58618,-7.19547,-6.15306,0,1150.37,0,1281.99,0,1197.84,0,1319.74,25.0609,43.2661,19.7172,45.9481,23.171,44.307,18.1289,46.5977,-99.8779,-86.8339,51.9917,49.8062,-50.737,-30.3091,82.2009,85.2977,10,6.95271e-310,-868.339,6.68183e-310,498.062,1.4822e-323,-303.091,5.23261e-310,852.977,25.0609,-825.073,19.7172,544.01,23.171,-258.784,18.1289,899.575,93.9306,118.991,-80.0534,-60.3362,21.806,44.977,-125.139,-107.01,
0.524789,0.408902,0.481286,0.372697,0,200,0,5.35844,6.7989,-4.40848,-3.26537,1.08487,2.41576,-7.12472,-6.07785,0,1150.61,0,1278.08,0,1198.46,0,1317.91,25.0515,43.2715,19.8801,45.8779,23.146,44.32,18.2064,46.5674,-97.7986,-86.257,49.7393,47.1273,-48.6958,-28.0232,80.9722,84.3171,10,6.95271e-310,-862.57,6.68183e-310,471.273,1.4822e-323,-280.232,5.23261e-310,843.171,25.0515,-819.299,19.8801,517.151,23.146,-235.912,18.2064,889.739,93.1902,118.242,-76.6692,-56.7891,18.8672,42.0132,-123.908,-105.702,
0.524274,0.412413,0.480184,0.37519,0,200,0,5.26948,6.70866,-4.20464,-3.05228,0.904168,2.23225,-6.99037,-5.93682,0,1151.17,0,1274.22,0,1199.67,0,1315.17,25.0292,43.2844,20.0411,45.8078,23.0971,44.3455,18.3225,46.5219,-95.4342,-85.0507,47.2083,44.3245,-45.8364,-25.5713,79.1209,82.4658,10,6.95271e-310,-850.507,6.68183e-310,443.245,1.4822e-323,-255.713,5.23261e-310,824.658,25.0292,-807.222,20.0411,489.053,23.0971,-211.367,18.3225,871.18,91.6431,116.672,-73.1242,-53.0831,15.7247,38.8218,-121.572,-103.249,
0.523052,0.416092,0.478926,0.37827,0,200,0,5.12717,6.56331,-3.98113,-2.81909,0.720291,2.04517,-6.80355,-5.74178,0,1152.52,0,1270.17,0,1201.06,0,1311.78,24.9763,43.3149,20.2095,45.7338,23.0413,44.3745,18.4657,46.4652,-92.2092,-83.1151,44.4249,41.2542,-42.7524,-23.0742,76.6372,79.8981,10,6.95271e-310,-831.151,6.68183e-310,412.542,1.4822e-323,-230.742,5.23261e-310,798.981,24.9763,-787.837,20.2095,458.275,23.0413,-186.368,18.4657,845.446,89.1682,114.144,-69.237,-49.0276,12.5268,35.5681,-118.323,-99.857,
0.521254,0.420095,0.47702,0.381734,0,200,0,4.95099,6.38265,-3.71788,-2.54532,0.499663,1.81967,-6.57231,-5.50129,0,1154.5,0,1265.77,0,1203.15,0,1307.97,24.8984,43.3598,20.3924,45.6525,22.9567,44.4184,18.6265,46.401,-88.4162,-80.7149,41.1071,37.6433,-38.9943,-20.0721,73.6067,76.7254,10,6.95271e-310,-807.149,6.68183e-310,376.433,1.4822e-323,-200.721,5.23261e-310,767.254,24.8984,-763.789,20.3924,422.085,22.9567,-156.303,18.6265,813.655,86.1042,111.003,-64.6588,-44.2664,8.68979,31.6465,-114.301,-95.6745,
0.51924,0.424254,0.475007,0.38594,0,200,0,4.73265,6.15929,-3.44828,-2.26482,0.274623,1.58949,-6.29551,-5.21327,0,1156.71,0,1261.2,0,1205.37,0,1303.34,24.811,43.4098,20.582,45.5673,22.8672,44.4645,18.8215,46.3223,-84.218,-77.7432,37.5899,33.9446,-34.8333,-17.0089,70.0585,72.927,10,6.95271e-310,-777.432,6.68183e-310,339.446,1.4822e-323,-170.089,5.23261e-310,729.27,24.811,-734.022,20.582,385.013,22.8672,-125.625,18.8215,775.592,82.307,107.118,-59.9701,-39.3881,4.77605,27.6433,-109.487,-90.6656,
0.516388,0.428652,0.473101,0.389715,0,200,0,4.49803,5.91754,-3.15055,-1.95557,0.0451387,1.35513,-6.02535,-4.93307,0,1159.85,0,1256.36,0,1207.46,0,1299.19,24.6871,43.4804,20.7822,45.4763,22.7825,44.508,18.9962,46.2509,-79.1639,-74.5399,33.9099,29.8632,-31.2488,-13.8874,66.3745,69.2251,10,6.95271e-310,-745.399,6.68183e-310,298.632,1.4822e-323,-138.874,5.23261e-310,692.251,24.6871,-701.919,20.7822,344.108,22.7825,-94.3659,18.9962,738.502,78.2266,102.914,-54.7922,-34.01,0.78502,23.5675,-104.789,-85.7924,
0.513428,0.433134,0.470477,0.394844,0,200,0,4.20107,5.61317,-2.84405,-1.63736,-0.210205,1.09306,-5.66838,-4.56247,0,1163.1,0,1251.43,0,1210.35,0,1293.55,24.5583,43.5533,20.9859,45.3827,22.6656,44.5676,19.2332,46.1528,-73.9349,-70.4948,29.7747,25.6626,-26.362,-10.4065,61.8056,64.3318,10,6.95271e-310,-704.948,6.68183e-310,256.626,1.4822e-323,-104.065,5.23261e-310,643.318,24.5583,-661.394,20.9859,302.008,22.6656,-59.497,19.2332,689.47,73.0621,97.6204,-49.4617,-28.4759,-3.65575,19.0098,-98.5805,-79.3473,
0.510528,0.43788,0.467936,0.39995,0,200,0,3.9062,5.31103,-2.52876,-1.30971,-0.477383,0.819372,-5.32128,-4.20183,0,1166.3,0,1246.21,0,1213.15,0,1287.93,24.4319,43.6243,21.201,45.2826,22.5523,44.6251,19.4686,46.054,-68.66,-66.4785,25.5133,21.3397,-21.5355,-6.76721,57.2448,59.5721,10,6.95271e-310,-664.785,6.68183e-310,213.397,1.4822e-323,-67.6721,5.23261e-310,595.721,24.4319,-621.161,21.201,258.679,22.5523,-23.0471,19.4686,641.775,67.9338,92.3657,-43.9785,-22.7775,-8.30232,14.2499,-92.544,-73.0754,
0.506585,0.442697,0.4653,0.404791,0,200,0,3.57638,4.97131,-2.18822,-0.956632,-0.747725,0.54226,-4.96208,-3.82983,0,1170.63,0,1240.91,0,1216.05,0,1282.61,24.2597,43.7203,21.4189,45.18,22.4345,44.6844,19.6913,45.9592,-62.4508,-61.976,21.0402,16.6756,-17.1217,-3.08378,52.3403,54.6539,10,6.95271e-310,-619.76,6.68183e-310,166.756,1.4822e-323,-30.8378,5.23261e-310,546.539,24.2597,-576.04,21.4189,211.936,22.4345,13.8466,19.6913,592.498,62.1979,86.4576,-38.056,-16.6371,-13.0039,9.43061,-86.2971,-66.6057,
0.503098,0.447623,0.462519,0.411035,0,200,0,3.20032,4.58648,-1.86446,-0.620094,-1.02548,0.257353,-4.54106,-3.39233,0,1174.47,0,1235.49,0,1219.1,0,1275.74,24.1071,43.8047,21.6412,45.0739,22.3102,44.7466,19.9779,45.8354,-56.4294,-56.8567,16.3978,12.2364,-11.7737,0.70188,46.8184,48.8806,10,6.95271e-310,-568.567,6.68183e-310,122.364,1.4822e-323,7.0188,5.23261e-310,488.806,24.1071,-524.763,21.6412,167.437,22.3102,51.7654,19.9779,534.642,55.6578,79.7648,-32.4254,-10.7842,-17.8345,4.4757,-78.975,-58.997,
0.498616,0.45274,0.460086,0.416452,0,200,0,2.81208,4.18694,-1.51515,-0.25754,-1.29546,-0.0188904,-4.1502,-2.98721,0,1179.4,0,1229.86,0,1221.78,0,1269.78,23.9105,43.9123,21.8716,44.9626,22.2013,44.8007,20.2259,45.7265,-49.4445,-51.5586,11.6886,7.45016,-7.50511,4.37753,41.3245,43.5273,10,6.95271e-310,-515.586,6.68183e-310,74.5016,1.4822e-323,43.7753,5.23261e-310,435.273,23.9105,-471.673,21.8716,119.464,22.2013,88.576,20.2259,480.999,48.9058,72.8163,-26.3505,-4.47896,-22.5298,-0.328529,-72.1774,-51.9515,
0.494086,0.458085,0.456935,0.423283,0,200,0,2.35973,3.72314,-1.15506,0.116356,-1.60345,-0.335001,-3.67619,-2.49526,0,1184.38,0,1223.98,0,1225.25,0,1262.26,23.7113,44.0201,22.1116,44.8451,22.06,44.8705,20.5378,45.5873,-42.3278,-45.3953,6.41849,2.51546,-1.91358,8.57642,34.8843,37.0315,10,6.95271e-310,-453.953,6.68183e-310,25.1546,1.4822e-323,85.7642,5.23261e-310,370.315,23.7113,-409.932,22.1116,69.9996,22.06,130.635,20.5378,415.902,41.0388,64.7502,-20.088,2.02358,-27.8861,-5.82611,-63.9337,-43.3959,
0.489412,0.463478,0.454022,0.429874,0,200,0,1.90451,3.25607,-0.796794,0.488509,-1.90611,-0.645182,-3.2206,-2.02242,0,1189.52,0,1218.05,0,1228.45,0,1255.01,23.5053,44.1305,22.3531,44.7252,21.9292,44.9345,20.8378,45.4509,-35.078,-39.1908,1.17615,-2.39494,3.23243,12.7,28.5032,30.7883,10,6.95271e-310,-391.908,6.68183e-310,-23.9494,1.4822e-323,127,5.23261e-310,307.883,23.5053,-347.778,22.3531,20.7757,21.9292,171.935,20.8378,353.334,33.1219,56.6272,-13.8573,8.49581,-33.1498,-11.2206,-56.0104,-35.1726,
0.484307,0.469146,0.451242,0.436058,0,200,0,1.4426,2.78118,-0.418717,0.881143,-2.21681,-0.963072,-2.78612,-1.57181,0,1195.14,0,1211.81,0,1231.51,0,1248.21,23.2797,44.2499,22.6063,44.5977,21.8042,44.9953,21.1185,45.3212,-27.3856,-32.8896,-4.24909,-7.57613,7.90044,16.9301,22.1212,24.8365,10,6.95271e-310,-328.896,6.68183e-310,-75.7613,1.4822e-323,169.301,5.23261e-310,248.365,23.2797,-284.646,22.6063,-31.1635,21.8042,214.297,21.1185,293.686,25.0886,48.3684,-7.28203,15.3242,-38.5533,-16.7491,-48.4543,-27.3358,
0.478986,0.474587,0.448498,0.443776,0,200,0,0.892014,2.21704,-0.0720134,1.24178,-2.50708,-1.26044,-2.26782,-1.03344,0,1200.99,0,1205.83,0,1234.53,0,1239.72,23.044,44.3731,22.8486,44.4741,21.6806,45.055,21.4676,45.1568,-19.3371,-25.3896,-9.68187,-12.3306,13.0503,20.8843,14.7771,17.7319,10,6.95271e-310,-253.896,6.68183e-310,-123.306,1.4822e-323,208.843,5.23261e-310,177.319,23.044,-209.523,22.8486,-78.8321,21.6806,253.898,21.4676,222.476,15.5133,38.5572,-1.25241,21.5962,-43.6014,-21.9207,-39.4404,-17.9728,
0.473401,0.479693,0.446065,0.451002,0,200,0,0.340175,1.65093,0.256244,1.58307,-2.77007,-1.52974,-1.77553,-0.522414,0,1207.14,0,1200.21,0,1237.2,0,1231.77,22.7958,44.5011,23.0753,44.3568,21.5709,45.1076,21.7934,45.0005,-11.2357,-17.8684,-14.8522,-16.8311,17.4634,24.4662,7.61196,10.9861,10,6.95271e-310,-178.684,6.68183e-310,-168.311,1.4822e-323,244.662,5.23261e-310,109.861,22.7958,-134.183,23.0753,-123.954,21.5709,289.77,21.7934,154.862,5.91608,28.7119,4.45641,27.5317,-48.1751,-26.6042,-30.8789,-9.08546,
0.467648,0.484462,0.443201,0.458492,0,200,0,-0.235695,1.06032,0.572042,1.91102,-3.0405,-1.8076,-1.25913,0.0133352,0,1213.46,0,1194.97,0,1240.36,0,1223.53,22.5394,44.6315,23.2866,44.2463,21.4417,45.1692,22.1298,44.836,-3.30181,-10.0204,-20.1199,-21.1583,22.225,28.155,0.120765,3.91197,10,6.95271e-310,-100.204,6.68183e-310,-211.583,1.4822e-323,281.55,5.23261e-310,39.1197,22.5394,-55.5726,23.2866,-167.337,21.4417,326.72,22.1298,83.9558,-4.09905,18.4404,9.94856,33.2352,-52.8782,-31.4365,-21.8979,0.231917,
0.461788,0.489448,0.440732,0.466043,0,200,0,-0.829183,0.451772,0.886798,2.23845,-3.30277,-2.07629,-0.752547,0.539347,0,1219.91,0,1189.48,0,1243.07,0,1215.23,22.2775,44.7629,23.5069,44.1296,21.3301,45.222,22.4677,44.6677,4.89837,-1.93286,-25.4047,-25.4744,26.559,31.728,-7.44204,-3.02999,10,6.95271e-310,-19.3286,6.68183e-310,-254.744,1.4822e-323,317.28,5.23261e-310,-30.2999,22.2775,25.4342,23.5069,-210.614,21.3301,362.502,22.4677,14.3678,-14.4206,7.85691,15.4226,38.9295,-57.4394,-36.1094,-13.0878,9.37995,
0.456012,0.493247,0.438407,0.473293,0,200,0,-1.41679,-0.150729,1.13566,2.49694,-3.50853,-2.2881,-0.255566,1.05492,0,1226.26,0,1185.3,0,1245.63,0,1207.25,22.0185,44.8908,23.6744,44.04,21.2249,45.2715,22.791,44.5036,12.4433,6.07467,-29.9691,-28.8846,30.4106,34.537,-14.7563,-9.83728,10,6.95271e-310,60.7467,6.68183e-310,-288.846,1.4822e-323,345.37,5.23261e-310,-98.3728,22.0185,105.637,23.6744,-244.806,21.2249,390.642,22.791,-53.8692,-24.6399,-2.62137,19.7506,43.425,-61.0178,-39.793,-4.44463,18.3464,
0.450199,0.497285,0.436322,0.480472,0,200,0,-2.01021,-0.759171,1.38934,2.76084,-3.71575,-2.50076,0.225805,1.55462,0,1232.66,0,1180.86,0,1247.92,0,1199.36,21.7573,45.018,23.8521,43.944,21.1304,45.3156,23.1099,44.3389,20.1212,14.1614,-34.6125,-32.363,33.9641,37.3623,-22.0571,-16.4324,10,6.95271e-310,141.614,6.68183e-310,-323.63,1.4822e-323,373.623,5.23261e-310,-164.324,21.7573,186.632,23.8521,-279.686,21.1304,418.939,23.1099,-119.985,-34.9602,-13.203,24.1625,48.0146,-64.6218,-43.4914,3.92704,27.0369,
0.444771,0.501612,0.43444,0.486859,0,200,0,-2.55421,-1.31724,1.6539,3.03631,-3.93499,-2.72489,0.645423,1.9905,0,1238.63,0,1176.1,0,1249.99,0,1192.33,21.5125,45.1355,24.042,43.8404,21.0451,45.3553,23.3926,44.1903,27.4235,21.5766,-39.2675,-35.9919,37.1099,40.3463,-28.7478,-22.1828,10,6.95271e-310,215.766,6.68183e-310,-359.919,1.4822e-323,403.463,5.23261e-310,-221.828,21.5125,260.902,24.042,-316.079,21.0451,448.818,23.3926,-177.638,-44.421,-22.9085,28.7634,52.8054,-68.4346,-47.3895,11.2247,34.6174,
0.439402,0.505051,0.432666,0.494433,0,200,0,-3.15823,-1.93521,1.8505,3.24158,-4.10736,-2.90189,1.12996,2.49425,0,1244.53,0,1172.32,0,1251.94,0,1184,21.2699,45.2503,24.1926,43.7575,20.9647,45.3925,23.7266,44.0119,34.4561,29.8003,-43.4466,-38.6919,40.489,42.697,-36.057,-28.8252,10,6.95271e-310,298.003,6.68183e-310,-386.919,1.4822e-323,426.97,5.23261e-310,-288.252,21.2699,343.253,24.1926,-343.162,20.9647,472.363,23.7266,-244.24,-54.9257,-33.6558,32.1827,56.3753,-71.4324,-50.4677,19.6515,43.3782,
0.434129,0.508503,0.431061,0.501312,0,200,0,-3.73142,-2.52214,2.04883,3.44858,-4.27707,-3.0758,1.56925,2.9509,0,1250.33,0,1168.52,0,1253.71,0,1176.43,21.031,45.3618,24.3435,43.6737,20.8917,45.4262,24.0288,43.8476,41.2874,37.6073,-47.5432,-41.4152,43.4005,45.0094,-42.9276,-34.8467,10,6.95271e-310,376.073,6.68183e-310,-414.152,1.4822e-323,450.094,5.23261e-310,-348.467,21.031,421.435,24.3435,-370.478,20.8917,495.52,24.0288,-304.619,-64.8942,-43.8632,35.6319,59.9754,-74.3839,-53.4922,27.2912,51.3201,
0.429083,0.511654,0.429706,0.508191,0,200,0,-4.2999,-3.1038,2.22003,3.62768,-4.42444,-3.22671,1.99928,3.39825,0,1255.88,0,1165.06,0,1255.2,0,1168.87,20.8019,45.4674,24.481,43.5968,20.8302,45.4544,24.3299,43.6813,47.8053,45.3478,-51.3399,-43.7682,46.0634,47.0167,-49.6593,-40.7428,10,6.95271e-310,453.478,6.68183e-310,-437.682,1.4822e-323,470.167,5.23261e-310,-407.428,20.8019,498.945,24.481,-394.085,20.8302,515.621,24.3299,-363.746,-74.7809,-53.9791,38.6091,63.0902,-76.9468,-56.1166,34.7701,59.1,
0.424134,0.514471,0.428616,0.514938,0,200,0,-4.86438,-3.68123,2.3664,3.78111,-4.54575,-3.35087,2.41693,3.83281,0,1261.33,0,1161.96,0,1256.4,0,1161.44,20.5766,45.5698,24.6037,43.5277,20.7806,45.4771,24.6241,43.5162,54.1112,53.033,-54.8262,-45.7816,48.3641,48.6687,-56.2297,-46.4694,10,6.95271e-310,530.33,6.68183e-310,-457.816,1.4822e-323,486.687,5.23261e-310,-464.694,20.5766,575.9,24.6037,-414.288,20.7806,532.164,24.6241,-421.178,-84.5979,-64.0213,41.1547,65.7584,-79.0566,-58.276,42.0336,66.6576,
0.419891,0.517263,0.427513,0.521218,0,200,0,-5.37145,-4.19943,2.50479,3.92648,-4.67744,-3.48544,2.79346,4.22503,0,1266,0,1158.89,0,1257.61,0,1154.54,20.3831,45.6567,24.7252,43.4588,20.7305,45.5,24.8968,43.3607,59.6168,59.9337,-58.1606,-47.6871,50.7016,50.4608,-62.2253,-51.6346,10,6.95271e-310,599.337,6.68183e-310,-476.871,1.4822e-323,504.608,5.23261e-310,-516.346,20.3831,644.994,24.7252,-433.412,20.7305,550.108,24.8968,-472.985,-93.4165,-73.0335,43.5615,68.2867,-81.3469,-60.6164,48.5819,73.4788,
0.414954,0.519492,0.426698,0.527318,0,200,0,-5.91589,-4.75684,2.62053,4.04779,-4.7617,-3.57183,3.17502,4.62177,0,1271.43,0,1156.43,0,1258.51,0,1147.83,20.1574,45.7567,24.822,43.4036,20.6934,45.5169,25.1609,43.208,65.5806,67.3492,-61.2019,-49.2791,52.3265,51.6091,-68.379,-56.8643,10,6.95271e-310,673.492,6.68183e-310,-492.791,1.4822e-323,516.091,5.23261e-310,-568.643,20.1574,719.249,24.822,-449.387,20.6934,561.608,25.1609,-525.435,-102.885,-82.7276,45.5744,70.3964,-82.8122,-62.1188,55.2177,80.3786,
0.410867,0.521697,0.426075,0.533046,0,200,0,-6.40043,-5.25214,2.72132,4.15408,-4.846,-3.65776,3.5154,4.97636,0,1275.92,0,1154.01,0,1259.19,0,1141.52,19.9702,45.8387,24.9176,43.3487,20.665,45.5297,25.408,43.0632,70.7134,73.9443,-63.9587,-50.6691,53.9011,52.755,-73.8942,-61.5334,10,6.95271e-310,739.443,6.68183e-310,-506.691,1.4822e-323,527.55,5.23261e-310,-615.334,19.9702,785.282,24.9176,-463.342,20.665,573.08,25.408,-572.271,-111.312,-91.3415,47.3273,72.2449,-84.2782,-63.6132,61.1374,86.5454,
0.407128,0.523735,0.42562,0.538379,0,200,0,-6.85129,-5.71287,2.80923,4.24706,-4.91899,-3.73195,3.82668,5.30082,0,1280.04,0,1151.77,0,1259.69,0,1135.66,19.7987,45.9131,25.0059,43.2979,20.6443,45.5392,25.6373,42.927,75.4295,80.0802,-66.4609,-51.8831,55.2417,53.7459,-78.9861,-65.8041,10,6.95271e-310,800.802,6.68183e-310,-518.831,1.4822e-323,537.459,5.23261e-310,-658.041,19.7987,846.715,25.0059,-475.533,20.6443,582.998,25.6373,-615.114,-119.153,-99.3542,48.8561,73.862,-85.5477,-64.9035,66.5509,92.1882,
0.403641,0.525125,0.42532,0.543353,0,200,0,-7.27513,-6.14592,2.8621,4.30339,-4.95796,-3.7717,4.12037,5.60677,0,1283.87,0,1150.24,0,1260.02,0,1130.19,19.6385,45.9819,25.066,43.2631,20.6306,45.5453,25.8504,42.799,79.639,85.848,-68.454,-52.6155,56.2835,54.2757,-83.6998,-69.8323,10,6.95271e-310,858.48,6.68183e-310,-526.155,1.4822e-323,542.757,5.23261e-310,-698.323,19.6385,904.461,25.066,-482.892,20.6306,588.303,25.8504,-655.524,-126.524,-106.885,49.7756,74.8416,-86.2254,-65.5947,71.6585,97.509,
0.400621,0.526479,0.425236,0.548123,0,200,0,-7.66654,-6.54532,2.90365,4.34832,-4.98985,-3.80381,4.39061,5.88874,0,1287.19,0,1148.75,0,1260.12,0,1124.94,19.4995,46.041,25.1246,43.2291,20.6268,45.5471,26.0543,42.6752,83.4274,91.1715,-70.2183,-53.1949,57.1928,54.7069,-88.0349,-73.5414,10,6.95271e-310,911.715,6.68183e-310,-531.949,1.4822e-323,547.069,5.23261e-310,-735.414,19.4995,957.755,25.1246,-488.72,20.6268,592.616,26.0543,-692.739,-133.331,-113.832,50.4983,75.6229,-86.78,-66.1532,76.3585,102.413,
0.398008,0.52751,0.42538,0.552509,0,200,0,-8.02049,-6.90619,2.92343,4.37066,-4.99993,-3.81351,4.63443,6.1433,0,1290.07,0,1147.62,0,1259.96,0,1120.12,19.3791,46.0917,25.1692,43.2032,20.6334,45.5441,26.2412,42.5605,86.7309,95.9836,-71.5818,-53.4761,57.8369,54.8406,-91.8956,-76.8885,10,6.95271e-310,959.836,6.68183e-310,-534.761,1.4822e-323,548.406,5.23261e-310,-768.885,19.3791,1005.93,25.1692,-491.558,20.6334,593.95,26.2412,-726.325,-139.487,-120.108,50.8423,76.0114,-86.9553,-66.322,80.5987,106.84,
0.395767,0.528169,0.42574,0.556476,0,200,0,-8.33687,-7.22851,2.92074,4.36961,-4.98601,-3.79865,4.85217,6.37073,0,1292.53,0,1146.89,0,1259.56,0,1115.75,19.2758,46.1351,25.1976,43.1866,20.6497,45.5367,26.4098,42.4561,89.5639,100.284,-72.5253,-53.4493,58.2001,54.6473,-95.2754,-79.8782,10,6.95271e-310,1002.84,6.68183e-310,-534.493,1.4822e-323,546.473,5.23261e-310,-798.782,19.2758,1048.97,25.1976,-491.306,20.6497,592.01,26.4098,-756.326,-144.989,-125.713,50.7955,75.9931,-86.7132,-66.0635,84.3855,110.795,
0.393981,0.528768,0.426351,0.559939,0,200,0,-8.60706,-7.50344,2.91053,4.36088,-4.96104,-3.77209,5.03353,6.56054,0,1294.5,0,1146.23,0,1258.89,0,1111.94,19.1934,46.1694,25.2235,43.1715,20.6776,45.524,26.5567,42.3644,91.9826,103.954,-73.1861,-53.3201,58.2935,54.3013,-98.0859,-82.3703,10,6.95271e-310,1039.54,6.68183e-310,-533.201,1.4822e-323,543.013,5.23261e-310,-823.703,19.1934,1085.71,25.2235,-490.029,20.6776,588.537,26.5567,-781.339,-149.688,-130.495,50.6178,75.8413,-86.279,-65.6015,87.5396,114.096,
0.392627,0.529056,0.427322,0.562959,0,200,0,-8.83621,-7.73619,2.87786,4.32892,-4.90713,-3.71563,5.1844,6.71876,0,1295.99,0,1145.91,0,1257.82,0,1108.62,19.1309,46.1954,25.2359,43.1642,20.7217,45.504,26.6845,42.284,93.9621,107.064,-73.3728,-52.8839,58.0016,53.5595,-100.339,-84.4454,10,6.95271e-310,1070.64,6.68183e-310,-528.839,1.4822e-323,535.595,5.23261e-310,-844.454,19.1309,1116.84,25.2359,-485.674,20.7217,581.099,26.6845,-802.17,-153.673,-134.542,50.0497,75.2856,-85.3414,-64.6197,90.1635,116.848,
0.391561,0.529175,0.428652,0.565476,0,200,0,-9.02998,-7.93279,2.83308,4.28444,-4.82901,-3.63403,5.3026,6.84308,0,1297.16,0,1145.78,0,1256.36,0,1105.85,19.0816,46.2157,25.2411,43.1612,20.7822,45.4763,26.7909,42.2167,95.689,109.693,-73.2001,-52.282,57.2701,52.486,-102.071,-86.073,10,6.95271e-310,1096.93,6.68183e-310,-522.82,1.4822e-323,524.86,5.23261e-310,-860.73,19.0816,1143.14,25.2411,-479.659,20.7822,570.336,26.7909,-818.513,-157.043,-137.962,49.2709,74.512,-83.9829,-63.2006,92.2192,119.01,
0.390854,0.528972,0.430545,0.567621,0,200,0,-9.19242,-8.09711,2.76127,4.21213,-4.7093,-3.50937,5.39268,6.93836,0,1297.94,0,1146.01,0,1254.28,0,1103.49,19.0489,46.2292,25.2323,43.1663,20.8683,45.4369,26.8814,42.1591,97.1256,111.893,-72.4694,-51.3113,55.9648,50.843,-103.278,-87.3164,10,6.95271e-310,1118.93,6.68183e-310,-513.113,1.4822e-323,508.43,5.23261e-310,-873.164,19.0489,1165.16,25.2323,-469.946,20.8683,553.867,26.8814,-831.005,-159.868,-140.819,48.0221,73.2544,-81.9009,-61.0326,93.7857,120.667,
0.390398,0.528516,0.432223,0.569311,0,200,0,-9.31652,-8.22242,2.68466,4.13438,-4.59282,-3.38851,5.46337,7.01315,0,1298.44,0,1146.51,0,1252.43,0,1101.63,19.0278,46.2379,25.2126,43.1778,20.9445,45.4018,26.9526,42.1136,98.1134,113.573,-71.6113,-50.2722,54.7583,49.247,-104.131,-88.2922,10,6.95271e-310,1135.73,6.68183e-310,-502.722,1.4822e-323,492.47,5.23261e-310,-882.922,19.0278,1181.97,25.2126,-459.544,20.9445,537.872,26.9526,-840.809,-162.026,-142.999,46.6897,71.9023,-79.8751,-58.9306,95.0152,121.968,
0.39029,0.527701,0.434404,0.570617,0,200,0,-9.40857,-8.31475,2.58075,4.02845,-4.43635,-3.22635,5.50721,7.06015,0,1298.56,0,1147.4,0,1250.03,0,1100.2,19.0228,46.2399,25.1774,43.1983,21.0435,45.356,27.0076,42.0784,98.7892,114.816,-70.2053,-48.8601,53.0226,47.1043,-104.471,-88.9009,10,6.95271e-310,1148.16,6.68183e-310,-488.601,1.4822e-323,471.043,5.23261e-310,-889.009,19.0228,1194.4,25.1774,-445.403,21.0435,516.399,27.0076,-846.931,-163.627,-144.604,44.8826,70.0601,-77.1539,-56.1104,95.7776,122.785,
0.390458,0.526527,0.436765,0.571564,0,200,0,-9.46998,-8.37572,2.45666,3.90145,-4.25694,-3.04079,5.53153,7.08675,0,1298.37,0,1148.7,0,1247.43,0,1099.16,19.0306,46.2367,25.1267,43.2279,21.1505,45.3062,27.0474,42.0528,99.1049,115.641,-68.4236,-47.1709,51.043,44.6497,-104.415,-89.2415,10,6.95271e-310,1156.41,6.68183e-310,-471.709,1.4822e-323,446.497,5.23261e-310,-892.415,19.0306,1202.65,25.1267,-428.481,21.1505,491.804,27.0474,-850.362,-164.695,-145.665,42.7245,67.8512,-74.0338,-52.8833,96.2005,123.248,
0.390961,0.524609,0.439378,0.572175,0,200,0,-9.49917,-8.40357,2.29042,3.73043,-4.034,-2.81104,5.54099,7.09769,0,1297.82,0,1150.81,0,1244.56,0,1098.48,19.0539,46.2272,25.0438,43.276,21.2688,45.2508,27.0731,42.0363,98.8834,116.026,-65.9998,-44.9029,48.7294,41.6045,-103.924,-89.3774,10,6.95271e-310,1160.26,6.68183e-310,-449.029,1.4822e-323,416.045,5.23261e-310,-893.774,19.0539,1206.49,25.0438,-405.753,21.2688,461.296,27.0731,-851.737,-165.203,-146.149,39.8334,64.8771,-70.1565,-48.8877,96.365,123.438,
0.39198,0.522536,0.442146,0.572534,0,200,0,-9.48826,-8.38995,2.10875,3.5436,-3.80176,-2.57161,5.52911,7.08668,0,1296.7,0,1153.09,0,1241.52,0,1098.09,19.101,46.2077,24.954,43.3278,21.394,45.1918,27.0882,42.0265,98.1633,115.863,-63.2797,-42.4247,46.3465,38.4318,-103.003,-89.2221,10,6.95271e-310,1158.63,6.68183e-310,-424.247,1.4822e-323,384.318,5.23261e-310,-892.221,19.101,1204.84,24.954,-380.919,21.394,429.509,27.0882,-850.195,-165.013,-145.912,36.6739,61.6279,-66.1176,-44.7236,96.1584,123.247,
0.393634,0.520199,0.44507,0.572582,0,200,0,-9.42762,-8.32492,1.90518,3.33421,-3.55662,-2.31887,5.49235,7.05004,0,1294.88,0,1155.66,0,1238.3,0,1098.04,19.1773,46.1761,24.8527,43.386,21.5261,45.129,27.0902,42.0252,96.7875,115.019,-60.1724,-39.6475,43.9019,35.0828,-101.556,-88.7273,10,6.95271e-310,1150.19,6.68183e-310,-396.475,1.4822e-323,350.828,5.23261e-310,-887.273,19.1773,1196.37,24.8527,-353.089,21.5261,395.957,27.0902,-845.248,-163.959,-144.781,33.1335,57.9862,-61.8543,-40.3282,95.5192,122.609,
0.395767,0.517683,0.44815,0.572283,0,200,0,-9.32525,-8.21689,1.68653,3.10928,-3.30069,-2.05495,5.43014,6.9871,0,1292.53,0,1158.43,0,1234.91,0,1098.36,19.2758,46.1351,24.7434,43.4484,21.665,45.0625,27.0776,42.0333,94.9249,113.605,-56.7669,-36.6644,41.3331,31.5861,-99.6417,-87.8848,10,6.95271e-310,1136.05,6.68183e-310,-366.644,1.4822e-323,315.861,5.23261e-310,-878.848,19.2758,1182.19,24.7434,-323.196,21.665,360.923,27.0776,-836.814,-162.178,-142.902,29.331,54.0743,-57.4032,-35.7383,94.4372,121.515,
0.39832,0.514854,0.451362,0.571552,0,200,0,-9.18106,-8.06593,1.44865,2.86432,-3.02858,-1.77453,5.34139,6.89658,0,1289.72,0,1161.54,0,1231.38,0,1099.17,19.3935,46.0857,24.6204,43.5182,21.8096,44.9927,27.0469,42.0531,92.5582,111.621,-53.0141,-33.4175,38.5882,27.8696,-97.2414,-86.6786,10,6.95271e-310,1116.21,6.68183e-310,-334.175,1.4822e-323,278.696,5.23261e-310,-866.786,19.3935,1162.3,24.6204,-290.657,21.8096,323.688,27.0469,-824.733,-159.671,-140.277,25.1939,49.8143,-52.671,-30.8614,92.8937,119.941,
0.401591,0.511774,0.454957,0.569874,0,200,0,-8.9576,-7.83381,1.19229,2.60025,-2.73294,-1.4696,5.19025,6.74138,0,1286.13,0,1164.92,0,1227.42,0,1101.01,19.5442,46.022,24.4863,43.5938,21.9712,44.914,26.9763,42.0985,89.4753,108.557,-48.74,-29.9178,35.3622,23.8301,-93.86,-84.6186,10,6.95271e-310,1085.57,6.68183e-310,-299.178,1.4822e-323,238.301,5.23261e-310,-846.186,19.5442,1131.6,24.4863,-255.584,21.9712,283.215,26.9763,-804.088,-155.784,-136.24,20.7355,45.2217,-47.5294,-25.5582,90.2651,117.241,
0.404587,0.508838,0.457953,0.567944,0,200,0,-8.73317,-7.60146,0.962701,2.36329,-2.47334,-1.20226,5.03747,6.58394,0,1282.83,0,1168.15,0,1224.13,0,1103.14,19.682,45.9632,24.3581,43.6656,22.1057,44.848,26.895,42.1504,86.4486,105.485,-44.8973,-26.7809,32.5146,20.2856,-90.5968,-82.5332,10,6.95271e-310,1054.85,6.68183e-310,-267.809,1.4822e-323,202.856,5.23261e-310,-825.332,19.682,1100.81,24.3581,-224.143,22.1057,247.703,26.895,-783.182,-151.881,-132.199,16.7426,41.1008,-43.0146,-20.9089,87.6082,114.503,
0.408219,0.505123,0.461285,0.56544,0,200,0,-8.45222,-7.31092,0.683603,2.07486,-2.16835,-0.88869,4.84919,6.38958,0,1278.84,0,1172.24,0,1220.46,0,1105.89,19.8487,45.8915,24.1958,43.7557,22.255,44.7741,26.7894,42.2177,82.5737,101.641,-40.3065,-22.9652,29.2412,16.1244,-86.6111,-79.9613,10,6.95271e-310,1016.41,6.68183e-310,-229.652,1.4822e-323,161.244,5.23261e-310,-799.613,19.8487,1062.3,24.1958,-185.896,22.255,206.018,26.7894,-757.396,-146.995,-127.146,11.8887,36.0845,-37.7104,-15.4555,84.3338,111.123,
0.412557,0.501684,0.464928,0.562432,0,200,0,-8.11312,-6.96038,0.40605,1.78864,-1.86862,-0.579586,4.6119,6.14498,0,1274.06,0,1176.02,0,1216.46,0,1109.2,20.0477,45.8049,24.0451,43.8387,22.4179,44.6927,26.6622,42.298,78.2009,97.0017,-35.5707,-19.1742,25.7732,12.0295,-81.9606,-76.7219,10,6.95271e-310,970.017,6.68183e-310,-191.742,1.4822e-323,120.295,5.23261e-310,-767.219,20.0477,1015.82,24.0451,-147.903,22.4179,164.988,26.6622,-724.921,-141.098,-121.05,7.06174,31.1069,-32.4977,-10.0798,80.207,106.869,
0.416392,0.498004,0.467792,0.559052,0,200,0,-7.78013,-6.6173,0.145134,1.51844,-1.59429,-0.297908,4.37869,5.90355,0,1269.84,0,1180.07,0,1213.3,0,1112.92,20.2232,45.7277,23.8837,43.9269,22.5458,44.6283,26.5191,42.3879,73.8468,92.4534,-31.1807,-15.6038,22.6571,8.28897,-77.4849,-73.5321,10,6.95271e-310,924.534,6.68183e-310,-156.038,1.4822e-323,82.8897,5.23261e-310,-735.321,20.2232,970.261,23.8837,-112.111,22.5458,127.518,26.5191,-692.934,-135.307,-115.083,2.52407,26.4077,-27.7269,-5.18102,76.1512,102.67,
0.42103,0.49417,0.470884,0.554918,0,200,0,-7.37296,-6.19795,-0.132461,1.23115,-1.31131,-0.00699676,4.08843,5.60319,0,1264.74,0,1184.29,0,1209.9,0,1117.47,20.435,45.6334,23.715,44.0181,22.6837,44.5584,26.3437,42.4972,68.6605,86.8928,-26.4171,-11.8061,19.2921,4.42841,-72.1558,-69.5628,10,6.95271e-310,868.928,6.68183e-310,-118.061,1.4822e-323,44.2841,5.23261e-310,-695.628,20.435,914.562,23.715,-74.0424,22.6837,88.8425,26.3437,-653.131,-128.225,-107.79,-2.30366,21.4114,-22.8054,-0.121683,71.1032,97.4468,
0.426279,0.490143,0.473928,0.551143,0,200,0,-6.95131,-5.76253,-0.437127,0.916285,-1.02949,0.282621,3.80458,5.31011,0,1258.97,0,1188.72,0,1206.55,0,1121.62,20.6743,45.5255,23.5376,44.1133,22.8193,44.4891,26.183,42.5963,62.8208,81.1277,-21.5002,-7.64044,16.2658,0.584305,-66.7717,-65.6847,10,6.95271e-310,811.277,6.68183e-310,-76.4044,1.4822e-323,5.84305,5.23261e-310,-656.847,20.6743,856.802,23.5376,-32.2911,22.8193,50.3322,26.183,-614.251,-120.892,-100.218,-7.60221,15.9354,-17.9041,4.91515,66.1667,92.3497,
0.431013,0.486068,0.477092,0.546624,0,200,0,-6.52991,-5.32876,-0.730038,0.613027,-0.736658,0.583536,3.48824,4.98268,0,1253.76,0,1193.2,0,1203.07,0,1126.59,20.8896,45.4272,23.3577,44.2088,22.9599,44.4167,25.9903,42.7142,57.3447,75.3744,-16.608,-3.63232,12.6111,-3.40976,-61.203,-61.358,10,6.95271e-310,753.744,6.68183e-310,-36.3232,1.4822e-323,-34.0976,5.23261e-310,-613.58,20.8896,799.171,23.3577,7.88558,22.9599,10.3191,25.9903,-570.866,-113.564,-92.6741,-12.6963,10.6613,-12.8114,10.1484,60.665,86.6553,
0.436382,0.481886,0.479741,0.541279,0,200,0,-6.03489,-4.81974,-1.01748,0.314937,-0.474135,0.852819,3.12339,4.60469,0,1247.86,0,1197.8,0,1200.16,0,1132.47,21.1331,45.3143,23.1725,44.3061,23.0775,44.3557,25.7617,42.8525,50.9113,68.6193,-11.7608,0.303953,9.31484,-6.98757,-54.9617,-56.3658,10,6.95271e-310,686.193,6.68183e-310,3.03953,1.4822e-323,-69.8757,5.23261e-310,-563.658,21.1331,731.508,23.1725,47.3457,23.0775,-25.52,25.7617,-520.805,-104.955,-83.8215,-17.6954,5.47716,-8.24582,14.8316,54.3198,80.0815,
0.442709,0.477631,0.482197,0.536606,0,200,0,-5.52182,-4.2902,-1.3334,-0.0118301,-0.227823,1.10539,2.77318,4.24294,0,1240.9,0,1202.48,0,1197.46,0,1137.61,21.4195,45.1797,22.9838,44.4043,23.1864,44.2989,25.5611,42.9724,43.531,61.6065,-6.86613,4.62526,6.75192,-10.3439,-48.7133,-51.5798,10,6.95271e-310,616.065,6.68183e-310,46.2526,1.4822e-323,-103.439,5.23261e-310,-515.798,21.4195,661.245,22.9838,90.6569,23.1864,-59.1405,25.5611,-472.826,-96.0316,-74.6122,-23.1896,-0.205741,-3.96215,19.2242,48.2292,73.7903,
0.44827,0.473437,0.484594,0.530482,0,200,0,-4.98873,-3.74269,-1.61339,-0.30254,0.0154357,1.35475,2.35952,3.81412,0,1234.78,0,1207.1,0,1194.82,0,1144.35,21.6704,45.0599,22.7974,44.5003,23.2925,44.2432,25.2974,43.1282,36.6111,54.3362,-2.14413,8.46167,3.37363,-13.6582,-42.0348,-45.9178,10,6.95271e-310,543.362,6.68183e-310,84.6167,1.4822e-323,-136.582,5.23261e-310,-459.178,21.6704,588.422,22.7974,129.117,23.2925,-92.3388,25.2974,-416.05,-86.7606,-65.0902,-28.059,-5.26157,0.268447,23.5609,41.0351,66.3326,
0.454813,0.469063,0.486776,0.525281,0,200,0,-4.45015,-3.18717,-1.93119,-0.631545,0.247174,1.59204,1.97403,3.41571,0,1227.58,0,1211.91,0,1192.42,0,1150.07,21.9647,44.9172,22.6025,44.5996,23.389,44.1923,25.0728,43.2592,28.6984,46.9772,2.64818,12.8106,0.83275,-16.8139,-35.4835,-40.6481,10,6.95271e-310,469.772,6.68183e-310,128.106,1.4822e-323,-168.139,5.23261e-310,-406.481,21.9647,514.689,22.6025,172.706,23.389,-123.947,25.0728,-363.221,-77.3938,-55.4291,-33.5859,-10.9834,4.29868,27.6876,34.3309,59.4037,
0.462519,0.464796,0.488837,0.518569,0,200,0,-3.78853,-2.5057,-2.24171,-0.953021,0.451093,1.80119,1.48009,2.90505,0,1219.1,0,1216.6,0,1190.16,0,1157.45,22.3102,44.7466,22.412,44.6956,23.48,44.144,24.7819,43.4265,19.4239,37.943,7.53957,17.0602,-1.79344,-19.5928,-27.5895,-33.8947,10,6.95271e-310,379.43,6.68183e-310,170.602,1.4822e-323,-195.928,5.23261e-310,-338.947,22.3102,424.176,22.412,215.297,23.48,-151.784,24.7819,-295.52,-65.8875,-43.5773,-38.9863,-16.5743,7.84509,31.325,25.7407,50.5226,
0.469027,0.460698,0.490454,0.512829,0,200,0,-3.23513,-1.93557,-2.52929,-1.25115,0.638004,1.99221,1.06208,2.47268,0,1211.95,0,1221.11,0,1188.38,0,1163.76,22.6009,44.6004,22.2287,44.7871,23.5513,44.1059,24.5322,43.568,11.2582,30.386,11.8255,20.9982,-4.0702,-22.1359,-20.9171,-28.178,10,6.95271e-310,303.86,6.68183e-310,209.982,1.4822e-323,-221.359,5.23261e-310,-281.78,22.6009,348.46,22.2287,254.769,23.5513,-177.253,24.5322,-238.212,-56.2631,-33.6621,-43.9877,-21.7591,11.0957,34.6471,18.4709,43.0031,
0.476948,0.456863,0.492228,0.506334,0,200,0,-2.58441,-1.26459,-2.82369,-1.55543,0.802974,2.16167,0.561187,1.95549,0,1203.23,0,1225.33,0,1186.43,0,1170.91,22.9535,44.42,22.0567,44.872,23.6295,44.0641,24.2487,43.7264,1.75625,21.4969,16.2292,25.0243,-6.29702,-24.3856,-13.1935,-21.3328,10,6.95271e-310,214.969,6.68183e-310,250.243,1.4822e-323,-243.856,5.23261e-310,-213.328,22.9535,259.389,22.0567,295.115,23.6295,-199.791,24.2487,-169.602,-44.9463,-21.9928,-49.1077,-27.0509,13.9648,37.5943,9.75978,34.0085,
0.483635,0.453219,0.493618,0.499119,0,200,0,-1.96533,-0.628451,-3.07007,-1.81121,0.946732,2.30895,0.0478798,1.424,0,1195.88,0,1229.33,0,1184.9,0,1178.85,23.25,44.2655,21.8931,44.9521,23.6908,44.0312,23.9326,43.9002,-6.83771,13.0533,20.1511,28.4004,-8.90672,-26.3436,-5.74669,-14.3092,10,6.95271e-310,130.533,6.68183e-310,284.004,1.4822e-323,-263.436,5.23261e-310,-143.092,23.25,174.798,21.8931,328.956,23.6908,-219.405,23.9326,-99.1922,-34.1796,-10.9296,-53.3925,-31.4994,16.4649,40.1557,0.832692,24.7653,
0.491569,0.449732,0.494793,0.49242,0,200,0,-1.31469,0.0423397,-3.33495,-2.08512,1.06174,2.42693,-0.471086,0.888098,0,1187.15,0,1233.17,0,1183.6,0,1186.21,23.6005,44.0797,21.7362,45.0282,23.7425,44.0034,23.638,44.0596,-16.5927,4.16655,23.9671,32.0238,-10.6889,-27.9109,1.89998,-7.21626,10,6.95271e-310,41.6655,6.68183e-310,320.238,1.4822e-323,-279.109,5.23261e-310,-72.1626,23.6005,85.7452,21.7362,365.266,23.7425,-235.106,23.638,-28.103,-22.8641,0.736343,-57.9992,-36.263,18.465,42.2075,-8.1928,15.4452,
0.499011,0.446496,0.495763,0.485685,0,200,0,-0.69116,0.684692,-3.575,-2.33356,1.15767,2.52531,-0.986268,0.355822,0,1178.96,0,1236.73,0,1182.54,0,1193.62,23.9279,43.9028,21.5904,45.0983,23.7852,43.9803,23.3407,44.2178,-25.9249,-4.34669,27.4237,35.3087,-12.4716,-29.2181,9.25514,-0.173116,10,6.95271e-310,-43.4669,6.68183e-310,353.087,1.4822e-323,-292.181,5.23261e-310,-1.73116,23.9279,0.435886,21.5904,398.186,23.7852,-248.201,23.3407,42.4866,-12.0202,11.9077,-62.174,-40.5836,20.1333,43.9185,-17.1525,6.18821,
0.506441,0.443356,0.496506,0.479009,0,200,0,-0.076781,1.31779,-3.8075,-2.5742,1.23677,2.6063,-1.50098,-0.17589,0,1170.79,0,1240.18,0,1181.72,0,1200.97,24.2534,43.7238,21.4487,45.1658,23.8178,43.9626,23.045,44.3726,-35.3406,-12.7357,30.6555,38.4905,-14.0519,-30.2952,16.4897,6.86338,10,6.95271e-310,-127.357,6.68183e-310,384.905,1.4822e-323,-302.952,5.23261e-310,68.6338,24.2534,-83.6333,21.4487,430.071,23.8178,-258.989,23.045,113.006,-1.33532,22.9181,-66.2173,-44.7686,21.5091,45.3269,-26.104,-3.05896,
0.513812,0.44036,0.497058,0.473125,0,200,0,0.493233,1.9063,-4.0391,-2.81359,1.30339,2.67431,-1.97519,-0.665135,0,1162.68,0,1243.48,0,1181.11,0,1207.44,24.575,43.5439,21.3133,45.2299,23.8421,43.9495,22.7835,44.5074,-44.61,-20.5251,33.6088,41.6582,-15.1587,-31.2011,23.1905,13.3427,10,6.95271e-310,-205.251,6.68183e-310,416.582,1.4822e-323,-312.011,5.23261e-310,133.427,24.575,-161.707,21.3133,461.812,23.8421,-268.062,22.7835,177.935,8.57797,33.153,-70.2453,-48.932,22.6676,46.5097,-34.3511,-11.5676,
0.521026,0.437652,0.497453,0.466007,0,200,0,1.10755,2.53864,-4.23485,-3.01638,1.34179,2.71371,-2.51876,-1.22696,0,1154.75,0,1246.46,0,1180.68,0,1215.27,24.8885,43.3654,21.1907,45.2875,23.8594,43.94,22.4661,44.6685,-53.9699,-28.9087,36.3289,44.3383,-16.6882,-31.7246,30.4097,20.776,10,6.95271e-310,-289.087,6.68183e-310,443.383,1.4822e-323,-317.246,5.23261e-310,207.76,24.8885,-245.722,21.1907,488.67,23.8594,-273.306,22.4661,252.429,19.2618,44.1503,-73.6495,-52.4588,23.3355,47.195,-43.8045,-21.3384,
0.528313,0.435351,0.497669,0.46029,0,200,0,1.65844,3.10766,-4.42522,-3.21275,1.35942,2.73188,-2.99411,-1.71701,0,1146.73,0,1248.99,0,1180.44,0,1221.56,25.2038,43.1829,21.0864,45.3361,23.8689,43.9349,22.2104,44.7962,-63.0451,-36.4377,38.6225,46.9397,-17.3851,-31.9653,36.82,27.2693,10,6.95271e-310,-364.377,6.68183e-310,469.397,1.4822e-323,-319.653,5.23261e-310,272.693,25.2038,-321.194,21.0864,514.733,23.8689,-275.718,22.2104,317.489,28.8425,54.0463,-76.9604,-55.874,23.6421,47.511,-52.0715,-29.8611,
0.535443,0.433469,0.497645,0.453279,0,200,0,2.25892,3.72581,-4.56977,-3.3622,1.33769,2.71009,-3.54215,-2.28314,0,1138.89,0,1251.06,0,1180.47,0,1229.27,25.5111,43.0021,21.0011,45.3757,23.8679,43.9355,21.8958,44.9508,-72.2051,-44.6321,40.5865,48.917,-18.4278,-31.6721,43.7559,34.7623,10,6.95271e-310,-446.321,6.68183e-310,489.17,1.4822e-323,-316.721,5.23261e-310,347.623,25.5111,-403.319,21.0011,534.546,23.8679,-272.786,21.8958,392.574,39.2856,64.7967,-79.4742,-58.4731,23.2642,47.1321,-61.6026,-39.7068,
0.542382,0.431971,0.497417,0.447731,0,200,0,2.78322,4.26723,-4.70455,-3.50089,1.29888,2.6707,-4.00973,-2.76508,0,1131.26,0,1252.71,0,1180.72,0,1235.37,25.8089,42.8241,20.9331,45.4071,23.8579,43.9409,21.646,45.0716,-80.811,-51.7963,42.109,50.7568,-18.6648,-31.1456,49.7452,41.1491,10,6.95271e-310,-517.963,6.68183e-310,507.568,1.4822e-323,-311.456,5.23261e-310,411.491,25.8089,-475.139,20.9331,552.975,23.8579,-267.515,21.646,456.563,48.4038,74.2127,-81.8182,-60.8851,22.5892,46.447,-69.7344,-48.0883,
0.549513,0.430461,0.496962,0.440996,0,200,0,3.36293,4.86446,-4.82505,-3.62534,1.2382,2.60888,-4.54827,-3.3211,0,1123.41,0,1254.37,0,1181.22,0,1242.78,26.1136,42.639,20.8645,45.4387,23.8379,43.9518,21.342,45.2164,-90.0082,-59.7094,43.5598,52.4044,-19.1931,-30.3211,56.3694,48.5111,10,6.95271e-310,-597.094,6.68183e-310,524.044,1.4822e-323,-303.211,5.23261e-310,485.111,26.1136,-554.455,20.8645,569.483,23.8379,-259.26,21.342,530.327,58.4858,84.5994,-83.9139,-63.0494,21.5339,45.3718,-79.1003,-57.7583,
0.556332,0.429479,0.496207,0.435111,0,200,0,3.8921,5.41031,-4.91526,-3.71812,1.14663,2.51539,-5.03593,-3.82409,0,1115.91,0,1255.45,0,1182.05,0,1249.25,26.4037,42.4599,20.8198,45.4591,23.8047,43.9697,21.0756,45.3412,-98.6296,-66.9362,44.4839,53.6356,-19.0916,-29.0758,62.307,55.1747,10,6.95271e-310,-669.362,6.68183e-310,536.356,1.4822e-323,-290.758,5.23261e-310,551.747,26.4037,-626.902,20.8198,581.815,23.8047,-246.788,21.0756,597.088,67.6887,94.0924,-85.4828,-64.663,19.9413,43.746,-87.5814,-66.5059,
0.562959,0.428556,0.49508,0.42967,0,200,0,4.39043,5.9248,-4.9957,-3.80097,1.03857,2.40449,-5.49117,-4.29353,0,1108.62,0,1256.46,0,1183.29,0,1255.24,26.6845,42.284,20.7779,45.4783,23.7551,43.9965,20.8286,45.4552,-107.108,-73.7441,45.1312,54.734,-18.5223,-27.6028,67.8445,61.3948,10,6.95271e-310,-737.441,6.68183e-310,547.34,1.4822e-323,-276.028,5.23261e-310,613.948,26.6845,-695.157,20.7779,592.819,23.7551,-232.032,20.8286,659.404,76.3554,103.04,-86.8817,-66.1038,18.062,41.8172,-95.4986,-74.6701,
0.569071,0.427921,0.493618,0.424817,0,200,0,4.84205,6.39124,-5.05026,-3.85719,0.909332,2.27155,-5.89955,-4.71461,0,1101.9,0,1257.16,0,1184.9,0,1260.58,26.9425,42.1201,20.749,45.4915,23.6908,44.0312,20.6077,45.5557,-114.976,-79.9146,45.3809,55.4793,-17.5039,-25.8395,72.7709,66.9746,10,6.95271e-310,-799.146,6.68183e-310,554.793,1.4822e-323,-258.395,5.23261e-310,669.746,26.9425,-757.026,20.749,600.285,23.6908,-214.364,20.6077,715.302,84.2095,111.152,-87.8306,-67.0816,15.8145,39.5052,-102.601,-81.9932,
0.575135,0.427537,0.491917,0.420323,0,200,0,5.27462,6.83847,-5.08913,-3.89707,0.759621,2.11753,-6.28748,-5.11432,0,1095.23,0,1257.59,0,1186.77,0,1265.52,27.1974,41.9559,20.7315,45.4995,23.6158,44.0715,20.4028,45.6479,-122.709,-85.8273,45.3351,56.0092,-16.0851,-23.7966,77.4191,72.2734,10,6.95271e-310,-858.273,6.68183e-310,560.092,1.4822e-323,-237.966,5.23261e-310,722.734,27.1974,-816.317,20.7315,605.592,23.6158,-193.895,20.4028,768.382,91.7326,118.93,-88.5066,-67.7751,13.2108,36.8266,-109.347,-88.9447,
0.580604,0.427429,0.489975,0.416176,0,200,0,5.66954,7.24656,-5.10062,-3.90884,0.592672,1.94566,-6.64011,-5.47784,0,1089.21,0,1257.7,0,1188.9,0,1270.08,27.4265,41.8066,20.7266,45.5017,23.5302,44.1172,20.2133,45.7321,-129.773,-91.2239,44.9643,56.1658,-14.4345,-21.5179,81.5698,77.0912,10,6.95271e-310,-912.239,6.68183e-310,561.658,1.4822e-323,-215.179,5.23261e-310,770.912,27.4265,-870.433,20.7266,607.159,23.5302,-171.061,20.2133,816.644,98.6006,126.027,-88.7065,-67.9798,10.3073,33.8375,-115.48,-95.2668,
0.585621,0.427585,0.48783,0.412365,0,200,0,6.03337,7.62243,-5.08867,-3.89648,0.409508,1.75705,-6.96201,-5.80978,0,1083.69,0,1257.53,0,1191.26,0,1274.27,27.6359,41.6684,20.7337,45.4985,23.4355,44.1676,20.0389,45.8088,-136.295,-96.1951,44.3053,56.0022,-12.5447,-19.0175,85.2983,81.4899,10,6.95271e-310,-961.951,6.68183e-310,560.022,1.4822e-323,-190.175,5.23261e-310,814.899,27.6359,-920.282,20.7337,605.521,23.4355,-146.007,20.0389,860.708,104.928,132.564,-88.4986,-67.7649,7.12188,30.5574,-121.078,-101.04,
0.590283,0.428029,0.485553,0.408926,0,200,0,6.36875,7.96896,-5.05592,-3.86257,0.212011,1.55377,-7.25504,-6.11187,0,1078.56,0,1257.04,0,1193.77,0,1278.06,27.8298,41.5392,20.7539,45.4893,23.3349,44.2209,19.8812,45.8774,-142.316,-100.778,43.3848,55.5539,-10.4288,-16.3219,88.6388,85.4936,10,6.95271e-310,-1007.78,6.68183e-310,555.539,1.4822e-323,-163.219,5.23261e-310,854.936,27.8298,-966.237,20.7539,601.028,23.3349,-118.998,19.8812,900.813,110.761,138.591,-87.929,-67.1751,3.68716,27.022,-126.175,-106.293,
0.594633,0.428891,0.483168,0.405954,0,200,0,6.67509,8.28568,-4.99758,-3.80197,-0.00419608,1.33149,-7.51653,-6.3812,0,1073.78,0,1256.1,0,1196.39,0,1281.33,28.0103,41.4177,20.7931,45.4714,23.2293,44.2764,19.7448,45.9363,-147.783,-104.964,42.1457,54.7542,-8.0215,-13.3725,91.5601,89.065,10,6.95271e-310,-1049.64,6.68183e-310,547.542,1.4822e-323,-133.725,5.23261e-310,890.65,28.0103,-1008.23,20.7931,593.013,23.2293,-89.4481,19.7448,936.586,116.089,144.099,-86.9144,-66.1212,-0.0729754,23.1564,-130.722,-110.977,
0.5986,0.430509,0.480531,0.403605,0,200,0,6.94859,8.56861,-4.89213,-3.6923,-0.25956,1.06941,-7.7364,-6.60728,0,1069.42,0,1254.32,0,1199.29,0,1283.91,28.1743,41.3063,20.8667,45.4377,23.1125,44.3375,19.6368,45.9826,-152.482,-108.703,40.3451,53.3078,-5.06326,-9.89143,93.9216,92.0657,10,6.95271e-310,-1087.03,6.68183e-310,533.078,1.4822e-323,-98.9143,5.23261e-310,920.657,28.1743,-1045.72,20.8667,578.516,23.1125,-54.5768,19.6368,966.639,120.845,149.019,-85.0805,-64.2138,-4.51409,18.5984,-134.546,-114.909,
0.602195,0.432271,0.477763,0.401735,0,200,0,7.18887,8.81742,-4.77444,-3.57001,-0.521667,0.80024,-7.91814,-6.79396,0,1065.46,0,1252.38,0,1202.34,0,1285.97,28.3226,41.2047,20.9467,45.4008,22.9897,44.4013,19.5508,46.0192,-156.689,-111.989,38.3654,51.6942,-1.85394,-6.31747,95.8516,94.5448,10,6.95271e-310,-1119.89,6.68183e-310,516.942,1.4822e-323,-63.1747,5.23261e-310,945.448,28.3226,-1078.68,20.9467,562.343,22.9897,-18.7734,19.5508,991.468,125.024,153.346,-83.0338,-62.0871,-9.07247,13.9172,-137.707,-118.156,
0.605335,0.43456,0.474887,0.400357,0,200,0,7.39745,9.03344,-4.62297,-3.41256,-0.806339,0.50822,-8.0632,-6.94268,0,1062.01,0,1249.86,0,1205.5,0,1287.48,28.4519,41.1156,21.0506,45.3528,22.8619,44.4672,19.4874,46.0461,-160.14,-114.841,36.0179,49.6172,1.6409,-2.43766,97.2945,96.522,10,6.95271e-310,-1148.41,6.68183e-310,496.172,1.4822e-323,-24.3766,5.23261e-310,965.22,28.4519,-1107.3,21.0506,541.525,22.8619,20.0907,19.4874,1011.27,128.651,157.103,-80.3995,-59.3489,-14.0233,8.83861,-140.23,-120.742,
0.60814,0.437448,0.471915,0.399314,0,200,0,7.58634,9.22895,-4.43487,-3.21693,-1.11883,0.188121,-8.18498,-7.06722,0,1058.92,0,1246.68,0,1208.77,0,1288.63,28.5671,41.0356,21.1815,45.2918,22.7296,44.535,19.4393,46.0664,-162.96,-117.424,33.281,47.0373,5.38423,1.8187,98.3749,98.1799,10,6.95271e-310,-1174.24,6.68183e-310,470.373,1.4822e-323,18.187,5.23261e-310,981.799,28.5671,-1133.2,21.1815,515.665,22.7296,62.7219,19.4393,1027.87,131.936,160.503,-77.1281,-55.9467,-19.458,3.27166,-142.348,-122.908,
0.610572,0.440121,0.468883,0.398655,0,200,0,7.743,9.39134,-4.25487,-3.02998,-1.41917,-0.119987,-8.2708,-7.15478,0,1056.25,0,1243.74,0,1212.1,0,1289.36,28.6668,40.966,21.3024,45.235,22.5945,44.6037,19.409,46.0792,-165.441,-119.567,30.5975,44.5701,9.19812,5.91222,99.1067,99.3471,10,6.95271e-310,-1195.67,6.68183e-310,445.701,1.4822e-323,59.1222,5.23261e-310,993.471,28.6668,-1154.71,21.3024,490.936,22.5945,103.726,19.409,1039.55,134.661,163.328,-73.9978,-52.6954,-24.6812,-2.08673,-143.84,-124.431,
0.612514,0.443428,0.465779,0.398296,0,200,0,7.87725,9.53017,-4.03386,-2.80037,-1.74711,-0.455893,-8.33158,-7.21652,0,1054.11,0,1240.1,0,1215.52,0,1289.75,28.7463,40.9103,21.4519,45.1643,22.4559,44.6736,19.3924,46.0862,-167.128,-121.402,27.5187,41.5403,13.1792,10.379,99.4341,100.172,10,6.95271e-310,-1214.02,6.68183e-310,415.403,1.4822e-323,103.79,5.23261e-310,1001.72,28.7463,-1173.11,21.4519,460.568,22.4559,148.463,19.3924,1047.81,136.996,165.742,-70.154,-48.7021,-30.3845,-7.92857,-144.897,-125.505,
0.614,0.447311,0.462627,0.39826,0,200,0,7.98844,9.64484,-3.77677,-2.53321,-2.09888,-0.815766,-8.36684,-7.25187,0,1052.48,0,1235.83,0,1218.99,0,1289.79,28.8071,40.8675,21.6271,45.0807,22.315,44.7442,19.3907,46.0869,-168.068,-122.92,24.0855,38.0157,17.3116,15.1678,99.3662,100.648,10,6.95271e-310,-1229.2,6.68183e-310,380.157,1.4822e-323,151.678,5.23261e-310,1006.48,28.8071,-1188.33,21.6271,425.238,22.315,196.422,19.3907,1052.57,138.929,167.736,-65.683,-44.0559,-36.5023,-14.1872,-145.51,-126.12,
0.615114,0.45117,0.459271,0.398571,0,200,0,8.07249,9.73152,-3.514,-2.26044,-2.4554,-1.18092,-8.36785,-7.25206,0,1051.25,0,1231.59,0,1222.68,0,1289.45,28.8526,40.8354,21.8009,44.9969,22.1648,44.8188,19.4051,46.0808,-168.653,-124.067,20.5446,34.415,21.6687,20.0238,98.9366,100.657,10,6.95271e-310,-1240.67,6.68183e-310,344.15,1.4822e-323,200.238,5.23261e-310,1006.57,28.8526,-1199.84,21.8009,389.147,22.1648,245.057,19.4051,1052.65,140.391,169.244,-61.113,-39.312,-42.7026,-20.5378,-145.528,-126.123,
0.615857,0.455161,0.456551,0.399374,0,200,0,8.12001,9.78078,-3.25868,-1.99481,-2.77951,-1.51205,-8.34334,-7.22542,0,1050.43,0,1227.2,0,1225.67,0,1288.56,28.8829,40.8139,21.9803,44.9095,22.0428,44.8789,19.4421,46.0652,-168.457,-124.717,17.1818,30.913,25.5515,24.4334,98.1909,100.313,10,6.95271e-310,-1247.17,6.68183e-310,309.13,1.4822e-323,244.334,5.23261e-310,1003.13,28.8829,-1206.36,21.9803,354.04,22.0428,289.213,19.4421,1049.2,141.218,170.101,-56.6727,-34.6924,-48.3392,-26.2965,-145.102,-125.659,
0.616325,0.459152,0.453615,0.400896,0,200,0,8.12771,9.78957,-3.00185,-1.72768,-3.1078,-1.84792,-8.26629,-7.14434,0,1049.92,0,1222.81,0,1228.9,0,1286.89,28.902,40.8004,22.1594,44.8214,21.9109,44.9434,19.5122,46.0356,-167.881,-124.827,13.6799,27.3908,29.8821,28.9029,96.937,99.2506,10,6.95271e-310,-1248.27,6.68183e-310,273.908,1.4822e-323,289.029,5.23261e-310,992.506,28.902,-1207.47,22.1594,318.729,21.9109,333.972,19.5122,1038.54,141.351,170.253,-52.206,-30.0466,-54.0487,-32.1378,-143.762,-124.249,
0.616504,0.464017,0.450751,0.403089,0,200,0,8.10444,9.76673,-2.70323,-1.41654,-3.46648,-2.21401,-8.15525,-7.02749,0,1049.72,0,1217.46,0,1232.05,0,1284.48,28.9093,40.7952,22.3772,44.7131,21.7821,45.006,19.6131,45.9927,-166.455,-124.516,9.70119,23.2924,34.5062,33.781,95.1838,97.7192,10,6.95271e-310,-1245.16,6.68183e-310,232.924,1.4822e-323,337.81,5.23261e-310,977.192,28.9093,-1204.36,22.3772,277.637,21.7821,382.816,19.6131,1023.18,140.947,169.856,-47.0127,-24.6355,-60.2867,-38.5046,-141.83,-122.217,
0.616349,0.468248,0.448066,0.405851,0,200,0,8.03686,9.69878,-2.44379,-1.14624,-3.78069,-2.53517,-7.99805,-6.863,0,1049.89,0,1212.8,0,1235,0,1281.44,28.903,40.7997,22.5662,44.618,21.6612,45.0643,19.7401,45.9383,-164.757,-123.603,6.10511,19.7319,39.0024,38.057,93.07,95.5567,10,6.95271e-310,-1236.03,6.68183e-310,197.319,1.4822e-323,380.57,5.23261e-310,955.567,28.903,-1195.23,22.5662,241.937,21.6612,425.634,19.7401,1001.51,139.772,168.674,-42.5007,-19.9346,-65.7512,-44.09,-139.097,-119.356,
0.615761,0.473724,0.445561,0.409034,0,200,0,7.94661,9.60715,-2.12045,-0.808866,-4.13779,-2.89877,-7.82425,-6.6808,0,1050.54,0,1206.78,0,1237.76,0,1277.94,28.879,40.8167,22.8102,44.4938,21.5482,45.1184,19.8861,45.8753,-161.961,-122.379,1.88662,15.2917,43.5782,42.9084,90.5166,93.1639,10,6.95271e-310,-1223.79,6.68183e-310,152.917,1.4822e-323,429.084,5.23261e-310,931.639,28.879,-1182.97,22.8102,197.411,21.5482,474.203,19.8861,977.514,138.202,167.081,-36.8774,-14.0672,-71.9616,-50.4133,-136.074,-116.188,
0.614563,0.478698,0.443273,0.412677,0,200,0,7.80825,9.46598,-1.82394,-0.499643,-4.45311,-3.22003,-7.60508,-6.45203,0,1051.86,0,1201.31,0,1240.28,0,1273.93,28.8301,40.8513,23.0312,44.3798,21.4449,45.1676,20.0531,45.8025,-158.598,-120.498,-2.00449,11.2209,47.8792,47.1935,87.5419,90.1525,10,6.95271e-310,-1204.98,6.68183e-310,112.209,1.4822e-323,471.935,5.23261e-310,901.525,28.8301,-1164.13,23.0312,156.589,21.4449,517.103,20.0531,947.327,135.796,164.626,-31.7206,-8.68945,-77.4454,-56.0005,-132.262,-112.209,
0.612598,0.483827,0.441115,0.41668,0,200,0,7.62727,9.28038,-1.51354,-0.17618,-4.76099,-3.53351,-7.34903,-6.18544,0,1054.02,0,1195.67,0,1242.65,0,1269.53,28.7497,40.9079,23.2585,44.2611,21.3474,45.2138,20.2363,45.7219,-154.312,-118.034,-5.96283,6.96117,51.9943,51.3764,84.076,86.6384,10,6.95271e-310,-1180.34,6.68183e-310,69.6117,1.4822e-323,513.764,5.23261e-310,866.384,28.7497,-1139.43,23.2585,113.873,21.3474,558.978,20.2363,912.105,132.648,161.398,-26.3225,-3.06399,-82.7998,-61.4524,-127.809,-107.573,
0.610057,0.488645,0.439234,0.421006,0,200,0,7.40581,9.05294,-1.22032,0.129288,-5.03389,-3.81131,-7.06049,-5.88554,0,1056.81,0,1190.37,0,1244.72,0,1264.77,28.6457,40.9808,23.4715,44.1485,21.2623,45.2539,20.4339,45.6339,-149.437,-115.016,-9.66936,2.93777,55.7544,55.0836,80.2645,82.6816,10,6.95271e-310,-1150.16,6.68183e-310,29.3777,1.4822e-323,550.836,5.23261e-310,826.816,28.6457,-1109.18,23.4715,73.5262,21.2623,596.089,20.4339,872.45,128.797,157.442,-21.223,2.24849,-87.5459,-66.2836,-122.791,-102.357,
0.607145,0.493115,0.437388,0.425692,0,200,0,7.14996,8.79022,-0.945087,0.415858,-5.28478,-4.067,-6.73883,-5.5516,0,1060.02,0,1185.45,0,1246.75,0,1259.62,28.5262,41.064,23.6686,44.0431,21.1788,45.2931,20.6475,45.5377,-144.263,-111.529,-13.2137,-0.837767,59.4535,58.4935,76.1301,78.273,10,6.95271e-310,-1115.29,6.68183e-310,-8.37767,1.4822e-323,584.935,5.23261e-310,782.73,28.5262,-1074.23,23.6686,35.6655,21.1788,630.229,20.6475,828.268,124.347,152.873,-16.4363,7.23231,-91.9092,-70.7304,-117.197,-96.5495,
0.603849,0.497273,0.436154,0.430953,0,200,0,6.84626,8.47873,-0.70072,0.670744,-5.4823,-4.26773,-6.38219,-5.1812,0,1063.64,0,1180.88,0,1248.11,0,1253.83,28.3908,41.1578,23.8515,43.9443,21.1228,45.3192,20.8868,45.4284,-138.488,-107.393,-16.3615,-4.19242,62.658,61.1748,71.6564,73.3843,10,6.95271e-310,-1073.93,6.68183e-310,-41.9242,1.4822e-323,611.748,5.23261e-310,733.843,28.3908,-1032.77,23.8515,2.02012,21.1228,657.067,20.8868,779.272,119.065,147.456,-12.1864,11.6651,-95.3443,-74.2214,-110.995,-90.1078,
0.600278,0.501468,0.434967,0.436465,0,200,0,6.51838,8.14239,-0.455129,0.926922,-5.67651,-4.46504,-6.00712,-4.79175,0,1067.57,0,1176.26,0,1249.41,0,1247.76,28.2436,41.2589,24.0357,43.8439,21.069,45.3442,21.1369,45.3126,-132.385,-102.927,-19.5475,-7.56386,65.8204,63.8108,66.9262,68.2437,10,6.95271e-310,-1029.27,6.68183e-310,-75.6386,1.4822e-323,638.108,5.23261e-310,682.437,28.2436,-988.008,24.0357,-31.7947,21.069,683.452,21.1369,727.75,113.363,141.607,-7.91529,16.1204,-98.7219,-77.6529,-104.472,-83.3347,
0.596419,0.505734,0.434177,0.442529,0,200,0,6.15015,7.76499,-0.217381,1.17541,-5.84807,-4.63866,-5.60325,-4.3721,0,1071.82,0,1171.57,0,1250.28,0,1241.09,28.0842,41.3676,24.2225,43.7409,21.0332,45.3608,21.4113,45.1836,-125.721,-97.9128,-22.6465,-10.8304,68.7526,66.1354,61.8411,62.7069,10,6.95271e-310,-979.128,6.68183e-310,-108.304,1.4822e-323,661.354,5.23261e-310,627.069,28.0842,-937.76,24.2225,-64.563,21.0332,706.715,21.4113,672.252,106.959,135.043,-3.78054,20.442,-101.706,-80.6724,-97.4479,-76.0365,
0.592236,0.510061,0.433529,0.448737,0,200,0,5.75903,7.36391,0.0226575,1.42632,-6.01244,-4.80472,-5.1884,-3.94115,0,1076.42,0,1166.81,0,1250.99,0,1234.26,27.9109,41.4847,24.4115,43.6357,21.0038,45.3744,21.6914,45.0498,-118.678,-92.5856,-25.7564,-14.1284,71.4847,68.3609,56.5437,57.0203,10,6.95271e-310,-925.856,6.68183e-310,-141.284,1.4822e-323,683.609,5.23261e-310,570.203,27.9109,-884.372,24.4115,-97.6484,21.0038,728.983,21.6914,615.253,100.157,128.068,0.394043,24.8055,-104.564,-83.5604,-90.2331,-68.5417,
0.587323,0.514219,0.433062,0.455185,0,200,0,5.32322,6.91636,0.258535,1.67262,-6.15292,-4.94642,-4.74385,-3.47992,0,1081.82,0,1162.23,0,1251.51,0,1227.17,27.7067,41.6214,24.5928,43.5339,20.9826,45.3843,21.9814,44.909,-110.927,-86.6462,-28.7638,-17.3677,73.8687,70.2615,50.8277,50.9302,10,6.95271e-310,-866.462,6.68183e-310,-173.677,1.4822e-323,702.615,5.23261e-310,509.302,27.7067,-824.841,24.5928,-130.143,20.9826,747.999,21.9814,554.211,92.5777,120.284,4.49627,29.089,-107.007,-86.0247,-82.5018,-60.5203,
0.583021,0.51821,0.432798,0.46186,0,200,0,4.8926,6.47543,0.465241,1.8893,-6.28064,-5.07483,-4.30755,-3.02641,0,1086.55,0,1157.85,0,1251.8,0,1219.83,27.5274,41.7402,24.7663,43.4354,20.9706,45.3898,22.2807,44.7613,-103.735,-80.7846,-31.5919,-20.2111,76.28,71.9871,45.2742,44.9484,10,6.95271e-310,-807.846,6.68183e-310,-202.111,1.4822e-323,719.871,5.23261e-310,449.484,27.5274,-766.106,24.7663,-158.676,20.9706,765.26,22.2807,494.245,85.0887,112.616,8.09115,32.8574,-109.229,-88.258,-74.9139,-52.6332,
0.577664,0.521877,0.432798,0.468799,0,200,0,4.40136,5.9713,0.66333,2.09654,-6.36966,-5.16385,-3.83136,-2.53239,0,1092.45,0,1153.81,0,1251.8,0,1212.2,27.3034,41.887,24.9254,43.3442,20.9706,45.3898,22.5908,44.6056,-95.5617,-74.0914,-34.219,-22.9336,78.15,73.1869,39.1665,38.4256,10,6.95271e-310,-740.914,6.68183e-310,-229.336,1.4822e-323,731.869,5.23261e-310,384.256,27.3034,-699.027,24.9254,-185.991,20.9706,777.259,22.5908,428.862,76.5454,103.849,11.5362,36.4616,-110.777,-89.8061,-66.6324,-44.0416,
0.571348,0.525137,0.433038,0.476001,0,200,0,3.85085,5.40556,0.846933,2.28826,-6.41839,-5.21196,-3.31729,-1.99989,0,1099.39,0,1150.23,0,1251.53,0,1204.27,27.0383,42.0586,25.0666,43.2628,20.9815,45.3848,22.9114,44.4417,-86.5489,-66.586,-36.6199,-25.4548,79.5101,73.84,32.5339,31.389,10,6.95271e-310,-665.86,6.68183e-310,-254.548,1.4822e-323,738.4,5.23261e-310,313.89,27.0383,-623.801,25.0666,-211.285,20.9815,783.785,22.9114,358.332,66.9714,94.0097,14.7293,39.7958,-111.624,-90.6427,-57.6921,-34.7806,
0.565967,0.529092,0.433661,0.483575,0,200,0,3.31488,4.85655,1.03439,2.48555,-6.48668,-5.27862,-2.82805,-1.49132,0,1105.31,0,1145.88,0,1250.85,0,1195.94,26.8116,42.2035,25.2375,43.1633,21.0098,45.3717,23.2474,44.2669,-77.9811,-59.2887,-39.2193,-28.0377,80.9993,74.7508,26.1121,24.6821,10,6.95271e-310,-592.887,6.68183e-310,-280.377,1.4822e-323,747.508,5.23261e-310,246.821,26.8116,-550.683,25.2375,-237.213,21.0098,792.879,23.2474,291.088,57.6501,84.4617,17.9894,43.2269,-112.812,-91.8021,-49.1834,-25.936,
0.559436,0.532579,0.434608,0.491401,0,200,0,2.70962,4.23541,1.20572,2.66552,-6.50577,-5.29524,-2.29827,-0.941665,0,1112.5,0,1142.04,0,1249.81,0,1187.33,26.5354,42.3777,25.3878,43.075,21.0527,45.3518,23.5931,44.0836,-68.4062,-51.0412,-41.5452,-30.3962,81.8162,74.9933,19.0956,17.426,10,6.95271e-310,-510.412,6.68183e-310,-303.962,1.4822e-323,749.933,5.23261e-310,174.26,26.5354,-468.034,25.3878,-260.887,21.0527,795.285,23.5931,218.343,47.1238,73.6592,20.969,46.3568,-113.144,-92.091,-39.9699,-16.3768,
0.552101,0.535911,0.436346,0.50015,0,200,0,2.01479,3.52267,1.35156,2.8196,-6.4651,-5.25004,-1.71381,-0.335089,0,1120.56,0,1138.37,0,1247.9,0,1177.71,26.2239,42.5712,25.5312,42.9902,21.1315,45.3151,23.9778,43.8755,-57.723,-41.5748,-43.5694,-32.409,81.9472,74.4183,11.3436,9.42027,10,6.95271e-310,-415.748,6.68183e-310,-324.09,1.4822e-323,744.183,5.23261e-310,94.2027,26.2239,-373.176,25.5312,-281.1,21.1315,789.498,23.9778,138.078,35.0399,61.2637,23.5053,49.0365,-112.437,-91.305,-29.8055,-5.82763,
0.545953,0.538955,0.438419,0.507352,0,200,0,1.42688,2.91967,1.47366,2.94922,-6.41004,-5.18958,-1.24964,0.147225,0,1127.33,0,1135.03,0,1245.62,0,1169.79,25.9617,42.7316,25.662,42.9123,21.2254,45.2712,24.2932,43.7017,-48.545,-33.5651,-45.1551,-34.0976,81.4115,73.6442,4.97795,3.05912,10,6.95271e-310,-335.651,6.68183e-310,-340.976,1.4822e-323,736.442,5.23261e-310,30.5912,25.9617,-292.92,25.662,-298.064,21.2254,781.714,24.2932,74.2929,24.8153,50.7769,25.6289,51.2909,-111.479,-90.2536,-21.7328,2.56044,
0.539134,0.541699,0.440576,0.516244,0,200,0,0.725525,2.20153,1.5635,3.04582,-6.32909,-5.10302,-0.679062,0.740089,0,1134.83,0,1132.01,0,1243.24,0,1160.01,25.6697,42.9077,25.7796,42.8417,21.323,45.2253,24.6809,43.484,-38.5594,-24.0166,-46.7135,-35.347,81.1607,72.5199,-2.61237,-4.75966,10,6.95271e-310,-240.166,6.68183e-310,-353.47,1.4822e-323,725.199,5.23261e-310,-47.5966,25.6697,-197.258,25.7796,-310.628,21.323,770.425,24.6809,-4.11268,12.6178,38.2875,27.1912,52.9709,-110.071,-88.7481,-11.8098,12.8711,
0.531129,0.544156,0.44356,0.523519,0,200,0,0.0270277,1.48324,1.66324,3.15162,-6.1827,-4.94887,-0.182264,1.25504,0,1143.63,0,1129.3,0,1239.96,0,1152.01,25.3254,43.1118,25.8848,42.7782,21.4579,45.1615,24.9965,43.3033,-27.6882,-14.489,-47.8344,-36.7258,79.0188,70.501,-9.75394,-11.5599,10,6.95271e-310,-144.89,6.68183e-310,-367.258,1.4822e-323,705.01,5.23261e-310,-115.599,25.3254,-101.779,25.8848,-324.48,21.4579,750.172,24.9965,-72.2956,0.470048,25.7954,28.9259,54.8107,-107.525,-86.0674,-3.16981,21.8267,
0.524609,0.546481,0.446724,0.531584,0,200,0,-0.650137,0.789879,1.7122,3.2063,-6.03621,-4.79417,0.315705,1.77304,0,1150.81,0,1126.75,0,1236.48,0,1143.13,25.0438,43.276,25.9842,42.7179,21.6007,45.0934,25.345,43.1003,-18.1095,-5.26933,-48.7183,-37.4182,77.4266,68.478,-16.6508,-18.3864,10,6.95271e-310,-52.6933,6.68183e-310,-374.182,1.4822e-323,684.78,5.23261e-310,-183.864,25.0438,-9.41736,25.9842,-331.464,21.6007,729.873,25.345,-140.763,-11.3067,13.737,29.7775,55.7617,-104.978,-83.3769,5.49053,30.8355,
0.516508,0.548602,0.450092,0.540285,0,200,0,-1.43954,-0.0197342,1.76113,3.26043,-5.8564,-4.60564,0.878094,2.35694,0,1159.72,0,1124.41,0,1232.78,0,1133.56,24.6923,43.4774,26.0747,42.6627,21.7524,45.0204,25.719,42.8781,-7.05965,5.48652,-49.662,-38.1072,75.2685,66.003,-24.637,-26.0891,10,6.95271e-310,54.8652,6.68183e-310,-381.072,1.4822e-323,660.03,5.23261e-310,-260.891,24.6923,98.3426,26.0747,-338.409,21.7524,705.05,25.719,-218.013,-25.0355,-0.343203,30.6283,56.7031,-101.85,-80.098,15.2712,40.9902,
0.509977,0.550543,0.453699,0.547284,0,200,0,-2.09001,-0.686554,1.79211,3.29617,-5.67512,-4.41503,1.30764,2.8037,0,1166.9,0,1122.28,0,1228.81,0,1125.86,24.4078,43.6378,26.1575,42.612,21.9147,44.9416,26.0185,42.6971,2.17586,14.3478,-50.1766,-38.5518,72.6799,63.5047,-30.9551,-31.9766,10,6.95271e-310,143.478,6.68183e-310,-385.518,1.4822e-323,635.047,5.23261e-310,-319.766,24.4078,187.116,26.1575,-342.906,21.9147,679.989,26.0185,-277.069,-36.3479,-11.9401,31.1671,57.3246,-98.6978,-76.7832,22.7416,48.76,
0.502055,0.552173,0.45721,0.554798,0,200,0,-2.83822,-1.45469,1.82187,3.32992,-5.47437,-4.20521,1.79625,3.31072,0,1175.62,0,1120.49,0,1224.94,0,1117.6,24.0614,43.8298,26.2269,42.5693,22.0723,44.8644,26.3386,42.5004,12.5307,24.5475,-50.8249,-38.9755,69.7987,60.7455,-38.2656,-38.6665,10,6.95271e-310,245.475,6.68183e-310,-389.755,1.4822e-323,607.455,5.23261e-310,-386.665,24.0614,289.305,26.2269,-347.186,22.0723,652.319,26.3386,-344.165,-49.3603,-25.2989,31.6847,57.9116,-95.2064,-73.134,31.2391,57.5777,
0.494865,0.553503,0.461704,0.562875,0,200,0,-3.59338,-2.22801,1.79191,3.30321,-5.21667,-3.93593,2.28167,3.81583,0,1183.52,0,1119.02,0,1220,0,1108.71,23.7456,44.0017,26.2835,42.5344,22.2737,44.7647,26.681,42.2862,22.4582,34.8309,-50.8175,-38.5901,66.3691,57.2041,-45.4037,-45.3205,10,6.95271e-310,348.309,6.68183e-310,-385.901,1.4822e-323,572.041,5.23261e-310,-453.205,23.7456,392.311,26.2835,-343.367,22.2737,616.806,26.681,-410.918,-62.4936,-38.748,31.1636,57.4472,-90.7247,-68.451,39.6812,66.3622,
0.488537,0.554654,0.465971,0.569131,0,200,0,-4.22934,-2.88,1.76919,3.28331,-4.97556,-3.68385,2.65486,4.2042,0,1190.49,0,1117.76,0,1215.31,0,1101.83,23.4667,44.151,26.3325,42.5041,22.4645,44.6693,26.945,42.1185,31.0862,43.4957,-50.6593,-38.2998,62.7019,53.8899,-51.1966,-50.4359,10,6.95271e-310,434.957,6.68183e-310,-382.998,1.4822e-323,538.899,5.23261e-310,-504.359,23.4667,479.108,26.3325,-340.494,22.4645,583.568,26.945,-462.241,-73.5537,-50.087,30.7685,57.101,-86.5314,-64.0669,46.1715,73.1165,
0.480627,0.555553,0.470417,0.576537,0,200,0,-5.00653,-3.67732,1.73472,3.25103,-4.70205,-3.39893,3.11666,4.68389,0,1199.19,0,1116.77,0,1210.42,0,1093.69,23.1168,44.3353,26.3706,42.4805,22.6629,44.569,27.2562,41.9178,41.1964,54.0881,-50.6242,-37.8477,58.6393,50.1367,-58.3995,-56.7608,10,6.95271e-310,540.881,6.68183e-310,-378.477,1.4822e-323,501.367,5.23261e-310,-567.608,23.1168,585.216,26.3706,-335.996,22.6629,545.935,27.2562,-525.69,-87.0701,-63.9534,30.169,56.5397,-81.7747,-59.1118,54.2028,81.459,
0.473665,0.556272,0.474983,0.582337,0,200,0,-5.67229,-4.36086,1.69634,3.21441,-4.42631,-3.11151,3.47151,5.0527,0,1206.84,0,1115.98,0,1205.39,0,1087.3,22.8075,44.4951,26.4012,42.4615,22.8662,44.465,27.4989,41.759,50.12,63.1652,-50.2656,-37.3404,54.1522,46.3518,-64.2605,-61.6217,10,6.95271e-310,631.652,6.68183e-310,-373.404,1.4822e-323,463.518,5.23261e-310,-616.217,22.8075,676.148,26.4012,-330.942,22.8662,507.983,27.4989,-574.458,-98.6486,-75.8411,29.5016,55.9028,-76.9793,-54.1131,60.3741,87.873,
0.467493,0.556799,0.479165,0.589085,0,200,0,-6.34063,-5.04501,1.62508,3.14444,-4.17405,-2.84856,3.86421,5.46156,0,1213.63,0,1115.4,0,1200.79,0,1079.88,22.5325,44.6351,26.4236,42.4476,23.0519,44.369,27.78,41.5725,58.179,72.2658,-49.9342,-36.3871,50.5478,42.8894,-70.3796,-67.0048,10,6.95271e-310,722.658,6.68183e-310,-363.871,1.4822e-323,428.894,5.23261e-310,-670.048,22.5325,767.293,26.4236,-321.424,23.0519,473.263,27.78,-628.476,-110.272,-87.7393,28.2623,54.6858,-72.5922,-49.5402,67.2036,94.9836,
0.460326,0.557159,0.484175,0.595029,0,200,0,-7.04114,-5.76395,1.55478,3.07501,-3.86441,-2.52616,4.21961,5.83114,0,1221.52,0,1115,0,1195.28,0,1073.34,22.212,44.7954,26.4388,42.4381,23.2739,44.253,28.0266,41.4066,67.1714,81.8156,-49.3052,-35.4445,45.4841,38.6416,-76.4183,-71.8739,10,6.95271e-310,818.156,6.68183e-310,-354.445,1.4822e-323,386.416,5.23261e-310,-718.739,22.212,862.952,26.4388,-312.007,23.2739,430.669,28.0266,-677.333,-122.455,-100.243,27.0396,53.4784,-67.2072,-43.9333,73.3845,101.411,
0.454286,0.557302,0.488908,0.600122,0,200,0,-7.64576,-6.38415,1.47296,2.99354,-3.57324,-2.22296,4.51378,6.13742,0,1228.16,0,1114.84,0,1190.08,0,1067.74,21.941,44.9287,26.4449,42.4342,23.4831,44.1423,28.2372,41.2633,74.8149,90.0565,-48.4899,-34.3438,40.7153,34.6471,-81.5011,-75.9062,10,6.95271e-310,900.565,6.68183e-310,-343.438,1.4822e-323,346.471,5.23261e-310,-759.062,21.941,945.494,26.4449,-301.003,23.4831,390.613,28.2372,-717.798,-132.97,-111.029,25.6167,52.0616,-62.1433,-38.6601,78.5006,106.738,
0.448606,0.557243,0.493642,0.605958,0,200,0,-8.26785,-7.02094,1.36011,2.88054,-3.28087,-1.91859,4.83861,6.47607,0,1234.41,0,1114.91,0,1184.87,0,1061.32,21.6855,45.0526,26.4424,42.4358,23.6918,44.0306,28.4775,41.0978,82.0857,98.5279,-47.5646,-32.8219,36.2561,30.6367,-86.8663,-80.3609,10,6.95271e-310,985.279,6.68183e-310,-328.219,1.4822e-323,306.367,5.23261e-310,-803.609,21.6855,1030.33,26.4424,-285.783,23.6918,350.398,28.4775,-762.511,-143.789,-122.103,23.654,50.0964,-57.0585,-33.3667,84.1497,112.627,
0.443596,0.556991,0.498508,0.610728,0,200,0,-8.81026,-7.57633,1.24007,2.75989,-2.98174,-1.60715,5.09492,6.74363,0,1239.92,0,1115.19,0,1179.52,0,1056.08,21.4595,45.1607,26.4317,42.4425,23.9058,43.9148,28.6732,40.9615,88.5642,105.915,-46.3249,-31.2005,31.5056,26.5336,-91.2945,-83.8776,10,6.95271e-310,1059.15,6.68183e-310,-312.005,1.4822e-323,265.336,5.23261e-310,-838.776,21.4595,1104.31,26.4317,-269.563,23.9058,309.251,28.6732,-797.815,-153.222,-131.762,21.5664,47.9982,-51.8563,-27.9505,88.6072,117.28,
0.437508,0.556499,0.503361,0.614863,0,200,0,-9.39001,-8.17192,1.13372,2.65235,-2.66533,-1.27851,5.33918,6.99761,0,1246.62,0,1115.73,0,1174.18,0,1051.53,21.1842,45.2905,26.4109,42.4555,24.1186,43.7983,28.8423,40.8426,95.7752,113.823,-45.1829,-29.7604,26.091,22.1982,-95.9113,-87.2235,10,6.95271e-310,1138.23,6.68183e-310,-297.604,1.4822e-323,221.982,5.23261e-310,-872.235,21.1842,1183.52,26.4109,-255.148,24.1186,265.78,28.8423,-831.392,-163.305,-142.12,19.7169,46.1278,-46.3536,-22.2349,92.8553,121.698,
0.43486,0.555744,0.508239,0.618242,0,200,0,-9.74119,-8.53,0.970984,2.48777,-2.36954,-0.97045,5.48731,7.15367,0,1249.53,0,1116.56,0,1168.81,0,1047.81,21.0642,45.3465,26.3788,42.4754,24.332,43.6801,28.9802,40.7449,99.7795,118.597,-43.1671,-27.5565,21.6243,18.1406,-98.4146,-89.2637,10,6.95271e-310,1185.97,6.68183e-310,-275.565,1.4822e-323,181.406,5.23261e-310,-892.637,21.0642,1231.32,26.3788,-233.09,24.332,225.086,28.9802,-851.892,-169.412,-148.348,16.8867,43.2655,-41.2094,-16.8774,95.4315,124.412,
0.431228,0.554678,0.513153,0.620843,0,200,0,-10,-8.9151,0.818584,2.33276,-2.05112,-0.639712,5.61627,7.28871,0,1253.52,0,1117.73,0,1163.41,0,1044.95,20.8994,45.4226,26.3335,42.5035,24.5463,43.5601,29.086,40.6694,104.432,123.716,-41.1505,-25.4877,16.4406,13.7779,-100.959,-91.0353,10,6.95271e-310,1237.16,6.68183e-310,-254.877,1.4822e-323,137.779,5.23261e-310,-910.353,20.8994,1282.59,26.3335,-212.373,24.5463,181.339,29.086,-869.684,-175.945,-155.045,14.2362,40.5697,-35.6717,-11.1254,97.6742,126.76,
0.428292,0.553312,0.518114,0.623599,0,200,0,-10,-9.26631,0.63454,2.14537,-1.72666,-0.302838,5.74382,7.42271,0,1256.75,0,1119.23,0,1157.95,0,1041.92,20.7659,45.4838,26.2754,42.5394,24.7621,43.4377,29.198,40.5891,108.373,128.392,-38.8258,-22.9882,11.4577,9.33328,-103.262,-92.7898,10,6.95271e-310,1283.92,6.68183e-310,-229.882,1.4822e-323,93.3328,5.23261e-310,-927.898,20.7659,1329.41,26.2754,-187.342,24.7621,136.771,29.198,-887.309,-181.919,-161.153,11.0355,37.3109,-30.0289,-5.26674,99.8925,129.091,
0.425212,0.551706,0.522956,0.625756,0,200,0,-10,-9.59998,0.451852,1.95876,-1.39825,0.037647,5.84838,7.5323,0,1260.14,0,1121,0,1152.62,0,1039.54,20.6257,45.5476,26.207,42.5816,24.9721,43.3173,29.2855,40.526,112.229,132.829,-36.4478,-20.5036,6.28238,4.83756,-105.321,-94.2267,10,6.95271e-310,1328.29,6.68183e-310,-205.036,1.4822e-323,48.3756,5.23261e-310,-942.267,20.6257,1373.83,26.207,-162.454,24.9721,91.6929,29.2855,-901.741,-187.582,-166.956,7.8583,34.0653,-24.3174,0.65473,101.711,130.996,
0.422815,0.54992,0.527785,0.627362,0,200,0,-10,-9.86797,0.257781,1.76031,-1.07049,0.377417,5.91614,7.6038,0,1262.78,0,1122.96,0,1147.31,0,1037.78,20.5165,45.5969,26.131,42.6283,25.1811,43.1962,29.3506,40.4789,115.354,136.394,-33.8195,-17.863,1.15685,0.35111,-106.74,-95.1605,10,6.95271e-310,1363.94,6.68183e-310,-178.63,1.4822e-323,3.5111,5.23261e-310,-951.605,20.5165,1409.53,26.131,-136.002,25.1811,46.7073,29.3506,-911.126,-192.133,-171.617,4.48314,30.6141,-18.6173,6.56378,102.889,132.24,
0.420778,0.547787,0.532519,0.628716,0,200,0,-10,-10,0.0450761,1.54237,-0.737447,0.722206,5.97166,7.66247,0,1265.02,0,1125.31,0,1142.11,0,1036.29,20.4235,45.6386,26.04,42.684,25.3853,43.0765,29.4054,40.4392,117.966,139.509,-30.9727,-14.9664,-3.89922,-4.20494,-107.859,-95.9261,10,6.95271e-310,1395.09,6.68183e-310,-149.664,1.4822e-323,-42.0494,5.23261e-310,-959.261,20.4235,1440.73,26.04,-106.98,25.3853,1.02709,29.4054,-918.821,-196.112,-175.689,0.783933,26.8239,-12.8252,12.5601,103.855,133.26,
0.419184,0.545917,0.537265,0.629483,0,200,0,-10,-10,-0.151688,1.34102,-0.4211,1.05029,5.98567,7.67826,0,1266.77,0,1127.37,0,1136.88,0,1035.44,20.3508,45.6711,25.9601,42.7326,25.5894,42.9556,29.4364,40.4166,120.233,141.922,-28.1475,-12.2883,-8.94504,-8.53575,-108.443,-96.1247,10,6.95271e-310,1419.22,6.68183e-310,-122.883,1.4822e-323,-85.3575,5.23261e-310,-961.247,20.3508,1464.89,25.9601,-80.1506,25.5894,-42.4019,29.4364,-920.83,-199.194,-178.843,-2.63805,23.3221,-7.32348,18.2659,104.099,133.535,
0.417926,0.5437,0.542011,0.629963,0,200,0,-10,-10,-0.368278,1.11898,-0.0945165,1.38858,5.98473,7.67844,0,1268.16,0,1129.81,0,1131.66,0,1034.92,20.2933,45.6966,25.8653,42.79,25.793,42.8337,29.4557,40.4025,122.042,143.891,-25.06,-9.33806,-14.0276,-13.0042,-108.704,-96.1181,10,6.95271e-310,1438.91,6.68183e-310,-93.3806,1.4822e-323,-130.042,5.23261e-310,-961.181,20.2933,1484.6,25.8653,-50.5906,25.793,-87.2086,29.4557,-920.779,-201.708,-181.415,-6.40484,19.4605,-1.64377,24.1492,104.082,133.538,
0.416955,0.541495,0.546636,0.630202,0,200,0,-10,-10,-0.582946,0.89888,0.221359,1.71583,5.96844,7.6627,0,1269.23,0,1132.23,0,1126.58,0,1034.65,20.2489,45.7163,25.7709,42.8469,25.9908,42.7139,29.4654,40.3954,123.537,145.466,-21.97,-6.41381,-18.9736,-17.3264,-108.719,-95.9016,10,6.95271e-310,1454.66,6.68183e-310,-64.1381,1.4822e-323,-173.264,5.23261e-310,-959.016,20.2489,1500.37,25.7709,-21.2912,25.9908,-130.55,29.4654,-918.621,-203.721,-183.472,-10.1382,15.6327,3.84973,29.8406,103.799,133.264,
0.416308,0.539158,0.551011,0.630143,0,200,0,-10,-10,-0.799716,0.676349,0.526955,2.03216,5.9378,7.63192,0,1269.94,0,1134.8,0,1121.76,0,1034.72,20.2193,45.7294,25.6707,42.9071,26.1774,42.5998,29.463,40.3972,124.586,146.562,-18.8504,-3.45933,-23.6947,-21.5062,-108.443,-95.4878,10,6.95271e-310,1465.62,6.68183e-310,-34.5933,1.4822e-323,-215.062,5.23261e-310,-954.878,20.2193,1511.35,25.6707,8.31381,26.1774,-172.462,29.463,-914.481,-205.123,-184.903,-13.9081,11.7626,9.16443,35.3419,103.266,132.729,
0.415925,0.536558,0.555205,0.629651,0,200,0,-10,-10,-1.02407,0.445571,0.83225,2.34771,5.88805,7.58103,0,1270.36,0,1137.66,0,1117.15,0,1035.26,20.2018,45.7372,25.559,42.9737,26.3559,42.4896,29.4431,40.4116,125.205,147.162,-15.605,-0.398769,-28.3478,-25.6791,-107.816,-94.811,10,6.95271e-310,1471.62,6.68183e-310,-3.98769,1.4822e-323,-256.791,5.23261e-310,-948.11,20.2018,1517.36,25.559,38.986,26.3559,-214.302,29.4431,-907.698,-205.889,-185.687,-17.81,7.74906,14.4739,40.8298,102.401,131.844,
0.415829,0.534197,0.55916,0.628561,0,200,0,-10,-10,-1.22493,0.238872,1.1126,2.63771,5.80372,7.49417,0,1270.46,0,1140.26,0,1112.8,0,1036.46,20.1974,45.7391,25.4575,43.0339,26.5237,42.3851,29.3991,40.4437,125.535,147.137,-12.5107,2.34181,-32.8215,-29.5123,-106.747,-93.6606,10,6.95271e-310,1471.37,6.68183e-310,23.4181,1.4822e-323,-295.123,5.23261e-310,-936.606,20.1974,1517.11,25.4575,66.452,26.5237,-252.738,29.3991,-896.162,-205.854,-185.657,-21.3032,4.15429,19.3495,45.8733,100.934,130.333,
0.416068,0.532004,0.562875,0.626703,0,200,0,-10,-10,-1.40384,0.0545354,1.37109,2.90525,5.67679,7.36291,0,1270.2,0,1142.67,0,1108.71,0,1038.5,20.2084,45.7343,25.3631,43.0896,26.681,42.2862,29.3239,40.4983,125.493,146.347,-9.50821,4.78418,-37.1635,-33.0474,-105.109,-91.926,10,6.95271e-310,1463.47,6.68183e-310,47.8418,1.4822e-323,-330.474,5.23261e-310,-919.26,20.2084,1509.2,25.3631,90.9314,26.681,-288.188,29.3239,-878.762,-204.84,-184.631,-24.4146,0.948442,23.8451,50.5261,98.7267,128.051,
0.41662,0.529619,0.566255,0.624342,0,200,0,-10,-10,-1.58212,-0.129662,1.61945,3.16182,5.52778,7.2084,0,1269.59,0,1145.3,0,1105,0,1041.1,20.2336,45.7231,25.2602,43.15,26.8238,42.1958,29.2282,40.5674,124.954,144.955,-6.47144,7.22096,-41.2879,-36.4412,-103.069,-89.8876,10,6.95271e-310,1449.55,6.68183e-310,72.2096,1.4822e-323,-364.412,5.23261e-310,-898.876,20.2336,1495.28,25.2602,115.36,26.8238,-322.216,29.2282,-858.308,-203.056,-182.822,-27.5152,-2.25499,28.1644,54.9881,96.1353,125.364,
0.418022,0.527234,0.569299,0.621454,0,200,0,-10,-10,-1.75744,-0.310897,1.84544,3.39519,5.34357,7.01745,0,1268.05,0,1147.92,0,1101.65,0,1044.28,20.2977,45.6947,25.1572,43.2101,26.9521,42.114,29.1109,40.6516,123.524,142.5,-3.37977,9.61777,-44.9565,-39.5287,-100.351,-87.3677,10,6.95271e-310,1425,6.68183e-310,96.1777,1.4822e-323,-395.287,5.23261e-310,-873.677,20.2977,1470.7,25.1572,139.388,26.9521,-353.173,29.1109,-833.026,-199.916,-179.619,-30.5641,-5.4069,32.0946,59.0467,92.9317,122.043,
0.420023,0.524741,0.572067,0.618134,0,200,0,-10,-10,-1.93496,-0.49462,2.05843,3.61487,5.13323,6.79934,0,1265.85,0,1150.66,0,1098.6,0,1047.93,20.3891,45.654,25.0495,43.2727,27.0686,42.0392,28.9758,40.7481,121.399,139.261,-0.213054,12.046,-48.317,-42.437,-97.1244,-84.49,10,6.95271e-310,1392.61,6.68183e-310,120.46,1.4822e-323,-424.37,5.23261e-310,-844.9,20.3891,1438.26,25.0495,163.733,27.0686,-382.331,28.9758,-804.152,-195.777,-175.388,-33.6515,-8.60208,35.7987,62.8673,89.2736,118.249,
0.422467,0.522716,0.574524,0.614791,0,200,0,-10,-9.80979,-2.08706,-0.651759,2.23298,3.79536,4.91145,6.56972,0,1263.16,0,1152.89,0,1095.9,0,1051.61,20.5006,45.604,24.9618,43.3233,27.1718,41.9726,28.8394,40.8447,118.958,135.602,2.65631,14.1249,-51.1434,-44.823,-93.7217,-81.4576,10,6.95271e-310,1356.02,6.68183e-310,141.249,1.4822e-323,-448.23,5.23261e-310,-814.576,20.5006,1401.63,24.9618,184.573,27.1718,-406.257,28.8394,-773.731,-191.106,-170.605,-36.2967,-11.3349,38.8344,66.0062,85.4166,114.256,
0.425356,0.520319,0.576633,0.610141,0,200,0,-10,-9.4471,-2.23674,-0.807416,2.40416,3.97162,4.62639,6.27372,0,1259.98,0,1155.52,0,1093.58,0,1056.72,20.6323,45.5446,24.8579,43.383,27.2602,41.9152,28.6491,40.9784,115.74,130.771,5.7124,16.1767,-54.0036,-47.1588,-89.3845,-77.5551,10,6.95271e-310,1307.71,6.68183e-310,161.767,1.4822e-323,-471.588,5.23261e-310,-775.551,20.6323,1353.25,24.8579,205.15,27.2602,-429.672,28.6491,-734.573,-184.93,-164.297,-38.8999,-14.042,41.8115,69.0717,80.459,109.108,
0.428604,0.518258,0.578455,0.605563,0,200,0,-10,-9.06313,-2.36921,-0.945028,2.54439,4.11624,4.33688,5.9734,0,1256.41,0,1157.79,0,1091.58,0,1061.76,20.7801,45.4773,24.7684,43.4342,27.3365,41.8654,28.4612,41.1091,112.234,125.66,8.52267,17.9917,-56.3876,-49.0733,-84.9636,-73.5932,10,6.95271e-310,1256.6,6.68183e-310,179.917,1.4822e-323,-490.733,5.23261e-310,-735.932,20.7801,1302.08,24.7684,223.351,27.3365,-448.868,28.4612,-694.823,-178.4,-157.62,-41.2036,-16.4353,44.2502,71.5867,75.424,103.885,
0.432175,0.51646,0.579941,0.600565,0,200,0,-9.84245,-8.63827,-2.47822,-1.05853,2.65487,4.2303,4.02028,5.64497,0,1252.48,0,1159.77,0,1089.94,0,1067.25,20.9423,45.4028,24.6903,43.4786,27.3987,41.8248,28.2555,41.2508,108.375,120.004,11.1193,19.4868,-58.4432,-50.5825,-80.1977,-69.2605,10,6.95271e-310,1200.04,6.68183e-310,194.868,1.4822e-323,-505.825,5.23261e-310,-692.605,20.9423,1245.44,24.6903,238.347,27.3987,-464,28.2555,-651.354,-171.173,-150.231,-43.0996,-18.4093,46.1717,73.5704,69.9179,98.1734,
0.436154,0.514399,0.581175,0.595292,0,200,0,-9.39033,-8.17577,-2.59882,-1.18429,2.7617,4.34009,3.68826,5.30042,0,1248.11,0,1162.04,0,1088.58,0,1073.05,21.1228,45.3192,24.6006,43.5294,27.4503,41.7909,28.0375,41.3992,103.916,113.848,13.8174,21.1419,-60.2894,-52.039,-75.1072,-64.7159,10,6.95271e-310,1138.48,6.68183e-310,211.419,1.4822e-323,-520.39,5.23261e-310,-647.159,21.1228,1183.8,24.6006,254.948,27.4503,-478.599,28.0375,-605.759,-163.31,-142.187,-45.1968,-20.5963,48.0295,75.4798,64.1437,92.1813,
0.440336,0.512673,0.582134,0.589756,0,200,0,-8.91331,-7.68786,-2.69437,-1.28416,2.83894,4.41963,3.33628,4.93523,0,1243.51,0,1163.94,0,1087.53,0,1079.14,21.3122,45.2304,24.5254,43.5718,27.4904,41.7646,27.8079,41.5538,99.2609,107.354,16.2533,22.4546,-61.8472,-53.0929,-69.8201,-59.8982,10,6.95271e-310,1073.54,6.68183e-310,224.546,1.4822e-323,-530.929,5.23261e-310,-598.982,21.3122,1118.77,24.5254,268.118,27.4904,-489.165,27.8079,-557.428,-155.014,-133.702,-46.8586,-22.3331,49.3728,76.8632,58.0222,85.8301,
0.444902,0.511079,0.582841,0.583907,0,200,0,-8.39978,-7.16246,-2.77893,-1.37271,2.89507,4.47746,2.96076,4.54571,0,1238.48,0,1165.69,0,1086.75,0,1085.58,21.5185,45.1326,24.4559,43.6109,27.5199,41.7451,27.5644,41.7157,94.1659,100.363,18.5769,23.6174,-63.1358,-53.859,-64.2165,-54.7587,10,6.95271e-310,1003.63,6.68183e-310,236.174,1.4822e-323,-538.59,5.23261e-310,-547.587,21.5185,1048.76,24.4559,279.784,27.5199,-496.845,27.5644,-505.871,-146.083,-124.565,-48.3292,-23.8733,50.349,77.8689,51.4914,79.0559,
0.449948,0.509593,0.583308,0.577783,0,200,0,-7.84666,-6.59627,-2.85645,-1.45396,2.93088,4.51439,2.5613,4.13154,0,1232.93,0,1167.32,0,1086.24,0,1092.31,21.7459,45.0235,24.3911,43.6472,27.5394,41.7323,27.3084,41.8838,88.5369,92.8305,20.8165,24.6837,-64.1282,-54.3479,-58.2722,-49.2923,10,6.95271e-310,928.305,6.68183e-310,246.837,1.4822e-323,-543.479,5.23261e-310,-492.923,21.7459,973.328,24.3911,290.484,27.5394,-501.747,27.3084,-451.039,-136.464,-114.718,-49.6774,-25.2863,50.9718,78.5112,44.5444,71.8528,
0.455365,0.508263,0.58356,0.571432,0,200,0,-7.26312,-5.99872,-2.92407,-1.52492,2.94593,4.53005,2.14071,3.69562,0,1226.97,0,1168.79,0,1085.96,0,1099.3,21.9895,44.905,24.333,43.6796,27.5499,41.7253,27.0418,42.0564,82.4929,84.8828,22.929,25.6143,-64.8643,-54.5541,-52.0702,-43.5374,10,6.95271e-310,848.828,6.68183e-310,256.143,1.4822e-323,-545.541,5.23261e-310,-435.374,21.9895,893.733,24.333,299.823,27.5499,-503.816,27.0418,-393.318,-126.315,-104.326,-50.8533,-26.5203,51.2336,78.7835,37.2298,64.2716,
0.461045,0.506993,0.583572,0.564625,0,200,0,-6.64569,-5.36665,-2.98125,-1.58529,2.94328,4.52743,1.69047,3.22888,0,1220.73,0,1170.18,0,1085.95,0,1106.79,22.2442,44.7794,24.2775,43.7104,27.5504,41.725,26.7549,42.2395,76.0463,76.4748,24.9399,26.4035,-65.4708,-54.5186,-45.539,-37.376,10,6.95271e-310,764.748,6.68183e-310,264.035,1.4822e-323,-545.186,5.23261e-310,-373.76,22.2442,809.527,24.2775,307.746,27.5504,-503.461,26.7549,-331.521,-115.577,-93.333,-51.8479,-27.5703,51.1875,78.7379,29.3994,56.1544,
0.467169,0.505806,0.58332,0.557494,0,200,0,-5.99077,-4.69599,-3.03143,-1.63845,2.91971,4.50325,1.21331,2.73436,0,1213.99,0,1171.49,0,1086.22,0,1114.63,22.518,44.6423,24.2256,43.7392,27.5399,41.7319,26.4531,42.4292,69.0452,67.5552,26.8444,27.097,-65.8139,-54.1975,-38.6735,-30.8467,10,6.95271e-310,675.552,6.68183e-310,270.97,1.4822e-323,-541.975,5.23261e-310,-308.467,22.518,720.195,24.2256,314.709,27.5399,-500.243,26.4531,-266.038,-104.187,-81.6693,-52.7205,-28.4948,50.7776,78.3175,21.101,47.554,
0.473413,0.504764,0.582709,0.550088,0,200,0,-5.318,-4.00721,-3.06434,-1.67399,2.87069,4.45276,0.718638,2.22158,0,1207.12,0,1172.64,0,1086.9,0,1122.78,22.7963,44.5009,24.18,43.7644,27.5144,41.7488,26.1381,42.6239,61.7708,58.3937,28.5062,27.5557,-65.9005,-53.5286,-31.6682,-24.0769,10,6.95271e-310,583.937,6.68183e-310,275.557,1.4822e-323,-535.286,5.23261e-310,-240.769,22.7963,628.438,24.18,319.322,27.5144,-493.537,26.1381,-198.145,-92.4869,-69.6906,-53.2928,-29.1128,49.925,77.4394,12.4981,38.6362,
0.479848,0.503853,0.581834,0.542466,0,200,0,-4.62744,-3.30021,-3.0854,-1.69734,2.80009,4.38007,0.206275,1.69049,0,1200.04,0,1173.64,0,1087.86,0,1131.16,23.0822,44.3532,24.1402,43.7864,27.4779,41.7728,25.8125,42.8219,54.1848,48.9902,29.9798,27.8529,-65.778,-52.5653,-24.5187,-17.0647,10,6.95271e-310,489.902,6.68183e-310,278.529,1.4822e-323,-525.653,5.23261e-310,-170.647,23.0822,534.255,24.1402,322.315,27.4779,-483.88,25.8125,-127.826,-80.4772,-57.395,-53.6591,-29.519,48.6973,76.1751,3.58738,29.3999,
0.486452,0.503146,0.580228,0.534616,0,200,0,-3.91631,-2.57227,-3.07821,-1.69194,2.68549,4.2616,-0.316787,1.14806,0,1192.78,0,1174.42,0,1089.62,0,1139.8,23.3746,44.1999,24.1092,43.8035,27.4107,41.8169,25.4755,43.0232,46.1835,39.3074,31.0128,27.7663,-65.0198,-50.999,-17.2668,-9.90436,10,6.95271e-310,393.074,6.68183e-310,277.663,1.4822e-323,-509.99,5.23261e-310,-99.0436,23.3746,437.274,24.1092,321.467,27.4107,-468.173,25.4755,-56.0204,-68.1097,-44.7351,-53.5342,-29.425,46.7041,74.1148,-5.50933,19.9662,
0.493786,0.50263,0.578526,0.526803,0,200,0,-3.1733,-1.81066,-3.07346,-1.68847,2.55058,4.1226,-0.860564,0.584906,0,1184.71,0,1174.98,0,1091.5,0,1148.39,23.6982,44.0272,24.0866,43.8159,27.3395,41.8635,25.1386,43.221,37.4822,29.1848,31.9556,27.7097,-63.9134,-49.1578,-9.75481,-2.4644,10,6.95271e-310,291.848,6.68183e-310,277.097,1.4822e-323,-491.578,5.23261e-310,-24.644,23.6982,335.875,24.0866,320.913,27.3395,-449.714,25.1386,18.5769,-55.1878,-31.4897,-53.4514,-29.3648,44.3579,71.6974,-14.9663,10.1723,
0.499994,0.502271,0.576321,0.518989,0,200,0,-2.48949,-1.11116,-3.03023,-1.64616,2.39229,3.959,-1.37761,0.0483958,0,1177.88,0,1175.38,0,1093.92,0,1156.99,23.971,43.8793,24.0709,43.8246,27.2472,41.9236,24.8001,43.4161,29.6266,19.8773,32.3857,27.1324,-62.7745,-46.9945,-2.85505,4.61615,10,6.95271e-310,198.773,6.68183e-310,271.324,1.4822e-323,-469.945,5.23261e-310,46.1615,23.971,242.652,24.0709,315.148,27.2472,-428.021,24.8001,89.5776,-43.2955,-19.3245,-52.6997,-28.6289,41.605,68.8521,-23.9585,0.841666,
0.507053,0.502055,0.573745,0.511283,0,200,0,-1.76995,-0.373846,-2.9883,-1.60477,2.2039,3.7644,-1.90861,-0.501883,0,1170.12,0,1175.62,0,1096.76,0,1165.46,24.2801,43.709,24.0614,43.8298,27.139,41.9937,24.4648,43.6059,20.8648,10.0765,32.6335,26.5704,-60.9785,-44.4205,4.3022,11.884,10,6.95271e-310,100.765,6.68183e-310,265.704,1.4822e-323,-444.205,5.23261e-310,118.84,24.2801,144.474,24.0614,309.533,27.139,-402.211,24.4648,162.446,-30.7818,-6.50168,-51.9705,-27.9091,38.3287,65.4678,-33.1932,-8.7284,
0.514207,0.501983,0.570988,0.503541,0,200,0,-1.04888,0.365171,-2.93751,-1.55416,1.99737,3.5512,-2.44797,-1.06069,0,1162.25,0,1175.69,0,1099.79,0,1173.98,24.5922,43.5341,24.0583,43.8315,27.0232,42.0684,24.1265,43.794,11.9199,0.2542,32.6839,25.8868,-59.0291,-41.5993,11.4505,19.2659,10,6.95271e-310,2.542,6.68183e-310,258.868,1.4822e-323,-415.993,5.23261e-310,192.659,24.5922,46.0761,24.0583,302.699,27.0232,-373.925,24.1265,236.453,-18.2414,6.35081,-51.0871,-27.0289,34.7368,61.76,-42.5734,-18.4468,
0.521625,0.502019,0.567561,0.496051,0,200,0,-0.328109,1.10447,-2.87448,-1.49104,1.75434,3.29987,-2.97456,-1.60619,0,1154.09,0,1175.65,0,1103.56,0,1182.22,24.9145,43.3505,24.0598,43.8306,26.8788,42.1607,23.7978,43.9734,2.51864,-9.56708,32.3381,25.0368,-56.313,-38.2771,18.4837,26.4729,10,6.95271e-310,-95.6708,6.68183e-310,250.368,1.4822e-323,-382.771,5.23261e-310,264.729,24.9145,-52.3203,24.0598,294.199,26.8788,-340.61,23.7978,308.703,-5.70624,19.2083,-49.991,-25.9312,30.5102,57.3891,-51.7315,-27.9337,
0.529032,0.502247,0.564577,0.488717,0,200,0,0.375059,1.82607,-2.81647,-1.43245,1.51898,3.05727,-3.50836,-2.15857,0,1145.94,0,1175.4,0,1106.84,0,1190.29,25.2349,43.1648,24.0698,43.8252,26.7529,42.2408,23.4747,44.1468,-6.70792,-19.1501,32.0219,24.2515,-53.9658,-35.0641,25.393,33.7755,10,6.95271e-310,-191.501,6.68183e-310,242.515,1.4822e-323,-350.641,5.23261e-310,337.755,25.2349,-148.337,24.0698,286.34,26.7529,-308.4,23.4747,381.902,6.52277,31.7577,-48.982,-24.9122,26.4171,53.17,-61.015,-37.5404,
0.537253,0.502618,0.56067,0.480903,0,200,0,1.13674,2.6081,-2.7379,-1.35295,1.2257,2.75449,-4.07961,-2.7497,0,1136.9,0,1175,0,1111.14,0,1198.88,25.5889,42.9559,24.0861,43.8162,26.5877,42.345,23.129,44.3289,-17.1238,-29.5325,31.2562,23.1871,-50.7301,-31.0575,32.7821,41.5907,10,6.95271e-310,-295.325,6.68183e-310,231.871,1.4822e-323,-310.575,5.23261e-310,415.907,25.5889,-252.369,24.0861,275.687,26.5877,-268.23,23.129,460.236,19.7693,45.3582,-47.6156,-23.5295,21.3164,47.9041,-70.9498,-47.8208,
0.544024,0.50311,0.556979,0.474779,0,200,0,1.74714,3.23519,-2.65745,-1.27126,0.954801,2.4746,-4.53127,-3.21699,0,1129.45,0,1174.46,0,1115.2,0,1205.62,25.8792,42.7816,24.1076,43.8044,26.4312,42.4428,22.8571,44.4697,-25.7893,-37.8547,30.246,22.0957,-47.5199,-27.3554,38.6137,47.7696,10,6.95271e-310,-378.547,6.68183e-310,220.957,1.4822e-323,-273.554,5.23261e-310,477.696,25.8792,-335.766,24.1076,264.761,26.4312,-231.111,22.8571,522.165,30.385,56.2642,-46.2165,-22.1089,16.6052,43.0364,-78.8047,-55.9476,
0.552233,0.503901,0.553467,0.468104,0,200,0,2.43927,3.94747,-2.58548,-1.1973,0.661272,2.17249,-5.06238,-3.76519,0,1120.42,0,1173.59,0,1119.06,0,1212.96,26.2295,42.5678,24.1423,43.7853,26.282,42.5354,22.5597,44.6213,-35.8142,-47.2978,29.2529,21.1142,-44.218,-23.3506,45.3007,55.028,10,6.95271e-310,-472.978,6.68183e-310,211.142,1.4822e-323,-233.506,5.23261e-310,550.28,26.2295,-430.411,24.1423,254.927,26.282,-190.971,22.5597,594.902,42.4221,68.6516,-44.9649,-20.8227,11.5004,37.7824,-88.0414,-65.4816,
0.5588,0.504824,0.549069,0.461513,0,200,0,3.05435,4.57859,-2.45827,-1.06777,0.331801,1.83224,-5.53636,-4.25611,0,1113.2,0,1172.57,0,1123.9,0,1220.21,26.5085,42.3946,24.1826,43.763,26.0947,42.6505,22.2651,44.769,-44.5943,-55.6789,27.5913,19.3861,-40.6488,-18.8488,51.0939,61.5158,10,6.95271e-310,-556.789,6.68183e-310,193.861,1.4822e-323,-188.488,5.23261e-310,615.158,26.5085,-514.394,24.1826,237.624,26.0947,-145.838,22.2651,659.927,53.1192,79.6277,-42.7525,-18.5699,5.77044,31.8651,-96.2844,-74.0193,
0.566027,0.505962,0.545474,0.455209,0,200,0,3.67386,5.21568,-2.35683,-0.963466,0.0222411,1.51386,-6.03309,-4.7691,0,1105.25,0,1171.32,0,1127.85,0,1227.15,26.8141,42.2019,24.2325,43.7354,25.9412,42.7441,21.9825,44.9085,-53.6431,-64.1279,26.1633,18.0024,-37.487,-14.6264,57.0217,68.3066,10,6.95271e-310,-641.279,6.68183e-310,180.024,1.4822e-323,-146.264,5.23261e-310,683.066,26.8141,-599.077,24.2325,223.759,25.9412,-103.52,21.9825,727.974,63.8933,90.7074,-40.9884,-16.7559,0.386802,26.328,-104.923,-82.9409,
0.573397,0.507256,0.540944,0.447407,0,200,0,4.36524,5.92489,-2.21037,-0.813755,-0.352688,1.12778,-6.60757,-5.36376,0,1097.14,0,1169.89,0,1132.84,0,1235.73,27.1245,42.0031,24.289,43.704,25.7473,42.8611,21.6315,45.0786,-63.5187,-73.5468,24.2421,16.0096,-34.1113,-9.50956,63.6065,76.1685,10,6.95271e-310,-735.468,6.68183e-310,160.096,1.4822e-323,-95.0956,5.23261e-310,761.685,27.1245,-693.465,24.289,203.8,25.7473,-52.2344,21.6315,806.763,75.9171,103.042,-38.4413,-14.1523,-6.13371,19.6136,-114.914,-93.2828,
0.579186,0.508694,0.536881,0.444087,0,200,0,4.78363,6.35724,-2.09619,-0.695962,-0.666998,0.803446,-6.89964,-5.66444,0,1090.77,0,1168.31,0,1137.31,0,1239.38,27.3671,41.8454,24.3519,43.6691,25.5729,42.9654,21.4817,45.1502,-70.6323,-79.2643,22.1252,14.4498,-29.7327,-5.21608,67.2882,80.156,10,6.95271e-310,-792.643,6.68183e-310,144.498,1.4822e-323,-52.1608,5.23261e-310,801.56,27.3671,-750.798,24.3519,188.167,25.5729,-9.19541,21.4817,846.71,83.1936,110.561,-36.4556,-12.1037,-11.6,13.973,-119.994,-98.512,
0.584818,0.510192,0.533238,0.439306,0,200,0,5.25354,6.84067,-1.96973,-0.565738,-0.979164,0.482269,-7.28086,-6.05809,0,1084.58,0,1166.66,0,1141.31,0,1244.64,27.6024,41.6906,24.4173,43.6325,25.4162,43.0583,21.2656,45.2524,-77.8374,-85.6735,20.1804,12.7236,-26.4541,-0.957186,71.6114,85.3677,10,6.95271e-310,-856.735,6.68183e-310,127.236,1.4822e-323,-9.57186,5.23261e-310,853.677,27.6024,-815.044,24.4173,170.869,25.4162,33.4864,21.2656,898.93,91.3658,118.968,-34.2562,-9.83893,-17.0289,8.38729,-126.624,-105.358,
0.590942,0.511858,0.5289,0.434512,0,200,0,5.74366,7.34545,-1.82794,-0.419775,-1.33638,0.114303,-7.66849,-6.45821,0,1077.84,0,1164.83,0,1146.09,0,1249.91,27.8572,41.5208,24.4899,43.5918,25.2292,43.1681,21.0484,45.3538,-85.7264,-92.3613,17.8165,10.7885,-22.4051,3.9189,76.0355,90.6663,10,6.95271e-310,-923.613,6.68183e-310,107.885,1.4822e-323,39.189,5.23261e-310,906.663,27.8572,-882.092,24.4899,151.477,25.2292,82.3571,21.0484,952.017,99.8897,127.747,-31.7903,-7.30043,-23.2413,1.98787,-133.365,-112.317,
0.595676,0.51368,0.524945,0.430929,0,200,0,6.12029,7.73336,-1.67739,-0.264653,-1.66494,-0.224092,-7.95946,-6.75853,0,1072.63,0,1162.83,0,1150.44,0,1253.85,28.0534,41.3885,24.5693,43.5471,25.0583,43.2676,20.8857,45.4289,-91.8224,-97.5004,15.3984,8.73294,-18.6044,8.40369,79.276,94.6435,10,6.95271e-310,-975.004,6.68183e-310,87.3294,1.4822e-323,84.0369,5.23261e-310,946.435,28.0534,-933.616,24.5693,130.877,25.0583,127.304,20.8857,991.864,106.44,134.493,-29.1719,-4.60266,-28.9555,-3.89724,-138.425,-117.54,
0.601093,0.515633,0.521026,0.427082,0,200,0,6.5315,8.15744,-1.53142,-0.113802,-2.00714,-0.576051,-8.28889,-7.09802,0,1066.67,0,1160.68,0,1154.75,0,1258.09,28.2772,41.2359,24.6543,43.499,24.8885,43.3654,20.7108,45.5089,-98.6043,-103.114,12.9354,6.73748,-14.7535,13.0719,82.8884,99.1435,10,6.95271e-310,-1031.14,6.68183e-310,67.3748,1.4822e-323,130.719,5.23261e-310,991.435,28.2772,-989.907,24.6543,110.874,24.8885,174.085,20.7108,1036.94,113.591,141.869,-26.6335,-1.97916,-34.9068,-10.0183,-144.155,-123.444,
0.605263,0.517647,0.517251,0.424469,0,200,0,6.83748,8.4733,-1.37845,0.044209,-2.32725,-0.905588,-8.51721,-7.33317,0,1062.09,0,1158.46,0,1158.9,0,1260.96,28.4489,41.1176,24.7418,43.4493,24.7246,43.4591,20.5919,45.5629,-103.82,-107.293,10.3848,4.64667,-10.8751,17.4406,85.3719,102.261,10,6.95271e-310,-1072.93,6.68183e-310,46.4667,1.4822e-323,174.406,5.23261e-310,1022.61,28.4489,-1031.81,24.7418,89.916,24.7246,217.865,20.5919,1068.18,118.913,147.362,-23.973,0.768852,-40.474,-15.7494,-148.125,-127.533,
0.610153,0.519648,0.513536,0.421917,0,200,0,7.16414,8.81149,-1.24279,0.184863,-2.65042,-1.23805,-8.76473,-7.58739,0,1056.71,0,1156.26,0,1162.99,0,1263.77,28.6496,40.978,24.8287,43.3997,24.563,43.5506,20.4755,45.6153,-109.705,-111.76,7.86614,2.78954,-6.83456,21.8498,88.1025,105.638,10,6.95271e-310,-1117.6,6.68183e-310,27.8954,1.4822e-323,218.498,5.23261e-310,1056.38,28.6496,-1076.62,24.8287,71.2951,24.563,262.049,20.4755,1101.99,124.594,153.243,-21.6137,3.215,-46.0943,-21.5313,-152.43,-131.955,
0.614144,0.521613,0.510001,0.420059,0,200,0,7.42331,9.08005,-1.10584,0.326715,-2.95237,-1.54886,-8.95031,-7.77785,0,1052.32,0,1154.1,0,1166.88,0,1265.81,28.8129,40.8634,24.914,43.3508,24.4089,43.6372,20.3907,45.6532,-114.51,-115.305,5.37346,0.915533,-2.94076,25.9707,90.1297,108.168,10,6.95271e-310,-1153.05,6.68183e-310,9.15533,1.4822e-323,259.707,5.23261e-310,1081.68,28.8129,-1112.18,24.914,52.5061,24.4089,303.344,20.3907,1127.33,129.101,157.914,-19.232,5.682,-51.3456,-26.9367,-155.658,-135.267,
0.617427,0.523531,0.506585,0.418741,0,200,0,7.63039,9.29484,-0.968348,0.468983,-3.23796,-1.84303,-9.08665,-7.91765,0,1048.71,0,1151.99,0,1170.63,0,1267.26,28.947,40.7685,24.9971,43.303,24.2597,43.7203,20.3305,45.6801,-118.479,-118.138,2.9062,-0.965016,0.853523,29.8695,91.6089,110.026,10,6.95271e-310,-1181.38,6.68183e-310,-9.65016,1.4822e-323,298.695,5.23261e-310,1100.26,28.947,-1140.61,24.9971,33.6528,24.2597,342.415,20.3305,1145.94,132.702,161.649,-16.8408,8.15623,-56.3124,-32.0527,-158.029,-137.698,
0.620915,0.525412,0.503302,0.417506,0,200,0,7.83844,9.51106,-0.8415,0.600513,-3.51772,-2.13105,-9.22653,-8.06077,0,1044.87,0,1149.92,0,1174.24,0,1268.62,29.089,40.6673,25.0785,43.2559,24.116,43.7997,20.2741,45.7051,-122.595,-120.987,0.506652,-2.70155,4.60509,33.6878,93.1306,111.931,10,6.95271e-310,-1209.87,6.68183e-310,-27.0155,1.4822e-323,336.878,5.23261e-310,1119.31,29.089,-1169.21,25.0785,16.2404,24.116,380.678,20.2741,1165.01,136.321,165.41,-14.6348,10.4437,-61.1777,-37.0617,-160.461,-140.187,
0.623731,0.527354,0.50021,0.416763,0,200,0,7.99924,9.67843,-0.709681,0.737158,-3.78283,-2.40396,-9.3234,-8.15959,0,1041.77,0,1147.79,0,1177.65,0,1269.44,29.2034,40.5852,25.1624,43.2071,23.9805,43.8741,20.2402,45.7202,-125.849,-123.191,-1.88054,-4.50588,8.20808,37.3062,94.1504,113.248,10,6.95271e-310,-1231.91,6.68183e-310,-45.0588,1.4822e-323,373.062,5.23261e-310,1132.48,29.2034,-1191.32,25.1624,-1.85169,23.9805,416.936,20.2402,1178.2,139.117,168.321,-12.3423,12.8201,-65.7884,-41.8079,-162.146,-141.906,
0.62584,0.529247,0.497357,0.416356,0,200,0,8.1181,9.80222,-0.577251,0.87429,-4.02703,-2.65535,-9.38427,-8.22153,0,1039.45,0,1145.7,0,1180.78,0,1269.88,29.2889,40.5236,25.2442,43.1594,23.8552,43.9423,20.2215,45.7284,-128.276,-124.82,-4.16547,-6.31772,11.523,40.6392,94.7445,114.075,10,6.95271e-310,-1248.2,6.68183e-310,-63.1772,1.4822e-323,406.392,5.23261e-310,1140.75,29.2889,-1207.67,25.2442,-20.0179,23.8552,450.335,20.2215,1186.48,141.184,170.473,-10.0391,15.205,-70.0353,-46.1801,-163.205,-142.983,
0.627961,0.531153,0.494625,0.41614,0,200,0,8.22777,9.91682,-0.449907,1.00636,-4.26525,-2.90049,-9.43704,-8.27487,0,1037.12,0,1143.61,0,1183.79,0,1270.12,29.3748,40.4613,25.3264,43.1112,23.7351,44.0073,20.2117,45.7328,-130.615,-126.325,-6.41463,-8.06113,14.8145,43.8901,95.2566,114.79,10,6.95271e-310,-1263.25,6.68183e-310,-80.6113,1.4822e-323,438.901,5.23261e-310,1147.9,29.3748,-1222.79,25.3264,-37.5002,23.7351,482.909,20.2117,1193.63,143.092,172.467,-7.82446,17.5019,-74.1783,-50.4433,-164.122,-143.911,
0.629495,0.53301,0.492228,0.416224,0,200,0,8.30148,9.9941,-0.325647,1.13522,-4.47859,-3.11989,-9.46091,-8.29852,0,1035.43,0,1141.56,0,1186.43,0,1270.03,29.4368,40.4162,25.4064,43.0641,23.6295,44.0641,20.2155,45.7311,-132.212,-127.338,-8.50757,-9.76224,17.7561,46.8008,95.4258,115.11,10,6.95271e-310,-1273.38,6.68183e-310,-97.6224,1.4822e-323,468.008,5.23261e-310,1151.1,29.4368,-1232.96,25.4064,-54.5583,23.6295,512.072,20.2155,1196.83,144.374,173.81,-5.66343,19.743,-77.8885,-54.259,-164.538,-144.322,
0.630502,0.534784,0.489975,0.416751,0,200,0,8.33619,10,-0.204796,1.26046,-4.67395,-3.32097,-9.44526,-8.28148,0,1034.32,0,1139.61,0,1188.9,0,1269.45,29.4775,40.3866,25.4828,43.0189,23.5302,44.1172,20.2396,45.7204,-133.164,-127.819,-10.5158,-11.4162,20.6006,49.4671,95.1913,114.891,10,6.95271e-310,-1278.19,6.68183e-310,-114.162,1.4822e-323,494.671,5.23261e-310,1148.91,29.4775,-1237.8,25.4828,-71.1427,23.5302,538.788,20.2396,1194.63,144.977,174.455,-3.56167,21.9211,-81.2861,-57.7559,-164.265,-144.026,
0.631401,0.53651,0.48801,0.417842,0,200,0,8.34076,10,-0.0976928,1.37183,-4.84775,-3.49975,-9.39856,-8.23192,0,1033.33,0,1137.72,0,1191.07,0,1268.25,29.5138,40.3601,25.557,42.9749,23.4434,44.1634,20.2895,45.6983,-133.764,-127.892,-12.387,-12.8841,23.4038,51.8385,94.6828,114.244,10,6.95271e-310,-1278.92,6.68183e-310,-128.841,1.4822e-323,518.385,5.23261e-310,1142.44,29.5138,-1238.56,25.557,-85.8659,23.4434,562.549,20.2895,1188.14,145.057,174.571,-1.69901,23.858,-84.3086,-60.8652,-163.453,-143.164,
0.631856,0.538164,0.486272,0.41946,0,200,0,8.30551,10,0.00239902,1.47601,-4.9997,-3.65612,-9.31161,-8.14072,0,1032.83,0,1135.9,0,1192.98,0,1266.47,29.5322,40.3466,25.628,42.9326,23.3667,44.2041,20.3634,45.6655,-133.737,-127.422,-14.1393,-14.2564,26.1022,53.9123,93.7774,113.047,10,6.95271e-310,-1274.22,6.68183e-310,-142.564,1.4822e-323,539.123,5.23261e-310,1130.47,29.5322,-1233.88,25.628,-99.6319,23.3667,583.327,20.3634,1176.13,144.444,173.976,0.0417221,25.6697,-86.9513,-63.5846,-161.941,-141.578,
0.632,0.539746,0.48481,0.421989,0,200,0,8.21815,9.91658,0.0875534,1.56507,-5.12521,-3.78534,-9.16702,-7.98949,0,1032.68,0,1134.16,0,1194.59,0,1263.69,29.538,40.3424,25.6959,42.892,23.302,44.2382,20.4788,45.6138,-133.078,-126.247,-15.7599,-15.4264,28.8677,55.6255,92.3549,111.059,10,6.95271e-310,-1262.47,6.68183e-310,-154.264,1.4822e-323,556.255,5.23261e-310,1110.59,29.538,-1222.12,25.6959,-111.372,23.302,600.494,20.4788,1156.2,142.924,172.462,1.52267,27.2186,-89.1341,-65.832,-159.426,-138.948,
0.631772,0.541303,0.483647,0.424613,0,200,0,8.11203,9.80994,0.170306,1.65166,-5.23157,-3.89466,-9.01124,-7.82684,0,1032.93,0,1132.44,0,1195.86,0,1260.8,29.5288,40.3491,25.7627,42.8519,23.2506,44.2652,20.5984,45.5599,-131.945,-124.813,-17.2372,-16.5636,31.2919,57.0763,90.7734,108.918,10,6.95271e-310,-1248.13,6.68183e-310,-165.636,1.4822e-323,570.763,5.23261e-310,1089.18,29.5288,-1207.78,25.7627,-122.785,23.2506,615.028,20.5984,1134.74,141.079,170.608,2.96184,28.7245,-90.9837,-67.7332,-156.717,-136.119,
0.631125,0.54267,0.482689,0.42834,0,200,0,7.94134,9.63774,0.232805,1.71752,-5.30774,-3.97327,-8.78071,-7.58655,0,1033.64,0,1130.94,0,1196.92,0,1256.7,29.5027,40.3682,25.8212,42.8167,23.2081,44.2875,20.7681,45.4828,-130.098,-122.505,-18.5599,-17.4252,33.8808,58.1172,88.5375,105.753,10,6.95271e-310,-1225.05,6.68183e-310,-174.252,1.4822e-323,581.172,5.23261e-310,1057.53,29.5027,-1184.68,25.8212,-131.435,23.2081,625.459,20.7681,1103.01,138.11,167.613,4.04878,29.87,-92.3085,-69.1004,-152.708,-131.94,
0.629723,0.543964,0.48197,0.432223,0,200,0,7.73572,9.42887,0.297903,1.78581,-5.36245,-4.02982,-8.52289,-7.31858,0,1035.18,0,1129.52,0,1197.71,0,1252.43,29.446,40.4095,25.8766,42.7832,23.1763,44.3042,20.9445,45.4018,-127.447,-119.715,-19.7516,-18.3207,36.0865,58.8653,85.9496,102.218,10,6.95271e-310,-1197.15,6.68183e-310,-183.207,1.4822e-323,588.653,5.23261e-310,1022.18,29.446,-1156.74,25.8766,-140.424,23.1763,632.957,20.9445,1067.58,134.534,163.98,5.18091,31.0575,-93.26,-70.0838,-148.224,-127.28,
0.627638,0.54515,0.481478,0.436106,0,200,0,7.5038,9.1921,0.36443,1.85525,-5.39631,-4.06493,-8.24838,-7.03394,0,1037.47,0,1128.21,0,1198.25,0,1248.16,29.3617,40.4708,25.9273,42.7525,23.1545,44.3156,21.1207,45.3202,-124.123,-116.563,-20.795,-19.234,37.8624,59.329,83.1103,98.4575,10,6.95271e-310,-1165.63,6.68183e-310,-192.34,1.4822e-323,593.29,5.23261e-310,984.575,29.3617,-1125.16,25.9273,-149.587,23.1545,637.605,21.1207,1029.9,130.501,159.863,6.33791,32.2652,-93.8489,-70.6944,-143.45,-122.329,
0.624941,0.546241,0.481179,0.441175,0,200,0,7.19621,8.87823,0.417984,1.91149,-5.40369,-4.07307,-7.89088,-6.66325,0,1040.44,0,1127.01,0,1198.58,0,1242.58,29.2525,40.5499,25.9739,42.7242,23.1412,44.3225,21.3501,45.2125,-119.873,-112.383,-21.7562,-19.971,39.7942,59.4329,79.4745,93.5609,10,6.95271e-310,-1123.83,6.68183e-310,-199.71,1.4822e-323,594.329,5.23261e-310,935.609,29.2525,-1083.28,25.9739,-156.986,23.1412,638.652,21.3501,980.822,125.152,154.404,7.26929,33.2432,-93.9773,-70.8361,-137.233,-115.883,
0.621837,0.547212,0.481131,0.446185,0,200,0,6.87315,8.54793,0.467064,1.96295,-5.39124,-4.06074,-7.52898,-6.28834,0,1043.85,0,1125.94,0,1198.63,0,1237.07,29.1265,40.6405,26.0154,42.6989,23.1391,44.3236,21.5763,45.105,-115.232,-107.989,-22.5517,-20.6461,41.316,59.2657,75.7225,88.6062,10,6.95271e-310,-1079.89,6.68183e-310,-206.461,1.4822e-323,592.657,5.23261e-310,886.062,29.1265,-1039.25,26.0154,-163.762,23.1391,636.981,21.5763,931.167,119.533,148.66,8.12285,34.1383,-93.7607,-70.6216,-130.939,-109.362,
0.618758,0.548051,0.481334,0.451446,0,200,0,6.53617,8.20373,0.499144,1.99709,-5.35954,-4.02852,-7.15696,-5.90269,0,1047.24,0,1125.02,0,1198.41,0,1231.29,29.0012,40.73,26.0512,42.6771,23.1481,44.3189,21.8133,44.9909,-110.526,-103.407,-23.1761,-21.0902,42.6892,58.8355,71.8836,83.5116,10,6.95271e-310,-1034.07,6.68183e-310,-210.902,1.4822e-323,588.355,5.23261e-310,835.116,29.0012,-993.341,26.0512,-168.224,23.1481,632.674,21.8133,880.106,113.672,142.674,8.68077,34.732,-93.2094,-70.0613,-124.469,-102.655,
0.614515,0.548746,0.481814,0.457114,0,200,0,6.13456,7.79218,0.532923,2.03257,-5.29676,-3.96453,-6.73318,-5.46426,0,1051.91,0,1124.26,0,1197.88,0,1225.05,28.8281,40.8527,26.0809,42.659,23.1694,44.3078,22.068,44.8665,-104.605,-97.9394,-23.6563,-21.5551,43.605,57.9823,67.3845,77.7135,10,6.95271e-310,-979.394,6.68183e-310,-215.551,1.4822e-323,579.823,5.23261e-310,777.135,28.8281,-938.541,26.0809,-172.892,23.1694,624.131,22.068,822.001,106.688,135.516,9.26823,35.3491,-92.1176,-68.9483,-117.099,-95.0307,
0.610393,0.549369,0.482689,0.462471,0,200,0,5.74548,7.3934,0.555002,2.05618,-5.21435,-3.87988,-6.33814,-5.05543,0,1056.44,0,1123.57,0,1196.92,0,1219.16,28.6595,40.9712,26.1075,42.6427,23.2081,44.2875,22.3081,44.7476,-98.7929,-92.6417,-23.9146,-21.8614,44.026,56.8584,63.1198,72.308,10,6.95271e-310,-926.417,6.68183e-310,-218.614,1.4822e-323,568.584,5.23261e-310,723.08,28.6595,-885.446,26.1075,-175.971,23.2081,612.872,22.3081,767.827,99.9214,128.581,9.65222,35.7597,-90.6843,-67.4762,-110.229,-87.9205,
0.605827,0.54992,0.484079,0.469362,0,200,0,5.26624,6.90339,0.549135,2.05166,-5.09094,-3.75294,-5.85333,-4.55292,0,1061.47,0,1122.96,0,1195.39,0,1211.58,28.4721,41.1016,26.131,42.6283,23.2697,44.2552,22.6159,44.5928,-92.0416,-86.1229,-23.9816,-21.79,44.472,55.1746,57.9648,65.6698,10,6.95271e-310,-861.229,6.68183e-310,-217.9,1.4822e-323,551.746,5.23261e-310,656.698,28.4721,-820.127,26.131,-175.271,23.2697,596.001,22.6159,701.29,91.5869,120.059,9.55017,35.6811,-88.5382,-65.2685,-101.797,-79.1811,
0.600925,0.550316,0.486128,0.475234,0,200,0,4.8104,6.43594,0.538829,2.04233,-4.93117,-3.58796,-5.42872,-4.11327,0,1066.86,0,1122.53,0,1193.14,0,1205.12,28.2703,41.2406,26.1478,42.618,23.3603,44.2074,22.8773,44.4593,-85.1045,-79.9146,-23.6545,-21.6566,43.7264,52.9908,53.2319,59.8588,10,6.95271e-310,-799.146,6.68183e-310,-216.566,1.4822e-323,529.908,5.23261e-310,598.588,28.2703,-757.906,26.1478,-173.948,23.3603,574.115,22.8773,643.047,83.6591,111.929,9.37095,35.5188,-85.7595,-62.3992,-94.4125,-71.5352,
0.595664,0.550603,0.488106,0.482916,0,200,0,4.25707,5.87012,0.504794,2.009,-4.76004,-3.41179,-4.89143,-3.55638,0,1072.65,0,1122.21,0,1190.96,0,1196.67,28.0529,41.3888,26.1601,42.6105,23.4477,44.1611,23.2182,44.2822,-77.4941,-72.3873,-23.4136,-21.2018,43.6408,50.6549,47.4066,52.5027,10,6.95271e-310,-723.873,6.68183e-310,-212.018,1.4822e-323,506.549,5.23261e-310,525.027,28.0529,-682.485,26.1601,-169.408,23.4477,550.71,23.2182,569.309,74.0361,102.089,8.77903,34.9391,-82.7832,-59.3356,-85.0683,-61.8501,
0.590199,0.550795,0.490574,0.490143,0,200,0,3.70757,5.30759,0.462783,1.96746,-4.56242,-3.20792,-4.38461,-3.03119,0,1078.66,0,1122,0,1188.24,0,1188.72,27.8263,41.5415,26.1682,42.6054,23.5566,44.1031,23.5376,44.1133,-69.7282,-64.9085,-22.914,-20.6383,42.792,47.955,41.7454,45.5647,10,6.95271e-310,-649.085,6.68183e-310,-206.383,1.4822e-323,479.55,5.23261e-310,455.647,27.8263,-607.543,26.1682,-163.777,23.5566,523.653,23.5376,499.76,64.4795,92.3058,8.04841,34.2166,-79.3465,-55.7899,-76.254,-52.7164,
0.584135,0.550855,0.493307,0.497825,0,200,0,3.10652,4.69202,0.410293,1.91511,-4.3412,-2.97977,-3.8423,-2.46945,0,1085.33,0,1121.94,0,1185.24,0,1180.27,27.5739,41.7095,26.1708,42.6039,23.677,44.0386,23.8758,43.9312,-61.3204,-56.7263,-22.3062,-19.9316,41.6319,44.9331,35.586,38.1426,10,6.95271e-310,-567.263,6.68183e-310,-199.316,1.4822e-323,449.331,5.23261e-310,381.426,27.5739,-525.554,26.1708,-156.712,23.677,493.37,23.8758,425.357,54.0265,81.6004,7.13554,33.3063,-75.4991,-51.8221,-66.8227,-42.9469,
0.577556,0.550759,0.496327,0.505758,0,200,0,2.46468,4.03437,0.346385,1.85097,-4.09617,-2.7271,-3.27912,-1.88627,0,1092.56,0,1122.04,0,1181.92,0,1171.54,27.2989,41.89,26.1667,42.6064,23.8099,43.9669,24.2235,43.7404,-52.4101,-47.9869,-21.5639,-19.0689,40.0657,41.5862,29.0608,30.4362,10,6.95271e-310,-479.869,6.68183e-310,-190.689,1.4822e-323,415.862,5.23261e-310,304.362,27.2989,-437.979,26.1667,-148.083,23.8099,459.828,24.2235,348.103,42.864,70.1629,6.02409,32.1908,-71.2377,-47.4277,-57.0283,-32.8047,
0.570533,0.550567,0.499479,0.513224,0,200,0,1.81678,3.36951,0.286423,1.79054,-3.84168,-2.46465,-2.73611,-1.32452,0,1100.29,0,1122.25,0,1178.45,0,1163.33,27.004,42.0807,26.1585,42.6114,23.9484,43.8916,24.5494,43.5583,-43.2665,-39.1592,-20.77,-18.2581,37.9698,38.11,22.5363,23.0093,10,6.95271e-310,-391.592,6.68183e-310,-182.581,1.4822e-323,381.1,5.23261e-310,230.093,27.004,-349.511,26.1585,-139.969,23.9484,424.992,24.5494,273.652,31.5962,58.6003,4.98126,31.1398,-66.8119,-42.8635,-47.5846,-23.0352,
0.563115,0.550196,0.50281,0.522512,0,200,0,1.06232,2.59706,0.190326,1.69353,-3.56395,-2.17852,-2.08711,-0.652316,0,1108.45,0,1122.66,0,1174.78,0,1153.11,26.6911,42.2798,26.1427,42.6211,24.0945,43.8116,24.9529,43.3284,-33.4572,-28.889,-19.9529,-16.9577,36.2009,34.3181,14.8629,14.1285,10,6.95271e-310,-288.89,6.68183e-310,-169.577,1.4822e-323,343.181,5.23261e-310,141.285,26.6911,-246.61,26.1427,-126.956,24.0945,386.992,24.9529,184.614,18.4751,45.1662,3.31002,29.4527,-61.9817,-37.8873,-36.2976,-11.3446,
0.55463,0.549764,0.506765,0.531261,0,200,0,0.271498,1.78556,0.100661,1.60281,-3.24977,-1.85438,-1.45813,-0.00159465,0,1117.78,0,1123.14,0,1170.43,0,1143.49,26.3314,42.5048,26.1243,42.6324,24.2676,43.716,25.331,43.1085,-22.7044,-18.1132,-18.9453,-15.7432,33.2142,30.0259,6.98603,5.52642,10,6.95271e-310,-181.132,6.68183e-310,-157.432,1.4822e-323,300.259,5.23261e-310,55.2642,26.3314,-138.627,26.1243,-114.799,24.2676,343.975,25.331,98.3727,4.7217,31.0531,1.75063,27.8749,-56.5177,-32.2501,-25.3588,-0.0277331,
0.547415,0.549273,0.510061,0.540093,0,200,0,-0.470119,1.02627,-0.00509333,1.49585,-2.98046,-1.5768,-0.849023,0.629347,0,1125.72,0,1123.68,0,1166.81,0,1133.77,26.0241,42.6936,26.1034,42.6452,24.4115,43.6357,25.7108,42.883,-13.4482,-8.01732,-18.1723,-14.3109,31.1666,26.3483,-0.514399,-2.80788,10,6.95271e-310,-80.1732,6.68183e-310,-143.109,1.4822e-323,263.483,5.23261e-310,-28.0788,26.0241,-37.4795,26.1034,-100.464,24.4115,307.119,25.7108,14.8042,-8.17598,17.8481,-0.0885797,26.0148,-51.834,-27.4225,-14.7656,10.9452,
0.539518,0.548506,0.513932,0.549081,0,200,0,-1.26258,0.214369,-0.132333,1.36673,-2.66873,-1.25537,-0.227133,1.27334,0,1134.41,0,1124.52,0,1162.55,0,1123.89,25.6861,42.8978,26.0706,42.6652,24.5802,43.5409,26.0952,42.6502,-3.55585,2.77427,-17.1184,-12.5853,28.2987,22.091,-8.40278,-11.3155,10,6.95271e-310,27.7427,6.68183e-310,-125.853,1.4822e-323,220.91,5.23261e-310,-113.155,25.6861,70.6405,26.0706,-83.1876,24.5802,264.451,26.0952,-70.5052,-21.958,3.72815,-2.30144,23.7692,-46.4128,-21.8325,-3.95014,22.145,
0.530649,0.547667,0.51791,0.557914,0,200,0,-2.10376,-0.64874,-0.25027,1.24673,-2.346,-0.922691,0.400489,1.92256,0,1144.16,0,1125.44,0,1158.17,0,1114.17,25.3047,43.1239,26.0348,42.6871,24.7533,43.4428,26.4709,42.4181,7.07232,14.2371,-16.1482,-10.984,24.8436,17.6839,-16.7289,-19.8972,10,6.95271e-310,142.371,6.68183e-310,-109.84,1.4822e-323,176.839,5.23261e-310,-198.972,25.3047,185.494,26.0348,-67.153,24.7533,220.282,26.4709,-156.554,-36.5871,-11.2824,-4.35252,21.6823,-40.8001,-16.0468,6.96503,33.4359,
0.523519,0.546672,0.522404,0.566458,0,200,0,-2.8619,-1.4246,-0.417482,1.07708,-2.00999,-0.575468,0.960354,2.50321,0,1152.01,0,1126.54,0,1153.23,0,1104.77,24.9965,43.3033,25.9924,42.713,24.9483,43.3311,26.8323,42.1903,16.0958,24.557,-14.717,-8.71641,21.2846,13.0907,-24.089,-27.5605,10,6.95271e-310,245.57,6.68183e-310,-87.1641,1.4822e-323,130.907,5.23261e-310,-275.605,24.9965,288.873,25.9924,-44.4512,24.9483,174.238,26.8323,-233.414,-49.7722,-24.7757,-7.26055,18.7318,-34.9564,-10.0081,16.7018,43.5342,
0.515765,0.545618,0.526239,0.574859,0,200,0,-3.6461,-2.22815,-0.563465,0.928505,-1.70391,-0.259836,1.53192,3.0951,0,1160.53,0,1127.7,0,1149.01,0,1095.53,24.66,43.4958,25.9473,42.7403,25.1143,43.2351,27.1858,41.9634,25.2947,35.2378,-13.6958,-6.73408,17.963,8.91041,-31.8197,-35.3784,10,6.95271e-310,352.378,6.68183e-310,-67.3408,1.4822e-323,89.1041,5.23261e-310,-353.784,24.66,395.874,25.9473,-24.6005,25.1143,132.339,27.1858,-311.821,-63.4105,-38.7504,-9.7994,16.1479,-29.6331,-4.5189,26.6421,53.8279,
0.508287,0.544599,0.530374,0.58326,0,200,0,-4.42602,-3.02681,-0.722363,0.767104,-1.39166,0.062673,2.08535,3.66875,0,1168.76,0,1128.82,0,1144.46,0,1086.29,24.3341,43.679,25.9038,42.7668,25.2928,43.1309,27.5374,41.7336,34.2541,45.8577,-12.585,-4.57819,14.3878,4.64314,-39.4533,-42.9509,10,6.95271e-310,458.577,6.68183e-310,-45.7819,1.4822e-323,46.4314,5.23261e-310,-429.509,24.3341,502.256,25.9038,-3.01517,25.2928,89.5624,27.5374,-387.776,-76.9743,-52.6402,-12.5628,13.3409,-24.2028,1.08996,36.2669,63.8043,
0.500761,0.543269,0.5347,0.591577,0,200,0,-5.21373,-3.83346,-0.903705,0.582488,-1.06098,0.404067,2.63027,4.23357,0,1177.04,0,1130.28,0,1139.71,0,1077.14,24.0047,43.8609,25.8469,42.8012,25.4792,43.0211,27.8835,41.5031,43.0799,56.5841,-11.2894,-2.11539,10.4532,0.124942,-47.0992,-50.4066,10,6.95271e-310,565.841,6.68183e-310,-21.1539,1.4822e-323,1.24942,5.23261e-310,-504.066,24.0047,609.701,25.8469,21.6472,25.4792,44.2705,27.8835,-462.563,-90.6735,-66.6688,-15.7166,10.1302,-18.4519,7.02726,45.7438,73.6274,
0.493642,0.542035,0.539062,0.599739,0,200,0,-5.98001,-4.61773,-1.08825,0.394903,-0.741044,0.734784,3.15008,4.77281,0,1184.87,0,1131.64,0,1134.91,0,1068.16,23.6918,44.0306,25.794,42.833,25.6666,42.9095,28.2213,41.2742,51.4637,67.0165,-10.0267,0.389265,6.51352,-4.24877,-54.5276,-57.5208,10,6.95271e-310,670.165,6.68183e-310,3.89265,1.4822e-323,-42.4877,5.23261e-310,-575.208,23.6918,714.196,25.794,46.7257,25.6666,0.42183,28.2213,-533.934,-104,-80.3084,-18.9261,6.86788,-12.8877,12.7789,54.784,83.0053,
0.486679,0.540908,0.543928,0.60784,0,200,0,-6.74529,-5.40067,-1.28342,0.196963,-0.408376,1.07944,3.64715,5.28905,0,1192.53,0,1132.88,0,1129.56,0,1059.25,23.3847,44.1945,25.7457,42.8621,25.8751,42.7841,28.5548,41.0442,59.8029,77.4337,-8.62086,3.03555,2.09688,-8.80081,-61.8554,-64.3266,10,6.95271e-310,774.337,6.68183e-310,30.3555,1.4822e-323,-88.0081,5.23261e-310,-643.266,23.3847,818.532,25.7457,73.2176,25.8751,-45.2239,28.5548,-602.222,-117.309,-93.9247,-22.3203,3.42544,-7.10218,18.7729,63.4287,91.9835,
0.47992,0.539554,0.547931,0.61557,0,200,0,-7.4819,-6.15449,-1.47093,0.00611122,-0.112647,1.385,4.13301,5.7931,0,1199.96,0,1134.37,0,1125.15,0,1050.75,23.0854,44.3516,25.6877,42.8969,26.0461,42.6802,28.8712,40.8222,67.4451,87.4622,-7.5059,5.58191,-1.7019,-12.8426,-69.0271,-70.9755,10,6.95271e-310,874.622,6.68183e-310,55.8191,1.4822e-323,-128.426,5.23261e-310,-709.755,23.0854,918.974,25.6877,98.716,26.0461,-85.7458,28.8712,-668.933,-130.12,-107.035,-25.5814,0.106282,-1.95908,24.087,71.8784,100.75,
0.47273,0.538283,0.552173,0.622856,0,200,0,-8.22978,-6.92074,-1.64745,-0.173539,0.18953,1.69758,4.59242,6.26957,0,1207.87,0,1135.76,0,1120.49,0,1042.73,22.7659,44.5164,25.6331,42.9295,26.2269,42.5693,29.1679,40.6108,75.4192,97.6497,-6.42988,7.9789,-6.06887,-16.9744,-76.1903,-77.2615,10,6.95271e-310,976.497,6.68183e-310,79.789,1.4822e-323,-169.744,5.23261e-310,-772.615,22.7659,1021.01,25.6331,122.719,26.2269,-127.175,29.1679,-732.004,-143.127,-120.361,-28.6512,-3.01807,3.29617,29.5231,79.8682,109.036,
0.467229,0.537061,0.556775,0.629771,0,200,0,-8.87626,-7.58132,-1.85381,-0.382925,0.489348,2.00864,4.98954,6.6828,0,1213.92,0,1137.11,0,1115.42,0,1035.13,22.5207,44.641,25.5807,42.9608,26.4226,42.4482,29.448,40.4081,81.9412,106.446,-4.96173,10.7776,-10.3147,-21.0791,-82.3197,-82.7022,10,6.95271e-310,1064.46,6.68183e-310,107.776,1.4822e-323,-210.791,5.23261e-310,-827.022,22.5207,1109.1,25.5807,150.737,26.4226,-168.343,29.448,-786.614,-154.37,-131.849,-32.2402,-6.65957,8.5104,34.933,86.7746,116.223,
0.461584,0.535947,0.560358,0.636638,0,200,0,-9.52271,-8.24228,-2.02908,-0.560942,0.735004,2.26304,5.39808,7.10725,0,1220.13,0,1138.33,0,1111.48,0,1027.57,22.2684,44.7674,25.5328,42.9893,26.5745,42.3532,29.7248,40.205,88.2194,115.244,-4.08231,13.1555,-13.7328,-24.4395,-88.6476,-88.2955,10,6.95271e-310,1152.44,6.68183e-310,131.555,1.4822e-323,-244.395,5.23261e-310,-882.955,22.2684,1197.21,25.5328,174.545,26.5745,-202.042,29.7248,-842.75,-165.612,-143.344,-35.2883,-9.75551,12.7827,39.3572,93.8796,123.604,
0.456491,0.534652,0.564505,0.641755,0,200,0,-10,-8.80342,-2.20745,-0.742513,1.00889,2.54701,5.69641,7.41739,0,1225.74,0,1139.76,0,1106.92,0,1021.95,22.0401,44.8802,25.4771,43.0223,26.7499,42.2427,29.9301,40.0523,93.891,122.707,-2.7006,15.5779,-18.0789,-28.1879,-93.6675,-92.3809,10,6.95271e-310,1227.07,6.68183e-310,155.779,1.4822e-323,-281.879,5.23261e-310,-923.809,22.0401,1271.95,25.4771,198.802,26.7499,-239.636,29.9301,-883.757,-175.143,-153.103,-38.3904,-12.9133,17.5459,44.2958,99.068,128.998,
0.451805,0.533526,0.568088,0.646753,0,200,0,-10,-9.33247,-2.36909,-0.90694,1.24441,2.79123,5.98571,7.71818,0,1230.89,0,1141,0,1102.98,0,1016.45,21.8295,44.983,25.4286,43.051,26.9011,42.1466,30.1299,39.9022,99.0401,129.746,-1.61406,17.7725,-21.796,-31.4113,-98.5051,-96.3425,10,6.95271e-310,1297.46,6.68183e-310,177.725,1.4822e-323,-314.113,5.23261e-310,-963.425,21.8295,1342.44,25.4286,220.776,26.9011,-271.967,30.1299,-923.523,-184.133,-162.304,-41.2015,-15.7729,21.642,48.543,104.099,134.229,
0.447299,0.532495,0.571048,0.651534,0,200,0,-10,-9.83787,-2.51069,-1.0511,1.4447,2.99867,6.26752,8.01094,0,1235.85,0,1142.13,0,1099.72,0,1011.19,21.6266,45.0809,25.3842,43.0772,27.0257,42.0667,30.3204,39.7577,103.813,136.47,-0.844303,19.6956,-24.9535,-34.1511,-103.216,-100.2,10,6.95271e-310,1364.7,6.68183e-310,196.956,1.4822e-323,-341.511,5.23261e-310,-1002,21.6266,1409.78,25.3842,240.034,27.0257,-299.445,30.3204,-962.244,-192.72,-171.093,-43.6642,-18.28,25.1251,52.1509,109,139.321,
0.443656,0.531584,0.574428,0.654998,0,200,0,-10,-10,-2.64705,-1.18971,1.65247,3.21462,6.4572,8.20853,0,1239.85,0,1143.13,0,1096.01,0,1007.38,21.4622,45.1594,25.345,43.1003,27.1677,41.9752,30.4579,39.6525,107.882,141.815,0.270454,21.5464,-28.5578,-36.9974,-106.709,-102.8,10,6.95271e-310,1418.15,6.68183e-310,215.464,1.4822e-323,-369.974,5.23261e-310,-1028,21.4622,1463.31,25.345,258.564,27.1677,-327.999,30.4579,-988.343,-199.546,-178.083,-46.0356,-20.6906,28.7386,55.9063,112.299,142.757,
0.440792,0.530757,0.576945,0.658857,0,200,0,-10,-10,-2.77819,-1.3229,1.81085,3.37907,6.66643,8.42654,0,1243,0,1144.04,0,1093.24,0,1003.13,21.3328,45.2207,25.3093,43.1212,27.2733,41.9067,30.6107,39.5346,111.07,146.672,1.06423,23.3257,-30.9644,-39.1662,-110.141,-105.667,10,6.95271e-310,1466.72,6.68183e-310,233.257,1.4822e-323,-391.662,5.23261e-310,-1056.67,21.3328,1511.94,25.3093,276.378,27.2733,-349.756,30.6107,-1017.13,-205.756,-184.423,-48.3163,-23.007,31.4931,58.7664,115.938,146.549,
0.437724,0.53005,0.579737,0.661589,0,200,0,-10,-10,-2.88637,-1.43284,1.97844,3.55338,6.81433,8.58065,0,1246.38,0,1144.82,0,1090.17,0,1000.13,21.1939,45.2859,25.2788,43.1391,27.3902,41.8303,30.7186,39.4508,114.444,151.087,1.93153,24.7938,-34.0164,-41.4627,-113.004,-107.694,10,6.95271e-310,1510.87,6.68183e-310,247.938,1.4822e-323,-414.627,5.23261e-310,-1076.94,21.1939,1556.16,25.2788,291.077,27.3902,-372.797,30.7186,-1037.49,-211.391,-190.197,-50.1977,-24.9189,34.4077,61.7979,118.51,149.229,
0.435339,0.529451,0.581798,0.66437,0,200,0,-10,-10,-2.98292,-1.53087,2.10379,3.68368,6.964,8.73662,0,1249,0,1145.48,0,1087.9,0,997.069,21.0859,45.3364,25.253,43.1542,27.4764,41.7738,30.8281,39.3653,117.053,154.894,2.53603,26.1036,-36.1167,-43.1799,-115.632,-109.745,10,6.95271e-310,1548.94,6.68183e-310,261.036,1.4822e-323,-431.799,5.23261e-310,-1097.45,21.0859,1594.27,25.253,304.19,27.4764,-390.025,30.8281,-1058.09,-216.255,-195.17,-51.8768,-26.6239,36.5877,64.064,121.113,151.941,
0.433206,0.528936,0.584123,0.666191,0,200,0,-10,-10,-3.06817,-1.6174,2.23642,3.82189,7.05523,8.83197,0,1251.35,0,1146.05,0,1085.34,0,995.066,20.9891,45.3812,25.2307,43.1672,27.5734,41.7098,30.8998,39.3091,119.478,157.981,3.31476,27.26,-38.6265,-44.9987,-117.553,-110.997,10,6.95271e-310,1579.81,6.68183e-310,272.6,1.4822e-323,-449.987,5.23261e-310,-1109.97,20.9891,1625.2,25.2307,315.767,27.5734,-408.277,30.8998,-1070.66,-220.197,-199.208,-53.3595,-28.1287,38.8942,66.4676,122.7,153.599,
0.431576,0.528528,0.585777,0.667785,0,200,0,-10,-10,-3.13496,-1.68521,2.33212,3.92155,7.13697,8.91731,0,1253.14,0,1146.49,0,1083.52,0,993.312,20.9151,45.4154,25.2131,43.1775,27.6423,41.6641,30.9624,39.2598,121.297,160.446,3.84539,28.166,-40.3807,-46.3107,-119.155,-112.118,10,6.95271e-310,1604.46,6.68183e-310,281.66,1.4822e-323,-463.107,5.23261e-310,-1121.18,20.9151,1649.88,25.2131,324.837,27.6423,-421.443,30.9624,-1081.92,-223.345,-202.43,-54.5211,-29.3079,40.5585,68.2009,124.121,155.084,
0.430389,0.528229,0.587539,0.669103,0,200,0,-10,-10,-3.20065,-1.75163,2.42487,4.01852,7.1944,8.97771,0,1254.45,0,1146.82,0,1081.58,0,991.862,20.8612,45.4402,25.2002,43.1851,27.7157,41.6154,31.0141,39.2189,122.796,162.404,4.47474,29.0555,-42.1204,-47.5844,-120.367,-112.908,10,6.95271e-310,1624.04,6.68183e-310,290.555,1.4822e-323,-475.844,5.23261e-310,-1129.08,20.8612,1669.48,25.2002,333.741,27.7157,-434.229,31.0141,-1089.86,-225.847,-204.986,-55.6634,-30.4632,42.1717,69.8874,125.12,156.134,
0.429287,0.528061,0.588845,0.669966,0,200,0,-10,-10,-3.24082,-1.79222,2.4928,4.08958,7.23365,9.01891,0,1255.66,0,1147.01,0,1080.15,0,990.913,20.8111,45.4631,25.193,43.1893,27.77,41.5791,31.048,39.1921,124.102,163.974,4.87252,29.5994,-43.5178,-48.5174,-121.314,-113.447,10,6.95271e-310,1639.74,6.68183e-310,295.994,1.4822e-323,-485.174,5.23261e-310,-1134.47,20.8111,1685.2,25.193,339.183,27.77,-443.595,31.048,-1095.28,-227.851,-207.04,-56.3621,-31.1691,43.353,71.1231,125.803,156.851,
0.428628,0.528037,0.589959,0.670529,0,200,0,-10,-10,-3.26987,-1.82133,2.54389,4.14333,7.25239,9.03892,0,1256.39,0,1147.04,0,1078.92,0,990.294,20.7812,45.4768,25.1919,43.1899,27.8164,41.5482,31.07,39.1746,125.015,164.981,5.21981,29.9913,-44.6251,-49.2209,-121.881,-113.707,10,6.95271e-310,1649.81,6.68183e-310,299.913,1.4822e-323,-492.209,5.23261e-310,-1137.07,20.7812,1695.29,25.1919,343.103,27.8164,-450.661,31.07,-1097.89,-229.138,-208.356,-56.8673,-31.6753,44.2416,72.0579,126.129,157.199,
0.42828,0.528133,0.59087,0.670841,0,200,0,-10,-10,-3.28757,-1.83879,2.57958,4.18119,7.25565,9.04288,0,1256.77,0,1146.93,0,1077.92,0,989.951,20.7654,45.4841,25.1961,43.1875,27.8542,41.5228,31.0822,39.165,125.636,165.56,5.49402,30.2284,-45.4729,-49.714,-122.163,-113.754,10,6.95271e-310,1655.6,6.68183e-310,302.284,1.4822e-323,-497.14,5.23261e-310,-1137.54,20.7654,1701.09,25.1961,345.472,27.8542,-455.617,31.0822,-1098.38,-229.878,-209.112,-57.1751,-31.979,44.8622,72.7164,126.185,157.267,
0.428148,0.528385,0.591517,0.670865,0,200,0,-10,-10,-3.28821,-1.83881,2.59659,4.19975,7.24362,9.0309,0,1256.91,0,1146.65,0,1077.21,0,989.925,20.7594,45.4868,25.2069,43.1811,27.8811,41.5048,31.0832,39.1642,126.039,165.761,5.63242,30.2336,-46.0458,-49.9519,-122.192,-113.593,10,6.95271e-310,1657.61,6.68183e-310,302.336,1.4822e-323,-499.519,5.23261e-310,-1135.93,20.7594,1703.1,25.2069,345.517,27.8811,-458.014,31.0832,-1096.76,-230.134,-209.375,-57.1863,-31.9794,45.1581,73.0392,125.976,157.059,
0.428412,0.528804,0.591985,0.670529,0,200,0,-10,-10,-3.27475,-1.82431,2.59695,4.20123,7.20838,8.99491,0,1256.62,0,1146.19,0,1076.69,0,990.294,20.7713,45.4813,25.2251,43.1706,27.9005,41.4917,31.07,39.1746,126.1,165.404,5.70902,30.0461,-46.3686,-49.963,-121.829,-113.114,10,6.95271e-310,1654.04,6.68183e-310,300.461,1.4822e-323,-499.63,5.23261e-310,-1131.14,20.7713,1699.52,25.2251,343.632,27.9005,-458.138,31.07,-1091.96,-229.678,-208.907,-56.9521,-31.7271,45.1643,73.0648,125.363,156.433,
0.429023,0.529379,0.592296,0.669786,0,200,0,-10,-10,-3.24678,-1.79491,2.58263,4.18765,7.14799,8.93285,0,1255.95,0,1145.56,0,1076.35,0,991.111,20.7991,45.4686,25.2499,43.156,27.9134,41.483,31.0409,39.1977,125.857,164.504,5.73284,29.661,-46.4982,-49.7741,-121.067,-112.291,10,6.95271e-310,1645.04,6.68183e-310,296.61,1.4822e-323,-497.741,5.23261e-310,-1122.91,20.7991,1690.51,25.2499,339.766,27.9134,-456.258,31.0409,-1083.71,-228.529,-207.73,-56.4657,-31.2158,44.9153,72.8287,124.313,155.354,
0.430533,0.53017,0.592416,0.668321,0,200,0,-10,-10,-3.20304,-1.74921,2.54652,4.15183,7.03803,8.81958,0,1254.29,0,1144.69,0,1076.22,0,992.723,20.8678,45.4372,25.284,43.1361,27.9184,41.4797,30.9835,39.2432,124.84,162.42,5.7891,29.0603,-46.2685,-49.2891,-119.449,-110.791,10,6.95271e-310,1624.2,6.68183e-310,290.603,1.4822e-323,-492.891,5.23261e-310,-1107.91,20.8678,1669.64,25.284,333.739,27.9184,-451.411,30.9835,-1068.67,-225.871,-205.003,-55.7051,-30.4211,44.2874,72.2057,122.401,153.384,
0.432631,0.531201,0.592332,0.666143,0,200,0,-10,-10,-3.13726,-1.68088,2.489,4.09411,6.88313,8.65976,0,1251.98,0,1143.56,0,1076.31,0,995.118,20.963,45.3933,25.3285,43.11,27.9149,41.482,30.8979,39.3105,123.31,159.417,5.79105,28.1591,-45.7841,-48.5126,-117.141,-108.677,10,6.95271e-310,1594.17,6.68183e-310,281.591,1.4822e-323,-485.126,5.23261e-310,-1086.77,20.963,1639.56,25.3285,324.701,27.9149,-443.644,30.8979,-1047.46,-222.038,-201.075,-54.5611,-29.2326,43.287,71.2019,119.707,150.605,
0.434979,0.532399,0.592033,0.663674,0,200,0,-10,-10,-3.05563,-1.59628,2.41383,4.01822,6.71039,8.48143,0,1249.4,0,1142.24,0,1076.64,0,997.834,21.0696,45.3439,25.3801,43.0796,27.9024,41.4904,30.8008,39.3867,121.538,156.016,5.67322,27.0419,-45.0613,-47.4955,-114.562,-106.318,10,6.95271e-310,1560.16,6.68183e-310,270.419,1.4822e-323,-474.955,5.23261e-310,-1063.18,21.0696,1605.5,25.3801,313.498,27.9024,-433.464,30.8008,-1023.8,-217.696,-196.626,-53.1415,-27.7614,41.9797,69.8821,116.702,147.503,
0.438203,0.533849,0.591481,0.660271,0,200,0,-10,-10,-2.95086,-1.48792,2.31277,3.91584,6.47675,8.24007,0,1245.85,0,1140.64,0,1077.25,0,1001.58,21.2157,45.2758,25.4425,43.0427,27.8796,41.5058,30.6665,39.4913,118.971,151.332,5.53483,25.6093,-44.0031,-46.126,-111.031,-103.128,10,6.95271e-310,1513.32,6.68183e-310,256.093,1.4822e-323,-461.26,5.23261e-310,-1031.28,21.2157,1558.6,25.4425,299.135,27.8796,-419.754,30.6665,-991.786,-211.717,-190.502,-51.3194,-25.8768,40.222,68.1016,112.639,143.306,
0.441631,0.535491,0.590643,0.656676,0,200,0,-10,-10,-2.8285,-1.36149,2.18959,3.79067,6.23088,7.98603,0,1242.08,0,1138.84,0,1078.17,0,1005.53,21.3707,45.2028,25.5132,43.0009,27.8447,41.5292,30.5244,39.6013,116.184,146.346,5.20717,23.9368,-42.6364,-44.4547,-107.323,-99.7698,10,6.95271e-310,1463.46,6.68183e-310,239.368,1.4822e-323,-444.547,5.23261e-310,-997.698,21.3707,1508.66,25.5132,282.369,27.8447,-403.018,30.5244,-958.096,-205.352,-183.981,-49.1912,-23.6781,38.0799,65.9246,108.363,138.888,
0.44519,0.537337,0.589444,0.652649,0,200,0,-10,-10,-2.68072,-1.20915,2.04138,3.63959,5.96262,7.70859,0,1238.17,0,1136.81,0,1079.49,0,1009.96,21.5315,45.1264,25.5925,42.9537,27.795,41.5625,30.3647,39.7239,113.194,140.97,4.64657,21.919,-40.9965,-42.4411,-103.346,-96.1045,10,6.95271e-310,1409.7,6.68183e-310,219.19,1.4822e-323,-424.411,5.23261e-310,-961.045,21.5315,1454.83,25.5925,262.143,27.795,-382.848,30.3647,-921.321,-198.486,-176.954,-46.6212,-21.0287,35.5023,63.2972,103.698,134.062,
0.449864,0.539566,0.58791,0.648275,0,200,0,-10,-9.68573,-2.51568,-1.03861,1.85424,3.44878,5.65639,7.39235,0,1233.03,0,1134.35,0,1081.17,0,1014.77,21.7421,45.0253,25.6882,42.8966,27.7312,41.6051,30.1906,39.8563,109.249,134.469,3.95328,19.6631,-38.6761,-39.8982,-98.6618,-91.9228,10,6.95271e-310,1344.69,6.68183e-310,196.631,1.4822e-323,-398.982,5.23261e-310,-919.228,21.7421,1389.72,25.6882,239.528,27.7312,-357.377,30.1906,-879.372,-190.19,-168.448,-43.7509,-18.0627,32.2476,59.9788,98.372,128.563,
0.454178,0.541519,0.586196,0.643445,0,200,0,-10,-9.19927,-2.34834,-0.86645,1.67303,3.26347,5.33775,7.06263,0,1228.28,0,1132.2,0,1083.06,0,1020.09,21.9362,44.9311,25.7719,42.8463,27.6598,41.6525,29.9978,40.0017,105.366,127.997,3.24534,17.3802,-36.5558,-37.433,-93.9249,-87.5679,10,6.95271e-310,1279.97,6.68183e-310,173.802,1.4822e-323,-374.33,5.23261e-310,-875.679,21.9362,1324.9,25.7719,216.649,27.6598,-332.678,29.9978,-835.678,-181.924,-159.987,-40.8406,-15.0687,29.0962,56.7561,92.8305,122.828,
0.459739,0.544096,0.584207,0.638292,0,200,0,-9.89851,-8.62284,-2.1551,-0.666875,1.44325,3.02892,4.97355,6.68655,0,1222.16,0,1129.37,0,1085.25,0,1025.75,22.1857,44.8084,25.8822,42.7798,27.5769,41.7075,29.7912,40.1557,100.502,120.337,2.31372,14.7397,-33.7185,-34.3093,-88.4424,-82.5945,10,6.95271e-310,1203.37,6.68183e-310,147.397,1.4822e-323,-343.093,5.23261e-310,-825.945,22.1857,1248.18,25.8822,190.177,27.5769,-301.385,29.7912,-785.789,-172.148,-149.962,-37.4801,-11.5978,25.1,52.6769,86.4965,116.288,
0.465312,0.546217,0.582062,0.632683,0,200,0,-9.31798,-8.02796,-1.97664,-0.483199,1.22489,2.80542,4.59184,6.29185,0,1216.03,0,1127.04,0,1087.61,0,1031.92,22.4351,44.6841,25.9729,42.7248,27.4874,41.7665,29.5655,40.3222,95.3063,112.428,1.52752,12.3047,-31.016,-31.3374,-82.7265,-77.3788,10,6.95271e-310,1124.28,6.68183e-310,123.047,1.4822e-323,-313.374,5.23261e-310,-773.788,22.4351,1168.97,25.9729,165.772,27.4874,-271.608,29.5655,-733.466,-162.052,-139.617,-34.3764,-8.40345,21.3025,48.7899,79.858,109.424,
0.470513,0.548698,0.579821,0.626883,0,200,0,-8.75168,-7.44831,-1.76791,-0.268372,0.987168,2.56231,4.19907,5.88561,0,1210.31,0,1124.31,0,1090.07,0,1038.3,22.6672,44.5668,26.0788,42.6602,27.3937,41.828,29.3312,40.493,90.4543,104.717,0.420366,9.45672,-28.3911,-28.1032,-77.1347,-72.0113,10,6.95271e-310,1047.17,6.68183e-310,94.5672,1.4822e-323,-281.032,5.23261e-310,-720.113,22.6672,1091.74,26.0788,137.227,27.3937,-239.204,29.3312,-679.62,-152.203,-129.536,-30.7462,-4.66735,17.1681,44.5618,73.0273,102.359,
0.477188,0.551586,0.577292,0.620771,0,200,0,-8.08972,-6.76928,-1.54991,-0.0432942,0.70688,2.27593,3.75783,5.43011,0,1202.97,0,1121.13,0,1092.85,0,1045.03,22.9642,44.4145,26.2019,42.5847,27.2878,41.8972,29.0831,40.6715,84.3015,95.6953,-0.804258,6.47831,-25.0296,-24.2913,-70.7108,-65.9859,10,6.95271e-310,956.953,6.68183e-310,64.7831,1.4822e-323,-242.913,5.23261e-310,-659.859,22.9642,1001.37,26.2019,107.368,27.2878,-201.015,29.0831,-619.187,-140.691,-117.727,-26.9549,-0.752942,12.2936,39.5814,65.3536,94.4367,
0.483468,0.553983,0.574644,0.614311,0,200,0,-7.43821,-6.10176,-1.34557,0.166908,0.442668,2.00533,3.3107,4.96784,0,1196.06,0,1118.49,0,1095.77,0,1052.13,23.2426,44.2694,26.3039,42.5218,27.1768,41.9693,28.8198,40.8585,78.1537,86.8206,-1.93428,3.69096,-21.9748,-20.6943,-64.3268,-59.876,10,6.95271e-310,868.206,6.68183e-310,36.9096,1.4822e-323,-206.943,5.23261e-310,-598.76,23.2426,912.476,26.3039,79.4314,27.1768,-164.974,28.8198,-557.902,-129.36,-106.118,-23.4012,2.90275,7.69857,34.8754,57.5774,86.3972,
0.489807,0.557075,0.571827,0.607636,0,200,0,-6.77584,-5.42328,-1.09804,0.421984,0.137355,1.69322,2.83814,4.47956,0,1189.09,0,1115.09,0,1098.87,0,1059.48,23.5228,44.1212,26.4353,42.4403,27.0585,42.0457,28.5464,41.05,72.0535,77.7993,-3.53116,0.312036,-18.7351,-16.541,-57.8736,-53.4199,10,6.95271e-310,777.993,6.68183e-310,3.12036,1.4822e-323,-165.41,5.23261e-310,-534.199,23.5228,822.114,26.4353,45.5606,27.0585,-123.365,28.5464,-493.149,-117.841,-94.3179,-19.0964,7.33885,2.38878,29.4473,49.3589,77.9054,
0.496471,0.559579,0.568951,0.600565,0,200,0,-6.08319,-4.71376,-0.882397,0.643739,-0.150688,1.39821,2.34367,3.96835,0,1181.76,0,1112.34,0,1102.03,0,1067.25,23.8163,43.9635,26.5415,42.3739,26.9374,42.1233,28.2555,41.2508,65.3041,68.3657,-4.83941,-2.62905,-15.6383,-12.6196,-51.0818,-46.6626,10,6.95271e-310,683.657,6.68183e-310,-26.2905,1.4822e-323,-126.196,5.23261e-310,-466.626,23.8163,727.621,26.5415,16.0835,26.9374,-84.0724,28.2555,-425.375,-105.795,-81.9784,-15.346,11.1955,-2.62066,24.3168,40.7594,69.0149,
0.503385,0.562528,0.565955,0.593231,0,200,0,-5.36893,-3.98205,-0.641584,0.891728,-0.468809,1.07283,1.81967,3.42692,0,1174.15,0,1109.1,0,1105.33,0,1075.32,24.1197,43.7977,26.6663,42.2955,26.8111,42.2038,27.9522,41.4569,58.3336,58.6377,-6.44224,-5.9153,-12.4141,-8.29096,-44.1032,-39.5031,10,6.95271e-310,586.377,6.68183e-310,-59.153,1.4822e-323,-82.9096,5.23261e-310,-395.031,24.1197,630.175,26.6663,-16.8575,26.8111,-40.7058,27.9522,-353.575,-93.3727,-69.253,-11.158,15.5083,-8.1532,18.6579,31.6464,59.5986,
0.510492,0.565308,0.562911,0.585633,0,200,0,-4.6381,-3.23335,-0.410365,1.1297,-0.78708,0.747165,1.27541,2.8645,0,1166.33,0,1106.04,0,1108.67,0,1083.68,24.4303,43.6252,26.7838,42.2212,26.6825,42.2853,27.6364,41.6681,50.9868,48.6842,-8.0035,-9.06983,-9.27628,-3.95954,-36.9476,-32.0662,10,6.95271e-310,486.842,6.68183e-310,-90.6983,1.4822e-323,-39.5954,5.23261e-310,-320.662,24.4303,530.467,26.7838,-48.4771,26.6825,2.68988,27.6364,-278.994,-80.6626,-56.2322,-7.13678,19.647,-13.6883,12.9942,22.181,49.8174,
0.51779,0.568004,0.559867,0.577963,0,200,0,-3.89994,-2.47693,-0.188616,1.35799,-1.10688,0.419957,0.718651,2.28932,0,1158.31,0,1103.07,0,1112.02,0,1092.12,24.7481,43.4457,26.8975,42.1488,26.5537,42.3663,27.316,41.8789,43.3334,38.63,-9.5555,-12.0955,-6.1894,0.392635,-29.7213,-24.459,10,6.95271e-310,386.3,6.68183e-310,-120.955,1.4822e-323,3.92635,5.23261e-310,-244.59,24.7481,429.745,26.8975,-78.8057,26.5537,46.2926,27.316,-202.711,-67.825,-43.077,-3.28029,23.6173,-19.2501,7.30359,12.4983,39.8142,
0.525448,0.570545,0.556787,0.570197,0,200,0,-3.14544,-1.70334,0.0179026,1.57066,-1.428,0.0913234,0.146025,1.69795,0,1149.88,0,1100.28,0,1115.41,0,1100.66,25.08,43.255,27.0045,42.0803,26.4231,42.4479,26.9899,42.0897,35.1813,28.3511,-11.0589,-14.9136,-3.08902,4.76327,-22.3358,-16.6357,10,6.95271e-310,283.511,6.68183e-310,-149.136,1.4822e-323,47.6327,5.23261e-310,-166.357,25.08,326.766,27.0045,-107.056,26.4231,90.0806,26.9899,-124.268,-54.7033,-29.6233,0.31135,27.3159,-24.8348,1.58823,2.53956,29.5295,
0.533562,0.573038,0.553719,0.562228,0,200,0,-2.36645,-0.904218,0.213915,1.7727,-1.75396,-0.242131,-0.453574,1.07901,0,1140.96,0,1097.53,0,1118.78,0,1109.43,25.4302,43.0501,27.1094,42.0129,26.2927,42.5287,26.6536,42.3035,26.4756,17.7365,-12.5391,-17.5894,-0.00844404,9.19906,-14.6947,-8.44524,10,6.95271e-310,177.365,6.68183e-310,-175.894,1.4822e-323,91.9906,5.23261e-310,-84.4524,25.4302,220.415,27.1094,-133.881,26.2927,134.519,26.6536,-42.149,-41.1557,-15.7255,3.72026,30.8296,-30.5037,-4.21097,-7.88824,18.7654,
0.541687,0.57571,0.550747,0.554091,0,200,0,-1.58757,-0.105269,0.416885,1.98212,-2.08774,-0.583179,-1.07399,0.438748,0,1132.02,0,1094.59,0,1122.05,0,1118.38,25.7791,42.842,27.2215,41.9403,26.1662,42.6067,26.3085,42.519,17.7188,7.12404,-14.1362,-20.3613,2.87595,13.739,-7.03495,0.0290966,10,6.95271e-310,71.2404,6.68183e-310,-203.613,1.4822e-323,137.39,5.23261e-310,0.290966,25.7791,114.082,27.2215,-161.672,26.1662,179.996,26.3085,42.8099,-27.6099,-1.83076,7.25018,34.4717,-36.3084,-10.1422,-18.6781,7.63039,
0.55028,0.577819,0.547859,0.545834,0,200,0,-0.79056,0.712851,0.577342,2.14766,-2.40058,-0.903106,-1.71091,-0.218404,0,1122.57,0,1092.27,0,1125.23,0,1127.46,26.1463,42.6189,27.3099,41.8828,26.043,42.6821,25.9565,42.7347,8.24464,-3.7382,-15.4179,-22.5524,5.60597,17.9958,0.858132,8.72839,10,6.95271e-310,-37.382,6.68183e-310,-225.524,1.4822e-323,179.958,5.23261e-310,87.2839,26.1463,5.23696,27.3099,-183.642,26.043,222.64,25.9565,130.019,-13.7489,12.3974,10.0407,37.3507,-41.7492,-15.7062,-29.7549,-3.79834,
0.559208,0.580001,0.545138,0.537648,0,200,0,0.00890121,1.53413,0.72758,2.30315,-2.71457,-1.22377,-2.363,-0.890662,0,1112.75,0,1089.88,0,1128.22,0,1136.46,26.5257,42.3838,27.4012,41.8231,25.9268,42.7528,25.6059,42.9458,-1.54236,-14.6371,-16.7092,-24.6068,8.2464,22.2657,8.79942,17.6323,10,6.95271e-310,-146.371,6.68183e-310,-246.068,1.4822e-323,222.657,5.23261e-310,176.323,26.5257,-103.987,27.4012,-204.245,25.9268,265.41,25.6059,219.269,0.154804,26.6806,12.6536,40.0548,-47.2098,-21.283,-41.0957,-15.4898,
0.568136,0.582158,0.542502,0.529487,0,200,0,0.797074,2.344,0.870776,2.45153,-3.02712,-1.54281,-3.02204,-1.5699,0,1102.93,0,1087.5,0,1131.12,0,1145.44,26.9031,42.1453,27.4914,41.7639,25.814,42.821,25.2545,43.1533,-11.4095,-25.3826,-18.0329,-26.5658,10.7239,26.5152,16.6516,26.6304,10,6.95271e-310,-253.826,6.68183e-310,-265.658,1.4822e-323,265.152,5.23261e-310,266.304,26.9031,-211.681,27.4914,-223.895,25.814,307.973,25.2545,309.457,13.8622,40.7653,15.1439,42.6353,-52.6455,-26.8315,-52.5572,-27.3027,
0.577004,0.583764,0.539997,0.521661,0,200,0,1.55619,3.12454,0.973344,2.55795,-3.31104,-1.8329,-3.66101,-2.22834,0,1093.17,0,1085.74,0,1133.88,0,1154.05,27.2758,41.905,27.5584,41.7197,25.7067,42.8855,24.9161,43.3496,-21.3968,-35.7345,-19.0988,-27.9698,13.0091,30.3771,24.2635,35.3541,10,6.95271e-310,-357.345,6.68183e-310,-279.698,1.4822e-323,303.771,5.23261e-310,353.541,27.2758,-315.44,27.5584,-237.979,25.7067,346.657,24.9161,396.891,27.0641,54.3399,16.9277,44.4861,-57.5832,-31.8766,-63.6697,-38.7537,
0.585357,0.585561,0.537708,0.513764,0,200,0,2.28543,3.87386,1.08879,2.67771,-3.59298,-2.1205,-4.30454,-2.89159,0,1083.98,0,1083.76,0,1136.4,0,1162.74,27.6249,41.6757,27.6334,41.6701,25.6084,42.9442,24.5729,43.545,-30.886,-45.6758,-20.2779,-29.5499,14.8611,34.2094,31.6077,44.1411,10,6.95271e-310,-456.758,6.68183e-310,-295.499,1.4822e-323,342.094,5.23261e-310,441.411,27.6249,-415.082,27.6334,-253.829,25.6084,385.039,24.5729,484.956,39.7465,67.3714,18.9355,46.5688,-62.4866,-36.8782,-74.8615,-50.2886,
0.593435,0.587023,0.535623,0.506106,0,200,0,2.98175,4.58949,1.17977,2.77219,-3.85054,-2.38321,-4.93144,-3.53771,0,1075.1,0,1082.15,0,1138.69,0,1171.16,27.9606,41.4512,27.6943,41.6297,25.5188,42.9975,24.2387,43.7319,-40.2027,-55.1687,-21.2768,-30.7957,16.4056,37.7103,38.6702,52.7015,10,6.95271e-310,-551.687,6.68183e-310,-307.957,1.4822e-323,377.103,5.23261e-310,527.015,27.9606,-510.236,27.6943,-266.327,25.5188,420.1,24.2387,570.747,51.8566,79.8171,20.5177,48.2119,-66.9659,-41.4471,-85.7642,-61.5254,
0.601968,0.588198,0.533741,0.4987,0,200,0,3.67568,5.3037,1.23578,2.83101,-4.0903,-2.62762,-5.56028,-4.18522,0,1065.71,0,1080.86,0,1140.76,0,1179.31,28.3133,41.2112,27.7431,41.5971,25.4379,43.0455,23.9142,43.9103,-49.9817,-64.6343,-22.0727,-31.5663,17.8895,40.9684,45.7724,61.2852,10,6.95271e-310,-646.343,6.68183e-310,-315.663,1.4822e-323,409.684,5.23261e-310,612.852,28.3133,-605.132,27.7431,-274.066,25.4379,452.729,23.9142,656.762,63.9249,92.2382,21.4918,49.2349,-71.1356,-45.6977,-96.7006,-72.7864,
0.608739,0.589456,0.532064,0.491713,0,200,0,4.26988,5.9139,1.31551,2.91375,-4.31209,-2.85356,-6.12888,-4.77149,0,1058.26,0,1079.47,0,1142.61,0,1186.99,28.5917,41.0185,27.7954,41.5622,25.3656,43.0881,23.6068,44.0763,-58.0261,-72.7317,-22.9855,-32.6578,18.7711,43.9814,51.8443,69.0514,10,6.95271e-310,-727.317,6.68183e-310,-326.578,1.4822e-323,439.814,5.23261e-310,690.514,28.5917,-686.298,27.7954,-285.016,25.3656,482.902,23.6068,734.59,74.2588,102.85,22.8785,50.6739,-74.9928,-49.6272,-106.589,-82.9824,
0.616313,0.590319,0.530614,0.485014,0,200,0,4.87507,6.53691,1.34769,2.94799,-4.51151,-3.05658,-6.70404,-5.36366,0,1049.93,0,1078.53,0,1144.2,0,1194.36,28.9015,40.8008,27.8313,41.5382,25.3031,43.1248,23.311,44.2334,-66.8471,-80.9869,-23.5977,-33.1029,19.6915,46.6899,58.1136,76.9025,10,6.95271e-310,-809.869,6.68183e-310,-331.029,1.4822e-323,466.899,5.23261e-310,769.025,28.9015,-769.068,27.8313,-289.491,25.3031,510.024,23.311,813.258,84.7838,113.685,23.438,51.2693,-78.4611,-53.158,-116.592,-93.281,
0.623671,0.591194,0.529367,0.478602,0,200,0,5.4509,7.12996,1.37397,2.97636,-4.70024,-3.2484,-7.26485,-5.9408,0,1041.84,0,1077.56,0,1145.57,0,1201.41,29.201,40.587,27.8676,41.5138,25.2494,43.1563,23.0269,44.382,-75.3779,-88.8428,-24.1903,-33.4689,20.4332,49.2512,64.1121,84.5564,10,6.95271e-310,-888.428,6.68183e-310,-334.689,1.4822e-323,492.512,5.23261e-310,845.564,29.201,-847.841,27.8676,-293.175,25.2494,535.669,23.0269,889.946,94.7983,123.999,23.8952,51.7628,-81.7432,-56.4939,-126.345,-103.318,
0.630586,0.591793,0.528349,0.472646,0,200,0,5.98122,7.67637,1.38038,2.9842,-4.8616,-3.41229,-7.79053,-6.4817,0,1034.23,0,1076.9,0,1146.69,0,1207.97,29.4809,40.3841,27.8925,41.4971,25.2054,43.182,22.7622,44.5183,-83.4453,-96.0787,-24.604,-33.5631,20.9401,51.4406,69.6913,91.7306,10,6.95271e-310,-960.787,6.68183e-310,-335.631,1.4822e-323,514.406,5.23261e-310,917.306,29.4809,-920.403,27.8925,-294.134,25.2054,557.588,22.7622,961.824,104.021,133.502,24.0066,51.8991,-84.5495,-59.3441,-135.487,-112.725,
0.637141,0.592284,0.527546,0.467013,0,200,0,6.47655,8.18689,1.37695,2.98194,-5.00458,-3.55726,-8.29284,-6.99846,0,1027.02,0,1076.36,0,1147.58,0,1214.16,29.745,40.19,27.9129,41.4834,25.1707,43.2023,22.5111,44.6458,-91.0984,-102.838,-24.9195,-33.5234,21.2292,53.3791,74.9464,98.5855,10,6.95271e-310,-1028.38,6.68183e-310,-335.234,1.4822e-323,533.791,5.23261e-310,985.855,29.745,-988.188,27.9129,-293.751,25.1707,576.994,22.5111,1030.5,112.636,142.381,23.9469,51.8598,-87.0362,-61.8654,-144.223,-121.712,
0.643637,0.592644,0.526898,0.462184,0,200,0,6.92837,8.65368,1.35206,2.95791,-5.1292,-3.68349,-8.75031,-7.46834,0,1019.88,0,1075.97,0,1148.29,0,1219.47,30.0054,39.9959,27.9278,41.4733,25.1427,43.2185,22.2952,44.754,-98.4962,-109.009,-25.1535,-33.1928,21.6481,55.068,79.7876,104.824,10,6.95271e-310,-1090.09,6.68183e-310,-331.928,1.4822e-323,550.68,5.23261e-310,1048.24,30.0054,-1050.09,27.9278,-290.455,25.1427,593.898,22.2952,1093,120.493,150.499,23.5141,51.4419,-89.2034,-64.0607,-152.179,-129.884,
0.649905,0.59286,0.526527,0.457833,0,200,0,7.34438,9.08407,1.3103,2.91666,-5.2298,-3.78502,-9.17851,-7.90774,0,1012.98,0,1075.73,0,1148.7,0,1224.26,30.2555,39.8071,27.9367,41.4673,25.1267,43.2279,22.1003,44.8506,-105.526,-114.694,-25.2331,-32.6328,21.9136,56.4293,84.3133,110.661,10,6.95271e-310,-1146.94,6.68183e-310,-326.328,1.4822e-323,564.293,5.23261e-310,1106.61,30.2555,-1107.13,27.9367,-284.86,25.1267,607.521,22.1003,1151.46,127.728,157.984,22.7878,50.7246,-90.9531,-65.8264,-159.626,-137.526,
0.656316,0.592908,0.526311,0.454058,0,200,0,7.73469,9.48902,1.2449,2.85137,-5.31252,-3.86828,-9.57947,-8.31845,0,1005.93,0,1075.68,0,1148.93,0,1228.41,30.5101,39.6123,27.9387,41.466,25.1174,43.2333,21.9308,44.9337,-112.54,-120.034,-25.1991,-31.7519,22.2777,57.5473,88.6302,116.123,10,6.95271e-310,-1200.34,6.68183e-310,-317.519,1.4822e-323,575.473,5.23261e-310,1161.23,30.5101,-1160.73,27.9387,-276.053,25.1174,618.706,21.9308,1206.16,134.516,165.026,21.6504,49.5891,-92.3917,-67.2744,-166.599,-144.669,
0.661242,0.592788,0.526335,0.450787,0,200,0,8.04565,9.81118,1.18613,2.79232,-5.36316,-3.91885,-9.91165,-8.65908,0,1000.51,0,1075.81,0,1148.91,0,1232.01,30.7049,39.4615,27.9338,41.4693,25.1184,43.2327,21.7837,45.0052,-118.034,-124.286,-25.0138,-30.9582,22.1875,58.2294,92.1176,120.65,10,6.95271e-310,-1242.86,6.68183e-310,-309.582,1.4822e-323,582.294,5.23261e-310,1206.5,30.7049,-1203.39,27.9338,-268.112,25.1184,625.526,21.7837,1251.51,139.924,170.629,20.6283,48.562,-93.2723,-68.1539,-172.376,-150.593,
0.666682,0.5925,0.526599,0.447898,0,200,0,8.35323,10,1.09785,2.70335,-5.39514,-3.95017,-10,-8.99406,0,994.525,0,1076.13,0,1148.62,0,1235.19,30.9191,39.2939,27.9218,41.4774,25.1298,43.2261,21.6536,45.068,-123.865,-128.498,-24.6578,-29.7645,22.1575,58.6566,95.6564,125.108,10,6.95271e-310,-1284.98,6.68183e-310,-297.645,1.4822e-323,586.566,5.23261e-310,1251.08,30.9191,-1245.68,27.9218,-256.168,25.1298,629.793,21.6536,1296.15,145.274,176.193,19.093,47.0148,-93.8285,-68.6987,-178.072,-156.419,
0.670709,0.592045,0.527246,0.445514,0,200,0,8.5864,10,1.01238,2.6168,-5.38823,-3.94166,-10,-9.26238,0,990.096,0,1076.63,0,1147.91,0,1237.81,31.0771,39.1691,27.9029,41.4901,25.1578,43.2098,21.5461,45.1195,-128.182,-131.689,-24.0591,-28.6065,21.5886,58.5544,98.4278,128.678,10,6.95271e-310,-1316.89,6.68183e-310,-286.065,1.4822e-323,585.544,5.23261e-310,1286.78,31.0771,-1277.72,27.9029,-244.575,25.1578,628.753,21.5461,1331.9,149.329,180.406,17.6065,45.5095,-93.7084,-68.5506,-182.631,-161.085,
0.674784,0.591374,0.528205,0.443404,0,200,0,8.80552,10,0.903736,2.50655,-5.35482,-3.90587,-10,-9.51807,0,985.614,0,1077.37,0,1146.85,0,1240.13,31.2364,39.0421,27.8751,41.5088,25.1992,43.1857,21.4509,45.1648,-132.425,-134.691,-23.2195,-27.1333,20.8423,58.0904,101.127,132.083,10,6.95271e-310,-1346.91,6.68183e-310,-271.333,1.4822e-323,580.904,5.23261e-310,1320.83,31.2364,-1307.87,27.8751,-229.824,25.1992,624.09,21.4509,1365.99,153.139,184.376,15.7172,43.5922,-93.1273,-67.9281,-186.983,-165.532,
0.678667,0.590439,0.529763,0.442086,0,200,0,8.97968,10,0.76142,2.36201,-5.27284,-3.82002,-10,-9.7266,0,981.343,0,1078.39,0,1145.14,0,1241.58,31.3878,38.9205,27.8363,41.5348,25.2664,43.1464,21.3913,45.1931,-136.129,-137.085,-21.9873,-25.2027,19.8293,56.9634,103.462,134.868,10,6.95271e-310,-1370.85,6.68183e-310,-252.027,1.4822e-323,569.634,5.23261e-310,1348.68,31.3878,-1331.93,27.8363,-210.492,25.2664,612.78,21.3913,1393.87,156.168,187.556,13.2421,41.0784,-91.7016,-66.4352,-190.55,-169.158,
0.681387,0.589324,0.53174,0.44096,0,200,0,9.10412,10,0.61984,2.21776,-5.15411,-3.69638,-10,-9.89429,0,978.35,0,1079.62,0,1142.96,0,1242.82,31.4935,38.835,27.79,41.5658,25.3517,43.0963,21.3404,45.2171,-138.633,-138.795,-20.4604,-23.2796,18.1926,55.335,105.289,137.106,10,6.95271e-310,-1387.95,6.68183e-310,-232.796,1.4822e-323,553.35,5.23261e-310,1371.06,31.4935,-1349.11,27.79,-191.23,25.3517,596.446,21.3404,1416.27,158.333,189.826,10.7798,38.5698,-89.6366,-64.2849,-193.415,-172.075,
0.684227,0.587994,0.534353,0.440097,0,200,0,9.21733,10,0.446833,2.04158,-4.99394,-3.52975,-10,-10,0,975.226,0,1081.08,0,1140.09,0,1243.77,31.6037,38.7454,27.7347,41.6028,25.4642,43.0299,21.3013,45.2355,-141.015,-140.355,-18.5349,-20.93,16.1212,53.1392,107.108,139.29,10,6.95271e-310,-1403.55,6.68183e-310,-209.3,1.4822e-323,531.392,5.23261e-310,1392.9,31.6037,-1364.8,27.7347,-167.697,25.4642,574.422,21.3013,1438.13,160.301,191.905,7.771,35.5057,-86.8511,-61.3869,-196.216,-174.915,
0.686121,0.58646,0.536785,0.439653,0,200,0,9.28145,10,0.278952,1.87002,-4.8248,-3.3546,-10,-10,0,973.143,0,1082.77,0,1137.41,0,1244.26,31.677,38.6855,27.6708,41.6452,25.5688,42.9678,21.2813,45.245,-142.541,-141.241,-16.5916,-18.6468,14.0961,50.8253,108.358,140.67,10,6.95271e-310,-1412.41,6.68183e-310,-186.468,1.4822e-323,508.253,5.23261e-310,1406.7,31.677,-1373.73,27.6708,-144.822,25.5688,551.221,21.2813,1451.95,161.416,193.094,4.85135,32.5222,-83.9096,-58.3408,-197.989,-176.708,
0.687883,0.584734,0.539877,0.43939,0,200,0,9.3302,10,0.0860212,1.67296,-4.61386,-3.13602,-10,-10,0,971.205,0,1084.67,0,1134.01,0,1244.55,31.7451,38.6296,27.5989,41.6929,25.7015,42.8886,21.2694,45.2506,-143.73,-141.919,-14.2431,-16.0233,11.5148,47.9386,109.536,141.975,10,6.95271e-310,-1419.19,6.68183e-310,-160.233,1.4822e-323,479.386,5.23261e-310,1419.75,31.7451,-1380.56,27.5989,-118.54,25.7015,522.275,21.2694,1465,162.264,194.009,1.49602,29.0949,-80.2411,-54.5395,-199.667,-178.397,
0.689345,0.582961,0.543604,0.43945,0,200,0,9.35307,10,-0.122325,1.46036,-4.3668,-2.87978,-10,-10,0,969.597,0,1086.62,0,1129.91,0,1244.48,31.8016,38.5832,27.5249,41.7418,25.8612,42.7925,21.2721,45.2493,-144.348,-142.245,-11.5774,-13.1913,8.44021,44.5564,110.496,143.043,10,6.95271e-310,-1422.45,6.68183e-310,-131.913,1.4822e-323,445.564,5.23261e-310,1430.43,31.8016,-1383.86,27.5249,-90.1717,25.8612,488.356,21.2721,1475.68,162.662,194.464,-2.1274,25.3975,-75.9443,-50.0831,-201.046,-179.774,
0.690219,0.581103,0.546864,0.439857,0,200,0,9.34361,10,-0.318893,1.25933,-4.13281,-2.63778,-10,-10,0,968.635,0,1088.66,0,1126.33,0,1244.03,31.8353,38.5553,27.4473,41.7929,26.0006,42.708,21.2905,45.2406,-144.52,-142.127,-9.09481,-10.517,5.74151,41.3571,111.034,143.461,10,6.95271e-310,-1421.27,6.68183e-310,-105.17,1.4822e-323,413.571,5.23261e-310,1434.61,31.8353,-1382.72,27.4473,-63.3771,26.0006,456.279,21.2905,1479.85,162.498,194.333,-5.54597,21.9013,-71.875,-45.8745,-201.593,-180.303,
0.690915,0.579114,0.551179,0.441031,0,200,0,9.29186,10,-0.552906,1.02053,-3.83646,-2.33085,-10,-10,0,967.87,0,1090.85,0,1121.58,0,1242.74,31.8621,38.5332,27.3641,41.8474,26.1846,42.5954,21.3436,45.2156,-143.977,-141.438,-6.06796,-7.33613,2.40166,37.3027,111.243,143.41,10,6.95271e-310,-1414.38,6.68183e-310,-73.3613,1.4822e-323,373.027,5.23261e-310,1434.1,31.8621,-1375.85,27.3641,-31.5139,26.1846,415.623,21.3436,1479.32,161.598,193.46,-9.61575,17.7484,-66.721,-40.5365,-201.551,-180.208,
0.69125,0.577028,0.555277,0.442733,0,200,0,9.20661,10,-0.788214,0.780202,-3.54062,-2.02498,-10,-10,0,967.501,0,1093.14,0,1117.07,0,1240.87,31.875,38.5225,27.2768,41.9044,26.3589,42.4877,21.4205,45.1792,-143.059,-140.293,-3.11015,-4.13644,-0.644366,33.2585,111.06,142.71,10,6.95271e-310,-1402.93,6.68183e-310,-41.3644,1.4822e-323,332.585,5.23261e-310,1427.1,31.875,-1364.41,27.2768,0.539987,26.3589,375.073,21.4205,1472.28,160.115,191.99,-13.7081,13.5687,-61.576,-35.2171,-200.682,-179.262,
0.691298,0.574955,0.559112,0.445238,0,200,0,9.07923,10,-1.0225,0.540916,-3.2498,-1.7248,-10,-10,0,967.448,0,1095.43,0,1112.85,0,1238.11,31.8769,38.521,27.1899,41.9608,26.5217,42.3863,21.5336,45.1254,-141.723,-138.577,-0.309158,-0.950624,-3.19895,29.2859,110.388,141.174,10,6.95271e-310,-1385.77,6.68183e-310,-9.50624,1.4822e-323,292.859,5.23261e-310,1411.74,31.8769,-1347.25,27.1899,32.4546,26.5217,335.245,21.5336,1456.87,157.9,189.777,-17.7826,9.40724,-56.5183,-29.9966,-198.75,-177.216,
0.690986,0.572834,0.563426,0.448653,0,200,0,8.90002,10,-1.27603,0.28227,-2.92585,-1.39035,-10,-10,0,967.791,0,1097.76,0,1108.11,0,1234.36,31.8649,38.5309,27.1008,42.0184,26.7043,42.2715,21.6876,45.0516,-139.644,-136.158,2.71473,2.49521,-5.8865,24.8603,109.2,138.854,10,6.95271e-310,-1361.58,6.68183e-310,24.9521,1.4822e-323,248.603,5.23261e-310,1388.54,31.8649,-1323.04,27.1008,66.9705,26.7043,290.875,21.6876,1433.6,154.783,186.648,-22.1918,4.90904,-50.8844,-24.18,-195.824,-174.136,
0.690219,0.570857,0.568208,0.452177,0,200,0,8.70049,10,-1.52627,0.0272463,-2.58532,-1.03821,-10,-9.82658,0,968.635,0,1099.93,0,1102.85,0,1230.48,31.8353,38.5553,27.0176,42.0719,26.9061,42.1433,21.8462,44.9749,-136.937,-133.459,5.88276,5.89491,-9.04033,20.2051,107.781,136.413,10,6.95271e-310,-1334.59,6.68183e-310,58.9491,1.4822e-323,202.051,5.23261e-310,1364.13,31.8353,-1296.04,27.0176,101.021,26.9061,244.194,21.8462,1409.11,151.313,183.148,-26.5438,0.473848,-44.962,-18.0559,-192.743,-170.897,
0.688745,0.568556,0.572618,0.455688,0,200,0,8.47728,10,-1.77416,-0.226218,-2.24618,-0.688409,-10,-9.60872,0,970.256,0,1102.46,0,1098,0,1226.62,31.7785,38.6022,26.9208,42.134,27.0917,42.0243,22.004,44.8979,-133.861,-130.433,9.04599,9.26743,-12.1534,15.5742,106.061,133.546,10,6.95271e-310,-1304.33,6.68183e-310,92.6743,1.4822e-323,155.742,5.23261e-310,1335.46,31.7785,-1265.73,26.9208,134.808,27.0917,197.766,22.004,1380.35,147.431,179.209,-30.855,-3.93423,-39.0641,-11.9723,-189.112,-167.108,
0.686696,0.56647,0.576489,0.460374,0,200,0,8.18792,10,-2.00297,-0.460085,-1.92898,-0.361865,-10,-9.29457,0,972.51,0,1104.76,0,1093.74,0,1221.46,31.6993,38.6672,26.8329,42.19,27.2542,41.9191,22.2142,44.7943,-130.036,-126.509,11.8122,12.3799,-14.4374,11.2464,103.54,129.403,10,6.95271e-310,-1265.09,6.68183e-310,123.799,1.4822e-323,112.464,5.23261e-310,1294.03,31.6993,-1226.42,26.8329,165.989,27.2542,154.383,22.2142,1338.83,142.399,174.098,-34.8343,-8.00147,-33.5475,-6.29331,-183.859,-161.645,
0.684048,0.564457,0.581127,0.465036,0,200,0,7.87621,9.69303,-2.23558,-0.697582,-1.5801,-0.00182582,-10,-8.98047,0,975.424,0,1106.97,0,1088.64,0,1216.34,31.5968,38.7511,26.7479,42.244,27.4483,41.7922,22.4227,44.6903,-125.438,-122.277,14.9007,15.5426,-17.5656,6.48161,100.789,125.261,10,6.95271e-310,-1222.77,6.68183e-310,155.426,1.4822e-323,64.8161,5.23261e-310,1252.61,31.5968,-1184.01,26.7479,197.67,27.4483,106.608,22.4227,1297.3,136.978,168.574,-38.8797,-12.1319,-27.4801,-0.0317535,-178.605,-156.182,
0.681243,0.56248,0.585453,0.469997,0,200,0,7.54625,9.35681,-2.46169,-0.928494,-1.24572,0.342937,-9.94088,-8.63884,0,978.508,0,1109.15,0,1083.88,0,1210.88,31.488,38.8395,26.6643,42.2968,27.6289,41.6731,22.6442,44.5785,-120.734,-117.796,17.8005,18.6172,-20.3655,1.91669,97.7968,120.753,10,6.95271e-310,-1177.96,6.68183e-310,186.172,1.4822e-323,19.1669,5.23261e-310,1207.53,31.488,-1139.12,26.6643,228.469,27.6289,60.84,22.6442,1252.11,131.239,162.727,-42.812,-16.1477,-21.6647,5.96412,-172.885,-150.241,
0.67736,0.560658,0.589624,0.475246,0,200,0,7.16682,8.96869,-2.6603,-1.13154,-0.919717,0.678922,-9.56461,-8.24913,0,982.78,0,1111.15,0,1079.29,0,1205.1,31.3369,38.9615,26.5872,42.3453,27.8024,41.5575,22.8779,44.459,-115.021,-112.635,20.5443,21.3191,-23.2072,-2.533,94.185,115.603,10,6.95271e-310,-1126.35,6.68183e-310,213.191,1.4822e-323,-25.33,5.23261e-310,1156.03,31.3369,-1087.39,26.5872,255.537,27.8024,16.2275,22.8779,1200.49,124.64,155.977,-46.2661,-19.6789,-15.9951,11.8073,-166.341,-143.463,
0.673346,0.558968,0.593794,0.481107,0,200,0,6.755,8.54786,-2.85906,-1.33442,-0.596292,1.0123,-9.15158,-7.82114,0,987.196,0,1113.01,0,1074.7,0,1198.66,31.1802,39.087,26.5156,42.3901,27.9755,41.4412,23.138,44.3242,-109.005,-107.037,23.1795,24.0214,-25.8423,-6.94764,90.2028,109.949,10,6.95271e-310,-1070.37,6.68183e-310,240.214,1.4822e-323,-69.4764,5.23261e-310,1099.49,31.1802,-1031.28,26.5156,282.604,27.9755,-28.0352,23.138,1143.81,117.478,148.658,-49.7228,-23.2073,-10.3703,17.6052,-159.158,-136.02,
0.668923,0.55735,0.597881,0.487303,0,200,0,6.31232,8.09523,-3.05064,-1.52994,-0.277841,1.34047,-8.70837,-7.36216,0,992.06,0,1114.79,0,1070.21,0,1191.84,31.0071,39.2245,26.447,42.433,28.1446,41.3265,23.4122,44.18,-102.579,-101.017,25.7083,26.6258,-28.4074,-11.2939,85.8513,103.883,10,6.95271e-310,-1010.17,6.68183e-310,266.258,1.4822e-323,-112.939,5.23261e-310,1038.83,31.0071,-970.944,26.447,308.691,28.1446,-71.6123,23.4122,1083.01,109.78,140.787,-53.0546,-26.6076,-4.83201,23.3126,-151.45,-128.038,
0.664058,0.555936,0.601896,0.493223,0,200,0,5.86345,7.63536,-3.21866,-1.70141,0.025588,1.65343,-8.27309,-6.91187,0,997.412,0,1116.35,0,1065.79,0,1185.33,30.8159,39.3749,26.3869,42.4703,28.3103,41.2132,23.6733,44.0406,-95.84,-94.9078,28.0902,28.91,-31.146,-15.4364,81.375,97.9294,10,6.95271e-310,-949.078,6.68183e-310,289.1,1.4822e-323,-154.364,5.23261e-310,979.294,30.8159,-909.703,26.3869,331.57,28.3103,-113.151,23.6733,1023.33,101.973,132.789,-55.9767,-29.5898,0.445009,28.7553,-143.88,-120.206,
0.658845,0.554666,0.605839,0.500881,0,200,0,5.32521,7.08529,-3.39665,-1.8825,0.331645,1.96882,-7.72825,-6.34768,0,1003.15,0,1117.74,0,1061.45,0,1176.91,30.6102,39.535,26.333,42.5038,28.4726,41.1012,24.0099,43.858,-88.3336,-87.5895,30.2747,31.3265,-33.241,-19.6133,75.9118,90.4737,10,6.95271e-310,-875.895,6.68183e-310,313.265,1.4822e-323,-196.133,5.23261e-310,904.737,30.6102,-836.36,26.333,355.769,28.4726,-155.031,24.0099,948.595,92.6123,123.223,-59.0721,-32.7391,5.76774,34.2403,-134.404,-110.394,
0.653224,0.553587,0.609602,0.508131,0,200,0,4.78643,6.53371,-3.54828,-2.03677,0.61687,2.26293,-7.19911,-5.80029,0,1009.33,0,1118.93,0,1057.31,0,1168.93,30.3875,39.7064,26.2871,42.5322,28.627,40.9938,24.3273,43.6828,-80.6362,-80.2585,32.2636,33.3851,-35.4742,-23.5067,70.3821,83.2364,10,6.95271e-310,-802.585,6.68183e-310,333.851,1.4822e-323,-235.067,5.23261e-310,832.364,30.3875,-762.879,26.2871,376.383,28.627,-194.073,24.3273,876.047,83.2422,113.63,-61.7091,-35.422,10.7282,39.3552,-125.202,-100.875,
0.647316,0.552653,0.613293,0.514998,0,200,0,4.24926,5.98303,-3.68124,-2.17202,0.887947,2.54269,-6.68901,-5.27298,0,1015.83,0,1119.96,0,1053.25,0,1161.38,30.1524,39.8853,26.2473,42.5568,28.7782,40.8879,24.6267,43.5147,-72.8234,-72.9453,34.1253,35.1902,-37.9008,-27.2083,64.8344,76.2619,10,6.95271e-310,-729.453,6.68183e-310,351.902,1.4822e-323,-272.083,5.23261e-310,762.619,30.1524,-689.567,26.2473,394.458,28.7782,-231.195,24.6267,806.134,73.9003,104.053,-64.0215,-37.7742,15.4426,44.2207,-116.331,-91.7039,
0.641156,0.551874,0.616756,0.523627,0,200,0,3.6237,5.3433,-3.82314,-2.31582,1.15219,2.81506,-6.07017,-4.6326,0,1022.6,0,1120.82,0,1049.44,0,1151.89,29.9061,40.0702,26.2142,42.5772,28.9196,40.7879,25.0012,43.3006,-64.4129,-64.4368,35.695,37.1135,-39.5478,-30.8146,58.291,67.7973,10,6.95271e-310,-644.368,6.68183e-310,371.135,1.4822e-323,-308.146,5.23261e-310,677.973,29.9061,-604.298,26.2142,413.712,28.9196,-267.358,25.0012,721.273,63.0209,92.927,-66.4893,-40.2751,20.038,48.9576,-105.568,-80.5669,
0.634649,0.551202,0.620088,0.531956,0,200,0,2.99265,4.69722,-3.94744,-2.44177,1.40153,3.07221,-5.4634,-4.00514,0,1029.76,0,1121.55,0,1045.78,0,1142.72,29.6447,40.264,26.1856,42.5948,29.0553,40.6914,25.361,43.0908,-55.8613,-55.8494,37.1145,38.7983,-41.3435,-34.2182,51.6521,59.5007,10,6.95271e-310,-558.494,6.68183e-310,387.983,1.4822e-323,-342.182,5.23261e-310,595.007,29.6447,-518.23,26.1856,430.577,29.0553,-301.491,25.361,638.098,52.0461,81.6908,-68.6512,-42.4656,24.3744,53.4297,-95.0157,-69.6547,
0.627866,0.550795,0.62294,0.540596,0,200,0,2.33457,4.0234,-4.04689,-2.54221,1.61853,3.29588,-4.83118,-3.35157,0,1037.22,0,1122,0,1042.64,0,1133.22,29.3709,40.4642,26.1682,42.6054,29.1713,40.6083,25.7324,42.8701,-47.128,-46.8936,38.1231,40.1443,-42.7003,-37.1797,44.6473,50.8576,10,6.95271e-310,-468.936,6.68183e-310,401.443,1.4822e-323,-371.797,5.23261e-310,508.576,29.3709,-428.472,26.1682,444.048,29.1713,-331.189,25.7324,551.446,40.6012,69.9721,-70.3807,-44.2124,28.1484,57.3197,-84.0205,-58.2881,
0.620771,0.550507,0.626152,0.549597,0,200,0,1.64082,3.3131,-4.151,-2.64703,1.84408,3.52892,-4.1839,-2.68216,0,1045.03,0,1122.32,0,1039.11,0,1123.32,29.0831,40.6715,26.156,42.613,29.3015,40.5144,26.1172,42.6368,-37.9763,-37.4522,39.1627,41.5515,-44.3752,-40.2608,37.2581,42.0076,10,6.95271e-310,-374.522,6.68183e-310,415.515,1.4822e-323,-402.608,5.23261e-310,420.076,29.0831,-333.851,26.156,458.128,29.3015,-362.093,26.1172,462.712,28.5359,57.619,-72.1913,-46.0353,32.0709,61.3725,-72.7634,-46.6463,
0.613449,0.550388,0.628764,0.558753,0,200,0,0.927543,2.58265,-4.23165,-2.72797,2.03488,3.7258,-3.51915,-1.99503,0,1053.08,0,1122.45,0,1036.24,0,1113.25,28.7845,40.8834,26.1509,42.6161,29.4073,40.4377,26.5064,42.3959,-28.809,-27.744,39.781,42.6402,-45.5858,-42.8658,29.5884,32.9212,10,6.95271e-310,-277.44,6.68183e-310,426.402,1.4822e-323,-428.658,5.23261e-310,329.212,28.7845,-236.557,26.1509,469.018,29.4073,-388.22,26.5064,371.608,16.1312,44.9157,-73.5938,-47.443,35.3892,64.7965,-61.2027,-34.6962,
0.605827,0.550459,0.631137,0.568172,0,200,0,0.185082,1.82223,-4.29688,-2.79303,2.2054,3.90184,-2.83671,-1.2897,0,1061.47,0,1122.37,0,1033.62,0,1102.89,28.4721,41.1016,26.1539,42.6142,29.5032,40.3678,26.9046,42.1443,-19.4281,-17.6377,40.1179,43.5184,-46.6249,-45.1943,21.5566,23.594,10,6.95271e-310,-176.377,6.68183e-310,435.184,1.4822e-323,-451.943,5.23261e-310,235.94,28.4721,-135.275,26.1539,477.799,29.5032,-411.575,26.9046,278.084,3.21881,31.6909,-74.7284,-48.5745,38.3549,67.858,-49.3342,-22.4295,
0.598073,0.550807,0.633246,0.577855,0,200,0,-0.579296,1.03948,-4.3445,-2.83979,2.35007,4.0514,-2.14224,-0.571829,0,1070,0,1121.99,0,1031.3,0,1092.24,28.1525,41.3211,26.1688,42.6051,29.5882,40.3055,27.3114,41.8818,-9.96261,-7.23332,40.125,44.1554,-47.4055,-47.1709,13.2311,14.1023,10,6.95271e-310,-72.3332,6.68183e-310,441.554,1.4822e-323,-471.709,5.23261e-310,141.023,28.1525,-31.0121,26.1688,484.159,29.5882,-431.403,27.3114,182.904,-10.0747,18.0778,-75.5565,-49.3877,40.8708,70.4591,-37.2563,-9.94485,
0.590115,0.551334,0.635092,0.587934,0,200,0,-1.37512,0.224694,-4.38115,-2.87515,2.47342,4.17901,-1.42574,0.168859,0,1078.75,0,1121.41,0,1029.27,0,1081.15,27.8228,41.5438,26.1912,42.5913,29.6626,40.2509,27.7322,41.6044,-0.368228,3.59848,39.8352,44.642,-47.9341,-48.8567,4.51176,4.30985,10,6.95271e-310,35.9848,6.68183e-310,446.42,1.4822e-323,-488.567,5.23261e-310,43.0985,27.8228,77.5286,26.1912,489.011,29.6626,-448.316,27.7322,84.7029,-23.9151,3.90772,-76.1939,-50.0026,43.0159,72.6785,-24.7955,2.93668,
0.581906,0.552449,0.636614,0.598205,0,200,0,-2.19433,-0.614185,-4.37759,-2.86886,2.55481,4.26393,-0.703941,0.915143,0,1087.78,0,1120.18,0,1027.6,0,1069.85,27.4809,41.7708,26.2387,42.5621,29.7238,40.2057,28.158,41.3174,9.47597,14.7499,39.0297,44.5786,-48.1537,-49.9729,-4.54374,-5.55506,10,6.95271e-310,147.499,6.68183e-310,445.786,1.4822e-323,-499.729,5.23261e-310,-55.5506,27.4809,189.27,26.2387,488.348,29.7238,-459.523,28.158,-14.2332,-38.1623,-10.6815,-76.1319,-49.8933,44.4314,74.1552,-12.2425,15.9155,
0.573673,0.553755,0.637836,0.608691,0,200,0,-3.02954,-1.46922,-4.36224,-2.85032,2.61084,4.32279,0.0244199,1.66833,0,1096.84,0,1118.75,0,1026.26,0,1058.32,27.136,41.9957,26.2942,42.5278,29.7729,40.1693,28.5897,41.0199,19.2354,26.1181,37.9167,44.3536,-48.1041,-50.7436,-13.828,-15.5096,10,6.95271e-310,261.181,6.68183e-310,443.536,1.4822e-323,-507.436,5.23261e-310,-155.096,27.136,303.177,26.2942,486.064,29.7729,-467.266,28.5897,-114.076,-52.6876,-25.5516,-75.8651,-49.5708,45.406,75.1789,0.424694,29.0144,
0.565452,0.555541,0.638795,0.619213,0,200,0,-3.87042,-2.33,-4.31698,-2.8007,2.63002,4.34418,0.742774,2.41141,0,1105.88,0,1116.78,0,1025.2,0,1046.74,26.7899,42.2173,26.3701,42.4808,29.8114,40.1407,29.0197,40.7168,28.9578,37.5637,36.3868,43.7189,-47.7973,-51.0141,-23.2402,-25.3281,10,6.95271e-310,375.637,6.68183e-310,437.189,1.4822e-323,-510.141,5.23261e-310,-253.281,26.7899,417.855,26.3701,479.669,29.8114,-470.001,29.0197,-212.564,-67.3117,-40.5218,-75.0779,-48.7077,45.7395,75.551,12.9178,41.9375,
0.55735,0.557842,0.639478,0.6288,0,200,0,-4.67029,-3.14959,-4.22431,-2.70241,2.60894,4.32468,1.39452,3.08552,0,1114.79,0,1114.25,0,1024.45,0,1036.2,26.447,42.433,26.4678,42.42,29.8388,40.1204,29.4087,40.4367,38.402,48.4559,34.4722,42.4381,-47.4848,-50.7386,-32.2172,-34.2353,10,6.95271e-310,484.559,6.68183e-310,424.381,1.4822e-323,-507.386,5.23261e-310,-342.353,26.447,526.992,26.4678,466.801,29.8388,-467.266,29.4087,-301.916,-81.2224,-54.7755,-73.4663,-46.9984,45.3729,75.2118,24.2525,53.6613,
0.549513,0.559975,0.639922,0.640425,0,200,0,-5.54991,-4.04838,-4.17995,-2.65285,2.58005,4.29681,2.15127,3.86918,0,1123.41,0,1111.9,0,1023.96,0,1023.41,26.1136,42.639,26.5582,42.3634,29.8566,40.1071,29.8768,40.0921,47.6917,60.4202,32.3927,41.8107,-46.3796,-50.3547,-42.2232,-44.5818,10,6.95271e-310,604.202,6.68183e-310,418.107,1.4822e-323,-503.547,5.23261e-310,-445.818,26.1136,646.841,26.5582,460.471,29.8566,-463.44,29.8768,-405.726,-96.5201,-70.4065,-72.6947,-46.1365,44.8704,74.7271,37.4133,67.2902,
0.54219,0.562887,0.640161,0.650444,0,200,0,-6.33868,-4.85514,-4.06954,-2.53536,2.50081,4.21811,2.79148,4.53241,0,1131.47,0,1108.7,0,1023.7,0,1012.39,25.8007,42.829,26.6815,42.2859,29.8662,40.1,30.277,39.7908,56.3928,71.1537,29.9166,40.2827,-45.3349,-49.2897,-51.2355,-53.3358,10,6.95271e-310,711.537,6.68183e-310,402.827,1.4822e-323,-492.897,5.23261e-310,-533.358,25.8007,754.366,26.6815,445.113,29.8662,-452.797,30.277,-493.567,-110.238,-84.4372,-70.7747,-44.0932,43.4923,73.3585,48.5476,78.8245,
0.535108,0.565871,0.640173,0.660079,0,200,0,-7.10331,-5.63725,-3.95004,-2.40861,2.40324,4.12058,3.40086,5.16375,0,1139.26,0,1105.42,0,1023.69,0,1001.79,25.4967,43.0107,26.8076,42.2061,29.8667,40.0996,30.659,39.4972,64.6823,81.5592,27.2917,38.6312,-44.2001,-47.9748,-60.0022,-61.6678,10,6.95271e-310,815.592,6.68183e-310,386.312,1.4822e-323,-479.748,5.23261e-310,-616.678,25.4967,858.603,26.8076,428.518,29.8667,-439.649,30.659,-577.181,-123.536,-98.0391,-68.6964,-41.8889,41.7955,71.6622,59.1454,89.8044,
0.528444,0.568675,0.63991,0.669055,0,200,0,-7.8222,-6.37265,-3.83251,-2.28427,2.29612,4.01285,3.96702,5.75023,0,1146.59,0,1102.33,0,1023.98,0,991.915,25.2095,43.1796,26.9258,42.1308,29.8561,40.1075,31.0123,39.2204,72.2849,91.343,24.6544,37.0087,-43.0025,-46.5277,-68.2719,-69.4079,10,6.95271e-310,913.43,6.68183e-310,370.087,1.4822e-323,-465.277,5.23261e-310,-694.079,25.2095,956.609,26.9258,412.218,29.8561,-425.169,31.0123,-654.858,-136.038,-110.829,-66.6523,-39.7265,39.9325,69.7886,68.9917,100.004,
0.522153,0.572367,0.63937,0.677732,0,200,0,-8.51049,-7.07659,-3.66081,-2.10365,2.13486,3.85034,4.49376,6.29646,0,1153.51,0,1098.27,0,1024.57,0,982.371,24.9374,43.3374,27.0811,42.0311,29.8345,40.1236,31.3514,38.9498,79.6831,100.71,21.4838,34.6443,-41.3919,-44.3474,-76.2718,-76.6117,10,6.95271e-310,1007.1,6.68183e-310,346.443,1.4822e-323,-443.474,5.23261e-310,-766.117,24.9374,1050.43,27.0811,388.474,29.8345,-403.35,31.3514,-727.167,-148.009,-123.071,-63.6663,-36.5851,37.1279,66.9625,78.1523,109.504,
0.516173,0.575842,0.638436,0.686373,0,200,0,-9.18247,-7.7635,-3.49956,-1.93401,1.96116,3.67449,5.01704,6.83902,0,1160.09,0,1094.45,0,1025.6,0,972.866,24.6778,43.4857,27.2271,41.9367,29.797,40.1515,31.6868,38.6775,86.5373,109.853,18.2345,32.4239,-39.4688,-41.9945,-84.1577,-83.7673,10,6.95271e-310,1098.53,6.68183e-310,324.239,1.4822e-323,-419.945,5.23261e-310,-837.673,24.6778,1142.01,27.2271,366.175,29.797,-379.794,31.6868,-798.995,-159.695,-135.017,-60.862,-33.6349,34.1072,63.9042,87.2528,118.94,
0.510576,0.579222,0.63683,0.693947,0,200,0,-9.78843,-8.38347,-3.31662,-1.74292,1.76093,3.47054,5.48502,7.3238,0,1166.24,0,1090.73,0,1027.36,0,964.535,24.434,43.6232,27.3686,41.8445,29.7325,40.1992,31.9788,38.4364,92.6459,118.1,14.7836,29.9124,-37.2233,-39.2755,-91.3336,-90.164,10,6.95271e-310,1181,6.68183e-310,299.124,1.4822e-323,-392.755,5.23261e-310,-901.64,24.434,1224.63,27.3686,340.969,29.7325,-352.556,31.9788,-863.203,-170.234,-145.8,-57.6803,-30.3116,30.6248,60.3573,95.3917,127.37,
0.505435,0.583368,0.635164,0.702599,0,200,0,-10,-9.02418,-3.11947,-1.53581,1.51688,3.22264,5.9843,7.84214,0,1171.9,0,1086.17,0,1029.2,0,955.017,24.2094,43.7482,27.5419,41.7306,29.6655,40.2487,32.3102,38.1583,98.6709,126.637,10.9205,27.1994,-34.3631,-35.9651,-98.9359,-96.994,10,6.95271e-310,1266.37,6.68183e-310,271.994,1.4822e-323,-359.651,5.23261e-310,-969.94,24.2094,1310.11,27.5419,313.725,29.6655,-319.403,32.3102,-931.782,-181.152,-156.942,-54.2516,-26.7097,26.3805,56.046,104.075,136.385,
0.500809,0.586915,0.633127,0.709646,0,200,0,-10,-9.56878,-2.92811,-1.33595,1.28162,2.98267,6.40275,8.276,0,1176.99,0,1082.27,0,1031.44,0,947.265,24.0068,43.8597,27.6898,41.6326,29.5834,40.3091,32.5783,37.9296,103.725,133.887,7.28753,24.5727,-31.6316,-32.7685,-105.426,-102.715,10,6.95271e-310,1338.87,6.68183e-310,245.727,1.4822e-323,-327.685,5.23261e-310,-1027.15,24.0068,1382.73,27.6898,287.36,29.5834,-287.376,32.5783,-989.22,-190.42,-166.414,-50.9236,-23.2338,22.289,51.8725,111.352,143.93,
0.496566,0.591266,0.630646,0.715902,0,200,0,-10,-10,-2.67387,-1.07131,0.992085,2.68738,6.76414,8.651,0,1181.65,0,1077.48,0,1034.17,0,940.384,23.8205,43.9612,27.8706,41.5118,29.4833,40.3823,32.8149,37.7251,108.481,140.394,3.12723,21.0881,-28.4663,-28.8346,-111.335,-107.657,10,6.95271e-310,1403.94,6.68183e-310,210.881,1.4822e-323,-288.346,5.23261e-310,-1076.57,23.8205,1447.9,27.8706,252.392,29.4833,-247.964,32.8149,-1038.85,-198.736,-174.916,-46.5021,-18.6315,17.2537,46.737,117.637,150.452,
0.492779,0.595412,0.628525,0.721534,0,200,0,-10,-10,-2.43741,-0.824966,0.724059,2.41442,7.07945,8.9785,0,1185.82,0,1072.92,0,1036.5,0,934.188,23.6538,44.0511,28.0425,41.3959,29.3976,40.4448,33.0269,37.5397,112.797,146.267,-0.696229,17.846,-25.694,-25.1951,-116.658,-111.971,10,6.95271e-310,1462.67,6.68183e-310,178.46,1.4822e-323,-251.951,5.23261e-310,-1119.71,23.6538,1506.72,28.0425,219.856,29.3976,-211.506,33.0269,-1082.17,-206.243,-182.589,-42.3897,-14.3472,12.5923,41.9899,123.121,156.148,
0.48946,0.599499,0.625672,0.726699,0,200,0,-10,-10,-2.18776,-0.565599,0.425033,2.10875,7.37471,9.28488,0,1189.47,0,1068.43,0,1039.64,0,928.507,23.5075,44.1293,28.2114,41.2809,29.2821,40.5285,33.2203,37.3686,116.42,151.468,-4.76057,14.4271,-22.3081,-21.1284,-121.54,-116.008,10,6.95271e-310,1514.68,6.68183e-310,144.271,1.4822e-323,-211.284,5.23261e-310,-1160.08,23.5075,1558.81,28.2114,185.552,29.2821,-170.755,33.2203,-1122.71,-212.89,-189.383,-38.0479,-9.8365,7.39187,36.674,128.256,161.476,
0.486572,0.60361,0.623407,0.731445,0,200,0,-10,-10,-1.95113,-0.319227,0.147765,1.8262,7.6284,9.54874,0,1192.65,0,1063.91,0,1042.13,0,923.286,23.3799,44.1971,28.3809,41.1646,29.1903,40.5947,33.3973,37.2105,119.805,156.178,-8.49284,11.1838,-19.3981,-17.3623,-125.939,-119.48,10,6.95271e-310,1561.78,6.68183e-310,111.838,1.4822e-323,-173.623,5.23261e-310,-1194.8,23.3799,1605.98,28.3809,153.002,29.1903,-133.028,33.3973,-1157.59,-218.913,-195.533,-33.9327,-5.55178,2.56982,31.7601,132.668,166.065,
0.484007,0.608068,0.620771,0.735903,0,200,0,-10,-10,-1.68771,-0.0452771,-0.162093,1.51019,7.86095,9.79081,0,1195.47,0,1059,0,1045.03,0,918.382,23.2665,44.2569,28.5641,41.0377,29.0831,40.6715,33.5628,37.0612,122.88,160.461,-12.5211,7.57509,-16.0905,-13.1521,-130.047,-122.664,10,6.95271e-310,1604.61,6.68183e-310,75.7509,1.4822e-323,-131.521,5.23261e-310,-1226.64,23.2665,1648.87,28.5641,116.789,29.0831,-90.8498,33.5628,-1189.57,-224.391,-201.124,-29.3516,-0.787428,-2.81901,26.2641,136.712,170.275,
0.481862,0.612394,0.617751,0.73981,0,200,0,-10,-10,-1.42055,0.232078,-0.484156,1.18105,8.06658,10,0,1197.83,0,1054.24,0,1048.35,0,914.085,23.1715,44.3067,28.7414,40.9137,28.9602,40.7592,33.7074,36.9298,125.39,164.084,-16.5905,3.91791,-12.5034,-8.77239,-133.663,-125.478,10,6.95271e-310,1640.84,6.68183e-310,39.1791,1.4822e-323,-87.7239,5.23261e-310,-1254.78,23.1715,1685.15,28.7414,80.0928,28.9602,-46.9648,33.7074,-1217.85,-229.024,-205.852,-24.7053,4.03614,-8.42011,20.54,140.288,173.996,
0.480112,0.6169,0.615282,0.743166,0,200,0,-10,-10,-1.15279,0.510419,-0.790339,0.86908,8.22414,10,0,1199.75,0,1049.29,0,1051.07,0,910.394,23.0939,44.3472,28.9255,40.7838,28.8594,40.8305,33.8311,36.8165,127.739,167.168,-20.4129,0.250673,-9.36049,-4.6137,-136.723,-127.638,10,6.95271e-310,1671.68,6.68183e-310,2.50673,1.4822e-323,-46.137,5.23261e-310,-1276.38,23.0939,1716.03,28.9255,43.2905,28.8594,-5.30645,33.8311,-1239.57,-232.97,-209.876,-20.0486,8.87686,-13.745,15.1144,143.029,176.86,
0.478734,0.621286,0.612634,0.745982,0,200,0,-10,-10,-0.884242,0.789242,-1.09954,0.553656,8.35331,10,0,1201.27,0,1044.46,0,1053.98,0,907.296,23.0328,44.3789,29.1041,40.6565,28.7512,40.9068,33.9347,36.7211,129.64,169.653,-24.1908,-3.42544,-6.11073,-0.411909,-139.299,-129.41,10,6.95271e-310,1696.53,6.68183e-310,-34.2544,1.4822e-323,-4.11909,5.23261e-310,-1294.1,23.0328,1740.91,29.1041,6.40215,28.7512,36.7877,33.9347,-1257.38,-236.15,-213.118,-15.3781,13.726,-19.1224,9.6288,145.275,179.21,
0.477763,0.62584,0.609949,0.748295,0,200,0,-10,-10,-0.603256,1.08086,-1.41776,0.229117,8.44812,10,0,1202.34,0,1039.45,0,1056.93,0,904.751,22.9897,44.4013,29.2889,40.5236,28.6413,40.9839,34.0195,36.6425,131.204,171.554,-27.9923,-7.27097,-2.79242,3.91202,-141.382,-130.713,10,6.95271e-310,1715.54,6.68183e-310,-72.7097,1.4822e-323,39.1202,5.23261e-310,-1307.13,22.9897,1759.94,29.2889,-32.1861,28.6413,80.104,34.0195,-1270.49,-238.583,-215.594,-10.4914,18.7975,-24.6566,3.98464,146.924,180.943,
0.477092,0.630346,0.606977,0.75032,0,200,0,-10,-10,-0.318949,1.37565,-1.74784,-0.107974,8.5293,10,0,1203.07,0,1034.5,0,1060.2,0,902.524,22.9599,44.4167,29.4712,40.3912,28.5194,41.0688,34.0937,36.5735,132.391,173.036,-31.8584,-11.1603,0.774126,8.39967,-143.174,-131.829,10,6.95271e-310,1730.36,6.68183e-310,-111.603,1.4822e-323,83.9967,5.23261e-310,-1318.29,22.9599,1774.78,29.4712,-71.2122,28.5194,125.066,34.0937,-1281.71,-240.484,-217.524,-5.54695,23.9243,-30.3972,-1.87781,148.336,182.429,
0.476816,0.634864,0.604616,0.75213,0,200,0,-10,-10,-0.050412,1.65466,-2.05286,-0.418573,8.58259,10,0,1203.38,0,1029.53,0,1062.8,0,900.533,22.9476,44.423,29.6534,40.2576,28.4223,41.136,34.1598,36.5118,133.42,174.161,-35.3695,-14.837,3.90606,12.5417,-144.585,-132.566,10,6.95271e-310,1741.61,6.68183e-310,-148.37,1.4822e-323,125.417,5.23261e-310,-1325.66,22.9476,1786.03,29.6534,-108.112,28.4223,166.553,34.1598,-1289.15,-241.93,-218.982,-0.87673,28.7767,-35.7018,-7.27953,149.262,183.422,
0.476816,0.639406,0.60186,0.753173,0,200,0,-10,-10,0.238066,1.95363,-2.37426,-0.746499,8.59963,10,0,1203.38,0,1024.53,0,1065.83,0,899.386,22.9476,44.423,29.836,40.1225,28.3088,41.2142,34.1978,36.4761,134.051,174.62,-39.0223,-18.7824,7.27301,16.9098,-145.447,-132.807,10,6.95271e-310,1746.2,6.68183e-310,-187.824,1.4822e-323,169.098,5.23261e-310,-1328.07,22.9476,1790.62,29.836,-147.702,28.3088,210.312,34.1978,-1291.6,-242.522,-219.574,4.14028,33.9762,-41.2914,-12.9826,149.559,183.757,
0.477236,0.643865,0.599439,0.754,0,200,0,-10,-10,0.511512,2.23735,-2.6787,-1.05669,8.59535,10,0,1202.92,0,1019.62,0,1068.49,0,898.476,22.9663,44.4134,30.0145,39.9891,28.209,41.2826,34.228,36.4478,134.398,174.667,-42.3992,-22.5238,10.4298,21.045,-145.937,-132.758,10,6.95271e-310,1746.67,6.68183e-310,-225.238,1.4822e-323,210.45,5.23261e-310,-1327.58,22.9663,1791.09,30.0145,-185.249,28.209,251.733,34.228,-1291.14,-242.591,-219.625,8.89587,38.9104,-46.5861,-18.3772,149.484,183.712,
0.478075,0.648131,0.597366,0.754503,0,200,0,-10,-10,0.766292,2.50192,-2.96016,-1.34307,8.56629,10,0,1201.99,0,1014.93,0,1070.77,0,897.923,23.0035,44.3941,30.1849,39.8607,28.1233,41.341,34.2463,36.4306,134.426,174.241,-45.4343,-26.011,13.3257,24.8659,-145.991,-132.372,10,6.95271e-310,1742.41,6.68183e-310,-260.11,1.4822e-323,248.659,5.23261e-310,-1323.72,23.0035,1786.8,30.1849,-220.249,28.1233,290,34.2463,-1287.29,-242.057,-219.053,13.3268,43.5117,-51.481,-23.3577,148.979,183.225,
0.480004,0.652493,0.594945,0.754755,0,200,0,-10,-10,1.02123,2.76685,-3.26727,-1.65594,8.51361,10,0,1199.87,0,1010.13,0,1073.44,0,897.646,23.0891,44.3497,30.3585,39.7286,28.0232,41.409,34.2555,36.422,133.494,172.774,-48.491,-29.5012,16.8477,29.0373,-145.367,-131.665,10,6.95271e-310,1727.74,6.68183e-310,-295.012,1.4822e-323,290.373,5.23261e-310,-1316.65,23.0891,1772.09,30.3585,-255.284,28.0232,331.782,34.2555,-1280.23,-240.201,-217.112,17.7606,48.1191,-56.8221,-28.799,148.063,182.318,
0.482341,0.656688,0.592812,0.754599,0,200,0,-10,-10,1.26225,3.01743,-3.55445,-1.9482,8.43265,10,0,1197.3,0,1005.52,0,1075.78,0,897.817,23.1927,44.2956,30.5248,39.6009,27.9348,41.4687,34.2498,36.4273,132.239,170.796,-51.2492,-32.8014,20.1396,32.9362,-144.268,-130.572,10,6.95271e-310,1707.96,6.68183e-310,-328.014,1.4822e-323,329.362,5.23261e-310,-1305.72,23.1927,1752.25,30.5248,-288.413,27.9348,370.831,34.2498,-1269.29,-237.693,-214.501,21.9522,52.4771,-61.8165,-33.8818,146.655,180.905,
0.484918,0.660714,0.59087,0.754095,0,200,0,-10,-10,1.49283,3.25716,-3.82531,-2.22369,8.33024,10,0,1194.47,0,1001.09,0,1077.92,0,898.371,23.3068,44.2357,30.6841,39.4777,27.8542,41.5228,34.2315,36.4446,130.768,168.465,-53.789,-35.9586,23.2346,36.6127,-142.828,-129.186,10,6.95271e-310,1684.65,6.68183e-310,-359.586,1.4822e-323,366.127,5.23261e-310,-1291.86,23.3068,1728.88,30.6841,-320.108,27.8542,407.65,34.2315,-1255.42,-234.735,-211.429,25.9622,56.6463,-66.5271,-38.6729,144.874,179.105,
0.488321,0.664489,0.589145,0.752837,0,200,0,-10,-10,1.70743,3.48032,-4.07612,-2.47863,8.17893,10,0,1190.72,0,996.938,0,1079.82,0,899.755,23.4572,44.1561,30.8329,39.3616,27.7825,41.5708,34.1856,36.4876,128.576,165.092,-55.9408,-38.8971,26.2197,40.0162,-140.501,-127.133,10,6.95271e-310,1650.92,6.68183e-310,-388.971,1.4822e-323,400.162,5.23261e-310,-1271.33,23.4572,1695.07,30.8329,-349.609,27.7825,441.733,34.1856,-1234.85,-230.448,-206.99,29.6944,60.5273,-70.889,-43.1065,142.242,176.428,
0.491904,0.668085,0.587635,0.750548,0,200,0,-10,-10,1.9255,3.70652,-4.30389,-2.71001,7.97196,9.93282,0,1186.78,0,992.983,0,1081.48,0,902.273,23.6153,44.0717,30.9742,39.2505,27.7197,41.6127,34.102,36.5658,126.165,161.054,-57.8564,-41.88,28.8081,43.1063,-137.47,-124.319,10,6.95271e-310,1610.54,6.68183e-310,-418.8,1.4822e-323,431.063,5.23261e-310,-1243.19,23.6153,1654.62,30.9742,-379.549,27.7197,472.676,34.102,-1206.63,-225.306,-201.691,33.487,64.4612,-74.8503,-47.1306,138.643,172.745,
0.495787,0.671344,0.586316,0.748115,0,200,0,-10,-10,2.11918,3.90754,-4.51003,-2.9193,7.75512,9.71086,0,1182.51,0,989.397,0,1082.93,0,904.949,23.7862,43.9797,31.102,39.1493,27.6648,41.6492,34.0129,36.6486,123.453,156.722,-59.4673,-44.5298,31.2401,45.9023,-134.19,-121.37,10,6.95271e-310,1567.22,6.68183e-310,-445.298,1.4822e-323,459.023,5.23261e-310,-1213.7,23.7862,1611.2,31.102,-406.148,27.6648,500.672,34.0129,-1177.06,-219.79,-196.003,36.8553,67.9572,-78.4352,-50.7704,134.872,168.885,
0.500042,0.674388,0.58519,0.744951,0,200,0,-10,-10,2.30583,4.10104,-4.69613,-3.1081,7.49514,9.4442,0,1177.83,0,986.049,0,1084.17,0,908.429,23.9731,43.8781,31.221,39.0545,27.6179,41.6804,33.8968,36.756,120.369,151.731,-60.8127,-47.0822,33.4237,48.4257,-130.288,-117.832,10,6.95271e-310,1517.31,6.68183e-310,-470.822,1.4822e-323,484.257,5.23261e-310,-1178.32,23.9731,1561.19,31.221,-431.767,27.6179,525.937,33.8968,-1141.56,-213.43,-189.457,40.1014,71.3224,-81.6718,-54.0539,130.35,164.247,
0.50456,0.677097,0.584243,0.741021,0,200,0,-10,-10,2.48148,4.28276,-4.85716,-3.2714,7.19353,9.13428,0,1172.86,0,983.07,0,1085.21,0,912.753,24.1711,43.7694,31.3266,38.9697,27.5784,41.7065,33.7521,36.889,116.951,146.141,-61.8572,-49.4821,35.2986,50.6088,-125.808,-113.724,10,6.95271e-310,1461.41,6.68183e-310,-494.821,1.4822e-323,506.088,5.23261e-310,-1137.24,24.1711,1505.18,31.3266,-455.851,27.5784,547.794,33.7521,-1100.35,-206.302,-182.131,43.1562,74.4828,-84.4724,-56.894,125.105,158.857,
0.509365,0.679542,0.583572,0.736994,0,200,0,-10,-10,2.63413,4.44088,-4.99598,-3.41183,6.88056,8.81275,0,1167.57,0,980.38,0,1085.95,0,917.183,24.3812,43.6527,31.4218,38.893,27.5504,41.725,33.6032,37.0246,113.282,140.31,-62.602,-51.5687,36.9622,52.4888,-121.113,-109.462,10,6.95271e-310,1403.1,6.68183e-310,-515.687,1.4822e-323,524.888,5.23261e-310,-1094.62,24.3812,1446.76,31.4218,-476.794,27.5504,566.613,33.6032,-1057.59,-198.869,-174.488,45.8109,77.2327,-86.8866,-59.3362,119.662,153.265,
0.514555,0.681627,0.582961,0.73256,0,200,0,-10,-9.55542,2.76746,4.57888,-5.11786,-3.53518,6.5439,8.46663,0,1161.87,0,978.086,0,1086.62,0,922.06,24.6074,43.5256,31.5029,38.8274,27.5249,41.7418,33.4387,37.1732,109.161,133.973,-63.0856,-53.3907,38.5316,54.1398,-116.002,-104.875,10,6.95271e-310,1339.73,6.68183e-310,-533.907,1.4822e-323,541.398,5.23261e-310,-1048.75,24.6074,1383.26,31.5029,-495.079,27.5249,583.14,33.4387,-1011.58,-190.789,-166.181,48.1298,79.6326,-89.0063,-61.4814,113.807,147.246,
0.519984,0.68346,0.582589,0.728185,0,200,0,-10,-9.06908,2.87658,4.69209,-5.22044,-3.63865,6.20424,8.1176,0,1155.89,0,976.07,0,1087.03,0,926.872,24.8433,43.3914,31.574,38.7696,27.5094,41.752,33.2758,37.3192,104.829,127.523,-63.3097,-54.8832,39.9383,55.5274,-110.796,-100.249,10,6.95271e-310,1275.23,6.68183e-310,-548.832,1.4822e-323,555.274,5.23261e-310,-1002.49,24.8433,1318.62,31.574,-510.062,27.5094,597.026,33.2758,-965.168,-182.567,-157.723,50.0275,81.6015,-90.7903,-63.281,107.9,141.176,
0.52552,0.68497,0.582433,0.722409,0,200,0,-9.96463,-8.52235,2.98921,4.80808,-5.29321,-3.7118,5.78915,7.69008,0,1149.8,0,974.409,0,1087.2,0,933.226,25.0832,43.2532,31.6325,38.7219,27.5029,41.7563,33.0597,37.5108,100.213,120.261,-63.245,-56.4192,40.7811,56.5103,-104.756,-94.5893,10,6.95271e-310,1202.61,6.68183e-310,-564.192,1.4822e-323,565.103,5.23261e-310,-945.893,25.0832,1245.86,31.6325,-525.47,27.5029,606.86,33.0597,-908.383,-173.298,-148.215,51.9863,83.6188,-92.0559,-64.553,100.681,133.741,
0.531488,0.686349,0.582517,0.716705,0,200,0,-9.41441,-7.95731,3.08049,4.90243,-5.35338,-3.77176,5.36505,7.25365,0,1143.24,0,972.893,0,1087.11,0,939.501,25.3408,43.1027,31.6858,38.6783,27.5064,41.754,32.8452,37.6987,95.2535,112.76,-62.961,-57.6658,41.5387,57.3201,-98.5417,-88.8089,10,6.95271e-310,1127.6,6.68183e-310,-576.658,1.4822e-323,573.201,5.23261e-310,-888.089,25.3408,1170.7,31.6858,-537.98,27.5064,614.955,32.8452,-850.391,-163.729,-138.388,53.5738,85.2597,-93.1022,-65.5958,93.3052,126.15,
0.537672,0.687271,0.582853,0.71124,0,200,0,-8.86472,-7.39232,3.13259,4.95657,-5.38645,-3.80402,4.95009,6.82681,0,1136.44,0,971.877,0,1086.74,0,945.512,25.6069,42.9452,31.7215,38.649,27.5204,41.7448,32.6387,37.8777,90.0586,105.264,-62.3192,-58.3788,42.1207,57.7613,-92.3534,-83.1538,10,6.95271e-310,1052.64,6.68183e-310,-583.788,1.4822e-323,577.613,5.23261e-310,-831.538,25.6069,1095.58,31.7215,-545.139,27.5204,619.358,32.6387,-793.661,-154.169,-128.562,54.4798,86.2013,-93.6773,-66.1569,86.0885,118.727,
0.543604,0.688038,0.583452,0.704025,0,200,0,-8.26111,-6.77409,3.20813,5.03382,-5.39227,-3.80841,4.44062,6.30158,0,1129.91,0,971.034,0,1086.08,0,953.448,25.8612,42.7925,31.7512,38.6247,27.5454,41.7283,32.3646,38.1121,84.8486,97.0449,-61.5047,-59.406,41.8859,57.8318,-85.3518,-76.2043,10,6.95271e-310,970.449,6.68183e-310,-594.06,1.4822e-323,578.318,5.23261e-310,-762.043,25.8612,1013.24,31.7512,-555.435,27.5454,620.046,32.3646,-723.931,-143.671,-117.81,55.7935,87.5446,-93.7787,-66.2333,77.2282,109.593,
0.551095,0.688554,0.584555,0.697122,0,200,0,-7.59297,-6.08756,3.22676,5.0536,-5.37636,-3.78985,3.91091,5.7567,0,1121.67,0,970.467,0,1084.87,0,961.041,26.181,42.5976,31.7711,38.6083,27.5914,41.6979,32.1007,38.3346,78.4529,87.9352,-60.1463,-59.6632,41.7612,57.6025,-77.7254,-68.9848,10,6.95271e-310,879.352,6.68183e-310,-596.632,1.4822e-323,576.025,5.23261e-310,-689.848,26.181,921.949,31.7711,-558.024,27.5914,617.722,32.1007,-651.513,-132.052,-105.871,56.1176,87.8886,-93.5018,-65.9104,68.0159,100.117,
0.558381,0.688853,0.586136,0.68986,0,200,0,-6.92713,-5.40392,3.23251,5.06001,-5.32788,-3.73758,3.35492,5.18466,0,1113.66,0,970.137,0,1083.13,0,969.03,26.4907,42.4057,31.7826,38.5988,27.6573,41.6542,31.8215,38.5668,72.1986,78.86,-58.5049,-59.7443,40.9964,56.9279,-70.0193,-61.406,10,6.95271e-310,788.6,6.68183e-310,-597.443,1.4822e-323,569.279,5.23261e-310,-614.06,26.4907,831.005,31.7826,-558.844,27.6573,610.933,31.8215,-575.493,-120.472,-93.9812,56.2176,88.0002,-92.6587,-65.0014,58.3465,90.1679,
0.565044,0.688937,0.588054,0.683173,0,200,0,-6.32197,-4.78254,3.21713,5.04481,-5.25499,-3.6601,2.83374,4.6486,0,1106.33,0,970.045,0,1081.02,0,976.386,26.7727,42.2282,31.7859,38.5961,27.7371,41.6011,31.5628,38.7787,66.5081,70.6119,-56.7104,-59.5379,39.826,55.9199,-62.9571,-54.3024,10,6.95271e-310,706.119,6.68183e-310,-595.379,1.4822e-323,559.199,5.23261e-310,-543.024,26.7727,748.347,31.7859,-556.783,27.7371,600.8,31.5628,-504.245,-109.947,-83.1746,55.95,87.7359,-91.3911,-63.654,49.2824,80.8453,
0.573469,0.688781,0.590319,0.674892,0,200,0,-5.56672,-4.00689,3.18007,5.00741,-5.16352,-3.56322,2.1843,3.98063,0,1097.06,0,970.216,0,1078.53,0,985.495,27.1275,42.0012,31.7798,38.6011,27.8313,41.5382,31.2406,39.0387,59.1327,60.3177,-54.4456,-59.0366,38.4127,54.6568,-54.2079,-45.4501,10,6.95271e-310,603.177,6.68183e-310,-590.366,1.4822e-323,546.568,5.23261e-310,-454.501,27.1275,645.178,31.7798,-551.765,27.8313,588.106,31.2406,-415.463,-96.8125,-69.6851,55.3056,87.0854,-89.8003,-61.969,37.9878,69.2284,
0.581067,0.688326,0.592884,0.66715,0,200,0,-4.88091,-3.30278,3.12148,4.94781,-5.04545,-3.43903,1.57312,3.35203,0,1088.7,0,970.717,0,1075.7,0,994.011,27.4458,41.7939,31.7623,38.6155,27.9377,41.4666,30.9375,39.2794,52.4378,50.9716,-52.029,-58.2416,36.526,53.0313,-46.2021,-37.1192,10,6.95271e-310,509.716,6.68183e-310,-582.416,1.4822e-323,530.313,5.23261e-310,-371.192,27.4458,551.51,31.7623,-543.8,27.9377,571.78,30.9375,-331.912,-84.8854,-57.4396,54.2867,86.0489,-87.7469,-59.8092,27.3586,58.2961,
0.588749,0.687487,0.595688,0.658965,0,200,0,-4.17712,-2.58057,3.04084,4.86531,-4.90329,-3.29019,0.931623,2.69198,0,1080.25,0,971.64,0,1072.62,0,1003.01,27.7661,41.5818,31.7299,38.6422,28.0539,41.3881,30.6149,39.5313,45.4919,41.3828,-49.3311,-57.1448,34.2177,51.0782,-37.9809,-28.3731,10,6.95271e-310,413.828,6.68183e-310,-571.448,1.4822e-323,510.782,5.23261e-310,-283.731,27.7661,455.41,31.7299,-532.806,28.0539,552.17,30.6149,-244.199,-72.6456,-44.8796,52.8842,84.614,-85.2747,-57.2208,16.2021,46.8171,
0.596671,0.686073,0.598792,0.65024,0,200,0,-3.44388,-1.82845,2.92475,4.74608,-4.72802,-3.10754,0.253158,1.99362,0,1071.54,0,973.196,0,1069.2,0,1012.61,28.0946,41.3605,31.6752,38.687,28.1822,41.3009,30.2689,39.7969,38.1044,31.3949,-46.2099,-55.5634,31.4195,48.6748,-29.4222,-19.121,10,6.95271e-310,313.949,6.68183e-310,-555.634,1.4822e-323,486.748,5.23261e-310,-191.21,28.0946,355.309,31.6752,-516.947,28.1822,528.049,30.2689,-151.413,-59.8936,-31.7991,50.8653,82.5404,-82.2265,-54.0442,4.40274,34.6716,
0.604077,0.683964,0.602087,0.640988,0,200,0,-2.71725,-1.08425,2.78094,4.59756,-4.51706,-2.88877,-0.442282,1.27693,0,1063.39,0,975.516,0,1065.58,0,1022.79,28.4001,41.1513,31.5935,38.7537,28.3182,41.2078,29.8994,40.0753,30.8134,21.5037,-42.7216,-53.6,27.9515,45.7881,-20.9176,-9.63235,10,6.95271e-310,215.037,6.68183e-310,-536,1.4822e-323,457.881,5.23261e-310,-96.3235,28.4001,256.188,31.5935,-497.247,28.3182,499.089,29.8994,-56.2482,-47.2566,-18.8565,48.3641,79.9576,-78.5576,-50.2394,-7.69186,22.2075,
0.613221,0.681866,0.605599,0.631437,0,200,0,-1.90336,-0.248789,2.6035,4.41545,-4.31083,-2.67422,-1.20474,0.492386,0,1053.33,0,977.823,0,1061.72,0,1033.3,28.7752,40.8899,31.5122,38.8199,28.4627,41.1081,29.5153,40.359,21.9981,10.4146,-39.0652,-51.1836,24.6673,42.9624,-11.5177,0.764759,10,6.95271e-310,104.146,6.68183e-310,-511.836,1.4822e-323,429.624,5.23261e-310,7.64759,28.7752,145.036,31.5122,-473.016,28.4627,470.732,29.5153,48.0066,-33.102,-4.32676,45.2782,76.7904,-74.971,-46.5082,-20.952,8.56323,
0.621921,0.679314,0.609386,0.621909,0,200,0,-1.11865,0.556318,2.39746,4.2037,-4.07678,-2.43123,-1.962,-0.287061,0,1043.76,0,980.631,0,1057.55,0,1043.78,29.1299,40.638,31.413,38.9002,28.6182,41,29.1294,40.6384,13.3935,-0.274173,-35.1463,-48.3761,20.8568,39.7583,-2.43359,11.0929,10,6.95271e-310,-2.74173,6.68183e-310,-483.761,1.4822e-323,397.583,5.23261e-310,110.929,29.1299,37.8963,31.413,-444.861,28.6182,438.583,29.1294,151.567,-19.4548,9.6751,41.6949,73.1079,-70.9005,-42.2823,-34.1218,-4.99236,
0.629963,0.676354,0.613401,0.612346,0,200,0,-0.369379,1.32433,2.17132,3.97094,-3.81869,-2.16369,-2.71179,-1.05927,0,1034.92,0,983.887,0,1053.14,0,1054.3,29.4557,40.4025,31.2977,38.993,28.7826,40.8848,28.7394,40.9151,5.16567,-10.4758,-31.0163,-45.2928,16.4847,36.2275,6.25986,21.3222,10,6.95271e-310,-104.758,6.68183e-310,-452.928,1.4822e-323,362.275,5.23261e-310,213.222,29.4557,-64.3551,31.2977,-413.935,28.7826,403.16,28.7394,254.137,-6.42399,23.0317,37.7621,69.0598,-66.412,-37.6294,-47.1616,-18.4221,
0.639838,0.67301,0.617583,0.602854,0,200,0,0.450283,2.16685,1.87965,3.67176,-3.55219,-1.88738,-3.50467,-1.87456,0,1024.05,0,987.565,0,1048.53,0,1064.74,29.8533,40.1096,31.1671,39.0974,28.9533,40.764,28.3498,41.186,-4.74268,-21.6481,-26.6007,-41.3214,12.3798,32.5816,15.6791,32.1327,10,6.95271e-310,-216.481,6.68183e-310,-413.214,1.4822e-323,325.816,5.23261e-310,321.327,29.8533,-176.372,31.1671,-374.116,28.9533,366.58,28.3498,362.513,7.831,37.6843,32.6895,63.8567,-61.7773,-32.824,-60.9508,-32.601,
0.649413,0.669115,0.622017,0.593734,0,200,0,1.23091,2.96948,1.54459,3.32793,-3.25583,-1.58063,-4.27298,-2.66454,0,1013.52,0,991.849,0,1043.66,0,1074.77,30.236,39.8219,31.0146,39.2185,29.1338,40.6352,27.973,41.4429,-14.5193,-32.2891,-21.9022,-36.7584,7.89968,28.53,24.6819,42.6086,10,6.95271e-310,-322.891,6.68183e-310,-367.584,1.4822e-323,285.3,5.23261e-310,426.086,30.236,-283.069,31.0146,-328.366,29.1338,325.935,27.973,467.528,21.4071,51.6431,26.8625,57.8771,-56.6231,-27.4893,-74.3128,-46.3398,
0.658857,0.665244,0.626643,0.585058,0,200,0,1.97651,3.73662,1.19595,2.97055,-2.95609,-1.27011,-5.02522,-3.43751,0,1003.13,0,996.107,0,1038.57,0,1084.31,30.6107,39.5346,30.8626,39.3383,29.3215,40.5,27.6124,41.684,-24.129,-42.455,-17.2398,-32.0124,3.27608,24.4309,33.2956,52.863,10,6.95271e-310,-424.55,6.68183e-310,-320.124,1.4822e-323,244.309,5.23261e-310,528.63,30.6107,-385.015,30.8626,-280.786,29.3215,284.809,27.6124,570.314,34.3741,64.9847,20.7992,51.6617,-51.4103,-22.0889,-87.3951,-59.7827,
0.668228,0.661673,0.631473,0.576801,0,200,0,2.69083,4.47217,0.848972,2.61548,-2.66369,-0.966481,-5.76869,-4.20082,0,992.825,0,1000.04,0,1033.26,0,1093.4,30.9798,39.246,30.7219,39.4483,29.5167,40.3579,27.2673,41.9106,-33.5289,-52.1971,-12.7442,-27.2922,-1.42947,20.4284,41.5517,62.9948,10,6.95271e-310,-521.971,6.68183e-310,-272.922,1.4822e-323,204.284,5.23261e-310,629.948,30.9798,-482.725,30.7219,-233.474,29.5167,244.642,27.2673,671.859,46.7971,77.7769,14.7647,45.4866,-46.3251,-16.8084,-100.325,-73.0578,
0.677013,0.657011,0.636566,0.568867,0,200,0,3.3576,5.15869,0.433863,2.18978,-2.31734,-0.608335,-6.47081,-4.92212,0,983.162,0,1005.16,0,1027.65,0,1102.12,31.3234,38.9724,30.5376,39.5911,29.7219,40.2071,26.9339,42.1256,-42.6941,-61.2896,-7.68665,-21.6402,-6.69964,15.6958,49.3273,72.5659,10,6.95271e-310,-612.896,6.68183e-310,-216.402,1.4822e-323,156.958,5.23261e-310,725.659,31.3234,-573.924,30.5376,-176.811,29.7219,197.165,26.9339,767.784,58.393,89.7164,7.54544,38.0831,-40.3016,-10.5797,-112.536,-85.602,
0.685438,0.653128,0.641767,0.561101,0,200,0,3.99398,5.81389,0.0603222,1.80738,-2.00196,-0.280952,-7.17706,-5.64721,0,973.894,0,1009.43,0,1021.93,0,1110.66,31.6506,38.7071,30.3837,39.7093,29.9306,40.052,26.606,42.3335,-51.3424,-69.9672,-3.07003,-16.5577,-12.0333,11.3797,56.7156,82.1911,10,6.95271e-310,-699.672,6.68183e-310,-165.577,1.4822e-323,113.797,5.23261e-310,821.911,31.6506,-660.965,30.3837,-125.867,29.9306,153.848,26.606,864.244,69.4605,101.111,1.04908,31.4328,-34.8167,-4.88611,-124.818,-98.2124,
0.693443,0.648383,0.64716,0.553635,0,200,0,4.59221,6.42988,-0.369413,1.36679,-1.64612,0.0872842,-7.84875,-6.33712,0,965.088,0,1014.66,0,1016,0,1118.88,31.9594,38.4525,30.1949,39.8531,30.1462,39.89,26.2891,42.5309,-59.8471,-78.1245,1.97073,-10.7068,-17.7823,6.5162,63.7146,91.3474,10,6.95271e-310,-781.245,6.68183e-310,-107.068,1.4822e-323,65.162,5.23261e-310,913.474,31.9594,-742.793,30.1949,-67.2148,30.1462,105.052,26.2891,956.004,79.8645,111.824,-6.42458,23.7703,-28.6282,1.51799,-136.5,-110.211,
0.701233,0.643984,0.652637,0.546529,0,200,0,5.15944,7.01427,-0.787284,0.938827,-1.30422,0.441725,-8.50679,-7.01258,0,956.52,0,1019.49,0,1009.98,0,1126.69,32.258,38.2024,30.0193,39.9855,30.3642,39.7243,25.9862,42.7167,-68.0238,-85.8605,6.78376,-5.01981,-23.534,1.84001,70.3379,100.315,10,6.95271e-310,-858.605,6.68183e-310,-50.1981,1.4822e-323,18.4001,5.23261e-310,1003.15,32.258,-820.402,30.0193,-10.2126,30.3642,58.1244,25.9862,1045.87,89.7294,121.987,-13.6919,16.3274,-22.682,7.68217,-147.944,-121.958,
0.708675,0.639982,0.65797,0.539901,0,200,0,5.68757,7.5587,-1.18403,0.532863,-0.986102,0.771994,-9.13612,-7.65822,0,948.333,0,1023.9,0,1004.11,0,1133.98,32.5414,37.9612,29.859,40.1053,30.5756,39.5618,25.7026,42.888,-75.7684,-93.0645,11.2462,0.377775,-29.0754,-2.51328,76.4842,108.89,10,6.95271e-310,-930.645,6.68183e-310,3.77775,1.4822e-323,-25.1328,5.23261e-310,1088.9,32.5414,-892.684,29.859,43.8831,30.5756,14.429,25.7026,1131.79,98.9143,131.456,-20.5919,9.26718,-17.1496,13.426,-158.889,-133.186,
0.715758,0.635128,0.663255,0.533897,0,200,0,6.16839,8.05493,-1.63658,0.0691011,-0.635082,1.13501,-9.70638,-8.24332,0,940.542,0,1029.24,0,998.295,0,1140.59,32.8095,37.7298,29.664,40.2498,30.7843,39.3996,25.4446,43.0415,-83.3714,-99.6258,16.012,6.53847,-34.6902,-7.30906,82.1664,116.661,10,6.95271e-310,-996.258,6.68183e-310,65.3847,1.4822e-323,-73.0906,5.23261e-310,1166.61,32.8095,-958.528,29.664,105.634,30.7843,-33.6909,25.4446,1209.65,107.276,140.086,-28.4623,1.20176,-11.0449,19.7393,-168.807,-143.362,
0.722577,0.630838,0.668336,0.528432,0,200,0,6.61273,8.51402,-2.05814,-0.362405,-0.315335,1.46625,-10,-8.79717,0,933.041,0,1033.95,0,992.706,0,1146.6,33.066,37.5052,29.4911,40.3767,30.9841,39.2427,25.209,43.1799,-90.5347,-105.692,20.3281,12.2747,-39.9472,-11.6804,87.4044,124.021,10,6.95271e-310,-1056.92,6.68183e-310,122.747,1.4822e-323,-116.804,5.23261e-310,1240.21,33.066,-1019.41,29.4911,163.124,30.9841,-77.5616,25.209,1283.39,115.004,148.07,-35.7938,-6.30269,-5.48408,25.5,-178.203,-152.994,
0.72906,0.626607,0.673238,0.523519,0,200,0,7.01723,8.93247,-2.47706,-0.791155,-0.00411715,1.7885,-10,-9.3078,0,925.91,0,1038.61,0,987.314,0,1152.01,33.3085,37.29,29.32,40.5011,31.176,39.0903,24.9965,43.3033,-97.3308,-111.216,24.4593,17.9748,-44.9792,-15.9343,92.2027,130.809,10,6.95271e-310,-1112.16,6.68183e-310,179.748,1.4822e-323,-159.343,5.23261e-310,1308.09,33.3085,-1074.87,29.32,220.249,31.176,-120.252,24.9965,1351.39,122.039,155.347,-43.0792,-13.7592,-0.0716026,31.1044,-186.871,-161.875,
0.734993,0.622916,0.677768,0.519025,0,200,0,7.3828,9.31072,-2.85343,-1.17614,0.271747,2.07453,-10,-9.78162,0,919.384,0,1042.67,0,982.331,0,1156.95,33.5291,37.0918,29.1703,40.609,31.3528,38.9487,24.8017,43.4152,-103.514,-116.209,28.1146,23.0948,-49.6187,-19.7068,96.5181,137.108,10,6.95271e-310,-1162.09,6.68183e-310,230.948,1.4822e-323,-197.068,5.23261e-310,1371.08,33.5291,-1125,29.1703,271.557,31.3528,-158.119,24.8017,1414.5,128.397,161.926,-49.6248,-20.4545,4.72603,36.0788,-194.917,-170.115,
0.740805,0.618686,0.682557,0.514806,0,200,0,7.7259,9.66619,-3.27238,-1.60498,0.579171,2.39266,-10,-10,0,912.991,0,1047.32,0,977.063,0,1161.59,33.7441,36.8963,28.9982,40.7321,31.539,38.7981,24.6183,43.5194,-109.642,-120.897,32.0826,28.796,-54.554,-23.9074,100.636,143.104,10,6.95271e-310,-1208.97,6.68183e-310,287.96,1.4822e-323,-239.074,5.23261e-310,1431.04,33.7441,-1172.08,28.9982,328.692,31.539,-200.276,24.6183,1474.56,134.363,168.108,-56.911,-27.9127,10.0725,41.6115,-202.575,-177.957,
0.745994,0.615006,0.686289,0.511139,0,200,0,8.02536,9.97663,-3.63115,-1.97238,0.826805,2.64861,-10,-10,0,907.283,0,1051.37,0,972.958,0,1165.62,33.9351,36.7207,28.8482,40.8385,31.6835,38.6802,24.4586,43.6094,-115.227,-124.99,35.274,33.6791,-58.503,-27.2893,104.239,148.284,10,6.95271e-310,-1249.9,6.68183e-310,336.791,1.4822e-323,-272.893,5.23261e-310,1482.84,33.9351,-1213.18,28.8482,377.63,31.6835,-234.213,24.4586,1526.45,139.571,173.507,-63.1505,-34.3023,14.3792,46.0627,-209.19,-184.731,
0.750908,0.611495,0.690267,0.508059,0,200,0,8.28862,10,-3.99065,-2.34013,1.08106,2.9117,-10,-10,0,901.878,0,1055.23,0,968.582,0,1169.01,34.1151,36.5535,28.7046,40.9395,31.8372,38.5538,24.3241,43.6845,-120.295,-128.591,38.4589,38.57,-62.479,-30.7631,107.443,152.985,10,6.95271e-310,-1285.91,6.68183e-310,385.7,1.4822e-323,-307.631,5.23261e-310,1529.85,34.1151,-1249.36,28.7046,426.64,31.8372,-269.078,24.3241,1573.54,144.15,178.265,-69.4026,-40.698,18.8011,50.6383,-215.199,-190.875,
0.755438,0.608283,0.693983,0.505519,0,200,0,8.51633,10,-4.32747,-2.68452,1.31728,3.15614,-10,-10,0,896.895,0,1058.76,0,964.495,0,1171.81,34.2804,36.3986,28.573,41.0315,31.9802,38.4352,24.2131,43.7462,-124.864,-131.709,41.3573,43.1516,-66.0842,-33.9905,110.243,157.102,10,6.95271e-310,-1317.09,6.68183e-310,431.516,1.4822e-323,-339.905,5.23261e-310,1571.02,34.2804,-1280.69,28.573,472.547,31.9802,-301.47,24.2131,1614.77,148.11,182.39,-75.2603,-46.6873,22.9092,54.8894,-220.463,-196.25,
0.759368,0.605347,0.69747,0.503433,0,200,0,8.70571,10,-4.63799,-3.00198,1.53802,3.38458,-10,-10,0,892.571,0,1061.99,0,960.659,0,1174.1,34.4232,36.2635,28.4524,41.1152,32.114,38.3235,24.1218,43.7966,-128.775,-134.303,44.025,47.3753,-69.4295,-37.0064,112.596,160.619,10,6.95271e-310,-1343.03,6.68183e-310,473.753,1.4822e-323,-370.064,5.23261e-310,1606.19,34.4232,-1306.77,28.4524,514.868,32.114,-331.74,24.1218,1649.99,151.404,185.827,-80.6608,-52.2084,26.7482,58.8622,-224.962,-200.841,
0.762772,0.602926,0.700993,0.501708,0,200,0,8.86482,10,-4.91396,-3.28368,1.74254,3.59685,-10,-10,0,888.827,0,1064.66,0,956.783,0,1176,34.5464,36.1462,28.3528,41.184,32.2489,38.2101,24.0462,43.8381,-131.968,-136.484,46.4811,51.1266,-72.6743,-39.8038,114.547,163.763,10,6.95271e-310,-1364.84,6.68183e-310,511.266,1.4822e-323,-398.038,5.23261e-310,1637.63,34.5464,-1328.69,28.3528,552.45,32.2489,-359.828,24.0462,1681.47,154.171,188.717,-85.4602,-57.1075,30.305,62.5539,-228.986,-204.94,
0.765948,0.600278,0.703702,0.500281,0,200,0,9.00302,10,-5.18412,-3.56012,1.9287,3.78895,-10,-10,0,885.333,0,1067.57,0,953.804,0,1177.57,34.661,36.0363,28.2436,41.2589,32.3522,38.1226,23.9836,43.8724,-135.174,-138.38,48.6579,54.8027,-75.2859,-42.3443,116.335,166.309,10,6.95271e-310,-1383.8,6.68183e-310,548.027,1.4822e-323,-423.443,5.23261e-310,1663.09,34.661,-1347.76,28.2436,589.286,32.3522,-385.32,23.9836,1706.97,156.574,191.235,-90.1587,-61.9151,33.5426,65.8948,-232.246,-208.262,
0.768141,0.598181,0.706686,0.499191,0,200,0,9.09902,10,-5.41357,-3.79454,2.10725,3.97403,-10,-10,0,882.921,0,1069.88,0,950.522,0,1178.77,34.74,35.9602,28.157,41.3181,32.4658,38.0259,23.9358,43.8985,-137.217,-139.697,50.771,57.9228,-78.0827,-44.7851,117.548,168.389,10,6.95271e-310,-1396.97,6.68183e-310,579.228,1.4822e-323,-447.851,5.23261e-310,1683.89,34.74,-1361.01,28.157,620.546,32.4658,-409.825,23.9358,1727.79,158.244,192.984,-94.149,-65.992,36.6478,69.1136,-234.909,-210.973,
0.770382,0.596275,0.708891,0.498448,0,200,0,9.18384,10,-5.61836,-4.00386,2.2525,4.1241,-10,-10,0,880.456,0,1071.97,0,948.096,0,1179.58,34.8205,35.8822,28.0782,41.3717,32.5496,37.9542,23.9031,43.9163,-139.331,-140.863,52.4219,60.7082,-80.078,-46.7682,118.676,170.037,10,6.95271e-310,-1408.63,6.68183e-310,607.082,1.4822e-323,-467.682,5.23261e-310,1700.37,34.8205,-1372.75,28.0782,648.454,32.5496,-429.728,23.9031,1744.28,159.719,194.539,-97.7106,-69.6324,39.1739,71.7235,-237.021,-213.117,
0.771832,0.594729,0.711048,0.498004,0,200,0,9.23419,10,-5.78893,-4.17812,2.38573,4.26203,-10,-10,0,878.861,0,1073.67,0,945.723,0,1180.07,34.8725,35.8317,28.0142,41.415,32.6314,37.8839,23.8837,43.9269,-140.597,-141.557,53.9466,63.0277,-82.0141,-48.5885,119.358,171.191,10,6.95271e-310,-1415.57,6.68183e-310,630.277,1.4822e-323,-485.885,5.23261e-310,1711.91,34.8725,-1379.74,28.0142,671.692,32.6314,-448.001,23.8837,1755.83,160.595,195.467,-100.677,-72.6629,41.4909,74.1223,-238.501,-214.617,
0.773006,0.593519,0.712954,0.497849,0,200,0,9.26671,10,-5.93164,-4.3237,2.49952,4.37997,-10,-10,0,877.569,0,1075.01,0,943.627,0,1180.24,34.9145,35.7907,27.9641,41.4489,32.7035,37.8217,23.8768,43.9306,-141.499,-142.008,55.2225,64.9672,-83.6192,-50.144,119.817,172.002,10,6.95271e-310,-1420.08,6.68183e-310,649.672,1.4822e-323,-501.44,5.23261e-310,1720.02,34.9145,-1384.29,27.9641,691.121,32.7035,-463.618,23.8768,1763.95,161.16,196.075,-103.159,-75.1948,43.4699,76.1734,-239.545,-215.669,
0.773905,0.592596,0.714583,0.498016,0,200,0,9.27989,10,-6.04916,-4.44342,2.59552,4.47951,-10,-10,0,876.58,0,1076.02,0,941.834,0,1180.06,34.9467,35.7593,27.9258,41.4747,32.7651,37.7683,23.8842,43.9266,-142.045,-142.195,56.2617,66.5634,-84.8718,-51.4564,120.048,172.423,10,6.95271e-310,-1421.95,6.68183e-310,665.634,1.4822e-323,-514.564,5.23261e-310,1724.23,34.9467,-1386.19,27.9258,707.109,32.7651,-476.796,23.8842,1768.16,161.389,196.336,-105.203,-77.277,45.1394,77.9046,-240.091,-216.207,
0.774349,0.592021,0.716057,0.498652,0,200,0,9.26292,10,-6.13926,-4.5349,2.6776,4.5648,-10,-10,0,876.092,0,1076.65,0,940.213,0,1179.36,34.9625,35.7438,27.902,41.4907,32.8208,37.72,23.9121,43.9114,-141.99,-141.97,57.1068,67.7854,-85.8351,-52.5795,119.916,172.303,10,6.95271e-310,-1419.7,6.68183e-310,677.854,1.4822e-323,-525.795,5.23261e-310,1723.03,34.9625,-1383.96,27.902,719.345,32.8208,-488.075,23.9121,1766.94,161.094,196.057,-106.77,-78.8678,46.567,79.3878,-239.949,-216.036,
0.774564,0.591565,0.717004,0.49979,0,200,0,9.22024,10,-6.21142,-4.60815,2.74179,4.63104,-10,-10,0,875.855,0,1077.15,0,939.171,0,1178.11,34.9702,35.7363,27.8831,41.5034,32.8565,37.6889,23.9621,43.8842,-141.678,-141.397,57.6704,68.7641,-86.2124,-53.4553,119.539,171.553,10,6.95271e-310,-1413.97,6.68183e-310,687.641,1.4822e-323,-534.553,5.23261e-310,1715.53,34.9702,-1378.24,27.8831,729.145,32.8565,-496.864,23.9621,1759.42,160.352,195.322,-108.025,-80.1417,47.6833,80.5398,-239.003,-215.041,
0.774397,0.591446,0.717867,0.501756,0,200,0,9.13518,10,-6.26523,-4.66224,2.79888,4.68999,-10,-10,0,876.04,0,1077.29,0,938.222,0,1175.94,34.9642,35.7422,27.8781,41.5068,32.889,37.6605,24.0483,43.837,-140.686,-140.249,58.0618,69.4909,-86.2062,-54.2345,118.691,169.999,10,6.95271e-310,-1402.49,6.68183e-310,694.909,1.4822e-323,-542.345,5.23261e-310,1699.99,34.9642,-1366.75,27.8781,736.416,32.889,-504.685,24.0483,1743.82,158.873,193.837,-108.96,-81.0824,48.6761,81.5651,-237.033,-212.985,
0.773917,0.591601,0.718382,0.504644,0,200,0,9.00591,10,-6.3006,-4.69724,2.84255,4.73478,-10,-10,0,876.567,0,1077.11,0,937.655,0,1172.77,34.9471,35.7589,27.8845,41.5024,32.9084,37.6436,24.1748,43.7673,-139.131,-138.502,58.1807,69.9656,-85.5753,-54.829,117.385,167.503,10,6.95271e-310,-1385.02,6.68183e-310,699.656,1.4822e-323,-548.29,5.23261e-310,1675.03,34.9471,-1349.26,27.8845,741.159,32.9084,-510.647,24.1748,1718.8,156.624,191.572,-109.576,-81.6911,49.4357,82.3441,-233.868,-209.693,
0.772743,0.592153,0.718802,0.507448,0,200,0,8.86118,10,-6.2946,-4.68992,2.86668,4.75982,-10,-10,0,877.859,0,1076.51,0,937.194,0,1169.68,34.9051,35.7999,27.9074,41.4871,32.9242,37.6298,24.2974,43.6994,-136.943,-136.539,58.1535,69.8774,-84.9598,-55.159,115.817,164.876,10,6.95271e-310,-1365.39,6.68183e-310,698.774,1.4822e-323,-551.59,5.23261e-310,1648.76,34.9051,-1329.59,27.9074,740.262,32.9242,-513.96,24.2974,1692.46,154.107,189.012,-109.471,-81.5639,49.8553,82.7795,-230.53,-206.233,
0.770634,0.593255,0.718958,0.510911,0,200,0,8.66459,10,-6.23949,-4.63219,2.86703,4.7605,-10,-10,0,880.179,0,1075.3,0,937.023,0,1165.87,34.8295,35.8735,27.9531,41.4563,32.93,37.6246,24.4486,43.615,-133.673,-133.867,57.8354,69.1201,-83.9623,-55.1654,113.615,161.382,10,6.95271e-310,-1338.67,6.68183e-310,691.201,1.4822e-323,-551.654,5.23261e-310,1613.82,34.8295,-1302.8,27.9531,732.657,32.93,-514.029,24.4486,1657.43,150.689,185.518,-108.513,-80.5598,49.8613,82.7914,-226.087,-201.638,
0.768405,0.595005,0.718886,0.514758,0,200,0,8.45224,10,-6.14278,-4.53131,2.83635,4.72967,-10,-10,0,882.631,0,1073.37,0,937.102,0,1161.64,34.7494,35.951,28.0256,41.4073,32.9273,37.627,24.6162,43.5206,-130.037,-130.982,57.1299,67.7934,-82.5055,-54.7511,111.19,157.606,10,6.95271e-310,-1309.82,6.68183e-310,677.934,1.4822e-323,-547.511,5.23261e-310,1576.06,34.7494,-1273.87,28.0256,719.341,32.9273,-509.884,24.6162,1619.58,146.995,181.745,-106.831,-78.8054,49.3278,82.2552,-221.287,-196.671,
0.765289,0.597222,0.718526,0.518953,0,200,0,8.19981,10,-5.99827,-4.38152,2.7805,4.67305,-10,-10,0,886.058,0,1070.93,0,937.497,0,1157.03,34.6373,36.0591,28.1174,41.3451,32.9138,37.6388,24.7986,43.4169,-125.506,-127.547,56.1537,65.8163,-80.7893,-53.9943,108.26,153.235,10,6.95271e-310,-1275.47,6.68183e-310,658.163,1.4822e-323,-539.943,5.23261e-310,1532.35,34.6373,-1239.41,28.1174,699.508,32.9138,-502.304,24.7986,1575.77,142.605,177.243,-104.318,-76.2004,48.3566,81.2704,-215.725,-190.926,
0.761478,0.599846,0.717963,0.523495,0,200,0,7.91171,9.89544,-5.81577,-4.19279,2.70425,4.59558,-10,-10,0,890.251,0,1068.04,0,938.117,0,1152.03,34.4996,36.1909,28.2258,41.2711,32.8926,37.6574,24.9955,43.3039,-120.239,-123.624,54.944,63.3218,-78.8583,-52.9602,104.89,148.358,10,6.95271e-310,-1236.24,6.68183e-310,633.218,1.4822e-323,-529.602,5.23261e-310,1483.58,34.4996,-1200.05,28.2258,674.489,32.8926,-491.945,24.9955,1526.88,137.595,172.095,-101.144,-72.918,47.0305,79.923,-209.514,-184.519,
0.757966,0.602807,0.716824,0.528408,0,200,0,7.61826,9.59467,-5.61082,-3.98082,2.59503,4.48388,-10,-10,0,894.113,0,1064.79,0,939.369,0,1146.63,34.3723,36.3118,28.3478,41.1874,32.8497,37.6948,25.208,43.1805,-115.157,-119.631,53.2768,60.5206,-76.2026,-51.4752,101.496,143.221,10,6.95271e-310,-1196.31,6.68183e-310,605.206,1.4822e-323,-514.752,5.23261e-310,1432.21,34.3723,-1160,28.3478,646.393,32.8497,-477.057,25.208,1475.39,132.491,166.864,-97.5795,-69.2317,45.1309,77.9806,-202.977,-177.769,
0.753664,0.606162,0.715279,0.534269,0,200,0,7.26049,9.2279,-5.37142,-3.73348,2.46283,4.34834,-10,-9.75081,0,898.846,0,1061.1,0,941.07,0,1140.18,34.2158,36.4593,28.4859,41.092,32.7914,37.7455,25.4606,43.0321,-109.144,-114.763,51.2656,57.2499,-72.9941,-49.6759,97.3882,136.987,10,6.95271e-310,-1147.63,6.68183e-310,572.499,1.4822e-323,-496.759,5.23261e-310,1369.87,34.2158,-1111.17,28.4859,613.591,32.7914,-459.014,25.4606,1412.9,126.269,160.485,-93.416,-64.9301,42.8319,75.6233,-195.04,-169.579,
0.748463,0.609793,0.713577,0.539949,0,200,0,6.8776,8.83407,-5.09226,-3.44575,2.31148,4.19329,-10,-9.27061,0,904.567,0,1057.1,0,942.942,0,1133.93,34.0257,36.6368,28.6349,40.9883,32.7271,37.8013,25.7046,42.8867,-102.449,-109.547,49.1035,53.4399,-69.9126,-47.6166,92.9344,130.624,10,6.95271e-310,-1095.47,6.68183e-310,534.399,1.4822e-323,-476.166,5.23261e-310,1306.24,34.0257,-1058.83,28.6349,575.387,32.7271,-438.365,25.7046,1349.12,119.61,153.636,-88.561,-59.9261,40.1996,72.9267,-186.933,-161.228,
0.743489,0.613808,0.71118,0.54533,0,200,0,6.5127,8.45867,-4.77418,-3.11823,2.11358,3.99018,-10,-8.81152,0,910.038,0,1052.69,0,945.578,0,1128.01,33.843,36.8056,28.7992,40.873,32.6364,37.8796,25.935,42.7478,-96.1272,-104.575,46.4125,49.1007,-66.2821,-44.922,88.6714,124.539,10,6.95271e-310,-1045.75,6.68183e-310,491.007,1.4822e-323,-449.22,5.23261e-310,1245.39,33.843,-1008.94,28.7992,531.88,32.6364,-411.34,25.935,1288.14,113.264,147.107,-83.0293,-54.23,36.758,69.3944,-179.179,-153.244,
0.738144,0.618134,0.709011,0.552113,0,200,0,6.07444,8.00908,-4.4593,-2.79319,1.92019,3.79205,-9.77269,-8.26479,0,915.917,0,1047.93,0,947.964,0,1120.55,33.6458,36.9859,28.9758,40.7481,32.5542,37.9503,26.2244,42.5709,-88.9631,-98.6093,43.6287,44.8007,-62.3833,-42.2905,83.6203,117.3,10,6.95271e-310,-986.093,6.68183e-310,448.007,1.4822e-323,-422.905,5.23261e-310,1173,33.6458,-949.107,28.9758,488.755,32.5542,-384.955,26.2244,1215.57,105.642,139.288,-77.5531,-48.5773,33.3945,65.9487,-169.96,-143.735,
0.732967,0.62288,0.706099,0.557986,0,200,0,5.67656,7.60016,-4.09217,-2.41496,1.67154,3.53704,-9.29914,-7.77689,0,921.612,0,1042.71,0,951.168,0,1114.09,33.4539,37.1596,29.1688,40.6101,32.4435,38.045,26.4739,42.4162,-82.3207,-93.1895,40.289,39.7913,-58.133,-38.9058,78.9716,110.836,10,6.95271e-310,-931.895,6.68183e-310,397.913,1.4822e-323,-389.058,5.23261e-310,1108.36,33.4539,-894.735,29.1688,438.523,32.4435,-351.013,26.4739,1150.78,98.7227,132.177,-71.1681,-41.9993,29.0703,61.5138,-161.724,-135.25,
0.726328,0.62735,0.70327,0.564805,0,200,0,5.18113,7.0905,-3.73247,-2.04484,1.44337,3.30268,-8.72874,-7.18989,0,928.915,0,1037.79,0,954.279,0,1106.59,33.2064,37.3809,29.3501,40.4793,32.3358,38.1366,26.7625,42.2347,-74.338,-86.4382,37.1084,34.8862,-54.1076,-35.7979,73.2627,103.054,10,6.95271e-310,-864.382,6.68183e-310,348.862,1.4822e-323,-357.979,5.23261e-310,1030.54,33.2064,-827.002,29.3501,389.341,32.3358,-319.842,26.7625,1072.78,90.1067,123.313,-64.9126,-35.5625,25.1021,57.4378,-151.804,-125.042,
0.719844,0.633235,0.700262,0.572403,0,200,0,4.65693,6.55232,-3.30191,-1.60062,1.1517,3.0044,-8.14059,-6.58334,0,936.047,0,1031.32,0,957.587,0,1098.23,32.9634,37.5954,29.5878,40.3059,32.2209,38.2337,27.0827,42.0301,-65.9313,-79.3001,33.1084,29.0082,-49.3548,-31.8318,67.1755,95.0235,10,6.95271e-310,-793.001,6.68183e-310,290.082,1.4822e-323,-318.318,5.23261e-310,950.235,32.9634,-755.406,29.5878,330.388,32.2209,-280.085,27.0827,992.265,80.99,113.953,-57.4246,-27.8368,20.0295,52.2504,-141.576,-114.493,
0.71378,0.638795,0.697062,0.578982,0,200,0,4.1819,6.06415,-2.88126,-1.1671,0.854515,2.70017,-7.62052,-6.0474,0,942.717,0,1025.2,0,961.107,0,1091,32.7348,37.7946,29.8114,40.1407,32.0984,38.3366,27.3586,41.851,-58.3707,-72.8289,29.1115,23.2684,-44.8488,-27.7892,61.648,87.9249,10,6.95271e-310,-728.289,6.68183e-310,232.684,1.4822e-323,-277.892,5.23261e-310,879.249,32.7348,-690.494,29.8114,272.824,32.0984,-239.555,27.3586,921.1,72.7286,105.463,-50.1089,-20.2974,14.8611,46.9595,-132.531,-105.172,
0.705895,0.644548,0.693779,0.587515,0,200,0,3.55071,5.41577,-2.44758,-0.720173,0.556555,2.39497,-6.94198,-5.34838,0,951.392,0,1018.87,0,964.719,0,1081.61,32.4358,38.0516,30.0418,39.9686,31.9724,38.4418,27.7147,41.616,-48.8513,-64.2314,24.9207,17.351,-40.124,-23.7349,54.4125,78.6647,10,6.95271e-310,-642.314,6.68183e-310,173.51,1.4822e-323,-237.349,5.23261e-310,786.647,32.4358,-604.263,30.0418,213.479,31.9724,-198.907,27.7147,828.264,61.7515,94.1872,-42.5666,-12.5247,9.67922,41.6516,-120.73,-93.0154,
0.698369,0.650468,0.690231,0.595568,0,200,0,2.94431,4.79285,-2.00117,-0.260189,0.2329,2.06346,-6.30586,-4.69305,0,959.67,0,1012.36,0,968.621,0,1072.75,32.1485,38.2946,30.2779,39.79,31.8358,38.5549,28.049,41.3915,-39.8642,-55.9712,20.4438,11.2606,-35.3187,-19.3309,47.4483,69.9839,10,6.95271e-310,-559.712,6.68183e-310,112.606,1.4822e-323,-193.309,5.23261e-310,699.839,32.1485,-521.417,30.2779,152.396,31.8358,-154.755,28.049,741.231,51.2054,83.3539,-34.803,-4.52503,4.05044,35.8862,-109.667,-81.6182,
0.690339,0.65664,0.686672,0.604029,0,200,0,2.292,4.1228,-1.54132,0.213754,-0.103579,1.71908,-5.64368,-4.01078,0,968.503,0,1005.57,0,972.537,0,1063.44,31.8399,38.5515,30.5229,39.6024,31.6984,38.668,28.3982,41.1527,-30.3924,-47.0853,15.7508,4.98637,-30.5472,-14.7538,39.9785,60.9474,10,6.95271e-310,-470.853,6.68183e-310,49.8637,1.4822e-323,-147.538,5.23261e-310,609.474,31.8399,-432.302,30.5229,89.4661,31.6984,-108.87,28.3982,650.626,39.8609,71.7009,-26.8055,3.71746,-1.80138,29.897,-98.1509,-69.7527,
0.682022,0.662919,0.682957,0.612753,0,200,0,1.60739,3.41969,-1.07569,0.693642,-0.454478,1.3599,-4.96505,-3.31158,0,977.651,0,998.665,0,976.623,0,1053.85,31.5182,38.815,30.771,39.4099,31.5545,38.7855,28.7561,40.9034,-20.742,-37.7597,10.8314,-1.36631,-25.7321,-9.98034,32.1612,51.6869,10,6.95271e-310,-377.597,6.68183e-310,-13.6631,1.4822e-323,-99.8034,5.23261e-310,516.869,31.5182,-338.782,30.771,25.7469,31.5545,-61.0179,28.7561,557.773,27.9546,59.4729,-18.7077,12.0633,-7.90397,23.6505,-86.3487,-57.5926,
0.672914,0.669163,0.679206,0.620915,0,200,0,0.902072,2.69397,-0.591787,1.19166,-0.809951,0.996053,-4.30768,-2.63506,0,987.67,0,991.796,0,980.749,0,1044.87,31.1634,39.1004,31.0165,39.2171,31.4088,38.9036,29.089,40.6673,-10.7198,-28.1442,5.8136,-7.96434,-21.4126,-5.14452,24.128,42.7213,10,6.95271e-310,-281.442,6.68183e-310,-79.6434,1.4822e-323,-51.4452,5.23261e-310,427.213,31.1634,-242.342,31.0165,-40.4263,31.4088,-12.5416,29.089,467.88,15.6882,46.8516,-10.2919,20.7245,-14.0861,17.3227,-74.9161,-45.8271,
0.663567,0.675227,0.675407,0.631341,0,200,0,0.0823001,1.8531,-0.159161,1.63793,-1.16025,0.637242,-3.51544,-1.81854,0,997.953,0,985.126,0,984.928,0,1033.4,30.7965,39.39,31.2537,39.0282,31.2608,39.0226,29.5114,40.3618,-0.173746,-16.9819,0.699728,-13.8684,-16.5673,-0.377636,14.8536,31.9102,10,6.95271e-310,-169.819,6.68183e-310,-138.684,1.4822e-323,-3.77636,5.23261e-310,319.102,30.7965,-130.429,31.2537,-99.6561,31.2608,35.2463,29.5114,359.464,1.43131,32.2278,-2.76802,28.4857,-20.1783,11.0825,-61.1381,-31.6267,
0.653967,0.681303,0.671464,0.641108,0,200,0,-0.732877,1.0161,0.287151,2.09784,-1.52429,0.264337,-2.76413,-1.04464,0,1008.51,0,978.442,0,989.265,0,1022.66,30.417,39.6838,31.4903,38.8376,31.1066,39.1456,29.9042,40.0717,10.2457,-5.87706,-4.5991,-19.9565,-12.025,4.57646,5.63133,21.6607,10,6.95271e-310,-58.7706,6.68183e-310,-199.565,1.4822e-323,45.7646,5.23261e-310,216.607,30.417,-19.0867,31.4903,-160.728,31.1066,84.9102,29.9042,256.679,-12.7457,17.6713,4.99393,36.4842,-26.5095,4.59717,-48.0719,-18.1677,
0.6445,0.687032,0.667485,0.651223,0,200,0,-1.5673,0.159997,0.698238,2.52169,-1.88277,-0.103111,-1.9988,-0.256092,0,1018.93,0,972.141,0,993.642,0,1011.53,30.0399,39.97,31.7123,38.6566,30.9507,39.269,30.308,39.7672,20.3813,5.48699,-9.86203,-25.5652,-7.51705,9.45623,-3.80741,11.2193,10,6.95271e-310,54.8699,6.68183e-310,-255.652,1.4822e-323,94.5623,5.23261e-310,112.193,30.0399,94.84,31.7123,-216.995,30.9507,133.831,30.308,151.96,-27.2574,2.78255,12.1433,43.8555,-32.7439,-1.79323,-34.7617,-4.45377,
0.635356,0.692604,0.663626,0.661457,0,200,0,-2.40263,-0.696426,1.08268,2.91849,-2.2379,-0.466967,-1.24368,0.52234,0,1028.98,0,966.011,0,997.887,0,1000.27,29.6732,40.243,31.9272,38.4793,30.7989,39.3882,30.7134,39.4549,30.1249,16.8607,-15.0859,-30.8124,-3.13673,14.2897,-13.2679,0.915707,10,6.95271e-310,168.607,6.68183e-310,-308.124,1.4822e-323,142.897,5.23261e-310,9.15707,29.6732,208.85,31.9272,-269.644,30.7989,182.285,30.7134,48.612,-41.7849,-12.1118,18.8292,50.7564,-38.92,-8.12116,-21.6292,9.08418,
0.625469,0.698836,0.65942,0.67295,0,200,0,-3.33487,-1.65163,1.49527,3.34483,-2.63967,-0.878281,-0.41849,1.37349,0,1039.86,0,959.156,0,1002.51,0,987.631,29.2739,40.5344,32.1664,38.2796,30.6329,39.5174,31.1648,39.0993,40.6144,29.5512,-20.9761,-36.446,1.63424,19.7562,-23.8469,-10.3458,10,6.95271e-310,295.512,6.68183e-310,-364.46,1.4822e-323,197.562,5.23261e-310,-103.458,29.2739,336.047,32.1664,-326.181,30.6329,237.08,31.1648,-64.3584,-57.9978,-28.724,26.0047,58.171,-45.9074,-15.2745,-7.27808,23.8867,
0.618458,0.702803,0.656052,0.68255,0,200,0,-4.05827,-2.39141,1.73673,3.59501,-2.93108,-1.17734,0.256654,2.07013,0,1047.57,0,954.793,0,1006.22,0,977.071,28.989,40.7387,32.3179,38.1517,30.4997,39.6203,31.5387,38.7984,47.9587,39.3914,-25.2038,-39.7464,5.53512,23.7251,-32.1513,-19.5603,10,6.95271e-310,393.914,6.68183e-310,-397.464,1.4822e-323,237.251,5.23261e-310,-195.603,28.989,434.652,32.3179,-359.313,30.4997,276.872,31.5387,-156.805,-70.5787,-41.5897,30.2039,62.5219,-50.9752,-20.4755,4.46355,36.0022,
0.608895,0.707704,0.652445,0.693144,0,200,0,-4.9542,-3.30981,2.05791,3.92692,-3.26832,-1.52282,1.01579,2.85279,0,1058.09,0,949.401,0,1010.19,0,965.418,28.5981,41.014,32.5046,37.9928,30.3566,39.7301,31.9479,38.4621,57.5338,51.5909,-30.287,-44.1318,9.16597,28.3151,-42.3404,-29.9171,10,6.95271e-310,515.909,6.68183e-310,-441.318,1.4822e-323,283.151,5.23261e-310,-299.171,28.5981,556.923,32.5046,-403.325,30.3566,322.881,31.9479,-260.708,-86.16,-57.562,35.7897,68.2943,-56.8404,-26.4838,17.6658,49.6138,
0.60041,0.712342,0.649138,0.702635,0,200,0,-5.76131,-4.137,2.35391,4.23304,-3.58952,-1.85158,1.68035,3.53826,0,1067.43,0,944.299,0,1013.82,0,954.977,28.249,41.2552,32.6804,37.8416,30.225,39.8303,32.3115,38.1571,65.9534,62.5805,-35.0844,-48.1745,12.4277,32.6853,-51.5378,-38.9846,10,6.95271e-310,625.805,6.68183e-310,-481.745,1.4822e-323,326.853,5.23261e-310,-389.846,28.249,667.06,32.6804,-443.903,30.225,366.683,32.3115,-351.689,-100.197,-71.9477,40.9377,73.6181,-62.4264,-32.2015,29.2234,61.535,
0.592045,0.71728,0.645914,0.713876,0,200,0,-6.64158,-5.03716,2.62292,4.51277,-3.93077,-2.20023,2.42162,4.30408,0,1076.63,0,938.868,0,1017.37,0,942.612,27.9029,41.4901,32.8669,37.6798,30.0964,39.9275,32.7384,37.7915,74.5026,74.5556,-40.0784,-51.8564,16.0553,37.3248,-61.6624,-49.1045,10,6.95271e-310,745.556,6.68183e-310,-518.564,1.4822e-323,373.248,5.23261e-310,-491.045,27.9029,787.046,32.8669,-480.884,30.0964,413.176,32.7384,-453.254,-115.506,-87.6028,45.6161,78.4829,-68.3612,-38.2648,42.1151,74.8535,
0.583788,0.721055,0.643014,0.723811,0,200,0,-7.46619,-5.88152,2.83762,4.73563,-4.21378,-2.48991,3.09477,4.99873,0,1085.71,0,934.716,0,1020.56,0,931.684,27.5594,41.719,33.0089,37.5555,29.9805,40.0146,33.1123,37.4644,82.429,85.7801,-44.3669,-54.7926,18.8046,41.1756,-71.1431,-58.2896,10,6.95271e-310,857.801,6.68183e-310,-547.926,1.4822e-323,411.756,5.23261e-310,-582.896,27.5594,899.52,33.0089,-510.371,29.9805,451.77,33.1123,-545.431,-129.847,-102.287,49.3499,82.3587,-73.2832,-43.3027,53.8221,86.9344,
0.575542,0.72501,0.640365,0.733578,0,200,0,-8.29159,-6.72676,3.05554,4.96208,-4.49706,-2.77928,3.7399,5.66481,0,1094.78,0,930.365,0,1023.47,0,920.94,27.2145,41.9449,33.1571,37.4247,29.8744,40.0939,33.4766,37.1392,90.3104,97.0161,-48.6898,-57.7743,21.2413,45.0269,-80.6103,-67.0935,10,6.95271e-310,970.161,6.68183e-310,-577.743,1.4822e-323,450.269,5.23261e-310,-670.935,27.2145,1012.11,33.1571,-540.318,29.8744,490.363,33.4766,-633.796,-144.202,-116.987,53.1399,86.297,-78.2098,-48.3354,65.0418,98.5184,
0.567801,0.729,0.63798,0.742866,0,200,0,-9.07867,-7.53256,3.26667,5.18178,-4.77439,-3.06211,4.33494,6.27959,0,1103.3,0,925.975,0,1026.1,0,910.723,26.889,42.1543,33.3062,37.292,29.7787,40.165,33.8201,36.8266,97.7025,107.73,-52.9055,-60.6644,23.423,48.7947,-89.634,-75.2154,10,6.95271e-310,1077.3,6.68183e-310,-606.644,1.4822e-323,487.947,5.23261e-310,-752.154,26.889,1119.45,33.3062,-569.352,29.7787,528.112,33.8201,-715.327,-157.89,-131.001,56.8117,90.1179,-83.0328,-53.2541,75.3902,109.21,
0.560454,0.732236,0.635847,0.751758,0,200,0,-9.83068,-8.30241,3.42775,5.34978,-5.0145,-3.30716,4.90367,6.86708,0,1111.38,0,922.416,0,1028.44,0,900.942,26.5786,42.3507,33.4267,37.1841,29.693,40.2284,34.1462,36.5245,104.52,117.966,-56.611,-62.8713,25.2312,52.0579,-98.2983,-82.9771,10,6.95271e-310,1179.66,6.68183e-310,-628.713,1.4822e-323,520.579,5.23261e-310,-829.771,26.5786,1222.01,33.4267,-591.529,29.693,560.808,34.1462,-793.246,-170.968,-144.39,59.613,93.0397,-87.2088,-57.5158,85.2812,119.427,
0.553635,0.73522,0.633965,0.760052,0,200,0,-10,-9.02272,3.56993,5.49833,-5.23585,-3.53286,5.42444,7.4052,0,1118.88,0,919.134,0,1030.51,0,891.819,26.2891,42.5309,33.5375,37.0842,29.6172,40.2842,34.4479,36.24,110.781,127.544,-60.0383,-64.8206,26.7607,55.065,-106.414,-90.0846,10,6.95271e-310,1275.44,6.68183e-310,-648.206,1.4822e-323,550.65,5.23261e-310,-900.846,26.2891,1317.98,33.5375,-611.122,29.6172,590.934,34.4479,-864.606,-183.206,-156.917,62.0857,95.6232,-91.0582,-61.441,94.3381,128.786,
0.547391,0.737569,0.632456,0.766918,0,200,0,-10,-9.65578,3.68689,5.6203,-5.41178,-3.71229,5.8605,7.85552,0,1125.75,0,916.55,0,1032.17,0,884.266,26.0231,42.6943,33.6245,37.0053,29.5564,40.3289,34.696,36.0026,116.335,135.958,-62.9058,-66.4229,27.7108,57.4554,-113.485,-96.0343,10,6.95271e-310,1359.58,6.68183e-310,-664.229,1.4822e-323,574.554,5.23261e-310,-960.343,26.0231,1402.27,33.6245,-627.223,29.5564,614.883,34.696,-924.341,-193.95,-167.927,64.1198,97.7443,-94.1179,-64.5615,101.922,136.618,
0.541975,0.740086,0.631281,0.774804,0,200,0,-10,-10,3.7702,5.70896,-5.59213,-3.89537,6.3221,8.33338,0,1131.7,0,913.782,0,1033.47,0,875.591,25.7914,42.8346,33.7176,36.9205,29.509,40.3636,34.9788,35.7279,121.427,144.351,-65.61,-67.5733,28.8815,59.9012,-120.693,-102.338,10,6.95271e-310,1443.51,6.68183e-310,-675.733,1.4822e-323,599.012,5.23261e-310,-1023.38,25.7914,1486.34,33.7176,-638.812,29.509,639.375,34.9788,-987.652,-204.682,-178.89,65.5686,99.2862,-97.2545,-67.7455,109.95,144.928,
0.536833,0.741836,0.630298,0.781587,0,200,0,-10,-10,3.82396,5.76643,-5.72983,-4.03535,6.72919,8.75436,0,1137.36,0,911.857,0,1034.55,0,868.13,25.5709,42.9666,33.7821,36.8615,29.4693,40.3926,35.2203,35.4898,126.022,151.924,-67.7987,-68.3171,29.5896,61.7695,-127.181,-107.895,10,6.95271e-310,1519.24,6.68183e-310,-683.171,1.4822e-323,617.695,5.23261e-310,-1078.95,25.5709,1562.21,33.7821,-646.309,29.4693,658.088,35.2203,-1043.46,-214.361,-188.79,66.5037,100.286,-99.6492,-70.1799,117.029,152.25,
0.532231,0.743405,0.629591,0.787903,0,200,0,-10,-10,3.86245,5.80825,-5.84892,-4.15608,7.09886,9.13688,0,1142.42,0,910.13,0,1035.33,0,861.183,25.3729,43.0838,33.8399,36.8084,29.4407,40.4134,35.4438,35.2667,130.159,158.862,-69.6922,-68.853,30.1049,63.3837,-133.138,-112.941,10,6.95271e-310,1588.62,6.68183e-310,-688.53,1.4822e-323,633.837,5.23261e-310,-1129.41,25.3729,1631.7,33.8399,-651.721,29.4407,674.25,35.4438,-1094.15,-223.228,-197.856,67.1731,101.013,-101.72,-72.2797,123.458,158.902,
0.528085,0.7447,0.629124,0.793799,0,200,0,-10,-10,3.88182,5.83036,-5.9469,-4.25514,7.43837,9.48831,0,1146.98,0,908.706,0,1035.84,0,854.697,25.194,43.1887,33.8876,36.7646,29.4218,40.4272,35.6511,35.0571,133.882,165.234,-71.2652,-69.1281,30.4316,64.7102,-138.63,-117.577,10,6.95271e-310,1652.34,6.68183e-310,-691.281,1.4822e-323,647.102,5.23261e-310,-1175.77,25.194,1695.53,33.8876,-654.517,29.4218,687.529,35.6511,-1140.71,-231.375,-206.181,67.51,101.398,-103.424,-74.0025,129.363,165.014,
0.524454,0.745491,0.628884,0.798785,0,200,0,-10,-10,3.87967,5.82987,-6.01134,-4.32014,7.72784,9.7878,0,1150.98,0,907.836,0,1036.1,0,849.213,25.037,43.2799,33.9166,36.7378,29.4121,40.4342,35.8254,34.8789,137.069,170.713,-72.3893,-69.1076,30.4759,65.5817,-143.348,-121.528,10,6.95271e-310,1707.13,6.68183e-310,-691.076,1.4822e-323,655.817,5.23261e-310,-1215.28,25.037,1750.41,33.9166,-654.339,29.4121,696.251,35.8254,-1180.4,-238.378,-213.341,67.4725,101.389,-104.545,-75.1328,134.397,170.223,
0.521218,0.74615,0.628908,0.804381,0,200,0,-10,-10,3.84574,5.79733,-6.0668,-4.37555,8.03846,10,0,1154.54,0,907.111,0,1036.08,0,843.057,24.8968,43.3607,33.9408,36.7154,29.4131,40.4335,36.0201,34.6779,140.022,176.207,-73.2564,-68.6574,30.5377,66.329,-148.197,-125.77,10,6.95271e-310,1762.07,6.68183e-310,-686.574,1.4822e-323,663.29,5.23261e-310,-1257.7,24.8968,1805.43,33.9408,-649.859,29.4131,703.723,36.0201,-1223.02,-245.407,-220.51,66.8824,100.823,-105.51,-76.0965,139.799,175.819,
0.518342,0.746485,0.62922,0.808959,0,200,0,-10,-10,3.80439,5.7567,-6.09061,-4.39864,8.29247,10,0,1157.7,0,906.742,0,1035.73,0,838.021,24.772,43.4321,33.9531,36.704,29.4257,40.4243,36.1785,34.5126,142.623,180.891,-73.7557,-68.1038,30.2381,66.646,-152.278,-129.239,10,6.95271e-310,1808.91,6.68183e-310,-681.038,1.4822e-323,666.46,5.23261e-310,-1292.39,24.772,1852.34,33.9531,-644.334,29.4257,706.884,36.1785,-1257.87,-251.398,-226.626,66.1633,100.116,-105.924,-76.498,144.217,180.395,
0.515861,0.746557,0.629903,0.812902,0,200,0,-10,-10,3.749,5.70145,-6.08422,-4.39066,8.50689,10,0,1160.43,0,906.663,0,1034.98,0,833.684,24.6642,43.4934,33.9558,36.7016,29.4533,40.4042,36.3143,34.3697,144.92,184.946,-73.8678,-67.358,29.6203,66.5511,-155.772,-132.167,10,6.95271e-310,1849.46,6.68183e-310,-673.58,1.4822e-323,665.511,5.23261e-310,-1321.67,24.6642,1892.96,33.9558,-636.878,29.4533,705.916,36.3143,-1287.3,-256.585,-231.92,65.1999,99.1557,-105.813,-76.3592,147.946,184.26,
0.513836,0.746318,0.631401,0.815982,0,200,0,-10,-10,3.67306,5.62501,-6.02318,-4.32614,8.66349,10,0,1162.66,0,906.927,0,1033.33,0,830.296,24.5761,43.5433,33.947,36.7097,29.5138,40.3601,36.4199,34.2577,146.982,188.245,-73.3296,-66.3319,28.3289,65.7094,-158.479,-134.307,10,6.95271e-310,1882.45,6.68183e-310,-663.319,1.4822e-323,657.094,5.23261e-310,-1343.07,24.5761,1925.99,33.947,-626.609,29.5138,697.454,36.4199,-1308.81,-260.803,-236.227,63.8793,97.8263,-104.751,-75.2372,150.669,187.089,
0.512194,0.74573,0.633187,0.818547,0,200,0,-10,-10,3.57784,5.52856,-5.93323,-4.23204,8.79101,10,0,1164.46,0,907.573,0,1031.37,0,827.475,24.5045,43.5836,33.9254,36.7296,29.5858,40.3073,36.5077,34.1642,148.726,190.967,-72.4024,-65.0422,26.8011,64.4744,-160.676,-136.051,10,6.95271e-310,1909.67,6.68183e-310,-650.422,1.4822e-323,644.744,5.23261e-310,-1360.51,24.5045,1953.26,33.9254,-613.692,29.5858,685.051,36.5077,-1326.34,-264.286,-239.781,62.2234,96.1488,-103.187,-73.6007,152.887,189.395,
0.510995,0.74458,0.635691,0.820836,0,200,0,-10,-10,3.43755,5.38583,-5.78868,-4.08169,8.89767,10,0,1165.78,0,908.838,0,1028.62,0,824.957,24.4523,43.6129,33.8831,36.7686,29.6867,40.2331,36.5858,34.0805,150.2,193.202,-70.745,-63.1387,24.7487,62.4944,-162.437,-137.51,10,6.95271e-310,1932.02,6.68183e-310,-631.387,1.4822e-323,624.944,5.23261e-310,-1375.1,24.4523,1975.64,33.8831,-594.619,29.6867,665.177,36.5858,-1341.02,-267.147,-242.695,59.7834,93.6665,-100.673,-70.986,154.742,191.328,
0.510097,0.742818,0.638867,0.822909,0,200,0,-10,-10,3.2509,5.19545,-5.59005,-3.87573,8.99001,10,0,1166.77,0,910.776,0,1025.12,0,822.676,24.4131,43.6349,33.8183,36.8283,29.8143,40.1386,36.6564,34.0046,151.487,195.086,-68.3851,-60.6039,22.1598,59.7773,-163.882,-138.775,10,6.95271e-310,1950.86,6.68183e-310,-606.039,1.4822e-323,597.773,5.23261e-310,-1387.75,24.4131,1994.49,33.8183,-569.211,29.8143,637.912,36.6564,-1353.74,-269.56,-245.147,56.5374,90.3557,-97.2183,-67.404,156.348,193.004,
0.509509,0.740553,0.641827,0.824718,0,200,0,-10,-10,3.04069,4.98044,-5.38176,-3.66061,9.07917,10,0,1167.42,0,913.267,0,1021.87,0,820.686,24.3874,43.6492,33.7348,36.9048,29.933,40.0502,36.7178,33.9382,152.344,196.513,-65.8294,-57.7459,19.7096,56.9327,-165.045,-139.993,10,6.95271e-310,1965.13,6.68183e-310,-577.459,1.4822e-323,569.327,5.23261e-310,-1399.93,24.3874,2008.78,33.7348,-540.555,29.933,609.377,36.7178,-1366,-271.392,-247.004,52.8816,86.6164,-93.5958,-63.6628,157.899,194.617,
0.509198,0.737833,0.645818,0.826049,0,200,0,-10,-10,2.79128,4.72525,-5.10699,-3.37667,9.1317,10,0,1167.76,0,916.26,0,1017.48,0,819.222,24.3738,43.6568,33.6343,36.9964,30.0926,39.9304,36.7629,33.8893,153.152,197.528,-62.4812,-54.3546,16.4156,53.1794,-165.728,-140.714,10,6.95271e-310,1975.28,6.68183e-310,-543.546,1.4822e-323,531.794,5.23261e-310,-1407.14,24.3738,2018.94,33.6343,-506.549,30.0926,571.725,36.7629,-1373.25,-272.695,-248.321,48.544,82.1783,-88.8172,-58.7246,158.812,195.575,
0.50921,0.734897,0.649449,0.826936,0,200,0,-10,-10,2.54008,4.4678,-4.83859,-3.09994,9.16886,10,0,1167.75,0,919.49,0,1013.48,0,818.247,24.3744,43.6565,33.5255,37.095,30.2374,39.8209,36.793,33.8567,153.533,198.006,-59.16,-50.9365,13.3803,49.5167,-166.028,-141.223,10,6.95271e-310,1980.06,6.68183e-310,-509.365,1.4822e-323,495.167,5.23261e-310,-1412.23,24.3744,2023.71,33.5255,-472.27,30.2374,534.988,36.793,-1378.38,-273.311,-248.937,44.1753,77.7009,-84.1494,-53.9121,159.458,196.251,
0.509641,0.731589,0.654255,0.827439,0,200,0,-10,-10,2.24632,4.16697,-4.50307,-2.75344,9.16783,10,0,1167.27,0,923.128,0,1008.2,0,817.693,24.3932,43.646,33.4026,37.2057,30.4284,39.6751,36.81,33.8382,153.817,198.024,-55.0012,-46.9405,9.47097,44.9351,-165.823,-141.214,10,6.95271e-310,1980.24,6.68183e-310,-469.405,1.4822e-323,449.351,5.23261e-310,-1412.14,24.3932,2023.89,33.4026,-432.2,30.4284,489.026,36.81,-1378.3,-273.343,-248.95,39.0664,72.469,-78.3143,-47.8859,159.441,196.251,
0.510444,0.728078,0.658401,0.827631,0,200,0,-10,-10,1.95309,3.86622,-4.1891,-2.43002,9.16247,10,0,1166.39,0,926.991,0,1003.63,0,817.482,24.4282,43.6264,33.2718,37.3227,30.5927,39.5486,36.8165,33.8311,153.561,197.51,-51.0236,-42.9494,6.08305,40.6523,-165.307,-141.144,10,6.95271e-310,1975.1,6.68183e-310,-429.494,1.4822e-323,406.523,5.23261e-310,-1411.44,24.4282,2018.72,33.2718,-392.171,30.5927,446.071,36.8165,-1377.61,-272.694,-248.266,33.9668,67.2386,-72.8539,-42.2612,159.347,196.164,
0.512002,0.724398,0.663698,0.827547,0,200,0,-10,-10,1.62058,3.5258,-3.82048,-2.04938,9.11612,10,0,1164.67,0,931.038,0,997.808,0,817.575,24.4962,43.5883,33.1343,37.4449,30.8017,39.386,36.8137,33.8342,153,196.336,-46.2784,-38.4267,2.0072,35.6191,-164.177,-140.518,10,6.95271e-310,1963.36,6.68183e-310,-384.267,1.4822e-323,356.191,5.23261e-310,-1405.18,24.4962,2006.94,33.1343,-346.822,30.8017,395.577,36.8137,-1371.35,-271.209,-246.713,28.1841,61.3183,-66.4431,-35.6414,158.541,195.355,
0.514531,0.720408,0.668168,0.827079,0,200,0,-10,-10,1.27786,3.17447,-3.47779,-1.69658,9.05986,10,0,1161.89,0,935.427,0,992.891,0,818.089,24.6063,43.5262,32.9846,37.5768,30.9775,39.2479,36.7979,33.8514,151.383,194.089,-41.6508,-33.7626,-1.24738,30.946,-162.385,-139.755,10,6.95271e-310,1940.89,6.68183e-310,-337.626,1.4822e-323,309.46,5.23261e-310,-1397.55,24.6063,1984.42,32.9846,-300.049,30.9775,348.708,36.7979,-1363.7,-268.357,-243.751,22.2237,55.2082,-60.4833,-29.5058,157.563,194.361,
0.516904,0.716369,0.67313,0.825977,0,200,0,-10,-10,0.936122,2.82399,-3.10701,-1.31463,8.96453,10,0,1159.28,0,939.87,0,987.433,0,819.301,24.7095,43.4677,32.8325,37.7097,31.1718,39.0937,36.7605,33.892,149.943,191.704,-36.8072,-29.1109,-5.07401,25.8887,-160.306,-138.46,10,6.95271e-310,1917.04,6.68183e-310,-291.109,1.4822e-323,258.887,5.23261e-310,-1384.6,24.7095,1960.5,32.8325,-253.399,31.1718,297.98,36.7605,-1350.71,-265.323,-240.613,16.2804,49.1129,-54.035,-22.8632,155.905,192.665,
0.520032,0.712199,0.678583,0.823975,0,200,0,-10,-10,0.581798,2.46061,-2.70692,-0.90231,8.80725,10,0,1155.84,0,944.458,0,981.435,0,821.503,24.8454,43.3902,32.675,37.8463,31.3845,38.9232,36.6926,33.9655,147.972,188.304,-31.5583,-24.2878,-9.21881,20.4307,-157.314,-136.321,10,6.95271e-310,1883.04,6.68183e-310,-242.878,1.4822e-323,204.307,5.23261e-310,-1363.21,24.8454,1926.43,32.675,-205.032,31.3845,243.231,36.6926,-1329.25,-260.994,-236.149,10.1182,42.7932,-47.0769,-15.6923,153.17,189.862,
0.523735,0.707848,0.683053,0.821339,0,200,0,-10,-10,0.238898,2.10822,-2.33969,-0.525098,8.63126,10,0,1151.77,0,949.243,0,976.518,0,824.403,25.0059,43.2979,32.51,37.9881,31.5582,38.7825,36.6029,34.0621,145.198,184.045,-26.6433,-19.6164,-12.6081,15.428,-153.728,-133.924,10,6.95271e-310,1840.45,6.68183e-310,-196.164,1.4822e-323,154.28,5.23261e-310,-1339.24,25.0059,1883.75,32.51,-158.176,31.5582,193.062,36.6029,-1305.18,-255.567,-230.562,4.15475,36.6648,-40.6903,-9.13214,150.109,186.712,
0.527665,0.70345,0.688518,0.818031,0,200,0,-10,-10,-0.119751,1.73995,-1.92596,-0.0992066,8.39824,10,0,1147.44,0,954.081,0,970.507,0,828.042,25.1759,43.1992,32.3426,38.1308,31.7697,38.6094,36.4901,34.183,142.429,179.368,-21.2156,-14.7318,-16.8364,9.78693,-149.628,-130.752,10,6.95271e-310,1793.68,6.68183e-310,-147.318,1.4822e-323,97.8693,5.23261e-310,-1307.52,25.1759,1836.88,32.3426,-109.187,31.7697,136.479,36.4901,-1273.34,-249.605,-224.429,-2.08262,30.26,-33.495,-1.72533,146.056,182.546,
0.531476,0.698956,0.693467,0.814891,0,200,0,-10,-10,-0.478292,1.37154,-1.53314,0.304577,8.18405,10,0,1143.25,0,959.024,0,965.062,0,831.495,25.3403,43.103,32.1709,38.2757,31.9604,38.4517,36.3826,34.2974,139.555,174.844,-16.055,-9.84726,-20.7437,4.43431,-145.74,-127.835,10,6.95271e-310,1748.44,6.68183e-310,-98.4726,1.4822e-323,44.3431,5.23261e-310,-1278.35,25.3403,1791.55,32.1709,-60.1969,31.9604,82.7948,36.3826,-1244.05,-243.837,-218.497,-8.31813,23.8528,-26.6634,5.29699,142.331,178.714,
0.535994,0.694462,0.697949,0.810984,0,200,0,-10,-10,-0.825082,1.01484,-1.15761,0.690003,7.928,10,0,1138.28,0,963.968,0,960.132,0,835.793,25.5348,42.9881,31.9986,38.4199,32.1324,38.3081,36.2483,34.4393,135.941,169.365,-11.0489,-5.12078,-24.2437,-0.679545,-141.088,-124.346,10,6.95271e-310,1693.65,6.68183e-310,-51.2078,1.4822e-323,-6.79545,5.23261e-310,-1243.46,25.5348,1736.63,31.9986,-12.7879,32.1324,31.5126,36.2483,-1209.02,-236.849,-211.314,-14.3493,17.6494,-20.1323,12,137.878,174.127,
0.540776,0.689716,0.703282,0.806622,0,200,0,-10,-10,-1.203,0.626416,-0.737277,1.12206,7.63002,9.70564,0,1133.02,0,969.188,0,954.265,0,840.591,25.7401,42.8655,31.8159,38.5713,32.3362,38.1362,36.0977,34.597,132.204,163.528,-5.51779,0.0285346,-28.481,-6.4067,-136.056,-120.287,10,6.95271e-310,1635.28,6.68183e-310,0.285346,1.4822e-323,-64.067,5.23261e-310,-1202.87,25.7401,1678.14,31.8159,38.8567,32.3362,-25.9308,36.0977,-1168.27,-229.405,-203.664,-20.9217,10.8942,-12.8222,19.514,132.696,168.794,
0.546708,0.684874,0.708088,0.801853,0,200,0,-10,-10,-1.58921,0.229449,-0.337449,1.5324,7.30348,9.36959,0,1126.5,0,974.514,0,948.979,0,845.838,25.9939,42.712,31.6288,38.7249,32.5191,37.9803,35.9323,34.7688,127.366,156.583,-0.0891673,5.29109,-32.0809,-11.851,-130.241,-115.839,10,6.95271e-310,1565.83,6.68183e-310,52.9109,1.4822e-323,-118.51,5.23261e-310,-1158.39,25.9939,1608.54,31.6288,91.6358,32.5191,-80.5294,35.9323,-1123.62,-220.551,-194.557,-27.6384,3.99042,-5.86868,26.6505,127.017,162.949,
0.55179,0.679937,0.712918,0.796208,0,200,0,-10,-10,-1.95315,-0.145509,0.0731043,1.95348,6.93996,8.99475,0,1120.91,0,979.945,0,943.667,0,852.047,26.2106,42.5794,31.4372,38.8806,32.7022,37.8228,35.7355,34.9711,122.999,149.889,5.2436,10.2551,-36.2524,-17.4397,-124.436,-110.883,10,6.95271e-310,1498.89,6.68183e-310,102.551,1.4822e-323,-174.397,5.23261e-310,-1108.83,26.2106,1541.47,31.4372,141.431,32.7022,-136.574,35.7355,-1073.86,-212.004,-185.794,-33.9678,-2.53059,1.27138,33.9736,120.695,156.43,
0.557998,0.675191,0.717627,0.79127,0,200,0,-10,-10,-2.34067,-0.543662,0.460477,2.35107,6.59101,8.63585,0,1114.08,0,985.166,0,938.486,0,857.478,26.4744,42.4159,31.2523,39.0294,32.88,37.6684,35.5623,35.1471,117.816,142.74,10.497,15.535,-39.816,-22.7143,-118.467,-106.131,10,6.95271e-310,1427.4,6.68183e-310,155.35,1.4822e-323,-227.143,5.23261e-310,-1061.31,26.4744,1469.81,31.2523,194.379,32.88,-189.474,35.5623,-1026.16,-202.891,-176.416,-40.7073,-9.455,8.00829,40.8882,114.626,150.189,
0.565092,0.670793,0.721774,0.785422,0,200,0,-10,-9.52186,-2.69457,-0.907452,0.813337,2.7129,6.18051,8.21349,0,1106.27,0,990.004,0,933.925,0,863.912,26.7747,42.227,31.0804,39.1664,33.0359,37.5317,35.3562,35.3545,111.779,134.491,15.3786,20.3579,-42.8331,-27.5169,-111.579,-100.538,10,6.95271e-310,1344.91,6.68183e-310,203.579,1.4822e-323,-275.169,5.23261e-310,-1005.38,26.7747,1387.13,31.0804,242.745,33.0359,-237.638,35.3562,-970.03,-192.372,-165.598,-46.8621,-15.7818,14.145,47.1809,107.487,142.843,
0.571767,0.66564,0.726699,0.778615,0,200,0,-10,-8.89333,-3.08857,-1.31308,1.22963,3.13979,5.71781,7.7369,0,1098.93,0,995.672,0,928.507,0,871.399,27.056,42.0473,30.8781,39.3261,33.2203,37.3686,35.1147,35.5943,105.859,126.146,20.8711,25.7307,-47.0371,-33.1829,-104.453,-94.2325,10,6.95271e-310,1261.46,6.68183e-310,257.307,1.4822e-323,-331.829,5.23261e-310,-942.325,27.056,1303.51,30.8781,296.633,33.2203,-294.461,35.1147,-906.731,-181.723,-154.667,-53.7143,-22.8362,21.3848,54.6051,99.4401,134.555,
0.578574,0.66063,0.731062,0.772108,0,200,0,-9.84346,-8.27132,-3.47398,-1.70983,1.61283,3.53236,5.27086,7.27659,0,1091.44,0,1001.18,0,923.708,0,878.558,27.3415,41.8622,30.6807,39.4803,33.383,37.2233,34.8823,35.8221,99.6889,117.892,25.9697,30.9863,-50.7486,-38.3964,-97.4758,-88.1411,10,6.95271e-310,1178.92,6.68183e-310,309.863,1.4822e-323,-383.964,5.23261e-310,-881.411,27.3415,1220.78,30.6807,349.344,33.383,-346.741,34.8823,-845.589,-171.191,-143.849,-60.417,-29.7362,28.0493,61.4323,91.6671,126.549,
0.585525,0.656795,0.735256,0.76542,0,200,0,-9.22968,-7.64084,-3.78722,-2.0318,1.94068,3.86916,4.7869,6.77881,0,1083.8,0,1005.4,0,919.094,0,885.913,27.6319,41.6711,30.5291,39.5976,33.5389,37.0829,34.642,36.0546,93.6144,109.526,30.4136,35.2554,-54.1113,-42.8616,-90.3778,-81.5483,10,6.95271e-310,1095.26,6.68183e-310,352.554,1.4822e-323,-428.616,5.23261e-310,-815.483,27.6319,1136.93,30.5291,392.152,33.5389,-391.533,34.642,-779.428,-160.516,-132.884,-65.8648,-35.3357,33.7509,67.2898,83.2504,117.892,
0.592548,0.652337,0.739295,0.758278,0,200,0,-8.59728,-6.99166,-4.13031,-2.38506,2.28542,4.2225,4.2852,6.26226,0,1076.07,0,1010.3,0,914.652,0,893.77,27.9238,41.476,30.3523,39.7334,33.6884,36.9472,34.3836,36.3011,87.1294,100.908,35.0126,39.9346,-57.6645,-47.5525,-83.065,-74.7108,10,6.95271e-310,1009.08,6.68183e-310,399.346,1.4822e-323,-475.525,5.23261e-310,-747.108,27.9238,1050.56,30.3523,439.079,33.6884,-438.577,34.3836,-710.807,-149.518,-121.594,-71.8315,-41.4793,39.7464,73.4348,74.5252,108.909,
0.60053,0.648694,0.743513,0.749889,0,200,0,-7.87388,-6.24928,-4.42355,-2.68663,2.60387,4.5499,3.67311,5.63259,0,1067.29,0,1014.31,0,910.011,0,902.998,28.254,41.2518,30.2073,39.8437,33.8439,36.8047,34.0779,36.5882,79.9606,91.0527,39.3692,43.932,-61.2138,-51.8907,-74.6819,-66.3712,10,6.95271e-310,910.527,6.68183e-310,439.32,1.4822e-323,-518.907,5.23261e-310,-663.712,28.254,951.778,30.2073,479.164,33.8439,-482.102,34.0779,-627.123,-136.937,-108.683,-76.9312,-46.7239,45.2848,79.1287,63.8802,97.9581,
0.607253,0.645542,0.746725,0.742507,0,200,0,-7.25497,-5.61445,-4.66434,-2.93465,2.85986,4.81268,3.14183,5.08572,0,1059.9,0,1017.78,0,906.478,0,911.119,28.5307,41.0609,30.0816,39.9387,33.9619,36.6959,33.8068,36.8388,73.6911,82.6226,42.8679,47.2167,-64.1127,-55.3758,-67.5182,-59.1304,10,6.95271e-310,826.226,6.68183e-310,472.167,1.4822e-323,-553.758,5.23261e-310,-591.304,28.5307,867.287,30.0816,512.106,33.9619,-517.062,33.8068,-554.465,-126.173,-97.6427,-81.119,-51.0374,49.7368,83.6987,54.6404,88.4473,
0.614935,0.642319,0.749937,0.734921,0,200,0,-6.58443,-4.92583,-4.92584,-3.20356,3.11375,5.07332,2.57686,4.50463,0,1051.45,0,1021.33,0,902.945,0,919.463,28.8453,40.8406,29.9527,40.0354,34.0796,36.5866,33.5264,37.0942,66.5658,73.4851,46.4034,50.7815,-66.846,-58.8324,-59.8286,-51.4325,10,6.95271e-310,734.851,6.68183e-310,507.815,1.4822e-323,-588.324,5.23261e-310,-514.325,28.8453,775.692,29.9527,547.851,34.0796,-551.737,33.5264,-477.231,-114.512,-85.6667,-85.6668,-55.7141,54.1521,88.2317,44.815,78.3414,
0.623,0.639442,0.752801,0.725369,0,200,0,-5.82198,-4.14449,-5.12866,-3.41301,3.34141,5.307,1.88793,3.79524,0,1042.58,0,1024.49,0,899.795,0,929.97,29.1737,40.6066,29.8374,40.1214,34.1843,36.4888,33.1706,37.4127,58.7856,63.1047,49.6398,53.5513,-69.6822,-61.9316,-51.0218,-42.0409,10,6.95271e-310,631.047,6.68183e-310,535.513,1.4822e-323,-619.316,5.23261e-310,-420.409,29.1737,671.653,29.8374,575.634,34.1843,-582.828,33.1706,-382.996,-101.252,-72.0781,-89.1941,-59.3567,58.1114,92.2957,32.8336,66.0042,
0.631269,0.636938,0.755426,0.716573,0,200,0,-5.08422,-3.38748,-5.32507,-3.6152,3.53837,5.50947,1.22691,3.11522,0,1033.48,0,1027.24,0,896.908,0,939.646,29.5085,40.364,29.7368,40.196,34.2799,36.399,32.8402,37.7031,50.9195,53.0555,52.5245,56.2301,-72.071,-64.6145,-42.5791,-33.0325,10,6.95271e-310,530.555,6.68183e-310,562.301,1.4822e-323,-646.145,5.23261e-310,-330.325,29.5085,570.919,29.7368,602.497,34.2799,-609.746,32.8402,-292.622,-88.4212,-58.9127,-92.6099,-62.8731,61.5369,95.8168,21.3376,54.1778,
0.639898,0.634505,0.757667,0.707369,0,200,0,-4.31814,-2.60144,-5.50972,-3.80549,3.71377,5.68955,0.533688,2.40197,0,1023.99,0,1029.92,0,894.443,0,949.77,29.8557,40.1078,29.6389,40.2683,34.3614,36.3221,32.4918,38.0037,42.5416,42.6211,55.1588,58.7496,-74.2359,-67.0024,-33.8344,-23.5841,10,6.95271e-310,426.211,6.68183e-310,587.496,1.4822e-323,-670.024,5.23261e-310,-235.841,29.8557,466.319,29.6389,627.764,34.3614,-633.702,32.4918,-197.838,-75.0981,-45.2424,-95.8213,-66.1824,64.5873,98.9487,9.28153,41.7733,
0.649078,0.632815,0.759608,0.697686,0,200,0,-3.5127,-1.77491,-5.64542,-3.9451,3.84359,5.82342,-0.214506,1.63253,0,1013.89,0,1031.78,0,892.307,0,960.422,30.2226,39.8321,29.5709,40.3183,34.4319,36.2553,32.1223,38.3166,33.7102,31.6507,57.2936,60.6,-76.0298,-68.7728,-24.6815,-13.3879,10,6.95271e-310,316.507,6.68183e-310,606,1.4822e-323,-687.728,5.23261e-310,-133.879,30.2226,356.339,29.5709,646.318,34.4319,-651.472,32.1223,-95.5622,-61.0905,-30.8679,-98.1813,-68.6104,66.845,101.277,-3.73054,28.3918,
0.65779,0.631269,0.761154,0.688805,0,200,0,-2.76665,-1.00896,-5.77253,-4.07579,3.94873,5.93179,-0.910544,0.91685,0,1004.31,0,1033.48,0,890.606,0,970.19,30.5685,39.5673,29.5085,40.364,34.4879,36.202,31.7808,38.6003,25.2329,21.4876,59.0775,62.3327,-77.4968,-70.2063,-16.2321,-3.90252,10,6.95271e-310,214.876,6.68183e-310,623.327,1.4822e-323,-702.063,5.23261e-310,-39.0252,30.5685,254.443,29.5085,663.691,34.4879,-665.861,31.7808,-0.424934,-48.1156,-17.5471,-100.392,-70.8833,68.6736,103.161,-15.8356,15.9452,
0.66854,0.630023,0.762365,0.677864,0,200,0,-1.85353,-0.071485,-5.8754,-4.18156,4.02141,6.00699,-1.77742,0.0255823,0,992.482,0,1034.85,0,889.275,0,982.226,30.992,39.2364,29.4582,40.4007,34.5317,36.1603,31.3565,38.9457,14.6916,9.04927,60.5869,63.7351,-78.7109,-71.1987,-5.9201,7.91128,10,6.95271e-310,90.4927,6.68183e-310,637.351,1.4822e-323,-711.987,5.23261e-310,79.1128,30.992,129.729,29.4582,677.751,34.5317,-675.827,31.3565,118.058,-32.2353,-1.24322,-102.181,-72.7227,69.9376,104.469,-30.9116,0.44491,
0.678355,0.629064,0.763275,0.667809,0,200,0,-1.02585,0.778249,-5.95591,-4.2643,4.06757,6.05503,-2.58255,-0.80216,0,981.685,0,1035.91,0,888.273,0,993.286,31.3757,38.9303,29.4194,40.4289,34.5646,36.1288,30.9634,39.259,4.94364,-2.22441,61.7102,64.8325,-79.7521,-71.8304,3.40004,18.8841,10,6.95271e-310,-22.2441,6.68183e-310,648.325,1.4822e-323,-718.304,5.23261e-310,188.841,31.3757,16.6862,29.4194,688.754,34.5646,-682.175,30.9634,228.1,-17.8409,13.5348,-103.581,-74.1617,70.7403,105.305,-44.914,-13.9506,
0.686972,0.628417,0.763887,0.657586,0,200,0,-0.250062,1.57326,-5.98691,-4.2968,4.08604,6.07477,-3.37998,-1.62275,0,972.207,0,1036.62,0,887.601,0,1004.53,31.7099,38.6585,29.3932,40.448,34.5867,36.1077,30.5604,39.5735,-4.00046,-12.783,62.4985,65.2585,-80.9684,-72.0858,12.111,29.7567,10,6.95271e-310,-127.83,6.68183e-310,652.585,1.4822e-323,-720.858,5.23261e-310,297.567,31.7099,-89.172,29.3932,693.033,34.5867,-684.75,30.5604,337.141,-4.34891,27.361,-104.12,-74.727,71.0615,105.648,-58.7822,-28.2218,
0.697566,0.627997,0.76427,0.647388,0,200,0,0.600672,2.44744,-6.04022,-4.35108,4.07899,6.06852,-4.22949,-2.49556,0,960.554,0,1037.08,0,887.179,0,1015.75,32.1177,38.3204,29.3763,40.4603,34.6005,36.0944,30.1552,39.8831,-14.5664,-24.3737,62.9806,65.9823,-81.4993,-71.9949,21.6249,41.3326,10,6.95271e-310,-243.737,6.68183e-310,659.823,1.4822e-323,-719.949,5.23261e-310,413.326,32.1177,-205.416,29.3763,700.283,34.6005,-683.855,30.1552,453.21,10.4465,42.5642,-105.047,-75.671,70.939,105.54,-73.5563,-43.401,
0.707309,0.627818,0.764402,0.638364,0,200,0,1.36005,3.2282,-6.08064,-4.39192,4.0524,6.0422,-4.99764,-3.28447,0,949.836,0,1037.28,0,887.034,0,1025.68,32.4895,38.0057,29.369,40.4656,34.6053,36.0898,29.7941,40.1536,-24.2858,-34.7214,63.1387,66.5294,-81.7567,-71.6378,30.1022,51.7989,10,6.95271e-310,-347.214,6.68183e-310,665.294,1.4822e-323,-716.378,5.23261e-310,517.989,32.4895,-309.208,29.369,705.76,34.6053,-680.289,29.7941,558.142,23.6531,56.1426,-105.75,-76.3813,70.4765,105.082,-86.9154,-57.1213,
0.716021,0.627973,0.764234,0.62771,0,200,0,2.13597,4.02309,-6.04641,-4.35733,3.99219,5.98164,-5.84776,-4.15929,0,940.252,0,1037.11,0,887.218,0,1037.4,32.8194,37.7212,29.3753,40.461,34.5992,36.0956,29.3646,40.4687,-33.6686,-45.2789,63.0231,66.0661,-82.5661,-70.8245,38.6968,63.3919,10,6.95271e-310,-452.789,6.68183e-310,660.661,1.4822e-323,-708.245,5.23261e-310,633.919,32.8194,-415.067,29.3753,701.122,34.5992,-672.149,29.3646,674.388,37.1474,69.9668,-105.155,-75.7797,69.4293,104.029,-101.7,-72.3355,
0.726424,0.628393,0.763755,0.618446,0,200,0,2.91499,4.82457,-6.04937,-4.35932,3.90828,5.89674,-6.66123,-4.9944,0,928.81,0,1036.64,0,887.746,0,1047.59,33.21,37.3777,29.3923,40.4487,34.5819,36.1122,28.9885,40.739,-44.1088,-55.8956,62.4727,66.1007,-82.2942,-69.6885,47.3522,74.4749,10,6.95271e-310,-558.956,6.68183e-310,661.007,1.4822e-323,-696.885,5.23261e-310,744.749,33.21,-521.579,29.3923,701.455,34.5819,-660.773,28.9885,785.488,50.6955,83.9055,-105.206,-75.8142,67.97,102.552,-115.848,-86.8591,
0.734825,0.629316,0.762796,0.609662,0,200,0,3.59082,5.51838,-5.98099,-4.28879,3.78739,5.77386,-7.40311,-5.75691,0,919.569,0,1035.63,0,888.8,0,1057.25,33.5229,37.0974,29.4296,40.4215,34.5473,36.1454,28.6295,40.9921,-52.9107,-65.0979,61.4947,65.1673,-81.9778,-68.049,54.8066,84.5879,10,6.95271e-310,-650.979,6.68183e-310,651.673,1.4822e-323,-680.49,5.23261e-310,845.879,33.5229,-613.881,29.4296,692.094,34.5473,-644.345,28.6295,886.871,62.449,95.9719,-104.017,-74.5877,65.8677,100.415,-128.75,-100.12,
0.745023,0.630862,0.761274,0.601201,0,200,0,4.31527,6.26449,-5.9041,-4.20831,3.61743,5.60073,-8.17675,-6.55056,0,908.35,0,1033.93,0,890.475,0,1066.56,33.8994,36.7536,29.492,40.376,34.4922,36.1979,28.2816,41.2329,-63.0386,-74.9738,59.822,64.1113,-80.5981,-65.7422,62.8366,95.126,10,6.95271e-310,-749.738,6.68183e-310,641.113,1.4822e-323,-657.422,5.23261e-310,951.26,33.8994,-712.984,29.492,681.489,34.4922,-621.224,28.2816,992.492,75.0482,108.948,-102.68,-73.188,62.9119,97.4041,-142.204,-113.923,
0.754227,0.632971,0.759261,0.593291,0,200,0,4.97391,6.9425,-5.77268,-4.072,3.40806,5.38717,-8.89818,-7.29079,0,898.226,0,1031.61,0,892.689,0,1075.26,34.2363,36.44,29.5771,40.3137,34.4193,36.2673,27.9546,41.4553,-72.253,-83.9502,57.6529,62.3132,-78.8534,-62.8989,70.1097,104.954,10,6.95271e-310,-839.502,6.68183e-310,623.132,1.4822e-323,-628.989,5.23261e-310,1049.54,34.2363,-803.062,29.5771,663.446,34.4193,-592.722,27.9546,1091,86.5028,120.739,-100.394,-70.8173,59.2706,93.6899,-154.751,-126.796,
0.762281,0.635811,0.756828,0.586089,0,200,0,5.55813,7.54352,-5.57728,-3.87002,3.15698,5.13101,-9.55635,-7.96617,0,889.367,0,1028.48,0,895.365,0,1083.18,34.5286,36.1631,29.6915,40.2295,34.3309,36.3509,27.6553,41.6555,-80.3088,-91.91,54.9749,59.6436,-76.7203,-59.4889,76.5097,113.921,10,6.95271e-310,-919.1,6.68183e-310,596.436,1.4822e-323,-594.889,5.23261e-310,1139.21,34.5286,-882.937,29.6915,636.665,34.3309,-558.538,27.6553,1180.87,96.6631,131.192,-96.9961,-67.3046,54.904,89.2349,-166.197,-138.542,
0.771496,0.63846,0.754035,0.58018,0,200,0,6.12368,8.12815,-5.43273,-3.71935,2.90434,4.87252,-10,-8.58264,0,879.23,0,1025.57,0,898.437,0,1089.68,34.8604,35.8434,29.798,40.1507,34.2293,36.4466,27.4087,41.8182,-89.0742,-99.6293,52.0299,57.6619,-73.7349,-56.054,82.8486,122.118,10,6.95271e-310,-996.293,6.68183e-310,576.619,1.4822e-323,-560.54,5.23261e-310,1221.18,34.8604,-960.449,29.798,616.77,34.2293,-524.093,27.4087,1263,106.499,141.359,-94.4822,-64.6843,50.5103,84.7396,-176.672,-149.263,
0.779406,0.642055,0.750908,0.573649,0,200,0,6.66465,8.68536,-5.18742,-3.46575,2.5969,4.55852,-10,-9.21994,0,870.529,0,1021.62,0,901.878,0,1096.86,35.1429,35.5666,29.9421,40.0433,34.1151,36.5535,27.135,41.9963,-96.8556,-107.002,48.579,54.3105,-70.8344,-51.8766,88.7749,130.584,10,6.95271e-310,-1070.02,6.68183e-310,543.105,1.4822e-323,-518.766,5.23261e-310,1305.84,35.1429,-1034.46,29.9421,583.148,34.1151,-482.213,27.135,1347.84,115.907,151.05,-90.216,-60.2739,45.1634,79.2786,-187.482,-160.347,
0.786693,0.645638,0.747492,0.568124,0,200,0,7.13864,9.1742,-4.94257,-3.21266,2.2843,4.23873,-10,-9.77306,0,862.514,0,1017.67,0,905.635,0,1102.94,35.4011,35.3095,30.0854,39.9358,33.9901,36.6698,26.9026,42.1456,-103.963,-113.465,44.9727,50.9655,-67.5889,-47.6265,94.003,137.934,10,6.95271e-310,-1134.65,6.68183e-310,509.655,1.4822e-323,-476.265,5.23261e-310,1379.34,35.4011,-1099.34,30.0854,549.591,33.9901,-439.595,26.9026,1421.49,124.15,159.551,-85.9577,-55.8723,39.7269,73.717,-196.869,-169.966,
0.793691,0.649317,0.743537,0.562995,0,200,0,7.58234,9.63206,-4.68215,-2.9438,1.94871,3.89478,-10,-10,0,854.816,0,1013.63,0,909.985,0,1108.58,35.6473,35.0609,30.2321,39.8248,33.8448,36.8039,26.6861,42.283,-110.865,-119.516,41.0416,47.4098,-63.9047,-43.0604,98.9326,144.764,10,6.95271e-310,-1195.16,6.68183e-310,474.098,1.4822e-323,-430.604,5.23261e-310,1447.64,35.6473,-1160.1,30.2321,513.923,33.8448,-393.8,26.6861,1489.92,131.867,167.514,-81.4287,-51.1966,33.8905,67.7353,-205.591,-178.905,
0.800223,0.654027,0.740086,0.558225,0,200,0,7.99435,10,-4.36953,-2.62041,1.59186,3.53062,-10,-10,0,847.631,0,1008.45,0,913.782,0,1113.83,35.8756,34.8273,30.4194,39.682,33.7176,36.9205,26.4841,42.4098,-116.896,-125.134,36.8744,43.1379,-60.3698,-38.2131,103.387,151.536,10,6.95271e-310,-1251.34,6.68183e-310,431.379,1.4822e-323,-382.131,5.23261e-310,1515.36,35.8756,-1216.52,30.4194,471.061,33.7176,-345.21,26.4841,1557.77,139.032,174.908,-75.9918,-45.5724,27.6845,61.4021,-214.244,-187.76,
0.806395,0.658258,0.736203,0.554019,0,200,0,8.36661,10,-4.08037,-2.32162,1.2403,3.1708,-10,-10,0,840.842,0,1003.79,0,918.053,0,1118.46,36.0898,34.6053,30.587,39.553,33.574,37.0512,26.3055,42.5209,-122.749,-130.213,32.6931,39.1886,-56.5719,-33.4321,107.486,157.49,10,6.95271e-310,-1302.13,6.68183e-310,391.886,1.4822e-323,-334.321,5.23261e-310,1574.9,36.0898,-1267.52,30.587,431.439,33.574,-297.27,26.3055,1617.42,145.506,181.596,-70.963,-40.3761,21.5704,55.1444,-221.852,-195.546,
0.812195,0.66371,0.732248,0.550316,0,200,0,8.70653,10,-3.71829,-1.94717,0.840356,2.76242,-10,-10,0,834.462,0,997.795,0,922.403,0,1122.53,36.2899,34.3954,30.8022,39.3856,33.4272,37.1837,26.1478,42.618,-127.84,-134.851,27.9196,34.2417,-52.3744,-27.9979,111.148,163.181,10,6.95271e-310,-1348.51,6.68183e-310,342.417,1.4822e-323,-279.979,5.23261e-310,1631.81,36.2899,-1314.11,30.8022,381.803,33.4272,-242.796,26.1478,1674.43,151.418,187.708,-64.666,-33.8638,14.6149,48.042,-229.13,-202.982,
0.817564,0.668312,0.728173,0.547379,0,200,0,8.99682,10,-3.41108,-1.62956,0.473881,2.38721,-10,-10,0,828.556,0,992.732,0,926.885,0,1125.76,36.4741,34.2,30.9831,39.2434,33.2754,37.3196,26.0226,42.6946,-132.647,-138.815,23.4533,30.0452,-48.1649,-23.0132,114.368,167.828,10,6.95271e-310,-1388.15,6.68183e-310,300.452,1.4822e-323,-230.132,5.23261e-310,1678.28,36.4741,-1353.95,30.9831,339.695,33.2754,-192.813,26.0226,1720.97,156.466,192.941,-59.3232,-28.3401,8.2414,41.5168,-235.072,-209.049,
0.822489,0.673945,0.724051,0.5443,0,200,0,9.27786,10,-3.03179,-1.23757,0.0626785,1.96715,-10,-10,0,823.138,0,986.537,0,931.42,0,1129.15,36.6421,34.0199,31.2037,39.0683,33.1212,37.4564,25.8909,42.7745,-136.908,-142.65,18.5118,24.8649,-43.8661,-17.4249,117.372,172.7,10,6.95271e-310,-1426.5,6.68183e-310,248.649,1.4822e-323,-174.249,5.23261e-310,1727,36.6421,-1392.48,31.2037,287.718,33.1212,-136.793,25.8909,1769.78,161.354,197.996,-52.7267,-21.523,1.09006,34.2113,-241.304,-215.413,
0.826971,0.67929,0.719797,0.541903,0,200,0,9.51489,10,-2.67123,-0.865037,-0.338055,1.55724,-10,-10,0,818.207,0,980.657,0,936.1,0,1131.78,36.7942,33.8554,31.412,38.901,32.9616,37.597,25.7884,42.8364,-140.738,-145.887,13.6329,19.9413,-39.4316,-11.9759,119.948,176.723,10,6.95271e-310,-1458.87,6.68183e-310,199.413,1.4822e-323,-119.759,5.23261e-310,1767.23,36.7942,-1425.02,31.412,238.314,32.9616,-82.1622,25.7884,1810.06,165.476,202.271,-46.4562,-15.0441,-5.87921,27.0824,-246.451,-220.662,
0.831322,0.683976,0.715207,0.539889,0,200,0,9.72862,10,-2.34872,-0.532064,-0.724812,1.16054,-10,-10,0,813.422,0,975.503,0,941.149,0,1134,36.9411,33.695,31.594,38.7533,32.7887,37.7479,25.7021,42.8883,-144.63,-148.809,8.86451,15.5386,-34.83,-6.7112,122.359,180.123,10,6.95271e-310,-1488.09,6.68183e-310,155.386,1.4822e-323,-67.112,5.23261e-310,1801.23,36.9411,-1454.4,31.594,194.14,32.7887,-29.3641,25.7021,1844.12,169.193,206.135,-40.8473,-9.25329,-12.6054,20.1833,-250.802,-225.1,
0.834581,0.689704,0.711372,0.538319,0,200,0,9.89258,10,-1.96721,-0.137826,-1.1189,0.758116,-10,-10,0,809.836,0,969.201,0,945.367,0,1135.72,37.0508,33.5744,31.8154,38.5717,32.6437,37.8734,25.6347,42.9286,-147.073,-151.049,4.06332,10.329,-30.649,-1.356,124.066,183.196,10,6.95271e-310,-1510.49,6.68183e-310,103.29,1.4822e-323,-13.56,5.23261e-310,1831.96,37.0508,-1476.92,31.8154,141.861,32.6437,24.3134,25.6347,1874.89,172.045,209.096,-34.2124,-2.39698,-19.459,13.1846,-254.738,-229.104,
0.838093,0.694833,0.70671,0.537241,0,200,0,10,10,-1.61899,0.221748,-1.52066,0.346177,-10,-10,0,805.974,0,963.559,0,950.495,0,1136.91,37.1684,33.4441,32.0129,38.408,32.4668,38.0251,25.5884,42.9562,-149.938,-153.085,-0.927302,5.57542,-25.7995,4.11249,125.753,185.578,10,6.95271e-310,-1530.85,6.68183e-310,55.7542,1.4822e-323,41.1249,5.23261e-310,1855.78,37.1684,-1497.41,32.0129,94.1622,32.4668,79.1501,25.5884,1898.74,174.63,211.798,-28.1564,3.85648,-26.4463,6.02047,-257.793,-232.204,
0.840562,0.699999,0.702923,0.536474,0,200,0,10,10,-1.27279,0.579335,-1.88594,-0.0273936,-10,-10,0,803.258,0,957.877,0,954.661,0,1137.75,37.2509,33.3522,32.2108,38.2422,32.3225,38.1478,25.5554,42.9758,-151.682,-154.52,-5.42672,0.849048,-21.7116,9.07941,126.864,187.537,10,6.95271e-310,-1545.2,6.68183e-310,8.49048,1.4822e-323,90.7941,5.23261e-310,1875.37,37.2509,-1511.85,32.2108,46.7326,32.3225,128.942,25.5554,1918.34,176.451,213.702,-22.1354,10.0754,-32.7989,-0.476411,-260.306,-234.75,
0.842934,0.7052,0.698752,0.535971,0,200,0,10,10,-0.920709,0.942826,-2.26736,-0.417982,-10,-10,0,800.648,0,952.156,0,959.249,0,1138.31,37.3299,33.2637,32.4093,38.0741,32.1631,38.2823,25.5338,42.9887,-153.372,-155.752,-10.1472,-3.95646,-17.2876,14.2687,127.848,189.146,10,6.95271e-310,-1557.52,6.68183e-310,-39.5646,1.4822e-323,142.687,5.23261e-310,1891.46,37.3299,-1524.25,32.4093,-1.4905,32.1631,180.969,25.5338,1934.44,178.013,215.343,-16.0123,16.397,-39.4324,-7.26925,-262.373,-236.839,
0.844864,0.709874,0.694642,0.535755,0,200,0,10,10,-0.598236,1.27551,-2.62428,-0.783966,-10,-10,0,798.526,0,947.015,0,963.77,0,1138.55,37.394,33.1917,32.5869,37.9222,32.0055,38.4142,25.5245,42.9942,-154.77,-156.632,-14.5681,-8.35646,-13.0248,19.1272,128.573,190.22,10,6.95271e-310,-1566.32,6.68183e-310,-83.5646,1.4822e-323,191.272,5.23261e-310,1902.2,37.394,-1533.13,32.5869,-45.6424,32.0055,229.686,25.5245,1945.19,179.126,216.52,-10.4041,22.1828,-45.6397,-13.6342,-263.754,-238.23,
0.846386,0.71559,0.690279,0.535899,0,200,0,10,10,-0.208799,1.67738,-3.03021,-1.19954,-10,-10,0,796.851,0,940.727,0,968.569,0,1138.39,37.4445,33.1347,32.8031,37.7353,31.8376,38.5534,25.5307,42.9905,-155.545,-157.149,-19.5855,-13.6705,-8.34387,24.6495,128.956,191.035,10,6.95271e-310,-1571.49,6.68183e-310,-136.705,1.4822e-323,246.495,5.23261e-310,1910.35,37.4445,-1538.36,32.8031,-98.9697,31.8376,285.048,25.5307,1953.34,179.775,217.22,-3.63129,29.1719,-52.6992,-20.8616,-264.809,-239.279,
0.84762,0.720791,0.686756,0.536438,0,200,0,10,10,0.130946,2.02839,-3.37865,-1.55581,-10,-10,0,795.494,0,935.006,0,972.444,0,1137.79,37.4854,33.0885,32.999,37.5642,31.7016,38.6653,25.5539,42.9767,-155.886,-157.331,-23.9432,-18.3084,-4.31999,29.3874,129.08,191.482,10,6.95271e-310,-1573.31,6.68183e-310,-183.084,1.4822e-323,293.874,5.23261e-310,1914.82,37.4854,-1540.22,32.999,-145.52,31.7016,332.54,25.5539,1957.8,179.995,217.48,2.27733,35.2763,-58.7591,-27.0575,-265.396,-239.842,
0.848363,0.725357,0.682993,0.537816,0,200,0,10,10,0.434165,2.34145,-3.70661,-1.89215,-10,-10,0,794.676,0,929.983,0,976.584,0,1136.28,37.51,33.0606,33.1701,37.4131,31.5559,38.7844,25.6131,42.9415,-155.804,-156.872,-28.0829,-22.4465,-0.052104,33.8523,128.769,190.779,10,6.95271e-310,-1568.72,6.68183e-310,-224.465,1.4822e-323,338.523,5.23261e-310,1907.79,37.51,-1535.66,33.1701,-187.052,31.5559,377.308,25.6131,1950.73,179.394,216.904,7.55069,40.7208,-64.4628,-32.9069,-264.514,-238.901,
0.848795,0.730942,0.679098,0.540081,0,200,0,10,10,0.789626,2.70889,-4.07405,-2.26829,-10,-10,0,794.202,0,923.84,0,980.868,0,1133.79,37.5242,33.0444,33.3786,37.2273,31.4046,38.907,25.7103,42.8833,-154.963,-155.811,-32.7675,-27.2997,4.74252,38.8512,127.977,189.415,10,6.95271e-310,-1558.11,6.68183e-310,-272.997,1.4822e-323,388.512,5.23261e-310,1894.15,37.5242,-1525.07,33.3786,-235.77,31.4046,427.418,25.7103,1937.03,178.021,215.545,13.7326,47.1112,-70.8531,-39.4485,-262.795,-237.085,
0.848998,0.735939,0.67597,0.542933,0,200,0,10,10,1.08952,3.01946,-4.38266,-2.5839,-10,-10,0,793.978,0,918.343,0,984.309,0,1130.65,37.531,33.0368,33.5642,37.06,31.2827,39.005,25.8325,42.8098,-153.697,-154.351,-36.7832,-31.397,9.01163,43.048,126.902,187.495,10,6.95271e-310,-1543.51,6.68183e-310,-313.97,1.4822e-323,430.48,5.23261e-310,1874.95,37.531,-1510.48,33.5642,-276.91,31.2827,469.485,25.8325,1917.76,176.135,213.666,18.9482,52.5124,-76.2201,-44.9374,-260.369,-234.536,
0.848879,0.740877,0.672291,0.546085,0,200,0,9.99704,10,1.39685,3.33729,-4.71212,-2.92162,-10,-10,0,794.109,0,912.911,0,988.356,0,1127.18,37.527,33.0413,33.7468,36.8939,31.139,39.1198,25.9673,42.7282,-152.275,-152.589,-41.0256,-35.5934,13.6925,47.5328,125.607,185.037,10,6.95271e-310,-1525.89,6.68183e-310,-355.934,1.4822e-323,475.328,5.23261e-310,1850.37,37.527,-1492.84,33.7468,-319.04,31.139,514.448,25.9673,1893.09,173.862,211.389,24.2931,58.0398,-81.9498,-50.8108,-257.254,-231.286,
0.848315,0.745371,0.669283,0.549633,0,200,0,9.83831,10,1.66717,3.61712,-4.99334,-3.20962,-10,-10,0,794.729,0,907.968,0,991.665,0,1123.28,37.5084,33.0624,33.9122,36.7418,31.0212,39.2133,26.1187,42.6358,-150.326,-150.444,-44.6819,-39.2857,17.8397,51.3595,124.007,182.122,10,6.95271e-310,-1504.44,6.68183e-310,-392.857,1.4822e-323,513.595,5.23261e-310,1821.22,37.5084,-1471.38,33.9122,-356.115,31.0212,552.809,26.1187,1863.86,171.101,208.609,28.9943,62.9065,-86.8407,-55.8195,-253.557,-227.438,
0.847369,0.749865,0.66673,0.553959,0,200,0,9.63797,10,1.92294,3.88236,-5.25038,-3.47242,-10,-10,0,795.771,0,903.025,0,994.473,0,1118.52,37.4771,33.0979,34.077,36.589,30.921,39.2924,26.3029,42.5224,-147.708,-147.735,-48.0807,-42.7816,21.8375,54.8548,121.975,178.5,10,6.95271e-310,-1477.35,6.68183e-310,-427.816,1.4822e-323,548.548,5.23261e-310,1785,37.4771,-1444.25,34.077,-391.227,30.921,587.841,26.3029,1827.52,167.617,205.094,33.4424,67.5194,-91.3109,-60.3899,-248.961,-222.658,
0.845355,0.754107,0.663962,0.557806,0,200,0,9.42376,10,2.19756,4.1659,-5.50982,-3.73812,-10,-10,0,797.985,0,898.358,0,997.518,0,1114.29,37.4103,33.1733,34.2319,36.4441,30.8121,39.3778,26.4663,42.4209,-144.623,-144.83,-51.3626,-46.5286,25.5479,58.3853,119.694,174.788,10,6.95271e-310,-1448.3,6.68183e-310,-465.286,1.4822e-323,583.853,5.23261e-310,1747.88,37.4103,-1415.12,34.2319,-428.842,30.8121,623.231,26.4663,1790.3,163.891,201.302,38.2185,72.4504,-95.8229,-65.0108,-244.24,-217.774,
0.843198,0.758178,0.661973,0.562444,0,200,0,9.17436,10,2.43675,4.4136,-5.72431,-3.95712,-10,-10,0,800.358,0,893.88,0,999.706,0,1109.19,37.3387,33.2539,34.38,36.3045,30.7337,39.4391,26.6628,42.2977,-140.997,-141.449,-54.1647,-49.7958,28.8919,61.3005,117.071,170.489,10,6.95271e-310,-1414.49,6.68183e-310,-497.958,1.4822e-323,613.005,5.23261e-310,1704.89,37.3387,-1381.23,34.38,-461.654,30.7337,652.444,26.6628,1747.19,159.554,196.893,42.3782,76.7582,-99.5532,-68.8195,-238.775,-212.112,
0.840322,0.958271,0.659887,0.567861,0,200,0,7.21083,9.3523,10,10,-10,-10,-10,-10,0,803.522,0,673.778,0,1002,0,1103.23,37.2429,33.3612,40.9099,28.7468,30.6514,39.5031,26.8915,42.1527,-100.038,-114.957,-164.819,-196.608,54.0304,155.998,103.54,221.872,10,6.95271e-310,-1149.57,6.68183e-310,-1966.08,1.4822e-323,1559.98,5.23261e-310,2218.72,37.2429,-1116.21,40.9099,-1937.34,30.6514,1599.49,26.8915,2260.88,125.406,162.649,229.524,270.434,-221.711,-191.06,-305.172,-278.28,
0.836739,0.961698,0.658389,0.573122,0,200,0,6.84615,8.98073,10,10,-10,-10,-10,-10,0,807.464,0,670.008,0,1003.65,0,1097.44,37.1231,33.4944,41.0082,28.6064,30.5922,39.5489,27.1129,42.0106,-95.6663,-110.009,-167.301,-199.111,56.3358,157.947,100.408,216.619,10,6.95271e-310,-1100.09,6.68183e-310,-1991.11,1.4822e-323,1579.47,5.23261e-310,2166.19,37.1231,-1066.59,41.0082,-1962.51,30.5922,1619.02,27.1129,2208.2,119.063,156.187,232.723,273.731,-224.202,-193.61,-298.485,-271.372,
0.833167,0.96467,0.657215,0.57885,0,200,0,6.46839,8.59608,10,10,-10,-10,-10,-10,0,811.392,0,666.739,0,1004.94,0,1091.14,37.0033,33.6268,41.0931,28.4844,30.5457,39.5848,27.3531,41.8546,-91.1456,-104.884,-169.325,-201.13,58.5425,159.489,97.1381,210.925,10,6.95271e-310,-1048.84,6.68183e-310,-2011.3,1.4822e-323,1594.89,5.23261e-310,2109.25,37.0033,-1015.21,41.0931,-1982.82,30.5457,1634.47,27.3531,2151.1,112.494,149.497,235.301,276.394,-226.172,-195.627,-291.238,-263.885,
0.829141,0.967367,0.656328,0.584195,0,200,0,6.09186,8.21174,10,10,-10,-10,-10,-10,0,815.821,0,663.773,0,1005.92,0,1085.26,36.8676,33.7755,41.1697,28.3735,30.5106,39.6119,27.5764,41.7078,-86.4171,-99.7714,-171.041,-203.125,60.2975,160.757,93.7848,205.407,10,6.95271e-310,-997.714,6.68183e-310,-2031.25,1.4822e-323,1607.57,5.23261e-310,2054.07,36.8676,-963.938,41.1697,-2002.88,30.5106,1647.18,27.5764,2095.77,105.945,142.813,237.851,279.02,-227.794,-197.284,-284.211,-256.634,
0.824742,0.969764,0.655717,0.59111,0,200,0,5.6448,7.75612,10,10,-10,-10,-10,-10,0,820.659,0,661.136,0,1006.59,0,1077.66,36.7186,33.9373,41.2376,28.2747,30.4864,39.6306,27.8641,41.5161,-80.902,-93.7043,-172.351,-204.622,62.2875,161.65,89.7887,198.393,10,6.95271e-310,-937.043,6.68183e-310,-2046.22,1.4822e-323,1616.5,5.23261e-310,1983.93,36.7186,-903.106,41.2376,-2017.94,30.4864,1656.14,27.8641,2025.45,98.1705,134.889,239.761,280.998,-228.938,-198.452,-275.281,-247.416,
0.820009,0.972484,0.655345,0.597797,0,200,0,5.18739,7.28945,10,10,-10,-10,-10,-10,0,825.866,0,658.144,0,1007,0,1070.3,36.5576,34.1107,41.3144,28.1624,30.4717,39.6419,28.1411,41.3289,-75.1621,-87.4942,-173.74,-206.431,63.9561,162.552,85.667,191.642,10,6.95271e-310,-874.942,6.68183e-310,-2064.31,1.4822e-323,1625.52,5.23261e-310,1916.42,36.5576,-840.831,41.3144,-2036.15,30.4717,1665.16,28.1411,1957.75,90.2155,126.773,242.072,283.386,-230.095,-199.624,-266.683,-238.542,
0.814867,0.97415,0.655393,0.604065,0,200,0,4.74418,6.83613,10,10,-10,-10,-10,-10,0,831.522,0,656.311,0,1006.94,0,1063.4,36.3817,34.2982,41.3612,28.0936,30.4736,39.6404,28.3996,41.1517,-69.3177,-81.471,-174.292,-207.669,65.0381,162.775,81.5142,184.925,10,6.95271e-310,-814.71,6.68183e-310,-2076.69,1.4822e-323,1627.75,5.23261e-310,1849.25,36.3817,-780.412,41.3612,-2048.6,30.4736,1667.39,28.3996,1890.4,82.5074,118.889,243.655,285.016,-230.383,-199.91,-258.122,-229.723,
0.809355,0.975025,0.655801,0.612118,0,200,0,4.22778,6.30883,10,10,-10,-10,-10,-10,0,837.586,0,655.349,0,1006.5,0,1054.55,36.1921,34.4983,41.3858,28.0574,30.4897,39.628,28.7301,40.9216,-62.6871,-74.4574,-174.087,-208.005,66.3149,162.392,76.6289,176.422,10,6.95271e-310,-744.574,6.68183e-310,-2080.05,1.4822e-323,1623.92,5.23261e-310,1764.22,36.1921,-710.076,41.3858,-2052,30.4897,1663.55,28.7301,1805.14,73.5266,109.719,244.081,285.466,-229.896,-199.407,-247.287,-218.557,
0.803482,0.779214,0.656676,0.619644,0,200,0,5.66351,7.73287,3.60329,5.62361,-6.45757,-4.70242,-9.34911,-7.67946,0,844.045,0,870.74,0,1005.53,0,1046.27,35.9889,34.7102,35.136,35.5733,30.5244,39.6013,29.0373,40.7043,-89.8071,-93.751,-63.8434,-65.7386,47.2421,71.2485,79.1707,110.687,10,6.95271e-310,-937.51,6.68183e-310,-657.386,1.4822e-323,712.485,5.23261e-310,1106.87,35.9889,-902.8,35.136,-621.813,30.5244,752.087,29.0373,1147.58,98.4958,134.485,62.6659,97.8019,-112.306,-81.7813,-162.593,-133.556,
0.797263,0.779598,0.658473,0.626751,0,200,0,5.17631,7.23321,3.59962,5.62072,-6.35891,-4.59967,-8.78403,-7.09779,0,850.887,0,870.318,0,1003.56,0,1038.45,35.7723,34.9334,35.1497,35.5598,30.5955,39.5464,29.3258,40.4969,-82.519,-87.1227,-62.6658,-65.6931,46.9264,69.8966,73.7861,102.98,10,6.95271e-310,-871.227,6.68183e-310,-656.931,1.4822e-323,698.966,5.23261e-310,1029.8,35.7723,-836.294,35.1497,-621.371,30.5955,738.513,29.3258,1070.3,90.0227,125.795,62.602,97.7517,-110.59,-79.9942,-152.766,-123.44,
0.790671,0.77967,0.660834,0.636051,0,200,0,4.58822,6.63184,3.53487,5.55613,-6.22148,-4.45687,-8.07931,-6.37149,0,858.138,0,870.239,0,1000.96,0,1028.22,35.5413,35.1684,35.1522,35.5573,30.6888,39.474,29.7012,40.2224,-74.2831,-79.1303,-61.0332,-64.8212,46.7059,68.0154,67.3316,93.3636,10,6.95271e-310,-791.303,6.68183e-310,-648.212,1.4822e-323,680.154,5.23261e-310,933.636,35.5413,-756.135,35.1522,-612.654,30.6888,719.628,29.7012,973.859,79.7952,115.336,61.4761,96.6283,-108.2,-77.5108,-140.51,-110.809,
0.783792,0.779262,0.663471,0.644763,0,200,0,4.0093,6.03897,3.45218,5.4726,-6.05745,-4.28687,-7.40433,-5.67643,0,865.704,0,870.687,0,998.058,0,1018.64,35.2985,35.4121,35.1377,35.5716,30.7927,39.393,30.0505,39.9621,-66.1126,-71.2578,-59.0402,-63.7024,45.8946,65.7724,60.9083,84.1568,10,6.95271e-310,-712.578,6.68183e-310,-637.024,1.4822e-323,657.724,5.23261e-310,841.568,35.2985,-677.166,35.1377,-601.453,30.7927,697.117,30.0505,881.53,69.727,105.026,60.0379,95.1757,-105.347,-74.5543,-128.771,-98.7206,
0.776506,0.974485,0.666658,0.653608,0,200,0,1.40817,3.42294,10,10,-10,-10,-10,-9.25286,0,873.719,0,655.942,0,994.552,0,1008.91,35.0396,35.6683,41.3706,28.0797,30.9182,39.2946,30.4027,39.6948,-24.3996,-36.1243,-165.492,-205.954,65.189,153.119,48.689,132.524,10,6.95271e-310,-361.243,6.68183e-310,-2059.54,1.4822e-323,1531.19,5.23261e-310,1325.24,35.0396,-325.575,41.3706,-2031.46,30.9182,1570.48,30.4027,1364.94,24.4899,59.5294,241.438,282.809,-218.102,-187.184,-191.322,-160.919,
0.768596,0.972472,0.670062,0.662728,0,200,0,0.772095,2.77058,10,10,-10,-10,-10,-8.4987,0,882.42,0,658.157,0,990.808,0,998.876,34.7563,35.9444,41.314,28.1629,31.0517,39.1892,30.7635,39.4158,-15.6464,-27.469,-162.009,-204.133,63.8079,149.779,42.0249,122.527,10,6.95271e-310,-274.69,6.68183e-310,-2041.33,1.4822e-323,1497.79,5.23261e-310,1225.27,34.7563,-238.746,41.314,-2013.17,31.0517,1536.98,30.7635,1264.69,13.4277,48.1841,239.106,280.421,-213.846,-182.794,-178.567,-147.804,
0.75992,0.969967,0.673645,0.671884,0,200,0,0.103731,2.08421,10,10,-10,-10,-9.51239,-7.72282,0,891.964,0,660.912,0,986.866,0,988.804,34.4432,36.2446,41.2434,28.2663,31.192,39.0776,31.1231,39.1325,-6.43319,-18.3693,-158.194,-202.091,62.0209,146.157,34.8955,112.237,10,6.95271e-310,-183.693,6.68183e-310,-2020.91,1.4822e-323,1461.57,5.23261e-310,1122.37,34.4432,-147.448,41.2434,-1992.65,31.192,1500.65,31.1231,1161.5,1.80401,36.2472,236.494,277.737,-209.228,-178.036,-165.433,-134.31,
0.751087,0.968038,0.677552,0.681663,0,200,0,-0.612332,1.34967,10,10,-10,-9.97012,-8.74156,-6.93007,0,901.68,0,663.034,0,982.569,0,978.047,34.1217,36.5474,41.1887,28.3459,31.3444,38.9555,31.5043,38.8263,3.10859,-8.62372,-154.572,-200.216,60.106,142.63,27.3298,101.731,10,6.95271e-310,-86.2372,6.68183e-310,-2002.16,1.4822e-323,1426.3,5.23261e-310,1017.31,34.1217,-49.6899,41.1887,-1973.81,31.3444,1465.26,31.5043,1056.13,-10.6493,23.4724,234.091,275.28,-204.738,-173.393,-152.027,-120.523,
0.741656,0.965749,0.681519,0.691969,0,200,0,-1.37708,0.565013,10,10,-10,-9.69426,-7.92608,-6.09167,0,912.055,0,665.552,0,978.205,0,966.71,33.7755,36.8676,41.1238,28.4401,31.4987,38.8308,31.9027,38.4996,13.0698,1.78586,-150.753,-198.037,58.0213,138.984,19.1589,90.6175,10,6.95271e-310,17.8586,6.68183e-310,-1980.37,1.4822e-323,1389.84,5.23261e-310,906.175,33.7755,54.7261,41.1238,-1951.93,31.4987,1428.67,31.9027,944.674,-23.9492,9.82631,231.3,272.424,-200.094,-168.596,-137.845,-105.942,
0.73226,0.766547,0.685809,0.702779,0,200,0,-0.168673,1.75341,2.2834,4.27765,-4.46724,-2.6465,-2.80023,-0.941999,0,922.39,0,884.674,0,973.486,0,954.819,33.4276,37.1833,34.6826,36.0155,31.665,38.6953,32.317,38.1524,-10.4442,-14.3981,-39.2889,-47.8173,32.1248,44.0709,13.3091,21.4041,10,6.95271e-310,-143.981,6.68183e-310,-478.173,1.4822e-323,440.709,5.23261e-310,214.041,33.4276,-106.798,34.6826,-442.158,31.665,479.404,32.317,252.194,-2.93345,30.4942,39.7113,74.3939,-77.6911,-46.0261,-48.6996,-16.3826,
0.723512,0.76294,0.690555,0.713804,0,200,0,-0.944817,0.958492,1.94432,3.93108,-4.12387,-2.2926,-1.96492,-0.0826161,0,932.013,0,888.642,0,968.265,0,942.691,33.101,37.4743,34.5525,36.1404,31.8483,38.5446,32.7357,37.7938,-1.18284,-3.83958,-34.9856,-43.2091,28.792,39.3869,4.26688,10.0192,10,6.95271e-310,-38.3958,6.68183e-310,-432.091,1.4822e-323,393.869,5.23261e-310,100.192,33.101,-0.92154,34.5525,-395.951,31.8483,432.414,32.7357,137.986,-16.4316,16.6694,33.8142,68.3667,-71.7195,-39.8712,-34.1725,-1.4368,
0.714823,0.758829,0.695457,0.724914,0,200,0,-1.72692,0.157599,1.56424,3.54244,-3.76292,-1.92081,-1.1288,0.777526,0,941.571,0,893.164,0,962.874,0,930.471,32.7742,37.7605,34.4036,36.2821,32.0368,38.3881,33.1535,37.4278,7.8353,6.79979,-30.4463,-38.0428,25.1656,34.4646,-4.93451,-1.37549,10,6.95271e-310,67.9979,6.68183e-310,-380.428,1.4822e-323,344.646,5.23261e-310,-13.7549,32.7742,105.758,34.4036,-344.146,32.0368,383.034,33.1535,23.673,-30.0333,2.74085,27.2041,61.6077,-65.4421,-33.4053,-19.6313,13.5222,
0.705859,0.754431,0.700538,0.736383,0,200,0,-2.54086,-0.675885,1.15594,3.12495,-3.39203,-1.53872,-0.274239,1.65665,0,951.431,0,898.002,0,957.284,0,917.855,32.4344,38.0527,34.2437,36.4331,32.2314,38.2248,33.5806,37.0451,16.9565,17.8728,-25.772,-32.4928,21.2406,29.4065,-14.5934,-13.0207,10,6.95271e-310,178.728,6.68183e-310,-324.928,1.4822e-323,294.065,5.23261e-310,-130.207,32.4344,216.781,34.2437,-288.495,32.2314,332.29,33.5806,-93.1622,-44.1889,-11.7545,20.1033,54.347,-58.9918,-26.7604,-4.76937,28.8112,
0.69771,0.748906,0.706027,0.748583,0,200,0,-3.34941,-1.50233,0.636166,2.59357,-2.97474,-1.10939,0.610443,2.56717,0,960.395,0,904.079,0,951.247,0,904.435,32.1232,38.3158,34.0419,36.6217,32.4408,38.0473,34.0301,36.6327,25.3039,28.8649,-20.4495,-25.4278,17.0667,23.7188,-24.3581,-25.0776,10,6.95271e-310,288.649,6.68183e-310,-254.278,1.4822e-323,237.188,5.23261e-310,-250.776,32.1232,326.965,34.0419,-217.656,32.4408,275.235,34.0301,-214.144,-58.2506,-26.1274,11.0638,45.1057,-51.7346,-19.2938,10.6164,44.6465,
0.689524,0.743405,0.711875,0.761801,0,200,0,-4.20467,-2.37568,0.0832552,2.02905,-2.55767,-0.679567,1.53508,3.51947,0,969.399,0,910.13,0,944.814,0,889.895,31.8085,38.5774,33.8399,36.8084,32.6627,37.8569,34.5113,36.1797,33.775,40.488,-15.0722,-17.916,12.7124,18.0305,-34.8077,-37.6812,10,6.95271e-310,404.88,6.68183e-310,-179.16,1.4822e-323,180.305,5.23261e-310,-376.812,31.8085,443.458,33.8399,-142.351,32.6627,218.162,34.5113,-340.633,-73.1246,-41.3161,1.44792,35.2879,-44.4813,-11.8186,26.697,61.2083,
0.680836,0.738001,0.717316,0.774169,0,200,0,-5.05552,-3.24587,-0.435855,1.49847,-2.16709,-0.277163,2.4121,4.42207,0,978.957,0,916.075,0,938.829,0,876.29,31.4721,38.8523,33.6405,36.9908,32.8682,37.6786,34.9561,35.7501,42.1822,52.0589,-10.0634,-10.8602,8.16963,12.7042,-45.2792,-49.6314,10,6.95271e-310,520.589,6.68183e-310,-108.602,1.4822e-323,127.042,5.23261e-310,-496.314,31.4721,559.442,33.6405,-71.6113,32.8682,164.721,34.9561,-460.564,-87.9221,-56.45,-7.58008,26.0604,-37.6884,-4.82023,41.9495,76.9056,
0.672531,0.733003,0.722733,0.785099,0,200,0,-5.8423,-4.05127,-0.914044,1.00963,-1.79503,0.106598,3.17879,5.21111,0,988.092,0,921.573,0,932.87,0,864.268,31.1484,39.1124,33.4552,37.1584,33.0718,37.5001,35.3447,35.3659,50.0052,62.7628,-5.35402,-4.36002,3.36528,7.62857,-54.9993,-60.0772,10,6.95271e-310,627.628,6.68183e-310,-43.6002,1.4822e-323,76.2857,5.23261e-310,-600.772,31.1484,666.741,33.4552,-6.44183,33.0718,113.786,35.3447,-565.406,-101.605,-70.4569,-15.8964,17.5588,-31.218,1.85388,55.2833,90.628,
0.665256,0.728665,0.728641,0.795968,0,200,0,-6.58735,-4.81272,-1.38685,0.527536,-1.43785,0.476486,3.88933,5.94364,0,996.094,0,926.345,0,926.371,0,852.311,30.863,39.3379,33.2937,37.3032,33.2928,37.304,35.7271,34.9797,57.2229,72.8928,-0.777631,2.06072,-1.49646,2.74836,-64.2902,-69.7637,10,6.95271e-310,728.928,6.68183e-310,20.6072,1.4822e-323,27.4836,5.23261e-310,-697.637,30.863,768.266,33.2937,57.9104,33.2928,64.7876,35.7271,-662.657,-114.563,-83.6995,-24.1192,9.17454,-25.0061,8.28671,67.6406,103.368,
0.656712,0.723584,0.734825,0.807485,0,200,0,-7.41881,-5.66357,-1.90548,-0.00201297,-1.05239,0.875177,4.65486,6.73219,0,1005.49,0,931.934,0,919.569,0,839.642,30.5258,39.6002,33.1037,37.4719,33.5229,37.0974,36.1275,34.5659,65.1596,84.2039,4.12095,9.10764,-7.06082,-2.5155,-74.7129,-80.1954,10,6.95271e-310,842.039,6.68183e-310,91.0764,1.4822e-323,-25.155,5.23261e-310,-801.954,30.5258,881.639,33.1037,128.548,33.5229,11.9424,36.1275,-767.388,-129.023,-98.4969,-33.1387,-0.0350082,-18.3024,15.2205,80.954,117.082,
0.649126,0.718298,0.740985,0.819062,0,200,0,-8.20951,-6.4716,-2.46115,-0.569104,-0.672641,1.26803,5.39906,7.49927,0,1013.84,0,937.748,0,912.793,0,826.908,30.2245,39.8306,32.9052,37.6463,33.7507,36.8902,36.5253,34.1453,72.1963,94.9549,9.02341,16.6567,-12.4899,-7.70139,-84.8157,-90.3381,10,6.95271e-310,949.549,6.68183e-310,166.567,1.4822e-323,-77.0139,5.23261e-310,-903.381,30.2245,989.38,32.9052,204.213,33.7507,-40.1237,36.5253,-869.235,-142.774,-112.55,-42.8027,-9.89746,-11.6981,22.0526,93.8968,130.422,
0.641731,0.714428,0.746905,0.829177,0,200,0,-8.94564,-7.22472,-2.90358,-1.01992,-0.354666,1.59853,6.02426,8.14421,0,1021.97,0,942.006,0,906.281,0,815.782,29.9292,40.053,32.7593,37.7734,33.9685,36.6898,36.8688,33.7742,79.067,104.969,13.1054,22.6637,-17.7807,-12.0515,-94.1461,-98.8606,10,6.95271e-310,1049.69,6.68183e-310,226.637,1.4822e-323,-120.515,5.23261e-310,-988.606,29.9292,1089.74,32.7593,264.41,33.9685,-83.8253,36.8688,-954.832,-155.576,-125.647,-50.4971,-17.7378,-6.1681,27.8004,104.77,141.639,
0.635044,0.70991,0.752753,0.840693,0,200,0,-9.69686,-7.99137,-3.43161,-1.55779,-0.0368145,1.92868,6.71782,8.86,0,1029.33,0,946.975,0,899.848,0,803.113,29.6607,40.2523,32.5883,37.921,34.1825,36.4905,37.2553,33.3473,85.2745,115.178,17.3691,29.8321,-22.782,-16.3986,-103.974,-108.316,10,6.95271e-310,1151.78,6.68183e-310,298.321,1.4822e-323,-163.986,5.23261e-310,-1083.16,29.6607,1192.03,32.5883,336.242,34.1825,-127.495,37.2553,-1049.81,-168.641,-138.98,-59.6802,-27.092,-0.640252,33.5423,116.832,154.087,
0.629052,0.706242,0.758673,0.849945,0,200,0,-10,-8.64528,-3.87718,-2.01136,0.261614,2.2395,7.25004,9.40986,0,1035.92,0,951.009,0,893.335,0,792.936,29.4189,40.4293,32.449,38.0403,34.398,36.2875,37.5622,33.0012,90.8578,123.88,21.2797,35.8796,-27.941,-20.4841,-112.299,-115.573,10,6.95271e-310,1238.8,6.68183e-310,358.796,1.4822e-323,-204.841,5.23261e-310,-1155.73,29.4189,1279.23,32.449,396.836,34.398,-168.553,37.5622,-1122.73,-179.772,-150.353,-67.4292,-34.9802,4.54981,38.9478,126.088,163.65,
0.623635,0.701473,0.76445,0.858035,0,200,0,-10,-9.22451,-4.37577,-2.52041,0.598969,2.58887,7.72816,9.90326,0,1041.88,0,956.256,0,886.981,0,784.038,29.1995,40.588,32.2672,38.1946,34.607,36.0882,37.8279,32.6963,95.4944,131.586,25.5701,42.6548,-33.3614,-25.0921,-119.793,-122.09,10,6.95271e-310,1315.86,6.68183e-310,426.548,1.4822e-323,-250.921,5.23261e-310,-1220.9,29.1995,1356.45,32.2672,464.743,34.607,-214.833,37.8279,-1188.2,-189.626,-160.426,-76.1004,-43.8332,10.4168,45.0238,134.403,172.231,
0.61871,0.69753,0.769795,0.865093,0,200,0,-10,-9.74387,-4.80354,-2.95686,0.891581,2.89255,8.13103,10,0,1047.3,0,960.593,0,881.102,0,776.273,28.9992,40.7314,32.1163,38.3216,34.7994,35.9027,38.0578,32.4285,99.7264,138.494,29.2878,48.4662,-38.366,-29.092,-126.494,-127.582,10,6.95271e-310,1384.94,6.68183e-310,484.662,1.4822e-323,-290.92,5.23261e-310,-1275.82,28.9992,1425.68,32.1163,522.984,34.7994,-255.017,38.0578,-1243.4,-198.458,-169.459,-83.5399,-51.4236,15.5058,50.3052,141.409,179.467,
0.614204,0.692904,0.774804,0.871816,0,200,0,-10,-10,-5.26874,-3.43226,1.19505,3.20633,8.52512,10,0,1052.25,0,965.682,0,875.591,0,768.878,28.8154,40.8616,31.9387,38.4697,34.9788,35.7279,38.2749,32.1719,103.304,144.916,33.1094,54.7902,-43.2785,-33.2342,-132.853,-132.952,10,6.95271e-310,1449.16,6.68183e-310,547.902,1.4822e-323,-332.342,5.23261e-310,-1329.52,28.8154,1490.02,31.9387,586.372,34.9788,-296.614,38.2749,-1297.35,-206.669,-177.853,-91.6302,-59.6915,20.7834,55.7622,148.263,186.538,
0.610153,0.688961,0.779598,0.87854,0,200,0,-10,-10,-5.69747,-3.86973,1.45942,3.48053,8.89939,10,0,1056.71,0,970.019,0,870.318,0,761.482,28.6496,40.978,31.7868,38.5953,35.1497,35.5598,38.4904,31.9138,106.635,151.041,36.5254,60.615,-47.7697,-36.847,-138.988,-138.055,10,6.95271e-310,1510.41,6.68183e-310,606.15,1.4822e-323,-368.47,5.23261e-310,-1380.55,28.6496,1551.39,31.7868,644.746,35.1497,-332.91,38.4904,-1348.63,-214.504,-185.855,-99.0864,-67.2996,25.3813,60.5309,154.772,193.262,
0.606689,0.685701,0.784655,0.885251,0,200,0,-10,-10,-6.10229,-4.2818,1.70281,3.73423,9.24212,10,0,1060.52,0,973.604,0,864.755,0,754.1,28.5075,41.077,31.6608,38.6988,35.3291,35.3816,38.7037,31.6548,109.746,156.78,39.7783,66.1099,-52.1234,-40.179,-144.825,-142.731,10,6.95271e-310,1567.8,6.68183e-310,661.099,1.4822e-323,-401.79,5.23261e-310,-1427.31,28.5075,1608.88,31.6608,699.798,35.3291,-366.409,38.7037,-1395.65,-221.851,-193.343,-106.127,-74.4661,29.614,64.9431,160.733,199.436,
0.603574,0.682813,0.78867,0.891315,0,200,0,-10,-10,-6.45353,-4.63947,1.89641,3.93599,9.55838,10,0,1063.95,0,976.781,0,860.339,0,747.43,28.3794,41.1656,31.5489,38.79,35.4708,35.2395,38.8949,31.4195,112.39,161.93,42.4078,70.8782,-55.6772,-42.8293,-150.111,-147.044,10,6.95271e-310,1619.3,6.68183e-310,708.782,1.4822e-323,-428.293,5.23261e-310,-1470.44,28.3794,1660.47,31.5489,747.572,35.4708,-393.053,38.8949,-1439.02,-228.443,-200.064,-112.235,-80.6865,32.9811,68.4519,166.233,205.128,
0.600949,0.680297,0.7929,0.896432,0,200,0,-10,-10,-6.77577,-4.96733,2.09069,4.13881,9.80556,10,0,1066.83,0,979.55,0,855.686,0,741.801,28.2713,41.24,31.4512,38.8693,35.6196,35.0891,39.0552,31.22,114.741,166.309,45.0124,75.2513,-59.3018,-45.4903,-154.616,-150.418,10,6.95271e-310,1663.09,6.68183e-310,752.513,1.4822e-323,-454.903,5.23261e-310,-1504.18,28.2713,1704.33,31.4512,791.382,35.6196,-419.814,39.0552,-1472.96,-234.049,-205.778,-117.839,-86.3883,36.3598,71.9794,170.532,209.587,
0.5986,0.677887,0.796867,0.90095,0,200,0,-10,-10,-7.0779,-5.27485,2.27522,4.33133,10,10,0,1069.42,0,982.201,0,851.322,0,736.831,28.1743,41.3063,31.3574,38.945,35.7585,34.9475,39.1959,31.0433,116.805,170.202,47.4646,79.3523,-62.7367,-48.0172,-158.644,-153.349,10,6.95271e-310,1702.02,6.68183e-310,793.523,1.4822e-323,-480.172,5.23261e-310,-1533.49,28.1743,1743.33,31.3574,832.468,35.7585,-445.224,39.1959,-1502.44,-239.033,-210.859,-123.094,-91.7365,39.5691,75.3275,174.266,213.461,
0.596719,0.675814,0.800534,0.905216,0,200,0,-10,-10,-7.35547,-5.55706,2.43661,4.50008,10,10,0,1071.49,0,984.48,0,847.288,0,732.138,28.0966,41.3592,31.2766,39.0099,35.8864,34.8162,39.3279,30.8758,118.539,173.632,49.6714,83.1183,-65.7731,-50.2288,-162.271,-156.008,10,6.95271e-310,1736.32,6.68183e-310,831.183,1.4822e-323,-502.288,5.23261e-310,-1560.08,28.0966,1777.68,31.2766,870.193,35.8864,-467.472,39.3279,-1529.2,-243.426,-215.33,-127.921,-96.6446,42.3758,78.2622,177.653,216.981,
0.595197,0.674232,0.803926,0.909387,0,200,0,-10,-10,-7.60079,-5.80593,2.56875,4.639,10,10,0,1073.16,0,986.22,0,843.558,0,727.55,28.0336,41.4019,31.2149,39.0593,36.0043,34.6943,39.4564,30.7115,120.08,176.752,51.579,86.4437,-68.3923,-52.0434,-165.636,-158.481,10,6.95271e-310,1767.52,6.68183e-310,864.437,1.4822e-323,-520.434,5.23261e-310,-1584.81,28.0336,1808.92,31.2149,903.496,36.0043,-485.739,39.4564,-1554.1,-247.426,-219.392,-132.188,-100.973,44.6739,80.6782,180.801,220.257,
0.594022,0.673154,0.807006,0.91297,0,200,0,-10,-10,-7.80073,-6.0083,2.6761,4.75248,10,10,0,1074.45,0,987.407,0,840.17,0,723.609,27.9849,41.4348,31.1728,39.093,36.111,34.5832,39.5662,30.5699,121.413,179.346,53.1832,89.1515,-70.6411,-53.5205,-168.458,-160.449,10,6.95271e-310,1793.46,6.68183e-310,891.515,1.4822e-323,-535.205,5.23261e-310,-1604.49,27.9849,1834.9,31.1728,930.608,36.111,-500.622,39.5662,-1573.92,-250.754,-222.769,-135.665,-104.492,46.5409,82.6519,183.303,222.87,
0.593207,0.672363,0.809846,0.916062,0,200,0,-10,-10,-7.97266,-6.18201,2.76873,4.85076,10,10,0,1075.35,0,988.277,0,837.045,0,720.208,27.9512,41.4576,31.1418,39.1176,36.209,34.4805,39.6605,30.4474,122.494,181.447,54.6038,91.4784,-72.6056,-54.7968,-170.792,-162.017,10,6.95271e-310,1814.47,6.68183e-310,914.784,1.4822e-323,-547.968,5.23261e-310,-1620.17,27.9512,1855.93,31.1418,953.901,36.209,-513.487,39.6605,-1589.72,-253.45,-225.499,-138.655,-107.513,48.1519,84.361,185.295,224.955,
0.59262,0.671896,0.812351,0.918687,0,200,0,-10,-10,-8.11008,-6.32048,2.84215,4.92913,10,10,0,1075.99,0,988.791,0,834.29,0,717.321,27.9268,41.474,31.1235,39.1322,36.2953,34.3897,39.7403,30.3432,123.411,183.159,55.7767,93.3362,-74.2467,-55.8107,-172.716,-163.245,10,6.95271e-310,1831.59,6.68183e-310,933.362,1.4822e-323,-558.107,5.23261e-310,-1632.45,27.9268,1873.07,31.1235,972.494,36.2953,-523.717,39.7403,-1602.1,-255.65,-227.723,-141.045,-109.921,49.4287,85.724,186.853,226.593,
0.592404,0.67156,0.814652,0.920892,0,200,0,-10,-10,-8.23167,-6.44282,2.90788,4.9994,10,10,0,1076.23,0,989.16,0,831.759,0,714.895,27.9179,41.48,31.1104,39.1426,36.3743,34.3061,39.8071,30.2555,124.046,184.399,56.847,94.979,-75.6529,-56.7188,-174.188,-164.159,10,6.95271e-310,1843.99,6.68183e-310,949.79,1.4822e-323,-567.188,5.23261e-310,-1641.59,27.9179,1885.47,31.1104,988.933,36.3743,-532.882,39.8071,-1611.33,-257.246,-229.328,-143.159,-112.049,50.5717,86.9461,188.011,227.818,
0.5925,0.671548,0.816258,0.922833,0,200,0,-10,-10,-8.31591,-6.52709,2.94017,5.03486,10,10,0,1076.13,0,989.173,0,829.993,0,712.759,27.9218,41.4774,31.1099,39.143,36.4294,34.2476,39.8657,30.1782,124.404,185.264,57.5194,96.1146,-76.4309,-57.1695,-175.303,-164.975,10,6.95271e-310,1852.64,6.68183e-310,961.146,1.4822e-323,-571.695,5.23261e-310,-1649.75,27.9218,1894.11,31.1099,1000.29,36.4294,-537.447,39.8657,-1619.57,-258.363,-230.441,-144.625,-113.515,51.1333,87.5627,189.044,228.909,
0.592908,0.67192,0.817756,0.924331,0,200,0,-10,-10,-8.369,-6.57934,2.95954,5.05718,10,10,0,1075.68,0,988.764,0,828.345,0,711.112,27.9387,41.466,31.1245,39.1314,36.4806,34.193,39.9109,30.1184,124.618,185.704,58.0351,96.8257,-76.9908,-57.445,-175.975,-165.384,10,6.95271e-310,1857.04,6.68183e-310,968.257,1.4822e-323,-574.45,5.23261e-310,-1653.84,27.9387,1898.51,31.1245,1007.39,36.4806,-540.257,39.9109,-1623.72,-258.938,-230.999,-145.548,-114.423,51.4703,87.9509,189.556,229.467,
0.594082,0.67289,0.81899,0.925194,0,200,0,-10,-10,-8.37725,-6.5854,2.95508,5.05515,10,10,0,1074.39,0,987.697,0,826.987,0,710.162,27.9874,41.4331,31.1624,39.1012,36.5228,34.148,39.9369,30.084,124.403,185.297,58.2872,96.9251,-77.0459,-57.3968,-175.827,-165.189,10,6.95271e-310,1852.97,6.68183e-310,969.251,1.4822e-323,-573.968,5.23261e-310,-1651.89,27.9874,1894.4,31.1624,1008.35,36.5228,-539.82,39.9369,-1621.8,-258.433,-230.445,-145.691,-114.529,51.3928,87.9156,189.296,229.233,
0.595664,0.674712,0.819925,0.925769,0,200,0,-10,-10,-8.32529,-6.52935,2.91213,5.01403,10,10,0,1072.65,0,985.693,0,825.959,0,709.53,28.0529,41.3888,31.2336,39.0443,36.5547,34.1138,39.9542,30.061,124.084,184.474,58.1262,96.2029,-76.5669,-56.8268,-175.242,-164.62,10,6.95271e-310,1844.74,6.68183e-310,962.029,1.4822e-323,-568.268,5.23261e-310,-1646.2,28.0529,1886.13,31.2336,1001.07,36.5547,-534.155,39.9542,-1616.14,-257.398,-229.345,-144.788,-113.554,50.6458,87.2005,188.557,228.511,
0.597941,0.677121,0.820632,0.926057,0,200,0,-10,-10,-8.23657,-6.43523,2.84312,4.94641,10,10,0,1070.14,0,983.043,0,825.181,0,709.213,28.1471,41.3248,31.3276,38.969,36.5788,34.088,39.9628,30.0495,123.405,183.019,57.7042,94.9783,-75.5875,-55.9035,-174.077,-163.682,10,6.95271e-310,1830.19,6.68183e-310,949.783,1.4822e-323,-559.035,5.23261e-310,-1636.82,28.1471,1871.52,31.3276,988.752,36.5788,-524.947,39.9628,-1606.77,-255.56,-227.413,-143.245,-111.917,49.4456,86.0245,187.343,227.306,
0.600973,0.680057,0.821039,0.926009,0,200,0,-10,-10,-8.11322,-6.30531,2.74846,4.85255,10,10,0,1066.81,0,979.813,0,824.733,0,709.266,28.2723,41.2393,31.4419,38.8768,36.5927,34.073,39.9614,30.0514,122.292,180.867,57.0131,93.2807,-74.0687,-54.6315,-172.272,-162.366,10,6.95271e-310,1808.67,6.68183e-310,932.807,1.4822e-323,-546.315,5.23261e-310,-1623.66,28.2723,1849.91,31.4419,971.684,36.5927,-512.242,39.9614,-1593.6,-252.835,-224.562,-141.099,-109.658,47.7994,84.3921,185.646,225.607,
0.604197,0.683365,0.821303,0.925602,0,200,0,-10,-10,-7.95841,-6.14311,2.63968,4.74428,10,10,0,1063.26,0,976.175,0,824.443,0,709.714,28.4051,41.1479,31.5703,38.7726,36.6017,34.0634,39.9491,30.0677,121.103,178.434,56.1311,91.1547,-72.3491,-53.1678,-170.136,-160.722,10,6.95271e-310,1784.34,6.68183e-310,911.547,1.4822e-323,-531.678,5.23261e-310,-1607.22,28.4051,1825.48,31.5703,950.32,36.6017,-497.614,39.9491,-1577.16,-249.749,-221.344,-138.407,-106.837,45.9074,82.5091,183.529,223.478,
0.60742,0.68696,0.821291,0.924427,0,200,0,-10,-10,-7.76186,-5.93857,2.52026,4.62483,10,10,0,1059.71,0,972.22,0,824.456,0,711.006,28.5376,41.0562,31.7095,38.6589,36.6013,34.0638,39.9138,30.1146,119.89,175.674,55.0211,88.4631,-70.4885,-51.5581,-167.543,-158.559,10,6.95271e-310,1756.74,6.68183e-310,884.631,1.4822e-323,-515.581,5.23261e-310,-1585.59,28.5376,1797.8,31.7095,923.29,36.6013,-481.517,39.9138,-1555.47,-246.243,-217.706,-134.989,-103.279,43.8306,80.4319,180.749,220.663,
0.611759,0.690351,0.821051,0.922486,0,200,0,-10,-10,-7.57581,-5.74499,2.40983,4.51394,10,10,0,1054.94,0,968.49,0,824.72,0,713.142,28.7154,40.932,31.8404,38.5511,36.5931,34.0726,39.8553,30.192,117.78,171.754,53.9681,85.9155,-68.3071,-50.0674,-163.913,-155.82,10,6.95271e-310,1717.54,6.68183e-310,859.155,1.4822e-323,-500.674,5.23261e-310,-1558.2,28.7154,1758.47,31.8404,897.706,36.5931,-466.602,39.8553,-1528,-241.257,-212.542,-131.753,-99.9128,41.9101,78.5033,177.234,217.089,
0.616061,0.69469,0.820428,0.920185,0,200,0,-10,-10,-7.31267,-5.47225,2.25516,4.35805,9.95995,10,0,1050.21,0,963.717,0,825.405,0,715.673,28.8912,40.808,32.0073,38.4126,36.5719,34.0954,39.7857,30.2837,115.839,167.744,52.3628,82.318,-65.6941,-47.9769,-160.052,-152.688,10,6.95271e-310,1677.44,6.68183e-310,823.18,1.4822e-323,-479.769,5.23261e-310,-1526.88,28.8912,1718.25,32.0073,861.593,36.5719,-445.673,39.7857,-1496.6,-236.155,-207.264,-127.177,-95.1696,39.2203,75.7922,173.217,213.002,
0.620315,0.699004,0.819529,0.917285,0,200,0,-10,-10,-7.03095,-5.18101,2.09856,4.19968,9.70375,10,0,1045.53,0,958.972,0,826.394,0,718.863,29.0646,40.6848,32.1728,38.2742,36.5412,34.1283,39.6977,30.3989,113.81,163.514,50.6235,78.4706,-63.0336,-45.8575,-155.883,-149.212,10,6.95271e-310,1635.14,6.68183e-310,784.706,1.4822e-323,-458.575,5.23261e-310,-1492.12,29.0646,1675.82,32.1728,822.98,36.5412,-424.447,39.6977,-1461.73,-230.767,-201.703,-122.277,-90.1046,36.4967,73.038,168.761,208.459,
0.625828,0.703762,0.817983,0.913557,0,200,0,-10,-10,-6.71134,-4.85096,1.91167,4.00976,9.39455,10,0,1039.46,0,953.738,0,828.094,0,722.963,29.2884,40.5239,32.3545,38.1207,36.4884,34.1847,39.5841,30.5467,110.851,158.023,48.4826,74.1078,-59.5884,-43.3238,-150.54,-145.016,10,6.95271e-310,1580.23,6.68183e-310,741.078,1.4822e-323,-433.238,5.23261e-310,-1450.16,29.2884,1620.75,32.3545,779.198,36.4884,-399.053,39.5841,-1419.61,-223.773,-194.485,-116.719,-84.3645,33.2465,69.7349,163.383,202.968,
0.630646,0.708723,0.816413,0.910106,0,200,0,-10,-10,-6.37298,-4.50174,1.71232,3.80732,9.10065,10,0,1034.17,0,948.281,0,829.821,0,726.759,29.4833,40.3823,32.5432,37.9597,36.4347,34.242,39.4784,30.6831,108.392,153.195,46.1637,69.4902,-56.2817,-40.6218,-145.739,-141.027,10,6.95271e-310,1531.95,6.68183e-310,694.902,1.4822e-323,-406.218,5.23261e-310,-1410.27,29.4833,1572.33,32.5432,732.861,36.4347,-371.976,39.4784,-1379.59,-217.623,-188.14,-110.834,-78.2911,29.7795,66.2142,158.272,197.751,
0.636926,0.7142,0.814208,0.905264,0,200,0,-10,-10,-5.98471,-4.10155,1.48567,3.57632,8.71812,10,0,1027.26,0,942.256,0,832.247,0,732.085,29.7363,40.1964,32.7507,37.7809,36.3591,34.3222,39.3294,30.8739,104.824,146.734,43.4086,64.1945,-52.2308,-37.5457,-139.357,-135.833,10,6.95271e-310,1467.34,6.68183e-310,641.945,1.4822e-323,-375.457,5.23261e-310,-1358.33,29.7363,1507.53,32.7507,679.726,36.3591,-341.135,39.3294,-1327.45,-209.389,-179.652,-104.082,-71.3313,25.8378,62.1969,151.619,190.949,
0.643133,0.719988,0.811943,0.900423,0,200,0,-10,-9.85012,-5.57601,-3.6803,1.24362,3.3298,8.32651,10,0,1020.43,0,935.889,0,834.738,0,737.411,29.9853,40.011,32.9688,37.5907,36.2813,34.4045,39.1795,31.0639,101.323,140.381,40.4375,58.6204,-48.1363,-34.2613,-133.035,-130.515,10,6.95271e-310,1403.81,6.68183e-310,586.204,1.4822e-323,-342.613,5.23261e-310,-1305.15,29.9853,1443.82,32.9688,623.795,36.2813,-308.209,39.1795,-1274.09,-201.292,-171.306,-96.9741,-64.0053,21.6282,57.9095,144.809,183.988,
0.649785,0.726196,0.809534,0.895246,0,200,0,-10,-9.34007,-5.14054,-3.23145,0.982669,3.06407,7.90127,10,0,1013.11,0,929.06,0,837.388,0,743.106,30.2507,39.8107,33.2015,37.3853,36.1983,34.4918,39.0181,31.2664,97.5235,133.629,37.1916,52.6814,-43.8209,-30.7207,-126.308,-124.742,10,6.95271e-310,1336.29,6.68183e-310,526.814,1.4822e-323,-307.207,5.23261e-310,-1247.42,30.2507,1376.1,33.2015,564.199,36.1983,-272.715,39.0181,-1216.15,-192.687,-162.436,-89.4006,-56.1991,17.0899,53.2882,137.413,176.431,
0.656843,0.732799,0.806934,0.889625,0,200,0,-10,-8.79869,-4.67621,-2.75297,0.702718,2.77896,7.43754,9.67095,0,1005.35,0,921.797,0,840.249,0,749.288,30.531,39.5962,33.4477,37.1652,36.1085,34.5858,38.8418,31.4852,93.412,126.462,33.644,46.3497,-39.3005,-26.922,-119.146,-118.445,10,6.95271e-310,1264.62,6.68183e-310,463.497,1.4822e-323,-269.22,5.23261e-310,-1184.45,30.531,1304.22,33.4477,500.662,36.1085,-234.635,38.8418,-1152.96,-183.552,-153.021,-81.3254,-47.8777,12.2212,48.3297,129.349,168.19,
0.664214,0.739714,0.804261,0.883789,0,200,0,-10,-8.23941,-4.1947,-2.25673,0.408565,2.47948,6.9467,9.1695,0,997.241,0,914.19,0,843.189,0,755.708,30.822,39.3701,33.7038,36.9331,36.0159,34.6822,38.6574,31.7113,89.0679,119.059,29.8666,39.7837,-34.6784,-22.9311,-111.741,-111.78,10,6.95271e-310,1190.59,6.68183e-310,397.837,1.4822e-323,-229.311,5.23261e-310,-1117.8,30.822,1229.96,33.7038,434.77,36.0159,-194.629,38.6574,-1086.09,-174.116,-143.294,-72.9513,-39.2475,7.10547,43.1214,120.812,159.47,
0.671692,0.746941,0.801493,0.878216,0,200,0,-9.47891,-7.68976,-3.70269,-1.74943,0.0944071,2.15979,6.45739,8.66999,0,989.015,0,906.241,0,846.234,0,761.838,31.1156,39.1385,33.9699,36.6885,35.9198,34.7817,38.48,31.9263,84.6655,111.788,25.8313,33.0737,-29.9251,-18.6695,-104.46,-105.138,10,6.95271e-310,1117.88,6.68183e-310,330.737,1.4822e-323,-186.695,5.23261e-310,-1051.38,31.1156,1157.02,33.9699,367.425,35.9198,-151.914,38.48,-1019.45,-164.851,-133.735,-64.3946,-30.4248,1.64186,37.5616,112.302,150.782,
0.679278,0.754491,0.798689,0.871217,0,200,0,-8.89882,-7.09266,-3.16388,-1.19474,-0.221132,1.83864,5.87564,8.07534,0,980.67,0,897.936,0,849.318,0,769.537,31.4116,38.9013,34.2459,36.431,35.8221,34.8823,38.2557,32.1948,80.0305,103.879,21.5539,25.7302,-25.3778,-14.3888,-96.4271,-97.2369,10,6.95271e-310,1038.79,6.68183e-310,257.302,1.4822e-323,-143.888,5.23261e-310,-972.369,31.4116,1077.69,34.2459,293.733,35.8221,-109.006,38.2557,-940.174,-154.762,-123.351,-55.0239,-20.778,-3.84578,31.9763,102.185,140.441,
0.686864,0.762448,0.795777,0.864554,0,200,0,-8.33747,-6.51438,-2.6088,-0.623053,-0.561615,1.49231,5.29801,7.48533,0,972.326,0,889.183,0,852.522,0,776.867,31.7058,38.6619,34.5347,36.1574,35.7204,34.9865,38.0403,32.449,75.4187,96.2224,16.9534,18.1641,-20.7066,-9.7707,-88.6266,-89.3935,10,6.95271e-310,962.224,6.68183e-310,181.641,1.4822e-323,-97.707,5.23261e-310,-893.935,31.7058,1000.89,34.5347,217.799,35.7204,-62.7205,38.0403,-861.486,-144.999,-113.294,-45.3704,-10.8357,-9.76722,25.9531,92.1393,130.18,
0.69469,0.770526,0.79284,0.857567,0,200,0,-7.75974,-5.91931,-2.04759,-0.0451142,-0.907136,1.14087,4.68861,6.86284,0,963.717,0,880.298,0,855.752,0,784.552,32.0073,38.4126,34.8256,35.8772,35.6175,35.0912,37.8127,32.714,70.5419,88.3436,12.1909,10.5153,-16.0884,-5.08428,-80.6092,-81.1181,10,6.95271e-310,883.436,6.68183e-310,105.153,1.4822e-323,-50.8428,5.23261e-310,-811.181,32.0073,921.849,34.8256,141.03,35.6175,-15.7516,37.8127,-778.467,-134.952,-102.945,-35.6102,-0.784595,-15.7763,19.8412,81.541,119.354,
0.702731,0.778471,0.789868,0.850149,0,200,0,-7.1619,-5.30377,-1.49311,0.525688,-1.24847,0.793531,4.04646,6.20668,0,954.872,0,871.558,0,859.021,0,792.712,32.3152,38.154,35.1096,35.5994,35.513,35.1969,37.5689,32.9936,65.3357,80.1924,7.3638,2.95966,-11.6052,-0.45381,-72.3515,-72.3966,10,6.95271e-310,801.924,6.68183e-310,29.5966,1.4822e-323,-4.5381,5.23261e-310,-723.966,32.3152,840.078,35.1096,65.196,35.513,30.6588,37.5689,-690.973,-124.555,-92.2395,-25.9672,9.1424,-21.7125,13.8005,70.3733,107.942,
0.710796,0.786273,0.786872,0.842395,0,200,0,-6.55636,-4.6806,-0.944958,1.08975,-1.58589,0.45004,3.37936,5.5248,0,946,0,862.976,0,862.316,0,801.241,32.6219,37.8921,35.3863,35.3244,35.4074,35.3032,37.312,33.2839,59.9347,71.9381,2.47944,-4.50823,-7.30599,4.1243,-64.013,-63.3347,10,6.95271e-310,719.381,6.68183e-310,-45.0823,1.4822e-323,41.243,5.23261e-310,-633.347,32.6219,757.273,35.3863,-9.75789,35.4074,76.5462,37.312,-600.063,-114.024,-81.4017,-16.434,18.9522,-27.5806,7.82678,58.7715,96.0834,
0.719281,0.793967,0.783972,0.834198,0,200,0,-5.92147,-4.02729,-0.408981,1.6413,-1.91565,0.114382,2.67084,4.80052,0,936.667,0,854.512,0,865.507,0,810.258,32.9422,37.614,35.657,35.0511,35.3049,35.4057,37.0379,33.5886,54.0895,63.2846,-2.419,-11.8098,-3.182,8.5984,-55.3509,-53.7094,10,6.95271e-310,632.846,6.68183e-310,-118.098,1.4822e-323,85.984,5.23261e-310,-537.094,32.9422,670.46,35.657,-83.0473,35.3049,121.39,37.0379,-503.505,-102.982,-70.0398,-7.11272,28.5443,-33.3156,1.98925,46.4495,83.4874,
0.728006,0.801685,0.780988,0.826564,0,200,0,-5.30213,-3.38916,0.107868,2.17364,-2.25764,-0.233692,1.98245,4.09732,0,927.07,0,846.023,0,868.789,0,818.656,33.2691,37.3251,35.9264,34.7749,35.1991,35.5109,36.7804,33.8704,48.0596,54.8392,-7.46925,-18.8528,1.05479,13.2383,-46.9434,-44.3594,10,6.95271e-310,548.392,6.68183e-310,-188.528,1.4822e-323,132.383,5.23261e-310,-443.594,33.2691,585.718,35.9264,-153.754,35.1991,167.894,36.7804,-409.724,-92.211,-58.9419,1.87596,37.8024,-39.2633,-4.06421,34.4774,71.2578,
0.736874,0.809822,0.77834,0.817025,0,200,0,-4.61954,-2.68761,0.676148,2.75812,-2.59019,-0.571661,1.15459,3.25079,0,917.315,0,837.072,0,871.703,0,829.149,33.5988,37.0286,36.2082,34.4814,35.1049,35.604,36.4556,34.2197,41.6861,45.5409,-12.6908,-26.5921,4.68306,17.7477,-37.6825,-33.1104,10,6.95271e-310,455.409,6.68183e-310,-265.921,1.4822e-323,177.477,5.23261e-310,-331.104,33.5988,492.438,36.2082,-231.44,35.1049,213.081,36.4556,-296.885,-80.3398,-46.741,11.7591,47.9673,-45.0468,-9.94192,20.0799,56.5355,
0.746449,0.816413,0.775236,0.808,0,200,0,-3.91902,-1.96679,1.12824,3.22323,-2.89589,-0.88372,0.37582,2.45418,0,906.782,0,829.821,0,875.117,0,839.075,33.9518,36.7052,36.4347,34.242,34.9942,35.7128,36.1454,34.5473,34.3942,35.9947,-17.53,-32.7493,8.45754,21.9,-28.4597,-22.5265,10,6.95271e-310,359.947,6.68183e-310,-327.493,1.4822e-323,219,5.23261e-310,-225.265,33.9518,396.653,36.4347,-293.251,34.9942,254.713,36.1454,-190.717,-68.1569,-34.2051,19.6215,56.0562,-50.3633,-15.369,6.536,42.6814,
0.756276,0.824551,0.772503,0.798689,0,200,0,-3.21753,-1.24465,1.66111,3.77206,-3.2429,-1.23635,-0.47663,1.58314,0,895.972,0,820.87,0,878.123,0,849.318,34.3109,36.3698,36.7121,33.9443,34.8965,35.8083,35.8221,34.8823,27.172,26.4342,-23.0343,-40.0093,12.1428,26.6054,-19.1116,-10.9451,10,6.95271e-310,264.342,6.68183e-310,-400.093,1.4822e-323,266.054,5.23261e-310,-109.451,34.3109,300.712,36.7121,-366.149,34.8965,301.862,35.8221,-74.5692,-55.957,-21.6461,28.8889,65.6011,-56.3982,-21.5017,-8.28922,27.5329,
0.766271,0.831226,0.769855,0.789053,0,200,0,-2.49453,-0.500852,2.1018,4.22573,-3.53814,-1.53705,-1.33337,0.706979,0,884.977,0,813.528,0,881.036,0,859.917,34.6727,36.0251,36.9379,33.6985,34.8015,35.9006,35.4843,35.2259,19.3945,16.5838,-27.9348,-46.0119,15.3338,30.6123,-9.71585,0.698745,10,6.95271e-310,165.838,6.68183e-310,-460.119,1.4822e-323,306.123,5.23261e-310,6.98745,34.6727,201.863,36.9379,-426.42,34.8015,342.023,35.4843,42.2133,-43.3831,-8.71047,36.553,73.4909,-61.5328,-26.7313,-23.189,12.2953,
0.776386,0.838404,0.767362,0.779047,0,200,0,-1.76597,0.248556,2.56845,4.70623,-3.84709,-1.85115,-2.24046,-0.22048,0,873.851,0,805.631,0,883.778,0,870.925,35.0353,35.6725,37.1789,33.4325,34.7119,35.9872,35.1301,35.5792,11.485,6.65882,-33.1236,-52.3683,18.3138,34.8025,-0.263261,13.0267,10,6.95271e-310,66.5882,6.68183e-310,-523.683,1.4822e-323,348.025,5.23261e-310,130.267,35.0353,102.261,37.1789,-490.25,34.7119,384.012,35.1301,165.846,-30.7126,4.32271,44.6687,81.8475,-66.9059,-32.194,-38.9645,-3.83444,
0.786393,0.84611,0.765085,0.769219,0,200,0,-1.06195,0.973003,3.05419,5.20672,-4.17045,-2.17923,-3.16171,-1.16193,0,862.844,0,797.155,0,886.283,0,881.735,35.3905,35.3202,37.4354,33.145,34.6299,36.0662,34.7787,35.9227,3.71962,-2.93259,-38.5673,-58.9858,21.109,39.1847,8.88206,25.5453,10,6.95271e-310,-29.3259,6.68183e-310,-589.858,1.4822e-323,391.847,5.23261e-310,255.453,35.3905,5.99422,37.4354,-556.713,34.6299,427.913,34.7787,291.375,-18.4687,16.9218,53.1163,90.5517,-72.5296,-37.8997,-54.9862,-20.2075,
0.796484,0.851827,0.762952,0.759356,0,200,0,-0.345205,1.71014,3.41268,5.57608,-4.42409,-2.4373,-4.05732,-2.07801,0,851.744,0,790.867,0,888.629,0,892.584,35.7451,34.9612,37.6242,32.9305,34.5529,36.14,34.4227,36.264,-4.55901,-12.6946,-43.0831,-63.8695,23.3466,42.6258,17.8929,37.7204,10,6.95271e-310,-126.946,6.68183e-310,-638.695,1.4822e-323,426.258,5.23261e-310,377.204,35.7451,-91.9846,37.6242,-605.764,34.5529,462.398,34.4227,413.468,-6.00356,29.7415,59.351,96.9752,-76.9407,-42.3878,-70.5621,-36.1394,
0.80661,0.858526,0.76101,0.749469,0,200,0,0.356339,2.43193,3.819,5.99503,-4.70767,-2.72491,-4.99092,-3.03232,0,840.605,0,783.497,0,890.765,0,903.46,36.0973,34.5975,37.844,32.6777,34.4827,36.207,34.0625,36.6025,-12.7414,-22.2503,-48.0868,-69.4058,25.4827,46.4684,26.7522,50.4094,10,6.95271e-310,-222.503,6.68183e-310,-694.058,1.4822e-323,464.684,5.23261e-310,504.094,36.0973,-187.905,37.844,-661.38,34.4827,500.891,34.0625,540.697,6.1972,42.2945,66.4173,104.261,-81.8725,-47.3898,-86.7986,-52.7361,
0.816785,0.863619,0.759273,0.74005,0,200,0,1.04818,3.14391,4.11166,6.29723,-4.9342,-2.95506,-5.87519,-3.93651,0,829.413,0,777.895,0,892.676,0,913.821,36.4474,34.2284,38.0099,32.4845,34.4197,36.2668,33.7162,36.9217,-21.1864,-31.6739,-52.2796,-73.3954,27.2224,49.5401,35.2654,62.4301,10,6.95271e-310,-316.739,6.68183e-310,-733.954,1.4822e-323,495.401,5.23261e-310,624.301,36.4474,-282.511,38.0099,-701.469,34.4197,531.668,33.7162,661.223,18.2293,54.6767,71.5072,109.517,-85.8121,-51.3924,-102.177,-68.461,
0.826983,0.869036,0.757834,0.73099,0,200,0,1.71612,3.83181,4.40491,6.60056,-5.16396,-3.18783,-6.75961,-4.84024,0,818.194,0,771.936,0,894.258,0,923.787,36.7946,33.8549,38.1854,32.2782,34.3675,36.3163,33.3803,37.2257,-29.5089,-40.7737,-56.56,-77.3951,28.7891,52.6522,43.4714,74.4503,10,6.95271e-310,-407.737,6.68183e-310,-773.951,1.4822e-323,526.522,5.23261e-310,744.503,36.7946,-373.882,38.1854,-741.673,34.3675,562.838,33.3803,781.729,29.8455,66.6401,76.6071,114.792,-89.808,-55.4405,-117.558,-84.178,
0.837074,0.874093,0.756576,0.722313,0,200,0,2.36058,4.49581,4.66386,6.86887,-5.37841,-3.4049,-7.62141,-5.72068,0,807.094,0,766.373,0,895.642,0,933.331,37.1344,33.4819,38.3481,32.0846,34.3218,36.3595,33.0561,37.5139,-37.7562,-49.5543,-60.6362,-80.929,30.1408,55.5559,51.3162,86.1627,10,6.95271e-310,-495.543,6.68183e-310,-809.29,1.4822e-323,555.559,5.23261e-310,861.627,37.1344,-462.061,38.3481,-777.206,34.3218,591.919,33.0561,899.141,41.0536,78.188,81.1106,119.459,-93.5375,-59.2157,-132.546,-99.4901,
0.847105,0.878588,0.755557,0.713921,0,200,0,2.98929,5.14372,4.87737,7.09065,-5.56755,-3.59618,-8.46383,-6.58127,0,796.06,0,761.43,0,896.763,0,942.563,37.4683,33.1078,38.4919,31.912,34.2847,36.3945,32.7401,37.79,-45.9944,-58.1202,-64.3738,-83.8453,31.2049,58.1161,58.8692,97.6119,10,6.95271e-310,-581.202,6.68183e-310,-838.453,1.4822e-323,581.161,5.23261e-310,976.119,37.4683,-548.094,38.4919,-806.541,34.2847,617.556,32.7401,1013.91,51.9876,89.4559,84.8238,123.316,-96.827,-62.5422,-147.197,-114.457,
0.85716,0.882866,0.754779,0.705895,0,200,0,3.59931,5.77277,5.06242,7.28353,-5.74284,-3.7731,-9.29039,-7.42534,0,785,0,756.723,0,897.62,0,951.392,37.7993,32.7294,38.6281,31.747,34.2564,36.4212,32.4358,38.0516,-54.1809,-66.4326,-67.9443,-86.3757,32.0795,60.4871,66.1428,108.844,10,6.95271e-310,-664.326,6.68183e-310,-863.757,1.4822e-323,604.871,5.23261e-310,1088.44,37.7993,-631.597,38.6281,-832.01,34.2564,641.292,32.4358,1126.49,62.5967,100.396,88.0421,126.67,-99.8755,-65.6191,-161.572,-129.136,
0.866711,0.886114,0.754239,0.698548,0,200,0,4.16902,6.36036,5.17921,7.40624,-5.87657,-3.90796,-10,-8.20075,0,774.494,0,753.151,0,898.213,0,959.473,38.1102,32.3668,38.731,31.6214,34.2367,36.4396,32.1553,38.2888,-62.0156,-74.1955,-70.8778,-87.9771,32.6476,62.2953,72.8229,119.163,10,6.95271e-310,-741.955,6.68183e-310,-879.771,1.4822e-323,622.953,5.23261e-310,1191.63,38.1102,-709.588,38.731,-848.15,34.2367,659.393,32.1553,1229.92,72.5047,110.615,90.0732,128.804,-102.201,-67.9646,-174.777,-142.622,
0.875951,0.888966,0.753892,0.692041,0,200,0,4.69455,6.90299,5.25824,7.49045,-5.99144,-4.02356,-10,-8.91293,0,764.33,0,750.014,0,898.595,0,966.631,38.4076,32.0133,38.821,31.5108,34.2241,36.4515,31.9055,38.4973,-69.4568,-81.3587,-73.5169,-89.0662,33.1286,63.8472,78.9581,128.644,10,6.95271e-310,-813.587,6.68183e-310,-890.662,1.4822e-323,638.472,5.23261e-310,1286.44,38.4076,-781.574,38.821,-859.151,34.2241,674.924,31.9055,1324.94,81.6444,120.052,91.4477,130.269,-104.199,-69.9749,-186.913,-155.007,
0.884448,0.891315,0.753772,0.686361,0,200,0,5.16386,7.38786,5.30396,7.54042,-6.0811,-4.11347,-10,-9.54937,0,754.983,0,747.43,0,898.727,0,972.879,38.6783,31.6858,38.8949,31.4195,34.2197,36.4556,31.6863,38.6779,-76.2253,-87.7563,-75.7408,-89.7019,33.4248,65.0569,84.3973,137.12,10,6.95271e-310,-877.563,6.68183e-310,-897.019,1.4822e-323,650.569,5.23261e-310,1371.2,38.6783,-845.877,38.8949,-865.599,34.2197,687.025,31.6863,1409.87,89.8063,128.485,92.2428,131.138,-105.758,-71.5385,-197.762,-166.076,
0.892621,0.893172,0.753964,0.681147,0,200,0,5.60534,7.84416,5.31367,7.55348,-6.14208,-4.17405,-10,-10,0,745.993,0,745.386,0,898.516,0,978.614,38.9359,31.3687,38.9532,31.3472,34.2267,36.4491,31.4842,38.8425,-82.666,-93.7748,-77.5526,-89.8481,33.4752,65.8769,89.4555,145.056,10,6.95271e-310,-937.748,6.68183e-310,-898.481,1.4822e-323,658.769,5.23261e-310,1450.56,38.9359,-906.38,38.9532,-867.134,34.2267,695.218,31.4842,1489.4,97.4842,136.42,92.4116,131.365,-106.819,-72.5922,-207.923,-176.439,
0.900375,0.894922,0.754515,0.67627,0,200,0,6.01772,8.27046,5.31353,7.55649,-6.18457,-4.21538,-10,-10,0,737.464,0,743.462,0,897.91,0,983.979,39.178,31.0658,39.008,31.279,34.2468,36.4302,31.2944,38.9956,-88.6749,-99.3965,-79.1109,-89.8606,33.2598,66.4436,94.1389,152.659,10,6.95271e-310,-993.965,6.68183e-310,-898.606,1.4822e-323,664.436,5.23261e-310,1526.59,39.178,-962.899,39.008,-867.327,34.2468,700.866,31.2944,1565.58,104.656,143.834,92.4092,131.417,-107.558,-73.3109,-217.658,-186.364,
0.907829,0.896084,0.75539,0.671836,0,200,0,6.40655,8.67254,5.27265,7.5177,-6.1942,-4.22318,-10,-10,0,729.264,0,742.183,0,896.947,0,988.857,39.4085,30.7729,39.0443,31.2336,34.2786,36.4002,31.1212,39.134,-94.3825,-104.697,-80.194,-89.3192,32.7956,66.5641,98.4851,159.71,10,6.95271e-310,-1046.97,6.68183e-310,-893.192,1.4822e-323,665.641,5.23261e-310,1597.1,39.4085,-1016.2,39.0443,-861.958,34.2786,702.041,31.1212,1636.23,111.418,150.827,91.6982,130.743,-107.725,-73.4466,-226.687,-195.566,
0.91502,0.896923,0.757223,0.667905,0,200,0,6.77003,9.04868,5.19472,7.44128,-6.15169,-4.17684,-10,-10,0,721.354,0,741.26,0,894.93,0,993.181,39.6287,30.4888,39.0705,31.2009,34.3453,36.3373,30.9671,39.2561,-99.5876,-109.653,-80.605,-88.2757,31.7547,65.9716,102.457,166.411,10,6.95271e-310,-1096.53,6.68183e-310,-882.757,1.4822e-323,659.716,5.23261e-310,1664.11,39.6287,-1066.04,39.0705,-851.557,34.3453,696.053,30.9671,1703.37,117.74,157.368,90.343,129.414,-106.986,-72.6406,-235.273,-204.306,
0.921815,0.897499,0.759141,0.664717,0,200,0,7.09438,9.38489,5.09525,7.34284,-6.09649,-4.11763,-10,-10,0,713.88,0,740.627,0,892.821,0,996.687,39.835,30.2188,39.0885,31.1784,34.4149,36.2714,30.8418,39.3546,-104.323,-114.078,-80.7991,-86.9397,30.7481,65.2071,105.988,172.273,10,6.95271e-310,-1140.78,6.68183e-310,-869.397,1.4822e-323,652.071,5.23261e-310,1722.73,39.835,-1110.56,39.0885,-838.219,34.4149,688.342,30.8418,1762.09,123.38,163.215,88.613,127.702,-106.026,-71.6109,-242.787,-211.945,
0.928538,0.89781,0.761669,0.662009,0,200,0,7.40058,9.70272,4.96368,7.21183,-6.00602,-4.02189,-10,-10,0,706.484,0,740.285,0,890.04,0,999.667,40.0372,29.9503,39.0982,31.1662,34.5065,36.1842,30.7351,39.438,-108.747,-118.256,-80.5493,-85.1689,29.428,63.961,109.266,177.782,10,6.95271e-310,-1182.56,6.68183e-310,-851.689,1.4822e-323,639.61,5.23261e-310,1777.82,40.0372,-1152.61,39.0982,-820.523,34.5065,675.794,30.7351,1817.26,128.706,168.743,86.3249,125.423,-104.452,-69.946,-249.852,-219.117,
0.933763,0.89781,0.764558,0.659684,0,200,0,7.64855,9.95966,4.83731,7.08545,-5.88889,-3.89876,-10,-10,0,700.737,0,740.285,0,886.863,0,1002.22,40.1932,29.7407,39.0982,31.1662,34.6109,36.0844,30.6433,39.5093,-112.083,-121.638,-79.7882,-83.4657,27.7159,62.3518,111.789,182.455,10,6.95271e-310,-1216.38,6.68183e-310,-834.657,1.4822e-323,623.518,5.23261e-310,1824.55,40.1932,-1186.64,39.0982,-803.49,34.6109,659.603,30.6433,1864.06,133.018,173.211,84.1271,123.225,-102.415,-67.8046,-255.845,-225.202,
0.939252,0.897415,0.767757,0.657574,0,200,0,7.89996,10,4.67296,6.92039,-5.74598,-3.74923,-10,-10,0,694.699,0,740.72,0,883.343,0,1004.54,40.3558,29.5196,39.0859,31.1816,34.7262,35.9735,30.5599,39.5739,-115.502,-125.068,-78.7164,-81.2473,25.843,60.3921,114.303,186.997,10,6.95271e-310,-1250.68,6.68183e-310,-812.473,1.4822e-323,603.921,5.23261e-310,1869.97,40.3558,-1221.16,39.0859,-781.291,34.7262,639.895,30.5599,1909.55,137.391,177.746,81.2688,120.355,-99.9301,-65.2039,-261.673,-231.113,
0.944357,0.89654,0.77152,0.655705,0,200,0,8.13555,10,4.47709,6.72296,-5.56349,-3.55896,-10,-10,0,689.083,0,741.682,0,879.203,0,1006.6,40.506,29.3132,39.0586,31.2158,34.8613,35.8426,30.4859,39.6309,-118.558,-128.28,-77.0837,-78.6002,23.559,57.8931,116.538,191.212,10,6.95271e-310,-1282.8,6.68183e-310,-786.002,1.4822e-323,578.931,5.23261e-310,1912.12,40.506,-1253.49,39.0586,-754.786,34.8613,614.774,30.4859,1951.75,141.488,181.994,77.8625,116.921,-96.7563,-61.895,-267.081,-236.595,
0.949055,0.895042,0.774804,0.654159,0,200,0,8.35106,10,4.2565,6.49968,-5.38108,-3.36979,-10,-10,0,683.916,0,743.33,0,875.591,0,1008.3,40.6433,29.1226,39.0118,31.2743,34.9788,35.7279,30.4246,39.678,-121.477,-131.219,-75.3481,-75.6147,21.5078,55.4005,118.546,194.681,10,6.95271e-310,-1312.19,6.68183e-310,-756.147,1.4822e-323,554.005,5.23261e-310,1946.81,40.6433,-1283.07,39.0118,-724.873,34.9788,589.732,30.4246,1986.49,145.236,185.879,74.0261,113.038,-93.5839,-58.6051,-271.534,-241.109,
0.953345,0.892873,0.778615,0.653056,0,200,0,8.54508,10,3.9906,6.22987,-5.1539,-3.1348,-10,-10,0,679.196,0,745.716,0,871.399,0,1009.51,40.7678,28.9479,38.9438,31.3589,35.1147,35.5943,30.3808,39.7115,-123.996,-133.865,-72.9673,-72.013,19.099,52.2992,120.226,197.557,10,6.95271e-310,-1338.65,6.68183e-310,-720.13,1.4822e-323,522.992,5.23261e-310,1975.57,40.7678,-1309.7,38.9438,-688.771,35.1147,558.587,30.3808,2015.28,148.61,189.378,69.4018,108.346,-89.6331,-54.5183,-275.226,-244.845,
0.957216,0.890296,0.782726,0.652445,0,200,0,8.71289,10,3.69693,5.93154,-4.90017,-2.87268,-10,-10,0,674.938,0,748.55,0,866.878,0,1010.19,40.8796,28.7899,38.8629,31.4591,35.2607,35.4497,30.3566,39.7301,-126.097,-136.154,-70.1866,-68.0334,16.524,48.8373,121.571,199.803,10,6.95271e-310,-1361.54,6.68183e-310,-680.334,1.4822e-323,488.373,5.23261e-310,1998.03,40.8796,-1332.75,38.8629,-648.875,35.2607,523.823,30.3566,2037.76,151.529,192.408,64.2944,103.157,-85.2204,-49.9597,-278.116,-247.759,
0.964574,0.887132,0.787495,0.652182,0,200,0,8.97674,10,3.26678,5.49566,-4.60081,-2.56362,-10,-10,0,666.845,0,752.03,0,861.631,0,1010.48,41.0903,28.4884,38.7632,31.5819,35.4294,35.2811,30.3461,39.7381,-130.132,-139.762,-67.3183,-62.2095,13.9891,44.7539,124.042,202.932,10,6.95271e-310,-1397.62,6.68183e-310,-622.095,1.4822e-323,447.539,5.23261e-310,2029.32,41.0903,-1369.13,38.7632,-590.513,35.4294,482.82,30.3461,2069.06,156.117,197.208,56.8136,95.5768,-80.0141,-44.5847,-282.148,-251.802,
0.96364,0.883645,0.79163,0.652265,0,200,0,8.98506,10,3.02186,5.2444,-4.31453,-2.26897,-10,-10,0,667.872,0,755.867,0,857.083,0,1010.38,41.0637,28.5267,38.6528,31.7169,35.575,35.1343,30.3494,39.7355,-129.283,-139.868,-63.4192,-58.8791,10.8264,40.8536,123.397,202.642,10,6.95271e-310,-1398.68,6.68183e-310,-588.791,1.4822e-323,408.536,5.23261e-310,2026.42,41.0637,-1370.15,38.6528,-557.074,35.575,443.67,30.3494,2066.16,156.262,197.326,52.5541,91.2069,-75.0352,-39.4603,-281.776,-251.426,
0.966192,0.87981,0.7964,0.652733,0,200,0,9.08604,10,2.65308,4.86861,-3.99149,-1.93632,-10,-10,0,665.065,0,760.085,0,851.836,0,1009.87,41.1364,28.4218,38.5309,31.8649,35.7422,34.9642,30.368,39.7213,-130.325,-141.247,-59.5646,-53.8761,7.76243,36.4519,123.864,203.265,10,6.95271e-310,-1412.47,6.68183e-310,-538.761,1.4822e-323,364.519,5.23261e-310,2032.65,41.1364,-1384.04,38.5309,-506.896,35.7422,399.483,30.368,2072.37,158.018,199.155,46.1405,84.6714,-69.4173,-33.6751,-282.587,-252.219,
0.968577,0.875615,0.801936,0.653763,0,200,0,9.16644,10,2.24241,4.45023,-3.62464,-1.55837,-10,-10,0,662.441,0,764.699,0,845.746,0,1008.74,41.204,28.3236,38.3969,32.0262,35.9352,34.7658,30.4089,39.69,-130.982,-142.347,-55.1491,-48.3052,4.30146,31.4524,124.026,203.421,10,6.95271e-310,-1423.47,6.68183e-310,-483.052,1.4822e-323,314.524,5.23261e-310,2034.21,41.204,-1395.14,38.3969,-451.026,35.9352,349.29,30.4089,2073.9,159.416,200.62,38.9985,77.3954,-63.0373,-27.1021,-282.805,-252.396,
0.970111,0.871013,0.80655,0.655645,0,200,0,9.19277,10,1.82594,4.02527,-3.28032,-1.20485,-10,-10,0,660.754,0,769.761,0,840.671,0,1006.67,41.2474,28.2604,38.2491,32.2026,36.0952,34.5996,30.4835,39.6327,-131.118,-142.712,-50.8853,-42.6523,1.45939,26.7662,123.722,202.13,10,6.95271e-310,-1427.12,6.68183e-310,-426.523,1.4822e-323,267.662,5.23261e-310,2021.3,41.2474,-1398.86,38.2491,-394.321,36.0952,302.262,30.4835,2060.93,159.874,201.122,31.7556,70.0047,-57.0491,-20.9539,-281.168,-250.685,
0.971441,0.866028,0.812602,0.658078,0,200,0,9.19924,10,1.35464,3.5447,-2.86481,-0.777332,-10,-10,0,659.291,0,775.245,0,834.013,0,1003.99,41.285,28.2055,38.0881,32.3929,36.304,34.3806,30.5799,39.5585,-130.727,-142.808,-45.7244,-36.2566,-2.21016,21.1068,123.026,200.552,10,6.95271e-310,-1428.08,6.68183e-310,-362.566,1.4822e-323,211.068,5.23261e-310,2005.52,41.285,-1399.88,38.0881,-330.173,36.304,245.449,30.5799,2045.08,159.987,201.272,23.5589,61.647,-49.8228,-13.5188,-279.171,-248.591,
0.972532,0.860791,0.818175,0.661002,0,200,0,9.18115,10,0.870042,3.05032,-2.46034,-0.361874,-10,-10,0,658.091,0,781.006,0,827.883,0,1000.77,41.3157,28.1605,37.9179,32.5919,36.495,34.1777,30.6954,39.4689,-130.197,-142.572,-40.6832,-29.679,-5.5468,15.6015,122.134,198.238,10,6.95271e-310,-1425.72,6.68183e-310,-296.79,1.4822e-323,156.015,5.23261e-310,1982.38,41.3157,-1397.56,37.9179,-264.198,36.495,190.192,30.6954,2021.85,159.672,200.988,15.1312,53.0491,-42.7884,-6.29347,-276.232,-245.537,
0.973131,0.855374,0.823268,0.664705,0,200,0,9.12077,10,0.377157,2.54725,-2.06808,0.0403664,-10,-10,0,657.432,0,786.964,0,822.281,0,996.7,41.3326,28.1357,37.7408,32.7968,36.6686,33.9914,30.8413,39.3549,-129.259,-141.762,-35.7448,-22.9877,-8.49126,10.2659,120.873,194.86,10,6.95271e-310,-1417.62,6.68183e-310,-229.877,1.4822e-323,102.659,5.23261e-310,1948.6,41.3326,-1389.49,37.7408,-197.08,36.6686,136.65,30.8413,1987.95,158.622,199.955,6.55926,44.3001,-35.9666,0.702024,-271.93,-241.089,
0.973586,0.849706,0.829117,0.667977,0,200,0,9.07218,10,-0.136157,2.02322,-1.64057,0.479269,-10,-10,0,656.931,0,793.2,0,815.848,0,993.102,41.3454,28.1169,37.5543,33.0102,36.8667,33.7764,30.9699,39.2538,-128.326,-141.11,-30.3669,-16.0181,-12.1182,4.44852,119.57,191.978,10,6.95271e-310,-1411.1,6.68183e-310,-160.181,1.4822e-323,44.4852,5.23261e-310,1919.78,41.3454,-1382.99,37.5543,-127.171,36.8667,78.2616,30.9699,1959.03,157.777,199.122,-2.36795,35.1863,-28.5316,8.33511,-268.263,-237.293,
0.973706,0.844109,0.835804,0.672123,0,200,0,8.98369,10,-0.672849,1.47587,-1.18248,0.950293,-10,-10,0,656.799,0,799.356,0,808.492,0,988.54,41.3488,28.1119,37.369,33.2199,37.0918,33.5291,31.1324,39.1251,-126.739,-139.918,-24.5963,-8.73363,-16.0641,-1.78814,117.756,188.445,10,6.95271e-310,-1399.18,6.68183e-310,-87.3363,1.4822e-323,-17.8814,5.23261e-310,1884.45,41.3488,-1371.07,37.369,-54.1164,37.0918,15.6477,31.1324,1923.58,156.238,197.587,-11.7017,25.6672,-20.5649,16.5268,-263.77,-232.637,
0.973508,0.838464,0.841856,0.677181,0,200,0,8.85201,10,-1.21474,0.923164,-0.747668,1.39674,-10,-10,0,657.017,0,805.565,0,801.834,0,982.977,41.3432,28.1201,37.1809,33.4303,37.294,33.304,31.3299,38.9671,-124.821,-138.142,-19.0971,-1.37808,-19.4538,-7.70457,115.598,183.787,10,6.95271e-310,-1381.42,6.68183e-310,-13.7808,1.4822e-323,-77.0457,5.23261e-310,1837.87,41.3432,-1353.3,37.1809,19.6494,37.294,-43.7418,31.3299,1876.83,153.948,195.291,-21.1258,16.055,-13.0029,24.2911,-257.837,-226.507,
0.972951,0.832856,0.847261,0.681711,0,200,0,8.72377,10,-1.72791,0.399174,-0.342654,1.81207,-10,-10,0,657.63,0,811.735,0,795.889,0,977.994,41.3275,28.1431,36.9928,33.6383,37.4735,33.1019,31.5061,38.8248,-123.043,-136.41,-13.9318,5.59071,-22.6785,-13.2128,113.499,179.336,10,6.95271e-310,-1364.1,6.68183e-310,55.9071,1.4822e-323,-132.128,5.23261e-310,1793.36,41.3275,-1335.96,36.9928,89.5454,37.4735,-99.026,31.5061,1832.19,151.718,193.045,-30.0506,6.94215,-5.9592,31.5143,-252.165,-220.658,
0.971873,0.827319,0.853888,0.687743,0,200,0,8.52963,10,-2.28032,-0.163981,0.107002,2.27429,-10,-10,0,658.816,0,817.825,0,788.599,0,971.358,41.2971,28.1877,36.806,33.8426,37.692,32.8529,31.7398,38.634,-120.234,-133.786,-8.15646,13.0882,-26.3105,-19.3332,110.559,173.718,10,6.95271e-310,-1337.86,6.68183e-310,130.882,1.4822e-323,-193.332,5.23261e-310,1737.18,41.2971,-1309.67,36.806,164.725,37.692,-160.479,31.7398,1775.82,148.341,189.639,-39.6578,-2.85185,1.86091,39.553,-245.007,-213.268,
0.970099,0.821998,0.859617,0.693515,0,200,0,8.31827,10,-2.78533,-0.679374,0.511397,2.68948,-10,-10,0,660.767,0,823.678,0,782.298,0,965.009,41.2471,28.2609,36.6254,34.038,37.8796,32.6364,31.9622,38.4502,-117.288,-130.925,-2.84068,19.9453,-29.5557,-24.8347,107.494,167.94,10,6.95271e-310,-1309.25,6.68183e-310,199.453,1.4822e-323,-248.347,5.23261e-310,1679.4,41.2471,-1280.99,36.6254,233.491,37.8796,-215.711,31.9622,1717.85,144.666,185.913,-48.4406,-11.8152,8.89387,46.7735,-237.639,-205.677,
0.96769,0.816653,0.865129,0.699052,0,200,0,8.09285,10,-3.27211,-1.17664,0.904858,3.09325,-10,-10,0,663.417,0,829.558,0,776.234,0,958.919,41.1789,28.3602,36.4429,34.2332,38.059,32.4271,32.1746,38.2726,-114.15,-127.87,2.4342,26.5574,-32.8625,-30.1865,104.236,162.126,10,6.95271e-310,-1278.7,6.68183e-310,265.574,1.4822e-323,-301.865,5.23261e-310,1621.26,41.1789,-1250.34,36.4429,299.807,38.059,-269.438,32.1746,1659.53,140.745,181.924,-56.9063,-20.4634,15.7367,53.7956,-230.221,-198.046,
0.964802,0.81138,0.870378,0.70629,0,200,0,7.7924,10,-3.77523,-1.69017,1.28517,3.48331,-10,-10,0,666.594,0,835.358,0,770.46,0,950.957,41.0968,28.479,36.2619,34.4249,38.2286,32.2269,32.4508,38.0387,-110.244,-123.801,7.61536,33.3896,-35.6424,-35.3581,100.249,154.572,10,6.95271e-310,-1238.01,6.68183e-310,333.896,1.4822e-323,-353.581,5.23261e-310,1545.72,41.0968,-1209.53,36.2619,368.321,38.2286,-321.354,32.4508,1583.75,135.52,176.617,-65.6562,-29.3943,22.3507,60.5794,-220.581,-188.13,
0.961518,0.806335,0.875196,0.713049,0,200,0,7.49155,9.84923,-4.24101,-2.16597,1.63745,3.8445,-10,-10,0,670.206,0,840.908,0,765.16,0,943.522,41.0031,28.6138,36.0878,34.6074,38.3835,32.0423,32.7072,37.8185,-106.358,-119.723,12.5127,39.7168,-38.3411,-40.1478,96.2472,147.303,10,6.95271e-310,-1197.23,6.68183e-310,397.168,1.4822e-323,-401.478,5.23261e-310,1473.03,41.0031,-1168.62,36.0878,431.775,38.3835,-369.436,32.7072,1510.85,130.288,171.291,-73.7568,-37.669,28.4774,66.8609,-211.302,-178.595,
0.957803,0.801589,0.879966,0.719341,0,200,0,7.18918,9.54073,-4.6715,-2.60592,1.97391,4.18972,-10,-9.75097,0,674.292,0,846.128,0,759.914,0,936.601,40.8965,28.7659,35.9231,34.7783,38.5359,31.8589,32.9445,37.612,-102.372,-115.622,17.2863,45.5657,-41.1666,-44.7235,92.1639,140.431,10,6.95271e-310,-1156.22,6.68183e-310,455.657,1.4822e-323,-447.235,5.23261e-310,1404.31,40.8965,-1127.45,35.9231,490.435,38.5359,-415.376,32.9445,1441.92,125.029,165.926,-81.2435,-45.3204,34.3289,72.8648,-202.526,-169.582,
0.953549,0.797155,0.884376,0.727442,0,200,0,6.80487,9.14936,-5.10216,-3.04547,2.28364,4.50751,-10,-9.09739,0,678.972,0,851.006,0,755.062,0,927.689,40.7737,28.9396,35.7685,34.9372,38.676,31.6886,33.2481,37.3439,-97.5388,-110.412,21.8439,51.4143,-43.3506,-48.9353,87.2637,131.766,10,6.95271e-310,-1104.12,6.68183e-310,514.143,1.4822e-323,-489.353,5.23261e-310,1317.66,40.7737,-1075.18,35.7685,549.08,38.676,-457.664,33.2481,1355.01,118.346,159.119,-88.7333,-52.9648,39.7154,78.3914,-191.463,-158.215,
0.948923,0.792876,0.88857,0.735112,0,200,0,6.41957,8.75634,-5.50489,-3.45681,2.57567,4.80716,-10,-8.46699,0,684.061,0,855.712,0,750.449,0,919.252,40.6394,29.1279,35.6187,35.09,38.8086,31.5261,33.5335,37.0878,-92.697,-105.185,26.2532,56.8851,-45.5836,-52.9065,82.303,123.406,10,6.95271e-310,-1051.85,6.68183e-310,568.851,1.4822e-323,-529.065,5.23261e-310,1234.06,40.6394,-1022.72,35.6187,603.94,38.8086,-497.539,33.5335,1271.15,111.645,152.284,-95.7372,-60.1184,44.7943,83.6029,-180.786,-147.252,
0.943997,0.788826,0.892513,0.743142,0,200,0,6.00869,8.33718,-5.89168,-3.85179,2.84638,5.085,-9.75346,-7.80822,0,689.479,0,860.168,0,746.111,0,910.42,40.4955,29.3278,35.4763,35.234,38.9326,31.3729,33.8302,36.8173,-87.6259,-99.6115,30.4704,62.1391,-47.6144,-56.5879,77.0531,114.669,10,6.95271e-310,-996.115,6.68183e-310,621.391,1.4822e-323,-565.879,5.23261e-310,1146.69,40.4955,-966.787,35.4763,656.625,38.9326,-534.507,33.8302,1183.51,104.499,144.994,-102.464,-66.9877,49.5023,88.4349,-169.625,-135.795,
0.938676,0.784931,0.896132,0.751375,0,200,0,5.57429,7.89377,-6.26008,-4.22809,3.09532,5.34045,-9.08953,-7.12693,0,695.332,0,864.452,0,742.13,0,901.364,40.3388,29.5428,35.3388,35.3719,39.0458,31.2317,34.1322,36.5375,-82.3499,-93.7173,34.5065,67.144,-49.4743,-59.9729,71.5299,105.631,10,6.95271e-310,-937.173,6.68183e-310,671.44,1.4822e-323,-599.729,5.23261e-310,1056.31,40.3388,-907.63,35.3388,706.811,39.0458,-568.498,34.1322,1092.85,96.9442,137.283,-108.871,-73.5321,53.8316,92.8774,-158.079,-123.947,
0.933032,0.781419,0.899392,0.759057,0,200,0,5.14322,7.45307,-6.58076,-4.55593,3.31459,5.56557,-8.45886,-6.48018,0,701.541,0,868.315,0,738.545,0,892.913,40.1714,29.77,35.2144,35.4957,39.1474,31.1043,34.4119,36.2743,-77.0857,-87.865,38.243,71.5021,-51.2589,-62.955,66.0273,97.0487,10,6.95271e-310,-878.65,6.68183e-310,715.021,1.4822e-323,-629.55,5.23261e-310,970.487,40.1714,-848.88,35.2144,750.516,39.1474,-598.445,34.4119,1006.76,89.4472,129.619,-114.448,-79.2336,57.645,96.7925,-147.111,-112.699,
0.927028,0.778304,0.902304,0.768656,0,200,0,4.63156,6.9311,-6.90291,-4.88445,3.49988,5.75605,-7.7,-5.70138,0,708.145,0,871.742,0,735.341,0,882.354,39.992,30.0107,35.1036,35.6053,39.2379,30.9902,34.7585,35.9423,-71.0907,-80.9234,41.7118,75.8761,-52.3816,-65.476,59.6505,86.7194,10,6.95271e-310,-809.234,6.68183e-310,758.761,1.4822e-323,-654.76,5.23261e-310,867.194,39.992,-779.223,35.1036,794.366,39.2379,-623.769,34.7585,903.136,80.5489,120.541,-120.051,-84.947,60.8674,100.105,-133.913,-99.1545,
0.92064,0.775511,0.904941,0.777045,0,200,0,4.14323,6.4317,-7.16737,-5.15464,3.6615,5.92237,-7.01755,-5.00167,0,715.172,0,874.814,0,732.441,0,873.126,39.7995,30.2655,35.0041,35.7032,39.3194,30.8866,35.0588,35.6494,-65.2615,-74.2924,44.9482,79.4693,-53.6643,-67.6756,53.4826,77.4342,10,6.95271e-310,-742.924,6.68183e-310,794.693,1.4822e-323,-676.756,5.23261e-310,774.342,39.7995,-712.659,35.0041,830.396,39.3194,-645.869,35.0588,809.991,72.0562,111.856,-124.65,-89.6458,63.6783,102.998,-122.044,-86.9856,
0.913785,0.773114,0.907206,0.787663,0,200,0,3.5599,5.83638,-7.43701,-5.4292,3.78456,6.04944,-6.18642,-4.14889,0,722.712,0,877.45,0,729.949,0,861.446,39.5911,30.5376,34.9184,35.787,39.3893,30.7975,35.4353,35.2752,-58.596,-66.3765,47.9237,83.1284,-54.2398,-69.3523,46.2351,66.1235,10,6.95271e-310,-663.765,6.68183e-310,831.284,1.4822e-323,-693.523,5.23261e-310,661.235,39.5911,-633.228,34.9184,867.071,39.3893,-662.726,35.4353,696.51,61.9113,101.502,-129.339,-94.4209,65.8184,105.208,-107.59,-72.1546,
0.906631,0.771101,0.909147,0.797826,0,200,0,2.97686,5.24072,-7.66136,-5.6577,3.87769,6.146,-5.38606,-3.32802,0,730.582,0,879.665,0,727.814,0,850.268,39.3716,30.8201,34.8463,35.8572,39.449,30.7209,35.792,34.9132,-51.9366,-58.4614,50.6166,86.1731,-54.7505,-70.623,38.9459,55.2339,10,6.95271e-310,-584.614,6.68183e-310,861.731,1.4822e-323,-706.23,5.23261e-310,552.339,39.3716,-553.794,34.8463,897.588,39.449,-675.51,35.792,587.253,51.7715,91.143,-133.241,-98.3947,67.438,106.887,-93.6705,-57.8785,
0.898997,0.769459,0.910765,0.808084,0,200,0,2.36907,4.61934,-7.84841,-5.84814,3.93949,6.21067,-4.57736,-2.49883,0,738.98,0,881.471,0,726.034,0,838.983,39.1351,31.1198,34.7873,35.9144,39.4987,30.6571,36.1482,34.5442,-45.0305,-50.2078,53.0603,88.7114,-55.1031,-71.469,31.3273,44.233,10,6.95271e-310,-502.078,6.68183e-310,887.114,1.4822e-323,-714.69,5.23261e-310,442.33,39.1351,-470.958,34.7873,923.029,39.4987,-684.033,36.1482,476.874,41.2012,80.3363,-136.494,-101.707,68.513,108.012,-79.6062,-43.458,
0.891135,0.768201,0.912,0.818606,0,200,0,1.73954,3.97567,-8.00521,-6.00753,3.96673,6.24008,-3.75441,-1.6551,0,747.627,0,882.855,0,724.676,0,827.409,38.8893,31.4265,34.7421,35.9581,39.5365,30.6083,36.5097,34.162,-37.9921,-41.6582,55.1875,90.8379,-55.1873,-71.8458,23.4259,33.0392,10,6.95271e-310,-416.582,6.68183e-310,908.379,1.4822e-323,-718.458,5.23261e-310,330.392,38.8893,-385.156,34.7421,944.337,39.5365,-687.85,36.5097,364.554,30.2529,69.1421,-139.221,-104.479,68.9866,108.523,-65.2941,-28.7844,
0.883106,0.767482,0.912958,0.829728,0,200,0,1.07906,3.30061,-8.13242,-6.13623,3.9556,6.23063,-2.90382,-0.782798,0,756.46,0,883.646,0,723.622,0,815.175,38.6357,31.7377,34.7163,35.9831,39.5658,30.5704,36.8874,33.7538,-30.7322,-32.6889,56.9821,92.56,-54.9492,-71.7034,15.1129,21.4692,10,6.95271e-310,-326.889,6.68183e-310,925.6,1.4822e-323,-717.034,5.23261e-310,214.692,38.6357,-295.152,34.7163,961.583,39.5658,-686.463,36.8874,248.446,18.7662,57.4019,-141.433,-106.717,68.793,108.359,-50.5013,-13.6139,
0.874513,0.76699,0.913641,0.841269,0,200,0,0.379445,2.58523,-8.23764,-6.24247,3.91614,6.19237,-2.02416,0.119121,0,765.912,0,884.186,0,722.87,0,802.48,38.3616,32.0685,34.6986,36.0001,39.5867,30.5433,37.2745,33.3259,-23.1517,-23.1862,58.6016,93.9834,-54.5931,-71.1769,6.25713,9.50573,10,6.95271e-310,-231.862,6.68183e-310,939.834,1.4822e-323,-711.769,5.23261e-310,95.0573,38.3616,-199.794,34.6986,975.834,39.5867,-681.226,37.2745,128.383,6.59905,44.9606,-143.263,-108.565,68.1068,107.693,-35.2028,2.07167,
0.865489,0.766763,0.914073,0.853037,0,200,0,-0.348701,1.84036,-8.31794,-6.32325,3.84862,6.12561,-1.13273,1.03296,0,775.838,0,884.437,0,722.396,0,789.535,38.0706,32.4134,34.6904,36.008,39.5998,30.5263,37.6641,32.8849,-15.368,-13.2938,60.0174,95.0681,-54.153,-70.2703,-3.01881,-2.61615,10,6.95271e-310,-132.938,6.68183e-310,950.681,1.4822e-323,-702.703,5.23261e-310,-26.1615,38.0706,-100.525,34.6904,986.689,39.5998,-672.177,37.6641,6.72345,-6.06436,32.0062,-144.66,-109.97,66.9326,106.532,-19.6996,17.9645,
0.856369,0.766859,0.914253,0.864554,0,200,0,-1.07738,1.0946,-8.36636,-6.37146,3.75472,6.03203,-0.267349,1.91997,0,785.87,0,884.332,0,722.198,0,776.867,37.7734,32.7593,34.6938,36.0047,39.6053,30.5191,38.0403,32.449,-7.66483,-3.39198,61.1608,95.7196,-53.6534,-69.0061,-12.3543,-14.3821,10,6.95271e-310,-33.9198,6.68183e-310,957.196,1.4822e-323,-690.061,5.23261e-310,-143.821,37.7734,-1.16056,34.6938,993.201,39.6053,-659.542,38.0403,-111.372,-18.737,19.0365,-145.502,-110.808,65.2995,104.905,-4.64956,33.3907,
0.847656,0.767434,0.914169,0.876358,0,200,0,-1.80459,0.350887,-8.39516,-6.39907,3.62542,5.90257,0.592937,2.80213,0,795.454,0,883.699,0,722.29,0,763.882,37.4866,33.0871,34.7145,35.9847,39.6028,30.5225,38.4207,31.9977,-0.192423,6.488,61.9209,96.1018,-52.845,-67.2626,-21.7303,-26.0795,10,6.95271e-310,64.88,6.68183e-310,961.018,1.4822e-323,-672.626,5.23261e-310,-260.795,37.4866,97.9671,34.7145,997.002,39.6028,-642.104,38.4207,-228.798,-31.3842,6.10238,-146.003,-111.288,63.0507,102.653,10.312,48.7326,
0.839052,0.768429,0.913785,0.888487,0,200,0,-2.54236,-0.403327,-8.40159,-6.40345,3.46023,5.73672,1.45726,3.6886,0,804.919,0,882.605,0,722.712,0,750.541,37.2005,33.4084,34.7503,35.9502,39.5911,30.5376,38.8059,31.5294,7.20037,16.5105,62.3412,96.1781,-51.7772,-65.0332,-31.3036,-37.8315,10,6.95271e-310,165.105,6.68183e-310,961.781,1.4822e-323,-650.332,5.23261e-310,-378.315,37.2005,198.513,34.7503,997.731,39.5911,-619.794,38.8059,-346.786,-44.2149,-7.01439,-146.115,-111.364,60.1779,99.769,25.3436,64.1496,
0.83095,0.770442,0.912994,0.900698,0,200,0,-3.26836,-1.14497,-8.34737,-6.34507,3.23743,5.51252,2.29461,4.54792,0,813.831,0,880.39,0,723.582,0,737.108,36.9286,33.7087,34.8226,35.8801,39.5669,30.569,39.188,31.0531,14.3561,26.3711,62.1299,95.4263,-50.1915,-62.024,-40.7323,-49.218,10,6.95271e-310,263.711,6.68183e-310,954.263,1.4822e-323,-620.24,5.23261e-310,-492.18,36.9286,297.42,34.8226,990.143,39.5669,-589.671,39.188,-461.127,-56.8411,-19.9124,-145.172,-110.349,56.3031,95.87,39.9063,79.0943,
0.822765,0.772539,0.911724,0.912814,0,200,0,-3.99725,-1.88979,-8.27523,-6.26861,2.98691,5.25977,3.12499,5.39977,0,822.834,0,878.083,0,724.98,0,723.78,36.6515,34.0098,34.8978,35.807,39.528,30.6192,39.5614,30.5761,21.3528,36.2726,61.6407,94.4321,-48.456,-58.6374,-50.2466,-60.5071,10,6.95271e-310,362.726,6.68183e-310,944.321,1.4822e-323,-586.374,5.23261e-310,-605.071,36.6515,396.736,34.8978,980.128,39.528,-555.755,39.5614,-574.495,-69.5174,-32.8659,-143.917,-109.019,51.9463,91.4743,54.3477,93.9091,
0.814616,0.775379,0.90989,0.924847,0,200,0,-4.72689,-2.63544,-8.14318,-6.13072,2.68366,4.95329,3.93559,6.23136,0,831.799,0,874.959,0,726.997,0,710.545,36.3731,34.3074,34.9994,35.7078,39.4718,30.6916,39.9264,30.0979,28.2635,46.185,60.592,92.6229,-46.3193,-54.5355,-59.7519,-71.5261,10,6.95271e-310,461.85,6.68183e-310,926.229,1.4822e-323,-545.355,5.23261e-310,-715.261,36.3731,496.157,34.9994,961.937,39.4718,-514.664,39.9264,-685.163,-82.2068,-45.8337,-141.621,-106.621,46.6723,86.1441,68.445,108.371,
0.806646,0.779035,0.907769,0.936423,0,200,0,-5.44028,-3.36462,-7.94732,-5.92737,2.33986,4.60574,4.69494,7.01059,0,840.565,0,870.938,0,729.33,0,697.81,36.0985,34.5962,35.1296,35.5796,39.4066,30.7753,40.2722,29.6336,35.0113,55.8778,59.0601,89.9454,-43.9545,-49.8848,-69.0107,-81.8485,10,6.95271e-310,558.778,6.68183e-310,899.454,1.4822e-323,-498.848,5.23261e-310,-818.485,36.0985,593.374,35.1296,935.033,39.4066,-468.073,40.2722,-788.852,-94.6137,-58.5151,-138.214,-103.085,40.6932,80.0998,81.6512,121.923,
0.798761,0.782186,0.905312,0.947305,0,200,0,-6.12858,-4.06867,-7.7653,-5.7389,2.0019,4.26343,5.41997,7.75403,0,849.239,0,867.471,0,732.032,0,685.84,35.8246,34.8798,35.2416,35.4687,39.3309,30.872,40.5922,29.1937,41.3231,65.2326,57.4935,87.4597,-41.7412,-45.31,-78.0031,-91.7007,10,6.95271e-310,652.326,6.68183e-310,874.597,1.4822e-323,-453.1,5.23261e-310,-917.007,35.8246,687.206,35.2416,910.066,39.3309,-422.228,40.5922,-887.813,-106.584,-70.7595,-135.049,-99.807,34.8156,74.1465,94.2604,134.853,
0.791294,0.786021,0.902604,0.957384,0,200,0,-6.77948,-4.73459,-7.52614,-5.49194,1.63602,3.89273,6.07505,8.4259,0,857.452,0,863.252,0,735.012,0,674.754,35.5632,35.1463,35.3774,35.3333,39.2471,30.9784,40.8844,28.7831,47.2932,74.0802,55.4848,84.1973,-39.3405,-40.3568,-86.4286,-100.602,10,6.95271e-310,740.802,6.68183e-310,841.973,1.4822e-323,-403.568,5.23261e-310,-1006.02,35.5632,775.948,35.3774,877.306,39.2471,-372.59,40.8844,-977.238,-117.904,-82.3407,-130.889,-95.5121,28.4525,67.6997,105.653,146.537,
0.784056,0.790575,0.899716,0.966564,0,200,0,-7.39934,-5.36914,-7.22289,-5.17946,1.24607,3.49762,6.65677,9.02272,0,865.414,0,858.243,0,738.189,0,664.656,35.3079,35.4028,35.5379,35.1718,39.1575,31.0916,41.1469,28.4065,53.0566,82.5082,53.0605,80.0639,-36.8311,-35.0775,-94.317,-108.507,10,6.95271e-310,825.082,6.68183e-310,800.639,1.4822e-323,-350.775,5.23261e-310,-1085.07,35.3079,860.484,35.5379,835.811,39.1575,-319.683,41.1469,-1056.66,-128.684,-93.3763,-125.616,-90.0776,21.6707,60.8282,115.77,156.917,
0.777045,0.794494,0.896576,0.975324,0,200,0,-7.99543,-5.97955,-6.95302,-4.90168,0.869476,3.11541,7.22271,9.60287,0,873.126,0,853.932,0,741.643,0,655.019,35.0588,35.6494,35.6755,35.0323,39.0597,31.2144,41.3942,28.045,58.3703,90.6143,50.6818,76.3871,-34.4462,-29.9761,-101.972,-116.194,10,6.95271e-310,906.143,6.68183e-310,763.871,1.4822e-323,-299.761,5.23261e-310,-1161.94,35.0588,941.793,35.6755,798.903,39.0597,-268.547,41.3942,-1133.9,-139.051,-103.992,-120.922,-85.2466,15.1213,54.181,125.612,167.006,
0.769435,0.799731,0.893232,0.983857,0,200,0,-8.62238,-6.62215,-6.57782,-4.51596,0.439284,2.6792,7.75265,10,0,881.497,0,848.172,0,745.321,0,645.633,34.7865,35.9152,35.8584,34.845,38.9551,31.3449,41.632,27.6908,64.1696,99.1434,47.6914,71.2779,-31.8762,-24.1504,-109.8,-123.394,10,6.95271e-310,991.434,6.68183e-310,712.779,1.4822e-323,-241.504,5.23261e-310,-1233.94,34.7865,1027.35,35.8584,747.624,38.9551,-210.159,41.632,-1206.25,-149.954,-115.168,-114.397,-78.5384,7.63972,46.5948,134.829,176.461,
0.763898,0.804873,0.889469,0.991946,0,200,0,-9.1434,-7.15464,-6.23593,-4.16379,0.00168927,2.23481,8.23808,10,0,887.588,0,842.516,0,749.46,0,636.735,34.5871,36.1072,36.0371,34.6602,38.8369,31.4912,41.8546,27.3531,68.5537,106.224,44.4112,66.6191,-28.7626,-18.2212,-116.344,-129.989,10,6.95271e-310,1062.24,6.68183e-310,666.191,1.4822e-323,-182.212,5.23261e-310,-1299.89,34.5871,1098.35,36.0371,700.851,38.8369,-150.721,41.8546,-1272.54,-159.016,-124.428,-108.451,-72.4138,0.0293787,38.8663,143.271,185.126,
0.758014,0.809726,0.886221,0.999365,0,200,0,-9.66133,-7.68483,-5.90282,-3.82104,-0.401066,1.82616,8.67847,10,0,894.06,0,837.177,0,753.032,0,628.575,34.374,36.3101,36.2049,34.4848,38.7344,31.6172,42.0564,27.0418,73.0257,113.267,41.4191,62.0819,-26.2578,-12.7656,-122.83,-135.972,10,6.95271e-310,1132.67,6.68183e-310,620.819,1.4822e-323,-127.656,5.23261e-310,-1359.72,34.374,1168.98,36.2049,655.304,38.7344,-96.039,42.0564,-1332.68,-168.023,-133.649,-102.658,-66.4529,-6.97507,31.7593,150.93,192.986,
0.752681,0.816054,0.88259,1.00616,0,200,0,-10,-8.18278,-5.46672,-3.37243,-0.860042,1.36057,9.0524,10,0,899.927,0,830.217,0,757.027,0,621.1,34.1799,36.4929,36.4224,34.2551,38.6193,31.7576,42.2392,26.7555,77.295,119.885,37.6245,56.1426,-23.2067,-6.54889,-128.608,-141.054,10,6.95271e-310,1198.85,6.68183e-310,561.426,1.4822e-323,-65.4889,5.23261e-310,-1410.54,34.1799,1235.34,36.4224,595.682,38.6193,-33.7312,42.2392,-1383.78,-176.489,-142.309,-95.0733,-58.6509,-14.9572,23.6621,157.433,199.672,
0.747971,0.822154,0.878935,1.01244,0,200,0,-10,-8.63649,-5.04857,-2.94231,-1.306,0.90792,9.39267,10,0,905.107,0,823.507,0,761.047,0,614.193,34.0077,36.6535,36.6307,34.0322,38.503,31.8986,42.4063,26.4897,81.044,125.917,33.8302,50.4483,-20.185,-0.507133,-133.829,-145.678,10,6.95271e-310,1259.17,6.68183e-310,504.483,1.4822e-323,-5.07133,5.23261e-310,-1456.78,34.0077,1295.83,36.6307,538.516,38.503,26.8272,42.4063,-1430.29,-184.207,-150.2,-87.8012,-51.1705,-22.7131,15.7899,163.351,205.757,
0.743741,0.828781,0.875268,1.01835,0,200,0,-10,-9.06261,-4.60052,-2.48134,-1.76556,0.441621,9.69349,10,0,909.761,0,816.217,0,765.081,0,607.694,33.8523,36.797,36.8554,33.7887,38.3858,32.0396,42.5621,26.2387,84.5254,131.586,29.764,44.3467,-17.0347,5.71824,-138.582,-149.768,10,6.95271e-310,1315.86,6.68183e-310,443.467,1.4822e-323,57.1824,5.23261e-310,-1497.68,33.8523,1352.66,36.8554,477.256,38.3858,89.2219,42.5621,-1471.44,-191.463,-157.611,-80.0091,-43.1537,-30.7054,7.68037,168.582,211.144,
0.740014,0.835564,0.871169,1.02378,0,200,0,-10,-9.45362,-4.13657,-2.00425,-2.24029,-0.04068,9.96755,10,0,913.861,0,808.755,0,769.59,0,601.722,33.7149,36.923,37.0838,33.538,38.2541,32.1966,42.7039,26.0072,87.5733,136.791,25.372,38.03,-13.6128,12.1521,-142.801,-153.494,10,6.95271e-310,1367.91,6.68183e-310,380.3,1.4822e-323,121.521,5.23261e-310,-1534.94,33.7149,1404.83,37.0838,413.838,38.2541,153.718,42.7039,-1508.93,-198.126,-164.411,-71.9404,-34.8566,-38.9616,-0.707478,173.349,216.053,
0.73685,0.842659,0.867874,1.02861,0,200,0,-10,-9.80587,-3.66897,-1.52303,-2.68528,-0.491785,10,10,0,917.341,0,800.951,0,773.215,0,596.409,33.5979,37.0294,37.3208,33.274,38.1478,32.3225,42.829,25.8007,90.4007,141.482,21.1658,31.6622,-10.5574,18.1784,-146.418,-156.338,10,6.95271e-310,1414.82,6.68183e-310,316.622,1.4822e-323,181.784,5.23261e-310,-1563.38,33.5979,1451.85,37.3208,349.896,38.1478,214.107,42.829,-1537.58,-204.135,-170.537,-63.8082,-26.4875,-46.7006,-8.55278,176.983,219.812,
0.733794,0.850269,0.864194,1.03281,0,200,0,-10,-10,-3.15273,-0.992291,-3.15227,-0.965625,10,10,0,920.702,0,792.58,0,777.262,0,591.782,33.4846,37.1319,37.5729,32.9891,38.0286,32.4627,42.9372,25.6203,93.0942,145.967,16.5071,24.6349,-7.28609,24.5048,-149.597,-158.675,10,6.95271e-310,1459.67,6.68183e-310,246.349,1.4822e-323,245.048,5.23261e-310,-1586.75,33.4846,1496.8,37.5729,279.339,38.0286,277.51,42.9372,-1561.13,-209.878,-176.394,-54.8301,-17.2572,-54.8221,-16.7935,179.968,222.905,
0.731661,0.858154,0.860216,1.03672,0,200,0,-10,-10,-2.62897,-0.45364,-3.6348,-1.4556,10,10,0,923.049,0,783.906,0,781.639,0,587.485,33.4053,37.2033,37.8319,32.6918,37.8992,32.6137,43.0369,25.4523,95.1794,149.799,11.54,17.505,-3.66061,31.0435,-152.09,-160.677,10,6.95271e-310,1497.99,6.68183e-310,175.05,1.4822e-323,310.435,5.23261e-310,-1606.77,33.4053,1535.2,37.8319,207.741,37.8992,343.049,43.0369,-1581.32,-214.792,-181.387,-45.7213,-7.8894,-63.214,-25.3148,182.522,225.559,
0.729576,0.866196,0.85698,1.04033,0,200,0,-10,-10,-2.10665,0.0837248,-4.08828,-1.91516,10,10,0,925.343,0,775.061,0,785.198,0,583.517,33.3277,37.2729,38.0935,32.3865,37.7934,32.7362,43.1285,25.2969,97.3234,153.565,6.80083,10.3941,-0.494461,37.1844,-154.41,-162.161,10,6.95271e-310,1535.65,6.68183e-310,103.941,1.4822e-323,371.844,5.23261e-310,-1621.61,33.3277,1572.92,38.0935,136.328,37.7934,404.58,43.1285,-1596.31,-219.621,-186.293,-36.6374,1.45608,-71.1006,-33.3071,184.411,227.539,
0.727946,0.874177,0.853265,1.04359,0,200,0,-10,-10,-1.5844,0.62077,-4.55251,-2.38639,10,10,0,927.136,0,766.281,0,789.285,0,579.931,33.2669,37.3271,38.3508,32.0814,37.6716,32.8763,43.2107,25.1562,99.0343,156.923,1.8007,3.28589,2.93627,43.4745,-156.291,-163.497,10,6.95271e-310,1569.23,6.68183e-310,32.8589,1.4822e-323,434.745,5.23261e-310,-1634.97,33.2669,1606.56,38.3508,64.9403,37.6716,467.621,43.2107,-1609.81,-223.931,-190.664,-27.5548,10.796,-79.174,-41.5025,186.113,229.323,
0.726699,0.881176,0.850089,1.04639,0,200,0,-10,-10,-1.13337,1.08465,-4.95532,-2.79522,10,10,0,928.507,0,758.582,0,792.778,0,576.846,33.2203,37.3686,38.5744,31.8122,37.567,32.9958,43.2811,25.0349,100.396,159.76,-2.58425,-2.8529,5.88743,48.9323,-157.818,-164.568,10,6.95271e-310,1597.6,6.68183e-310,-28.529,1.4822e-323,489.323,5.23261e-310,-1645.68,33.2203,1634.97,38.5744,3.28325,37.567,522.319,43.2811,-1620.65,-227.573,-194.353,-19.7108,18.8635,-86.1795,-48.6125,187.476,230.757,
0.725813,0.889301,0.847393,1.04874,0,200,0,-10,-10,-0.620882,1.61193,-5.36631,-3.21133,10,10,0,929.482,0,749.644,0,795.744,0,574.262,33.1872,37.398,38.8316,31.4977,37.4778,33.097,43.3398,24.9332,101.758,162.403,-7.26372,-9.82861,8.78747,54.4962,-158.813,-164.803,10,6.95271e-310,1624.03,6.68183e-310,-98.2861,1.4822e-323,544.962,5.23261e-310,-1648.03,33.1872,1661.43,38.8316,-66.7884,37.4778,578.059,43.3398,-1623.1,-230.971,-197.784,-10.7979,28.0337,-93.3271,-55.8493,187.762,231.102,
0.725189,0.896564,0.84448,1.05061,0,200,0,-10,-10,-0.155512,2.0904,-5.74916,-3.59974,10,10,0,930.168,0,741.656,0,798.948,0,572.206,33.1639,37.4187,39.0593,31.2149,37.3813,33.206,43.3863,24.8521,102.731,164.594,-11.7361,-16.1609,11.622,59.6829,-159.476,-164.983,10,6.95271e-310,1645.94,6.68183e-310,-161.609,1.4822e-323,596.829,5.23261e-310,-1649.83,33.1639,1683.36,39.0593,-130.395,37.3813,630.035,43.3863,-1624.98,-233.789,-200.625,-2.70455,36.3548,-99.9855,-62.6041,187.982,231.368,
0.724902,0.90367,0.842371,1.05212,0,200,0,-10,-10,0.285684,2.54429,-6.08712,-3.94173,10,10,0,930.484,0,733.838,0,801.268,0,570.545,33.1531,37.4282,39.2802,30.9365,37.3112,33.2848,43.4238,24.7866,103.595,166.45,-15.7904,-22.1652,14.0129,64.2573,-159.787,-164.668,10,6.95271e-310,1664.5,6.68183e-310,-221.652,1.4822e-323,642.573,5.23261e-310,-1646.68,33.1531,1701.93,39.2802,-190.716,37.3112,675.858,43.4238,-1621.89,-236.181,-203.027,4.96841,44.2486,-105.863,-68.5518,187.564,230.988,
0.724878,0.910681,0.84019,1.05331,0,200,0,-10,-10,0.721717,2.99274,-6.41819,-4.27697,10,10,0,930.51,0,726.127,0,803.667,0,569.24,33.1522,37.429,39.4961,30.6604,37.2385,33.3661,43.4532,24.7351,104.235,168.026,-19.8784,-28.0983,16.4263,68.7394,-159.784,-164.146,10,6.95271e-310,1680.26,6.68183e-310,-280.983,1.4822e-323,687.394,5.23261e-310,-1641.46,33.1522,1717.69,39.4961,-250.322,37.2385,720.761,43.4532,-1616.72,-238.213,-205.061,12.5516,52.0477,-111.621,-74.3821,186.883,230.336,
0.725225,0.91774,0.838692,1.05419,0,200,0,-10,-10,1.14672,3.43014,-6.7161,-4.57776,10,10,0,930.128,0,718.362,0,805.315,0,568.264,33.1652,37.4175,39.7115,30.3808,37.1885,33.4218,43.4751,24.6965,104.763,169.293,-23.6836,-33.8822,18.5192,72.7686,-159.417,-163.149,10,6.95271e-310,1692.93,6.68183e-310,-338.822,1.4822e-323,727.686,5.23261e-310,-1631.49,33.1652,1730.35,39.7115,-308.441,37.1885,761.108,43.4751,-1606.8,-239.853,-206.688,19.943,59.6546,-116.802,-79.6132,185.591,229.066,
0.72604,0.924823,0.837326,1.0546,0,200,0,-10,-10,1.57033,3.86606,-6.9992,-4.86349,10,10,0,929.232,0,710.571,0,806.818,0,567.816,33.1957,37.3905,39.9257,30.0988,37.1428,33.4726,43.4851,24.6788,105.012,170.109,-27.4726,-39.6465,20.5924,76.5969,-158.533,-161.723,10,6.95271e-310,1701.09,6.68183e-310,-396.465,1.4822e-323,765.969,5.23261e-310,-1617.23,33.1957,1738.48,39.9257,-366.366,37.1428,799.442,43.4851,-1592.55,-240.918,-207.722,27.3101,67.2358,-121.725,-84.5824,183.748,227.233,
0.727538,0.931654,0.836391,1.0548,0,200,0,-10,-10,1.96104,4.26854,-7.25145,-5.11754,10,10,0,927.584,0,703.057,0,807.846,0,567.592,33.2517,37.3407,40.1304,29.8254,37.1115,33.5073,43.4902,24.6699,104.901,170.381,-30.9485,-44.9645,22.5257,80.0055,-157.191,-160.018,10,6.95271e-310,1703.81,6.68183e-310,-449.645,1.4822e-323,800.055,5.23261e-310,-1600.18,33.2517,1741.15,40.1304,-419.82,37.1115,833.562,43.4902,-1575.51,-241.29,-208.038,34.1051,74.2354,-126.112,-89.0007,181.547,225.037,
0.72942,0.938353,0.835804,1.05465,0,200,0,-10,-10,2.33712,4.65605,-7.47719,-5.34441,10,10,0,925.514,0,695.688,0,808.492,0,567.763,33.3219,37.2781,40.3293,29.5559,37.0918,33.5291,43.4863,24.6767,104.591,170.274,-34.2221,-50.0835,24.2965,83.0535,-155.461,-157.952,10,6.95271e-310,1702.74,6.68183e-310,-500.835,1.4822e-323,830.535,5.23261e-310,-1579.52,33.3219,1740.02,40.3293,-471.279,37.0918,864.064,43.4863,-1554.85,-241.18,-207.858,40.6456,80.9748,-130.038,-92.9463,178.882,222.368,
0.73226,0.944896,0.835444,1.05413,0,200,0,-10,-10,2.68764,5.01765,-7.68051,-5.54842,10,10,0,922.39,0,688.49,0,808.887,0,568.33,33.4276,37.1833,40.5218,29.2913,37.0797,33.5424,43.4736,24.6991,103.748,169.393,-37.321,-54.8561,26.1127,85.7972,-153.031,-155.502,10,6.95271e-310,1693.93,6.68183e-310,-548.561,1.4822e-323,857.972,5.23261e-310,-1555.02,33.4276,1731.11,40.5218,-519.27,37.0797,891.515,43.4736,-1530.32,-240.083,-206.656,46.7416,87.2634,-133.574,-96.4943,175.724,219.198,
0.735232,0.951056,0.835336,1.05275,0,200,0,-10,-10,3.02653,5.36686,-7.84461,-5.71274,9.87954,10,0,919.121,0,681.714,0,809.006,0,569.846,33.538,37.0838,40.7015,29.0412,37.0761,33.5464,43.4395,24.759,102.781,168.073,-40.1879,-59.4682,27.6808,88.0101,-150.113,-152.468,10,6.95271e-310,1680.73,6.68183e-310,-594.682,1.4822e-323,880.101,5.23261e-310,-1524.68,33.538,1717.81,40.7015,-565.641,37.0761,913.647,43.4395,-1499.92,-238.422,-204.884,52.6352,93.3367,-136.428,-99.3519,171.818,215.258,
0.738396,0.957036,0.83554,1.05092,0,200,0,-10,-10,3.35503,5.70531,-7.98073,-5.84846,9.62587,10,0,915.64,0,675.136,0,808.782,0,571.863,33.6551,36.9775,40.8744,28.7973,37.0829,33.5389,43.394,24.8386,101.712,166.455,-42.8596,-63.9385,29.0484,89.8428,-146.878,-149.039,10,6.95271e-310,1664.55,6.68183e-310,-639.385,1.4822e-323,898.428,5.23261e-310,-1490.39,33.6551,1701.53,40.8744,-610.588,37.0829,931.967,43.394,-1465.55,-236.379,-202.724,58.3484,99.2228,-138.795,-101.712,167.406,210.8,
0.742638,0.962621,0.836151,1.04833,0,200,0,-10,-10,3.64796,6.00745,-8.07291,-5.93946,9.32203,10,0,910.974,0,668.993,0,808.109,0,574.711,33.8117,36.8343,41.0346,28.5685,37.1034,33.5162,43.3296,24.9509,100.044,163.793,-45.1775,-67.926,30.3357,91.0796,-142.71,-144.93,10,6.95271e-310,1637.93,6.68183e-310,-679.26,1.4822e-323,910.796,5.23261e-310,-1449.3,33.8117,1674.77,41.0346,-650.691,37.1034,944.312,43.3296,-1424.35,-233.005,-199.193,63.4429,104.477,-140.398,-103.295,162.122,205.452,
0.746953,0.967618,0.837386,1.04495,0,200,0,-10,-10,3.91239,6.28006,-8.10642,-5.97059,8.9731,10,0,906.228,0,663.496,0,806.752,0,578.428,33.9703,36.6881,41.1769,28.3631,37.1448,33.4704,43.245,25.0971,98.3404,160.712,-46.9795,-71.5246,31.1517,91.5198,-138.171,-140.209,10,6.95271e-310,1607.12,6.68183e-310,-715.246,1.4822e-323,915.198,5.23261e-310,-1402.09,33.9703,1643.8,41.1769,-686.883,37.1448,948.668,43.245,-1376.99,-229.089,-195.119,68.0416,109.218,-140.981,-103.836,156.054,199.299,
0.751818,0.972148,0.839291,1.04148,0,200,0,-10,-10,4.12997,6.505,-8.0955,-5.95601,8.60635,10,0,900.876,0,658.513,0,804.656,0,582.251,34.1484,36.5224,41.3049,28.1763,37.2085,33.3995,43.1576,25.2473,96.3998,157.161,-48.2358,-74.4881,31.6666,91.355,-133.36,-135.247,10,6.95271e-310,1571.61,6.68183e-310,-744.881,1.4822e-323,913.55,5.23261e-310,-1352.47,34.1484,1608.13,41.3049,-716.705,37.2085,946.949,43.1576,-1327.22,-224.575,-190.427,71.8256,113.13,-140.791,-103.583,149.676,192.833,
0.756876,0.976091,0.841784,1.03752,0,200,0,-10,-10,4.31089,6.69229,-8.03382,-5.88956,8.20896,10,0,895.313,0,654.176,0,801.914,0,586.603,34.3327,36.3492,41.4157,28.0132,37.2916,33.3067,43.0573,25.4178,94.3651,153.212,-48.9691,-76.9531,31.788,90.5008,-128.291,-129.869,10,6.95271e-310,1532.12,6.68183e-310,-769.531,1.4822e-323,905.008,5.23261e-310,-1298.69,34.3327,1568.46,41.4157,-741.518,37.2916,938.315,43.0573,-1273.27,-219.549,-185.216,74.9719,116.388,-139.719,-102.427,142.765,185.822,
0.762544,0.979579,0.84484,1.03312,0,200,0,-10,-10,4.45377,6.84077,-7.92733,-5.77722,7.77586,10,0,889.077,0,650.339,0,798.552,0,591.439,34.5382,36.154,41.5131,27.8686,37.3932,33.1926,42.9452,25.6069,92.0197,148.624,-49.2424,-78.9022,31.6482,89.0375,-122.757,-124.007,10,6.95271e-310,1486.24,6.68183e-310,-789.022,1.4822e-323,890.375,5.23261e-310,-1240.07,34.5382,1522.39,41.5131,-761.153,37.3932,923.567,42.9452,-1214.46,-213.707,-179.169,77.4568,118.97,-137.867,-100.473,135.232,178.178,
0.767721,0.982515,0.848279,1.02879,0,200,0,-10,-9.97332,4.56734,6.95904,-7.79037,-5.6337,7.35002,9.81296,0,883.382,0,647.11,0,794.769,0,596.212,34.7249,35.9747,41.5948,27.7466,37.5072,33.0637,42.8337,25.793,89.9364,144.281,-49.0927,-80.4525,31.1085,87.1602,-117.619,-118.243,10,6.95271e-310,1442.81,6.68183e-310,-804.525,1.4822e-323,871.602,5.23261e-310,-1182.43,34.7249,1478.79,41.5948,-776.778,37.5072,904.666,42.8337,-1156.64,-208.174,-173.449,79.4321,121.027,-135.485,-97.9775,127.826,170.66,
0.774505,0.985067,0.852126,1.02312,0,200,0,-10,-9.52316,4.64772,7.04349,-7.60268,-5.43872,6.83104,9.28553,0,875.921,0,644.302,0,790.537,0,602.447,34.9681,35.7384,41.6655,27.6403,37.6341,32.9192,42.6868,26.0354,86.9177,138.332,-48.6491,-81.5526,30.5352,84.5958,-111.052,-111.215,10,6.95271e-310,1383.32,6.68183e-310,-815.526,1.4822e-323,845.958,5.23261e-310,-1112.15,34.9681,1419.06,41.6655,-787.886,37.6341,878.877,42.6868,-1086.12,-200.588,-165.62,80.8299,122.495,-132.221,-94.5864,118.801,161.488,
0.780832,0.987201,0.856309,1.01813,0,200,0,-10,-9.1091,4.69246,7.09161,-7.40179,-5.22993,6.34968,8.79667,0,868.961,0,641.955,0,785.936,0,607.931,35.1935,35.5164,41.7243,27.5514,37.7715,32.7615,42.5564,26.2478,84.1833,132.861,-47.8298,-82.1695,29.6676,81.8506,-105.176,-104.698,10,6.95271e-310,1328.61,6.68183e-310,-821.695,1.4822e-323,818.506,5.23261e-310,-1046.98,35.1935,1364.12,41.7243,-794.144,37.7715,851.268,42.5564,-1020.73,-193.613,-158.419,81.608,123.332,-128.727,-90.9553,110.429,152.986,
0.7874,0.98895,0.860827,1.01161,0,200,0,-10,-8.63534,4.73773,7.13965,-7.1521,-4.97176,5.77714,8.21425,0,861.736,0,640.031,0,780.966,0,615.102,35.426,35.2845,41.7725,27.4784,37.9191,32.5905,42.3844,26.5247,81.1865,126.588,-46.8025,-82.7911,28.4427,78.4452,-98.537,-96.9423,10,6.95271e-310,1265.88,6.68183e-310,-827.911,1.4822e-323,784.452,5.23261e-310,-969.423,35.426,1301.17,41.7725,-800.432,37.9191,817.043,42.3844,-942.898,-185.606,-150.18,82.3954,124.168,-124.384,-86.4653,100.472,142.856,
0.794171,0.990304,0.865573,1.00534,0,200,0,-10,-8.15319,4.7455,7.14955,-6.88787,-4.69866,5.21312,7.64062,0,854.288,0,638.541,0,775.746,0,621.997,35.6641,35.0438,41.8096,27.4218,38.0733,32.4102,42.2173,26.7899,78.0603,120.206,-45.4914,-82.9044,27.0834,74.8421,-92.0355,-89.302,10,6.95271e-310,1202.06,6.68183e-310,-829.044,1.4822e-323,748.421,5.23261e-310,-893.02,35.6641,1237.11,41.8096,-801.623,38.0733,780.832,42.2173,-866.23,-177.459,-141.795,82.5304,124.34,-119.789,-81.7158,90.663,132.88,
0.801373,0.991383,0.870606,0.998765,0,200,0,-9.70305,-7.63791,4.72918,7.13493,-6.60107,-4.4025,4.61958,7.03689,0,846.365,0,637.355,0,770.209,0,629.234,35.9156,34.786,41.8392,27.3767,38.236,32.2182,42.0402,27.067,74.6555,113.384,-43.9689,-82.6914,25.5606,70.9327,-85.2806,-81.2612,10,6.95271e-310,1133.84,6.68183e-310,-826.914,1.4822e-323,709.327,5.23261e-310,-812.612,35.9156,1168.63,41.8392,-799.538,38.236,741.545,42.0402,-785.545,-168.749,-132.833,82.2465,124.086,-114.801,-76.5653,80.3406,122.381,
0.808731,0.991982,0.875723,0.991767,0,200,0,-9.17636,-7.09655,4.68755,7.09425,-6.29349,-4.08547,4.00224,6.40859,0,838.271,0,636.695,0,764.58,0,636.933,36.1706,34.5208,41.8556,27.3516,38.4003,32.0221,41.8497,27.3606,71.04,106.213,-42.2538,-82.1342,23.8674,66.743,-78.3841,-72.896,10,6.95271e-310,1062.13,6.68183e-310,-821.342,1.4822e-323,667.43,5.23261e-310,-728.96,36.1706,1096.65,41.8556,-793.991,38.4003,699.452,41.8497,-701.599,-159.589,-123.418,81.5226,123.378,-109.452,-71.0517,69.6041,111.454,
0.816413,0.992378,0.88102,0.984648,0,200,0,-8.62922,-6.53422,4.62505,7.03236,-5.97387,-3.75613,3.367,5.76209,0,829.821,0,636.26,0,758.754,0,644.763,36.4347,34.242,41.8664,27.335,38.5694,31.8182,41.6539,27.6578,67.1952,98.7642,-40.4132,-81.2943,22.0569,62.39,-71.3926,-64.2879,10,6.95271e-310,987.642,6.68183e-310,-812.943,1.4822e-323,623.9,5.23261e-310,-642.879,36.4347,1021.88,41.8664,-785.608,38.5694,655.718,41.6539,-615.221,-150.073,-113.639,80.4356,122.302,-103.893,-65.324,58.5565,100.21,
0.824179,0.992498,0.886569,0.977254,0,200,0,-8.06705,-5.95682,4.5449,6.95241,-5.63558,-3.40772,2.70749,5.09076,0,821.279,0,636.129,0,752.65,0,652.897,36.6995,33.958,41.8697,27.33,38.7454,31.6037,41.4482,27.9651,63.2283,91.1129,-38.391,-80.2149,20.0094,57.7836,-64.378,-55.3499,10,6.95271e-310,911.129,6.68183e-310,-802.149,1.4822e-323,577.836,5.23261e-310,-553.499,36.6995,945.087,41.8697,-774.819,38.7454,609.44,41.4482,-525.534,-140.296,-103.597,79.0418,120.911,-98.0101,-59.2647,47.0867,88.535,
0.832388,0.992318,0.892393,0.96968,0,200,0,-7.47633,-5.35015,4.43487,6.84209,-5.27854,-3.04014,2.02394,4.39496,0,812.249,0,636.326,0,746.243,0,661.228,36.9771,33.6556,41.8648,27.3375,38.9288,31.3775,41.2352,28.2782,58.9551,83.0738,-36.1697,-78.7307,17.7899,52.9229,-57.2145,-46.0856,10,6.95271e-310,830.738,6.68183e-310,-787.307,1.4822e-323,529.229,5.23261e-310,-460.856,36.9771,864.393,41.8648,-759.969,38.9288,560.607,41.2352,-432.578,-130.023,-93.0461,77.1282,118.993,-91.8007,-52.872,35.1989,76.4341,
0.840993,0.991767,0.898457,0.961914,0,200,0,-6.85828,-4.71553,4.29202,6.69837,-4.90258,-2.65328,1.3181,3.67642,0,802.784,0,636.933,0,739.573,0,669.771,37.2653,33.3362,41.8497,27.3606,39.1184,31.1409,41.0144,28.5976,54.3778,74.6638,-33.7434,-76.8017,15.386,47.8059,-49.9377,-36.5185,10,6.95271e-310,746.638,6.68183e-310,-768.017,1.4822e-323,478.059,5.23261e-310,-365.185,37.2653,779.975,41.8497,-740.657,39.1184,509.199,41.0144,-336.587,-119.275,-82.0092,74.6438,116.493,-85.2623,-46.144,22.9234,63.9378,
0.850101,0.990532,0.904677,0.953729,0,200,0,-6.19728,-4.03716,4.1008,6.50521,-4.49983,-2.23943,0.583245,2.92803,0,792.765,0,638.291,0,732.731,0,678.774,37.5674,32.9954,41.8159,27.4122,39.3113,30.897,40.7789,28.9323,49.3495,65.6717,-31.0389,-74.2165,12.7713,42.3271,-42.4222,-26.5562,10,6.95271e-310,656.717,6.68183e-310,-742.165,1.4822e-323,423.271,5.23261e-310,-265.562,37.5674,689.712,41.8159,-714.752,39.3113,454.168,40.7789,-236.63,-107.779,-70.2114,71.3182,113.134,-78.2579,-38.9466,10.1434,50.9223,
0.859497,0.988902,0.911053,0.944992,0,200,0,-5.50382,-3.32597,3.88568,6.28752,-4.07778,-1.8061,-0.192719,2.13745,0,782.43,0,640.083,0,725.718,0,688.385,37.8757,32.6409,41.7712,27.4804,39.5075,30.6457,40.5246,29.2875,43.9812,56.241,-28.2051,-71.3065,9.90887,36.5877,-34.7199,-16.0345,10,6.95271e-310,562.41,6.68183e-310,-713.065,1.4822e-323,365.877,5.23261e-310,-160.345,37.8757,595.051,41.7712,-685.585,39.5075,396.523,40.5246,-131.058,-95.7186,-57.8429,67.577,109.348,-70.918,-31.4105,-3.35164,37.173,
0.86924,0.986565,0.917848,0.93562,0,200,0,-4.76848,-2.57245,3.62396,6.0221,-3.61736,-1.33376,-1.01623,1.29805,0,771.712,0,642.654,0,718.243,0,698.693,38.1919,32.2704,41.7068,27.5779,39.7148,30.3765,40.2484,29.666,38.2115,46.2445,-24.9899,-67.7639,6.60692,30.3286,-26.8329,-4.86584,10,6.95271e-310,462.445,6.68183e-310,-677.639,1.4822e-323,303.286,5.23261e-310,-48.6584,38.1919,494.715,41.7068,-650.061,39.7148,333.662,40.2484,-18.9925,-82.9302,-44.7382,63.0254,104.732,-62.9106,-23.1958,-17.6735,22.5748,
0.878971,0.983737,0.924895,0.925638,0,200,0,-4.01099,-1.797,3.33827,5.73192,-3.13353,-0.837682,-1.882,0.415139,0,761.008,0,645.765,0,710.492,0,709.675,38.5041,31.8972,41.6287,27.6958,39.9279,30.0959,39.9502,30.0663,32.2045,35.9511,-21.5655,-63.8948,2.89893,23.753,-18.9441,6.87873,10,6.95271e-310,359.511,6.68183e-310,-638.948,1.4822e-323,237.53,5.23261e-310,68.7873,38.5041,391.408,41.6287,-611.252,39.9279,267.625,39.9502,98.8536,-69.7564,-31.2523,58.0569,99.6855,-54.4963,-14.5684,-32.7304,7.21981,
0.888702,0.980561,0.932277,0.915655,0,200,0,-3.25166,-1.01993,3.02206,5.41064,-2.63501,-0.326445,-2.75848,-0.478718,0,750.304,0,649.259,0,702.371,0,720.656,38.8127,31.521,41.5405,27.8278,40.149,29.8004,39.6481,30.4636,26.0699,25.6347,-17.9214,-59.6118,-1.14054,16.9776,-11.3115,18.7696,10,6.95271e-310,256.347,6.68183e-310,-596.118,1.4822e-323,169.776,5.23261e-310,187.696,38.8127,287.868,41.5405,-568.29,40.149,199.576,39.6481,218.159,-56.5506,-17.7379,52.5575,94.098,-45.8263,-5.67731,-47.9736,-8.32552,
0.898637,0.976487,0.940067,0.905936,0,200,0,-2.48287,-0.23324,2.62941,5.01145,-2.10642,0.215419,-3.62177,-1.35914,0,739.375,0,653.741,0,693.803,0,731.347,39.124,31.1338,41.4268,27.9968,40.3799,29.4867,39.3501,30.8475,19.6811,15.1908,-13.7806,-54.2924,-5.5582,9.79505,-3.9831,30.4823,10,6.95271e-310,151.908,6.68183e-310,-542.924,1.4822e-323,97.9505,5.23261e-310,304.823,39.124,183.042,41.4268,-514.927,40.3799,127.437,39.3501,335.67,-43.1803,-4.05636,45.7288,87.1556,-36.6335,3.74642,-62.9874,-23.6372,
0.908716,0.972879,0.947976,0.896863,0,200,0,-1.73935,0.528206,2.24098,4.6172,-1.60068,0.7345,-4.46987,-2.22342,0,728.289,0,657.709,0,685.102,0,741.326,39.4357,30.738,41.3255,28.1461,40.6118,29.1664,39.0687,31.2032,13.2888,5.08825,-9.87803,-49.0328,-9.93422,2.92067,2.96868,41.9867,10,6.95271e-310,50.8825,6.68183e-310,-490.328,1.4822e-323,29.2067,5.23261e-310,419.867,39.4357,81.6205,41.3255,-462.182,40.6118,58.3731,39.0687,451.07,-30.2495,9.1862,38.9736,80.2991,-27.8379,12.7739,-77.7369,-38.6682,
0.917992,0.968529,0.955802,0.888043,0,200,0,-1.03053,1.25333,1.81717,4.18633,-1.08876,1.25948,-5.27764,-3.04711,0,718.085,0,662.494,0,676.494,0,751.029,39.7192,30.3708,41.2027,28.3256,40.8388,28.8477,38.7919,31.5466,7.12289,-4.53857,-5.71495,-43.2909,-14.5832,-4.03526,9.23681,52.9469,10,6.95271e-310,-45.3857,6.68183e-310,-432.909,1.4822e-323,-40.3526,5.23261e-310,529.469,39.7192,-15.0148,41.2027,-404.584,40.8388,-11.5049,38.7919,561.016,-17.9222,21.797,31.603,72.8057,-18.9349,21.9039,-91.7851,-52.9931,
0.929437,0.963244,0.963376,0.879594,0,200,0,-0.241273,2.06242,1.27301,3.63352,-0.567622,1.79311,-6.08148,-3.86635,0,705.496,0,668.307,0,668.162,0,760.322,40.0641,29.9143,41.0524,28.543,41.0562,28.5376,38.524,31.8732,-0.369331,-15.2643,-1.56364,-35.92,-19.0005,-11.1125,16.1693,63.8524,10,6.95271e-310,-152.643,6.68183e-310,-359.2,1.4822e-323,-111.125,5.23261e-310,638.524,40.0641,-122.729,41.0524,-330.657,41.0562,-82.587,38.524,670.397,-4.19605,35.8681,22.1393,63.1917,-9.87168,31.1845,-105.765,-67.2408,
0.940019,0.958582,0.970554,0.871349,0,200,0,0.491771,2.81353,0.785389,3.13823,-0.0888853,2.28356,-6.86883,-4.66889,0,693.855,0,673.436,0,660.266,0,769.392,40.3785,29.4886,40.9189,28.734,41.26,28.2421,38.2599,32.1897,-7.44358,-25.2237,2.08931,-29.3152,-23.3302,-17.6144,22.5309,74.5352,10,6.95271e-310,-252.237,6.68183e-310,-293.152,1.4822e-323,-176.144,5.23261e-310,745.352,40.3785,-222.749,40.9189,-264.417,41.26,-147.902,38.2599,777.542,8.55255,48.931,13.6589,54.5778,-1.54583,39.7141,-119.458,-81.198,
0.950517,0.949331,0.977529,0.863427,0,200,0,1.26039,3.59982,0.00322608,2.34068,0.502455,2.88617,-7.53316,-5.34795,0,682.307,0,683.612,0,652.594,0,778.106,40.6858,29.0631,40.6513,29.1114,41.4559,27.9536,38.0037,32.4918,-15.2417,-35.6599,7.48583,-18.707,-28.5189,-25.6318,28.4342,83.5583,10,6.95271e-310,-356.599,6.68183e-310,-187.07,1.4822e-323,-256.318,5.23261e-310,835.583,40.6858,-327.536,40.6513,-157.959,41.4559,-228.364,38.0037,868.075,21.9197,62.6055,0.0561058,40.7074,8.73835,50.1943,-131.011,-93.0078,
0.961111,0.947209,0.984204,0.855806,0,200,0,1.92789,4.28489,-0.339602,1.99429,0.873135,3.26753,-8.33868,-6.16777,0,670.654,0,685.946,0,645.251,0,786.49,40.9914,28.6305,40.5894,29.1975,41.6416,27.6763,37.755,32.7805,-22.041,-44.7318,9.60118,-14.0709,-32.2279,-30.6721,34.4068,94.4828,10,6.95271e-310,-447.318,6.68183e-310,-140.709,1.4822e-323,-306.721,5.23261e-310,944.828,40.9914,-418.687,40.5894,-111.512,41.6416,-279.045,37.755,977.609,33.5285,74.5199,-5.90612,34.6833,15.185,56.8266,-145.021,-107.266,
0.971357,0.942284,0.9907,0.848651,0,200,0,2.59434,4.96809,-0.861011,1.46458,1.30695,3.71163,-9.04591,-6.88854,0,659.383,0,691.364,0,638.106,0,794.36,41.2826,28.209,40.4451,29.3971,41.8205,27.4052,37.5195,33.0498,-29.0912,-53.785,12.759,-7.00728,-36.4569,-36.5614,39.8446,104.079,10,6.95271e-310,-537.85,6.68183e-310,-70.0728,1.4822e-323,-365.614,5.23261e-310,1040.79,41.2826,-509.642,40.4451,-40.6756,41.8205,-338.208,37.5195,1073.84,45.1189,86.4015,-14.9741,25.471,22.7296,64.55,-157.32,-119.801,
0.980861,0.936136,0.996956,0.842191,0,200,0,3.21807,5.60712,-1.45588,0.859282,1.75619,4.17068,-9.66513,-7.52009,0,648.929,0,698.127,0,631.225,0,801.465,41.5488,27.8154,40.2636,29.6452,41.9911,27.1431,37.3052,33.2915,-35.894,-62.2556,16.3223,1.05601,-40.8755,-42.6563,44.6044,112.484,10,6.95271e-310,-622.556,6.68183e-310,10.5601,1.4822e-323,-426.563,5.23261e-310,1124.84,41.5488,-594.741,40.2636,40.2053,41.9911,-399.42,37.3052,1158.13,55.9664,97.5152,-25.3196,14.944,30.5425,72.5336,-168.089,-130.784,
0.990281,0.930551,1.0029,0.836511,0,200,0,3.80059,6.20461,-2.02771,0.27789,2.16952,4.59324,-10,-8.1068,0,638.567,0,704.27,0,624.686,0,807.714,41.809,27.4228,40.0975,29.8696,42.1517,26.893,37.1155,33.5028,-42.4562,-70.1687,19.4484,8.80533,-44.9747,-48.2645,49.0322,120.298,10,6.95271e-310,-701.687,6.68183e-310,88.0533,1.4822e-323,-482.645,5.23261e-310,1202.98,41.809,-674.264,40.0975,117.923,42.1517,-455.752,37.1155,1236.48,66.0973,107.906,-35.2646,4.83288,37.7308,79.8825,-178.103,-140.988,
0.999365,0.925686,1.00869,0.831058,0,200,0,4.34949,6.76773,-2.55035,-0.253133,2.55114,4.98377,-10,-8.68713,0,628.575,0,709.622,0,618.319,0,813.712,42.0564,27.0418,39.9517,30.0643,42.3067,26.6486,36.9323,33.7047,-48.7356,-77.6245,22.1663,15.8866,-48.9194,-53.4436,53.1841,128.028,10,6.95271e-310,-776.245,6.68183e-310,158.866,1.4822e-323,-534.436,5.23261e-310,1280.28,42.0564,-749.204,39.9517,188.931,42.3067,-507.787,36.9323,1313.99,75.6432,117.7,-44.354,-4.40232,44.3676,86.6743,-188.013,-151.081,
1.00814,0.919789,1.01413,0.826001,0,200,0,4.87855,7.31034,-3.13605,-0.849065,2.94382,5.38475,-10,-9.20603,0,618.925,0,716.108,0,612.334,0,819.275,42.292,26.6719,39.7737,30.2994,42.451,26.418,36.7613,33.8911,-55.0146,-84.8097,25.0965,23.8263,-52.9632,-58.7691,57.0258,134.937,10,6.95271e-310,-848.097,6.68183e-310,238.263,1.4822e-323,-587.691,5.23261e-310,1349.37,42.292,-821.425,39.7737,268.562,42.451,-561.273,36.7613,1383.26,84.8443,127.136,-54.5401,-14.7664,51.1968,93.6478,-196.866,-160.105,
1.01677,0.9146,1.01937,0.821531,0,200,0,5.37086,7.81579,-3.68402,-1.40611,3.30337,5.75223,-10,-9.69559,0,609.434,0,721.816,0,606.573,0,824.192,42.5205,26.306,39.6159,30.5054,42.5888,26.1953,36.6095,34.0551,-60.9907,-91.4971,27.6093,31.2525,-56.7174,-63.6464,60.598,141.46,10,6.95271e-310,-914.971,6.68183e-310,312.525,1.4822e-323,-636.464,5.23261e-310,1414.6,42.5205,-888.665,39.6159,343.03,42.5888,-610.268,36.6095,1448.66,93.4062,135.927,-64.0699,-24.454,57.4499,100.039,-205.228,-168.619,
1.02596,0.909411,1.02478,0.817636,0,200,0,5.85886,8.31759,-4.26355,-1.99476,3.6649,6.12188,-10,-10,0,599.323,0,727.524,0,600.615,0,828.477,42.7605,25.914,39.4571,30.7105,42.7301,25.9642,36.4765,34.1974,-67.0885,-98.1283,30.0163,39.1045,-60.4498,-68.5508,64.0957,147.709,10,6.95271e-310,-981.283,6.68183e-310,391.045,1.4822e-323,-685.508,5.23261e-310,1477.09,42.7605,-955.369,39.4571,421.756,42.7301,-659.544,36.4765,1511.29,101.893,144.654,-74.1486,-34.6915,63.7374,106.467,-213.243,-176.767,
1.03324,0.904473,1.02905,0.814436,0,200,0,6.25137,8.72089,-4.77462,-2.51458,3.97229,6.43562,-10,-10,0,591.308,0,732.955,0,595.921,0,831.996,42.9482,25.6018,39.305,30.905,42.8405,25.7817,36.3669,34.3139,-72.13,-103.46,32.1274,46.0324,-63.6761,-72.7185,66.8227,152.527,10,6.95271e-310,-1034.6,6.68183e-310,460.324,1.4822e-323,-727.185,5.23261e-310,1525.27,42.9482,-1009,39.305,491.229,42.8405,-701.403,36.3669,1559.58,108.719,151.668,-83.0368,-43.7318,69.0834,111.924,-219.42,-183.053,
1.04101,0.899895,1.03392,0.811751,0,200,0,6.63745,9.11833,-5.29758,-3.0457,4.28714,6.75765,-10,-10,0,582.765,0,737.991,0,590.569,0,834.949,43.1457,25.2675,39.1631,31.0846,42.9654,25.5729,36.2747,34.4114,-77.1438,-108.707,34.2005,53.1179,-66.9879,-76.9895,69.407,157.329,10,6.95271e-310,-1087.07,6.68183e-310,531.179,1.4822e-323,-769.895,5.23261e-310,1573.29,43.1457,-1061.8,39.1631,562.264,42.9654,-744.322,36.2747,1607.7,115.434,158.58,-92.1317,-52.9686,74.5589,117.524,-225.583,-189.308,
1.04875,0.895653,1.03753,0.809403,0,200,0,7.00359,9.49565,-5.78346,-3.53918,4.54729,7.0231,-10,-10,0,574.249,0,742.658,0,586.588,0,837.533,43.3401,24.9327,39.0309,31.2505,43.0577,25.4173,36.1938,34.4966,-82.0905,-113.684,35.5821,59.7015,-69.626,-80.5161,72.1051,161.536,10,6.95271e-310,-1136.84,6.68183e-310,597.015,1.4822e-323,-805.161,5.23261e-310,1615.36,43.3401,-1111.91,39.0309,628.265,43.0577,-779.744,36.1938,1649.86,121.802,165.142,-100.582,-61.551,79.0832,122.141,-230.981,-194.788,
1.05598,0.891962,1.04121,0.807341,0,200,0,7.33593,9.83828,-6.22852,-3.9909,4.79097,7.27215,-10,-10,0,566.3,0,746.718,0,582.541,0,839.801,43.5191,24.6188,38.9153,31.3943,43.1509,25.2587,36.1226,34.5711,-86.5897,-118.201,36.8332,65.7306,-72.1733,-83.8208,74.4771,165.531,10,6.95271e-310,-1182.01,6.68183e-310,657.306,1.4822e-323,-838.208,5.23261e-310,1655.31,43.5191,-1157.39,38.9153,688.7,43.1509,-812.949,36.1226,1689.88,127.581,171.101,-108.322,-69.4069,83.3212,126.472,-236.11,-199.988,
1.06271,0.887516,1.04469,0.80564,0,200,0,7.64305,10,-6.71464,-4.48506,5.04682,7.53303,-10,-10,0,558.891,0,751.609,0,578.718,0,841.672,43.6839,24.3252,38.7753,31.567,43.2384,25.1085,36.0637,34.6325,-90.9066,-122.375,38.3138,72.3195,-74.819,-87.2881,76.5577,168.777,10,6.95271e-310,-1223.75,6.68183e-310,723.195,1.4822e-323,-872.881,5.23261e-310,1687.77,43.6839,-1199.43,38.7753,754.762,43.2384,-847.773,36.0637,1722.41,132.923,176.607,-116.776,-78.001,87.7708,131.009,-240.278,-204.214,
1.0689,0.883777,1.04717,0.804369,0,200,0,7.90977,10,-7.13189,-4.90912,5.24664,7.73642,-10,-10,0,552.089,0,755.722,0,575.989,0,843.07,43.8335,24.0546,38.657,31.7118,43.3006,25.0012,36.0197,34.6783,-94.7624,-126.001,39.227,77.9748,-76.8063,-89.9946,78.5214,171.374,10,6.95271e-310,-1260.01,6.68183e-310,779.748,1.4822e-323,-899.946,5.23261e-310,1713.74,43.8335,-1235.95,38.657,811.459,43.3006,-874.945,36.0197,1748.42,137.561,181.395,-124.033,-85.376,91.2459,134.546,-243.612,-207.593,
1.07459,0.880745,1.04969,0.803518,0,200,0,8.14109,10,-7.50062,-5.28339,5.42538,7.91878,-10,-10,0,545.828,0,759.057,0,573.221,0,844.006,43.9697,23.8047,38.5607,31.8289,43.3634,24.8922,35.9901,34.7089,-98.1032,-129.146,39.988,82.9702,-78.5899,-92.4172,80.1721,173.674,10,6.95271e-310,-1291.46,6.68183e-310,829.702,1.4822e-323,-924.172,5.23261e-310,1736.74,43.9697,-1267.66,38.5607,861.531,43.3634,-899.28,35.9901,1771.45,141.584,185.554,-130.446,-91.885,94.3545,137.718,-246.569,-210.579,
1.0798,0.877617,1.0515,0.803075,0,200,0,8.34265,10,-7.85891,-5.6474,5.58163,8.07761,-10,-10,0,540.093,0,762.497,0,571.23,0,844.494,44.0932,23.5751,38.4609,31.9493,43.4083,24.8136,35.9747,34.7249,-101.154,-131.888,40.5838,87.8259,-80.0397,-94.5327,81.6813,175.213,10,6.95271e-310,-1318.88,6.68183e-310,878.259,1.4822e-323,-945.327,5.23261e-310,1752.13,44.0932,-1295.31,38.4609,910.208,43.4083,-920.514,35.9747,1786.85,145.09,189.183,-136.677,-98.2157,97.0718,140.48,-248.549,-212.574,
1.08451,0.875112,1.05293,0.802931,0,200,0,8.51346,10,-8.16335,-5.95646,5.7063,8.20433,-10,-10,0,534.912,0,765.253,0,569.649,0,844.652,44.2038,23.3672,38.3808,32.0455,43.444,24.7512,35.9698,34.7301,-103.767,-134.212,40.9182,91.9507,-81.1343,-96.2206,83.0121,176.401,10,6.95271e-310,-1342.12,6.68183e-310,919.507,1.4822e-323,-962.206,5.23261e-310,1764.01,44.2038,-1318.76,38.3808,951.553,43.444,-937.455,35.9698,1798.74,148.06,192.264,-141.971,-103.591,99.24,142.684,-250.081,-214.111,
1.08919,0.872967,1.05394,0.803087,0,200,0,8.6704,10,-8.44149,-6.23855,5.80556,8.30502,-10,-10,0,529.771,0,767.612,0,568.541,0,844.48,44.3125,23.1603,38.3119,32.1278,43.4689,24.7074,35.9752,34.7245,-106.213,-136.349,40.9602,95.7179,-81.8855,-97.5638,84.3433,177.274,10,6.95271e-310,-1363.49,6.68183e-310,957.179,1.4822e-323,-975.638,5.23261e-310,1772.74,44.3125,-1340.33,38.3119,989.307,43.4689,-950.931,35.9752,1807.46,150.79,195.102,-146.809,-108.497,100.966,144.435,-251.208,-215.233,
1.09266,0.871277,1.05476,0.80359,0,200,0,8.77577,10,-8.66384,-6.46403,5.88349,8.38411,-10,-10,0,525.948,0,769.471,0,567.645,0,843.927,44.3927,23.0062,38.2576,32.1925,43.489,24.672,35.9926,34.7063,-107.91,-137.785,41.046,98.7294,-82.4225,-98.6185,85.2071,177.558,10,6.95271e-310,-1377.85,6.68183e-310,987.294,1.4822e-323,-986.185,5.23261e-310,1775.58,44.3927,-1354.84,38.2576,1019.49,43.489,-961.513,35.9926,1810.29,152.622,197.015,-150.675,-112.418,102.322,145.811,-251.582,-215.59,
1.0961,0.869923,1.05516,0.804729,0,200,0,8.85864,10,-8.86894,-6.67164,5.93701,8.4382,-10,-10,0,522.165,0,770.961,0,567.196,0,842.674,44.4716,22.8534,38.214,32.2443,43.499,24.6543,36.0321,34.6653,-109.331,-138.917,40.8834,101.506,-82.5477,-99.3419,85.9861,177.216,10,6.95271e-310,-1389.17,6.68183e-310,1015.06,1.4822e-323,-993.419,5.23261e-310,1772.16,44.4716,-1366.32,38.214,1047.3,43.499,-968.764,36.0321,1806.83,154.063,198.535,-154.243,-116.029,103.252,146.751,-251.155,-215.123,
1.09934,0.868964,1.05537,0.806658,0,200,0,8.9096,10,-9.056,-6.86048,5.97053,8.47202,-10,-10,0,518.605,0,772.015,0,566.972,0,840.552,44.5453,22.7093,38.183,32.2809,43.5041,24.6454,36.0989,34.5957,-110.321,-139.618,40.5796,104.035,-82.3092,-99.7948,86.5363,176.135,10,6.95271e-310,-1396.18,6.68183e-310,1040.35,1.4822e-323,-997.948,5.23261e-310,1761.35,44.5453,-1373.47,38.183,1072.63,43.5041,-973.302,36.0989,1795.95,154.95,199.495,-157.496,-119.313,103.835,147.339,-249.785,-213.686,
1.1016,0.868365,1.05525,0.809223,0,200,0,8.90953,10,-9.20285,-7.00844,5.98053,8.48184,-10,-10,0,516.114,0,772.674,0,567.104,0,837.731,44.5966,22.6084,38.1637,32.3038,43.5011,24.6506,36.1876,34.5031,-110.608,-139.627,40.2789,106.02,-81.733,-99.9289,86.6617,174.193,10,6.95271e-310,-1396.27,6.68183e-310,1060.2,1.4822e-323,-999.289,5.23261e-310,1741.93,44.5966,-1373.66,38.1637,1092.5,43.5011,-974.638,36.1876,1776.43,154.948,199.545,-160.05,-121.886,104.009,147.51,-247.311,-211.123,
1.10371,0.868065,1.05484,0.812195,0,200,0,8.8911,10,-9.32952,-7.13567,5.9708,8.47154,-10,-10,0,513.794,0,773.004,0,567.553,0,834.462,44.6442,22.5143,38.154,32.3152,43.4911,24.6684,36.2899,34.3954,-110.646,-139.388,39.8193,107.73,-80.8632,-99.7957,86.6923,171.823,10,6.95271e-310,-1393.88,6.68183e-310,1077.3,1.4822e-323,-997.957,5.23261e-310,1718.23,44.6442,-1371.36,38.154,1109.61,43.4911,-973.288,36.2899,1752.63,154.628,199.272,-162.253,-124.099,103.84,147.331,-244.291,-208.001,
1.10548,0.868089,1.05377,0.815634,0,200,0,8.84639,10,-9.42416,-7.23026,5.92772,8.42694,-10,-10,0,511.843,0,772.978,0,568.726,0,830.678,44.6841,22.4351,38.1548,32.3143,43.4647,24.7147,36.408,34.2703,-110.36,-138.793,39.0964,109.005,-79.5186,-99.2094,86.6328,168.808,10,6.95271e-310,-1387.93,6.68183e-310,1090.05,1.4822e-323,-992.094,5.23261e-310,1688.08,44.6841,-1365.49,38.1548,1122.36,43.4647,-967.379,36.408,1722.35,153.85,198.534,-163.898,-125.744,103.091,146.555,-240.442,-204.034,
1.10672,0.868437,1.05205,0.819889,0,200,0,8.75918,10,-9.48925,-7.29471,5.8496,8.34637,-10,-10,0,510.485,0,772.595,0,570.624,0,825.998,44.7118,22.3799,38.166,32.301,43.422,24.7897,36.5535,34.1151,-109.553,-137.622,38.1717,109.879,-77.6312,-98.1474,86.3146,164.767,10,6.95271e-310,-1376.22,6.68183e-310,1098.79,1.4822e-323,-981.474,5.23261e-310,1647.67,44.7118,-1353.84,38.166,1131.09,43.422,-956.685,36.5535,1681.79,152.334,197.045,-165.03,-126.864,101.732,145.154,-235.282,-198.728,
1.1075,0.869228,1.04977,0.823832,0,200,0,8.66372,10,-9.49736,-7.30135,5.73927,8.23278,-10,-10,0,509.628,0,771.725,0,573.129,0,821.661,44.7292,22.3451,38.1915,32.2708,43.3654,24.8885,36.6877,33.9707,-108.607,-136.339,36.991,109.982,-75.4638,-96.6483,86.0407,160.837,10,6.95271e-310,-1363.39,6.68183e-310,1099.82,1.4822e-323,-966.483,5.23261e-310,1608.37,44.7292,-1341.04,38.1915,1132.09,43.3654,-941.594,36.6877,1642.34,150.673,195.402,-165.171,-126.98,99.8133,143.179,-230.259,-193.571,
1.10815,0.870642,1.04699,0.829081,0,200,0,8.52322,10,-9.48049,-7.28185,5.58771,8.07724,-10,-10,0,508.916,0,770.17,0,576.187,0,815.887,44.7436,22.3161,38.2371,32.2168,43.2961,25.009,36.8655,33.7777,-107.099,-134.448,35.4948,109.742,-72.62,-94.5908,85.4703,155.679,10,6.95271e-310,-1344.48,6.68183e-310,1097.42,1.4822e-323,-945.908,5.23261e-310,1556.79,44.7436,-1322.16,38.2371,1129.64,43.2961,-920.899,36.8655,1590.57,148.23,192.974,-164.878,-126.641,97.1776,140.474,-223.668,-186.802,
1.10848,0.872667,1.04381,0.83427,0,200,0,8.37092,10,-9.4082,-7.20581,5.40243,7.88738,-10,-10,0,508.547,0,767.942,0,579.68,0,810.179,44.7511,22.3011,38.3023,32.1393,43.2164,25.1464,37.0403,33.5859,-105.401,-132.397,33.7222,108.75,-69.4659,-92.0764,84.8824,150.539,10,6.95271e-310,-1323.97,6.68183e-310,1087.5,1.4822e-323,-920.764,5.23261e-310,1505.39,44.7511,-1301.67,38.3023,1119.64,43.2164,-895.618,37.0403,1538.98,145.581,190.332,-163.621,-125.318,93.9553,137.172,-217.098,-180.058,
1.10854,0.875148,1.04045,0.839219,0,200,0,8.21385,10,-9.29166,-7.0847,5.19549,7.67555,-10,-9.98179,0,508.481,0,765.213,0,583.385,0,804.735,44.7524,22.2984,38.3819,32.0442,43.1315,25.2918,37.2061,33.4022,-103.605,-130.28,31.7833,107.158,-66.1774,-89.2688,84.2916,145.614,10,6.95271e-310,-1302.8,6.68183e-310,1071.58,1.4822e-323,-892.688,5.23261e-310,1456.14,44.7524,-1280.5,38.3819,1103.62,43.1315,-867.396,37.2061,1489.54,142.85,187.602,-161.594,-123.212,90.3563,133.488,-210.802,-173.596,
1.10828,0.878036,1.03709,0.845571,0,200,0,8.00456,10,-9.17217,-6.9599,4.96765,7.44282,-10,-9.51486,0,508.771,0,762.036,0,587.076,0,797.748,44.7466,22.3102,38.4743,31.9332,43.0464,25.4363,37.4175,33.1652,-101.171,-127.458,29.844,105.523,-62.5178,-86.1794,83.1672,139.427,10,6.95271e-310,-1274.58,6.68183e-310,1055.23,1.4822e-323,-861.794,5.23261e-310,1394.27,44.7466,-1252.27,38.4743,1087.16,43.0464,-836.357,37.4175,1427.43,139.21,183.956,-159.516,-121.042,86.3939,129.44,-202.893,-165.476,
1.10773,0.88138,1.03269,0.85106,0,200,0,7.80544,10,-8.97903,-6.76063,4.69094,7.15966,-10,-9.08711,0,509.378,0,758.358,0,591.914,0,791.71,44.7343,22.3349,38.5809,31.8044,42.9341,25.6254,37.599,32.9593,-98.9126,-124.772,27.3709,102.891,-58.4727,-82.4253,82.3809,133.752,10,6.95271e-310,-1247.72,6.68183e-310,1028.91,1.4822e-323,-824.253,5.23261e-310,1337.52,44.7343,-1225.38,38.5809,1060.72,42.9341,-798.627,37.599,1370.48,135.747,180.481,-156.157,-117.576,81.5816,124.516,-195.636,-158.037,
1.10638,0.884951,1.02849,0.858106,0,200,0,7.53548,10,-8.79018,-6.56526,4.40146,6.86395,-10,-8.5447,0,510.854,0,754.43,0,596.541,0,783.959,44.7042,22.3949,38.6942,31.6664,42.8259,25.8058,37.8303,32.6936,-95.8209,-121.128,25.1349,100.316,-54.1932,-78.4997,80.7827,126.558,10,6.95271e-310,-1211.28,6.68183e-310,1003.16,1.4822e-323,-784.997,5.23261e-310,1265.58,44.7042,-1188.88,38.6942,1034.82,42.8259,-759.191,37.8303,1298.27,131.052,175.756,-152.873,-114.178,76.5472,119.373,-186.434,-148.604,
1.10447,0.88881,1.02406,0.864638,0,200,0,7.25809,9.82611,-8.55471,-6.32278,4.09396,6.54987,-10,-8.02848,0,512.963,0,750.185,0,601.405,0,776.774,44.6612,22.4806,38.8161,31.5168,42.7114,25.9949,38.043,32.4458,-92.6566,-117.381,22.8166,97.1097,-49.905,-74.3296,79.1319,119.707,10,6.95271e-310,-1173.81,6.68183e-310,971.097,1.4822e-323,-743.296,5.23261e-310,1197.07,44.6612,-1151.33,38.8161,1002.61,42.7114,-717.301,38.043,1229.52,126.228,170.889,-148.778,-109.961,71.1993,113.911,-177.669,-139.626,
1.10196,0.892777,1.01943,0.874752,0,200,0,6.85952,9.42429,-8.37307,-6.13397,3.74668,6.19563,-9.45567,-7.24944,0,515.718,0,745.821,0,606.507,0,765.649,44.6048,22.5924,38.9408,31.3626,42.5904,26.1927,38.3692,32.0594,-88.2498,-111.998,20.6418,94.6285,-44.8368,-69.6218,76.1512,109.372,10,6.95271e-310,-1119.98,6.68183e-310,946.285,1.4822e-323,-696.218,5.23261e-310,1093.72,44.6048,-1097.39,38.9408,977.648,42.5904,-670.025,38.3692,1125.78,119.296,163.901,-145.619,-106.678,65.1596,107.75,-164.446,-126.077,
1.09904,0.897223,1.015,0.878791,0,200,0,6.61143,9.17239,-8.02346,-5.77637,3.42895,5.87121,-9.11537,-6.90171,0,518.935,0,740.931,0,611.372,0,761.206,44.5385,22.7227,39.0799,31.1891,42.4741,26.3808,38.4984,31.9041,-85.3901,-108.641,18.2128,89.8799,-41.0239,-65.3131,74.8144,104.751,10,6.95271e-310,-1086.41,6.68183e-310,898.799,1.4822e-323,-653.131,5.23261e-310,1047.51,44.5385,-1063.69,39.0799,929.989,42.4741,-626.75,38.4984,1079.41,114.981,159.52,-139.538,-100.459,59.6339,102.108,-158.528,-120.03,
1.09605,0.901957,1.00942,0.885706,0,200,0,6.27516,8.83221,-7.69719,-5.44163,3.03657,5.47033,-8.55803,-6.33174,0,522.217,0,735.724,0,617.515,0,753.599,44.4705,22.8555,39.2271,31.0038,42.3261,26.6176,38.7181,31.6371,-81.7825,-104.096,15.3116,85.4438,-36.0753,-59.9909,72.7205,97.1804,10,6.95271e-310,-1040.96,6.68183e-310,854.438,1.4822e-323,-599.909,5.23261e-310,971.804,44.4705,-1018.11,39.2271,885.442,42.3261,-573.291,38.7181,1003.44,109.133,153.604,-133.864,-94.637,52.8099,95.1361,-148.835,-110.117,
1.09195,0.906978,1.00419,0.894838,0,200,0,5.8366,8.38825,-7.38149,-5.11701,2.62464,5.05036,-7.84691,-5.6041,0,526.726,0,730.2,0,623.262,0,743.554,44.3765,23.0376,39.3823,30.8064,42.1865,26.8384,39.0054,31.2823,-77.0816,-98.1669,12.7774,81.1484,-30.9152,-54.4066,69.365,87.5199,10,6.95271e-310,-981.669,6.68183e-310,811.484,1.4822e-323,-544.066,5.23261e-310,875.199,44.3765,-958.631,39.3823,842.29,42.1865,-517.228,39.0054,906.481,101.506,145.883,-128.374,-88.9915,45.6458,87.8323,-136.468,-97.4626,
1.08786,0.912359,0.998741,0.903527,0,200,0,5.40442,7.95062,-7.03139,-4.75741,2.19032,4.60759,-7.17035,-4.91199,0,531.234,0,724.281,0,629.26,0,733.997,44.2817,23.2193,39.5475,30.5941,42.0395,27.068,39.2757,30.9422,-72.5546,-92.3233,9.96693,76.3868,-25.7233,-48.5188,66.106,78.3303,10,6.95271e-310,-923.233,6.68183e-310,763.868,1.4822e-323,-485.188,5.23261e-310,783.303,44.2817,-900.013,39.5475,794.463,42.0395,-458.12,39.2757,814.245,93.9899,138.272,-122.285,-82.7376,38.0925,80.132,-124.702,-85.426,
1.08379,0.918064,0.993241,0.91152,0,200,0,4.98699,7.52774,-6.64797,-4.36399,1.74447,4.15314,-6.54937,-4.27687,0,535.703,0,718.006,0,635.311,0,725.204,44.187,23.399,39.7214,30.368,41.89,27.2989,39.5218,30.6272,-68.2653,-86.6783,6.94102,71.1742,-20.6366,-42.4746,63.0216,69.8967,10,6.95271e-310,-866.783,6.68183e-310,711.742,1.4822e-323,-424.746,5.23261e-310,698.967,44.187,-843.384,39.7214,742.11,41.89,-397.447,39.5218,729.595,86.7303,130.917,-115.617,-75.8955,30.3385,72.2285,-113.902,-74.3804,
1.07839,0.923564,0.987524,0.921467,0,200,0,4.46824,7.00168,-6.28461,-3.99106,1.26968,3.66934,-5.76659,-3.47668,0,541.649,0,711.955,0,641.599,0,714.262,44.0599,23.6374,39.8878,30.149,41.7332,27.5379,39.8245,30.2326,-63.0842,-79.6611,4.22147,66.2341,-15.3055,-36.0385,58.6705,59.2684,10,6.95271e-310,-796.611,6.68183e-310,662.341,1.4822e-323,-360.385,5.23261e-310,592.684,44.0599,-772.973,39.8878,692.49,41.7332,-332.848,39.8245,622.916,77.7086,121.768,-109.297,-69.4097,22.0814,63.8147,-100.289,-60.4641,
1.07306,0.93145,0.981556,0.92982,0,200,0,3.96923,6.49539,-5.73722,-3.43007,0.725313,3.11548,-5.14138,-2.83703,0,547.515,0,703.281,0,648.164,0,705.074,43.9332,23.8721,40.1243,29.8336,41.5682,27.7865,40.0756,29.8989,-58.0378,-72.9097,0.410247,58.7962,-9.72329,-28.6623,54.9495,50.7776,10,6.95271e-310,-729.097,6.68183e-310,587.962,1.4822e-323,-286.623,5.23261e-310,507.776,43.9332,-705.225,40.1243,617.796,41.5682,-258.836,40.0756,537.675,69.0302,112.963,-99.7778,-59.6535,12.6141,54.1823,-89.4152,-49.3396,
1.06716,0.937622,0.975492,0.940318,0,200,0,3.40376,5.92178,-5.33105,-3.01336,0.195561,2.576,-4.32792,-2.00565,0,554.001,0,696.492,0,654.835,0,693.526,43.7917,24.1307,40.3077,29.5853,41.3989,28.038,40.3873,29.4765,-52.6893,-65.2591,-2.68934,53.2756,-4.24138,-21.4817,50.0397,39.735,10,6.95271e-310,-652.591,6.68183e-310,532.756,1.4822e-323,-214.817,5.23261e-310,397.35,43.7917,-628.46,40.3077,562.341,41.3989,-186.779,40.3873,426.827,59.1958,102.987,-92.714,-52.4063,3.40106,44.8,-75.2681,-34.8808,
1.06075,0.94492,0.969152,0.949175,0,200,0,2.84841,5.35748,-4.80391,-2.47386,-0.366953,2.00321,-3.63689,-1.2997,0,561.053,0,688.464,0,661.808,0,683.784,43.636,24.411,40.5225,29.2904,41.2203,28.2999,40.6468,29.1177,-47.481,-57.7417,-6.37742,46.1168,1.17095,-13.857,45.4903,30.3566,10,6.95271e-310,-577.417,6.68183e-310,461.168,1.4822e-323,-138.57,5.23261e-310,303.566,43.636,-553.006,40.5225,490.459,41.2203,-110.27,40.6468,332.683,49.5376,93.1736,-83.5462,-43.0237,-6.3818,34.8385,-63.2503,-22.6035,
1.05408,0.952686,0.962549,0.960248,0,200,0,2.21372,4.71339,-4.28973,-1.94667,-0.987876,1.37149,-2.80529,-0.449705,0,568.383,0,679.921,0,669.072,0,671.603,43.4724,24.7012,40.7487,28.9748,41.0325,28.5715,40.9667,28.6658,-41.7649,-49.1528,-10.2606,39.1304,6.99417,-5.4424,39.9334,19.0693,10,6.95271e-310,-491.528,6.68183e-310,391.304,1.4822e-323,-54.424,5.23261e-310,190.693,43.4724,-466.827,40.7487,420.279,41.0325,-25.8525,40.9667,219.358,38.4995,81.9719,-74.604,-33.8552,-17.1805,23.8521,-48.7877,-7.82096,
1.04694,0.960632,0.955778,0.970459,0,200,0,1.57732,4.06678,-3.73443,-1.37821,-1.61897,0.729226,-2.02856,0.343733,0,576.24,0,671.181,0,676.52,0,660.372,43.2949,25.0111,40.9777,28.6501,40.8381,28.8487,41.2572,28.2461,-36.1979,-40.5374,-14.3464,31.5898,12.6034,3.11121,34.3823,8.52965,10,6.95271e-310,-405.374,6.68183e-310,315.898,1.4822e-323,31.1121,5.23261e-310,85.2965,43.2949,-380.363,40.9777,344.548,40.8381,59.9608,41.2572,113.543,27.4317,70.7265,-64.9466,-23.9689,-28.1559,12.6822,-35.2793,5.97797,
1.03964,0.968829,0.948911,0.979878,0,200,0,0.947561,3.42645,-3.14515,-0.77551,-2.25832,0.0784297,-1.31033,1.07715,0,584.268,0,662.164,0,684.074,0,650.01,43.1112,25.3264,41.2112,28.3133,40.6391,29.1284,41.5215,27.8562,-30.858,-32.0097,-18.6986,23.5905,18.0179,11.7777,28.9539,-1.21418,10,6.95271e-310,-320.097,6.68183e-310,235.905,1.4822e-323,117.777,5.23261e-310,-12.1418,43.1112,-294.771,41.2112,264.219,40.6391,146.905,41.5215,15.7144,16.4793,59.5905,-54.6983,-13.4871,-39.2751,1.36399,-22.7884,18.7331,
1.0323,0.977002,0.942236,0.99185,0,200,0,0.243785,2.71191,-2.62,-0.237131,-2.93286,-0.607344,-0.438808,1.96768,0,592.349,0,653.174,0,691.417,0,636.84,42.924,25.6424,41.4412,27.9755,40.4437,29.3991,41.852,27.3571,-25.1441,-22.4831,-22.8777,16.457,23.526,20.918,22.3108,-13.039,10,6.95271e-310,-224.831,6.68183e-310,164.57,1.4822e-323,209.18,5.23261e-310,-130.39,42.924,-199.188,41.4412,192.546,40.4437,238.579,41.852,-103.033,4.23974,47.1637,-45.5652,-4.12402,-51.0062,-10.5625,-7.63145,34.2205,
1.02464,0.985619,0.93592,1.00273,0,200,0,-0.452743,2.00402,-2.04583,0.350806,-3.59827,-1.28347,0.340137,2.7636,0,600.773,0,643.695,0,698.364,0,624.871,42.7263,25.9704,41.6807,27.6174,40.2573,29.6539,42.1472,26.9001,-19.5811,-13.0513,-27.1835,8.66128,28.5804,29.9333,15.8068,-23.6065,10,6.95271e-310,-130.513,6.68183e-310,86.6128,1.4822e-323,299.333,5.23261e-310,-236.065,42.7263,-104.543,41.6807,114.23,40.2573,328.987,42.1472,-209.165,-7.87379,34.8526,-35.5797,6.10098,-62.5786,-22.3213,5.91543,48.0626,
1.01763,0.992426,0.929832,1.01381,0,200,0,-1.10958,1.33665,-1.60938,0.798013,-4.21424,-1.90987,1.14675,3.58719,0,608.485,0,636.208,0,705.061,0,612.69,42.5432,26.2693,41.8677,27.333,40.076,29.8984,42.4425,26.4317,-14.6635,-4.15717,-30.8609,2.73461,33.1583,38.2813,9.19058,-34.5458,10,6.95271e-310,-41.5717,6.68183e-310,27.3461,1.4822e-323,382.813,5.23261e-310,-345.458,42.5432,-15.3024,41.8677,54.6791,40.076,412.712,42.4425,-319.027,-19.2971,23.2461,-27.9892,13.8785,-73.2911,-33.2151,19.9435,62.386,
1.00911,0.999904,0.92408,1.02505,0,200,0,-1.8399,0.593374,-1.10551,1.31357,-4.84623,-2.55179,1.95328,4.41066,0,617.857,0,627.982,0,711.388,0,600.325,42.3178,26.6308,42.071,27.0192,39.9033,30.1285,42.7369,25.9529,-9.13227,5.73744,-34.4958,-4.10406,37.3909,46.8434,1.70568,-45.4827,10,6.95271e-310,57.3744,6.68183e-310,-41.0406,1.4822e-323,468.434,5.23261e-310,-454.827,42.3178,84.0052,42.071,-14.0214,39.9033,498.562,42.7369,-428.874,-31.9983,10.3195,-19.2263,22.8447,-84.2823,-44.379,33.9702,76.7071,
1.00153,1.00821,0.918495,1.03491,0,200,0,-2.51436,-0.0927555,-0.553148,1.87875,-5.47688,-3.19215,2.62885,5.10083,0,626.189,0,618.846,0,717.531,0,589.475,42.1149,26.9506,42.2939,26.6688,39.7344,30.3508,42.9908,25.5302,-4.22212,14.8747,-38.7107,-11.6003,41.4289,55.3867,-4.85177,-54.6443,10,6.95271e-310,148.747,6.68183e-310,-116.003,1.4822e-323,553.867,5.23261e-310,-546.443,42.1149,175.697,42.2939,-89.3341,39.7344,584.218,42.9908,-520.913,-43.7281,-1.61314,-9.61997,32.6739,-95.2501,-55.5157,45.7192,88.71,
0.99396,1.01512,0.913366,1.04673,0,200,0,-3.22032,-0.810522,-0.136158,2.30629,-6.08962,-3.81387,3.43429,5.92343,0,634.52,0,611.24,0,723.174,0,576.477,41.9096,27.2688,42.4773,26.3757,39.5782,30.5543,43.2895,25.0204,0.688677,24.4375,-42.0826,-17.2623,45.1108,63.6854,-12.5478,-65.5649,10,6.95271e-310,244.375,6.68183e-310,-172.623,1.4822e-323,636.854,5.23261e-310,-655.649,41.9096,271.644,42.4773,-146.248,39.5782,667.409,43.2895,-630.629,-56.0056,-14.096,-2.36797,40.1093,-105.906,-66.3281,59.7267,103.016,
0.986661,1.02277,0.908536,1.057,0,200,0,-3.88968,-1.49139,0.343236,2.7972,-6.68822,-4.42099,4.1082,6.61199,0,642.549,0,602.829,0,728.486,0,565.18,41.7095,27.5739,42.6777,26.0502,39.4302,30.745,43.5442,24.5745,5.25292,33.5063,-45.8387,-23.7689,48.4604,71.7919,-19.516,-74.7021,10,6.95271e-310,335.063,6.68183e-310,-237.689,1.4822e-323,717.919,5.23261e-310,-747.021,41.7095,362.637,42.6777,-211.638,39.4302,748.664,43.5442,-722.447,-67.6466,-25.9372,5.96932,48.647,-116.317,-76.8867,71.4469,114.991,
0.979435,1.03124,0.904042,1.06673,0,200,0,-4.55851,-2.17174,0.872881,3.33945,-7.28901,-5.02974,4.71361,7.23103,0,650.498,0,593.509,0,733.43,0,554.475,41.5091,27.8746,42.8969,25.6877,39.2917,30.9219,43.7812,24.1496,9.72622,42.5686,-49.9038,-30.9562,51.5591,79.9255,-26.2536,-82.9115,10,6.95271e-310,425.686,6.68183e-310,-309.562,1.4822e-323,799.255,5.23261e-310,-829.115,41.5091,453.561,42.8969,-283.875,39.2917,830.177,43.7812,-804.965,-79.2785,-37.7694,15.1805,58.0774,-126.765,-87.4738,81.9759,125.757,
0.972136,1.03793,0.899943,1.07591,0,200,0,-5.1902,-2.81519,1.30344,3.77984,-7.81879,-5.56683,5.30722,7.83728,0,658.526,0,586.153,0,737.938,0,544.377,41.3046,28.1768,43.0677,25.4002,39.1646,31.0827,44.0011,23.7467,13.8678,51.1316,-53.1541,-36.7969,54.0678,87.0992,-33.0569,-90.9571,10,6.95271e-310,511.316,6.68183e-310,-367.969,1.4822e-323,870.992,5.23261e-310,-909.571,41.3046,539.493,43.0677,-342.569,39.1646,902.075,44.0011,-885.825,-90.2643,-48.9597,22.6686,65.7363,-135.979,-96.8144,92.2994,136.301,
0.965114,1.04537,0.896192,1.08388,0,200,0,-5.7961,-3.43252,1.78953,4.27672,-8.33295,-6.08771,5.79346,8.33432,0,666.251,0,577.967,0,742.064,0,535.611,41.1057,28.4662,43.2556,25.079,39.0477,31.2294,44.1889,23.3953,17.7943,59.3463,-56.7538,-43.3891,56.3129,94.0598,-39.1926,-97.5485,10,6.95271e-310,593.463,6.68183e-310,-433.891,1.4822e-323,940.598,5.23261e-310,-975.485,41.1057,621.929,43.2556,-408.812,39.0477,971.827,44.1889,-952.09,-100.802,-59.696,31.1222,74.3777,-144.921,-105.873,100.756,144.945,
0.958211,1.05327,0.892897,1.09303,0,200,0,-6.43571,-4.08349,2.2645,4.763,-8.8639,-6.62459,6.31994,8.87301,0,673.844,0,569.279,0,745.69,0,525.539,40.9082,28.7492,43.4523,24.7366,38.9446,31.3579,44.4013,22.9897,21.8057,68.0153,-60.2979,-49.8329,58.3824,101.243,-45.8633,-104.686,10,6.95271e-310,680.153,6.68183e-310,-498.329,1.4822e-323,1012.43,5.23261e-310,-1046.86,40.9082,708.902,43.4523,-473.593,38.9446,1043.79,44.4013,-1023.87,-111.925,-71.0171,39.3826,82.8349,-154.155,-115.21,109.912,154.313,
0.951643,1.05997,0.89002,1.10068,0,200,0,-7.00679,-4.66547,2.68648,5.19446,-9.31753,-7.08341,6.76297,9.32607,0,681.068,0,561.91,0,748.853,0,517.129,40.7185,29.0173,43.617,24.445,38.8542,31.4698,44.5758,22.6495,25.3652,75.7591,-63.3537,-55.5552,59.9623,107.381,-51.8614,-110.691,10,6.95271e-310,757.591,6.68183e-310,-555.552,1.4822e-323,1073.81,5.23261e-310,-1106.91,40.7185,786.609,43.617,-531.107,38.8542,1105.28,44.5758,-1084.26,-121.857,-81.1386,46.7214,90.3384,-162.044,-123.19,117.617,162.193,
0.945495,1.26265,0.887168,1.10769,0,200,0,-10,-9.57896,10,10,-10,-10,3.13761,5.70978,0,687.831,0,338.965,0,751.991,0,509.417,40.5394,29.2671,47.6448,15.1648,38.7643,31.5805,44.7335,22.3365,38.4948,141.89,-159.676,-200.027,67.6606,169.218,-37.0479,-61.8574,10,6.95271e-310,1418.9,6.68183e-310,-2000.27,1.4822e-323,1692.18,5.23261e-310,-618.574,40.5394,1448.17,47.6448,-1985.1,38.7643,1723.76,44.7335,-596.237,-207.13,-166.591,232.32,279.965,-241.803,-203.038,54.5671,99.3006,
0.939515,1.26784,0.885299,1.11443,0,200,0,-10,-10,10,10,-10,-10,3.53729,6.11805,0,694.409,0,333.257,0,754.047,0,502.008,40.3636,29.509,47.7229,14.9174,38.7052,31.6529,44.8829,22.0347,40.7427,149.277,-162.267,-203.726,67.7995,173.423,-42.2845,-67.2721,10,6.95271e-310,1492.77,6.68183e-310,-2037.26,1.4822e-323,1734.23,5.23261e-310,-672.721,40.3636,1522.28,47.7229,-2022.34,38.7052,1765.89,44.8829,-650.686,-216.605,-176.241,237.086,284.809,-247.209,-208.504,61.5181,106.401,
0.934182,1.27367,0.883585,1.12062,0,200,0,-10,-10,10,10,-10,-10,3.87855,6.46711,0,700.275,0,326.837,0,755.933,0,495.193,40.2057,29.7238,47.8091,14.6386,38.6509,31.7192,45.0185,21.7562,42.6851,156.355,-165.22,-207.706,67.853,177.527,-46.9477,-71.8964,10,6.95271e-310,1563.55,6.68183e-310,-2077.06,1.4822e-323,1775.27,5.23261e-310,-718.964,40.2057,1593.27,47.8091,-2062.42,38.6509,1806.99,45.0185,-697.208,-225.686,-185.48,242.214,290.024,-252.486,-213.835,67.453,112.472,
0.929293,1.27838,0.882171,1.12603,0,200,0,-10,-10,10,10,-10,-10,4.18086,6.77615,0,705.654,0,321.657,0,757.488,0,489.248,40.0598,29.92,47.8775,14.4133,38.606,31.7738,45.1355,21.5125,44.4207,162.535,-167.583,-210.989,67.7959,180.977,-51.1999,-75.9919,10,6.95271e-310,1625.35,6.68183e-310,-2109.89,1.4822e-323,1809.77,5.23261e-310,-759.919,40.0598,1655.27,47.8775,-2095.48,38.606,1841.55,45.1355,-738.407,-233.613,-193.553,246.446,294.323,-256.922,-218.316,72.7106,117.846,
0.924847,1.28236,0.881332,1.1302,0,200,0,-10,-10,10,10,-10,-10,4.40559,7.00602,0,710.545,0,317.28,0,758.411,0,484.66,39.9264,30.0979,47.9345,14.2227,38.5793,31.8062,45.2248,21.3241,45.99,167.815,-169.473,-213.941,67.5132,183.567,-54.8028,-79.0368,10,6.95271e-310,1678.15,6.68183e-310,-2139.41,1.4822e-323,1835.67,5.23261e-310,-790.368,39.9264,1708.25,47.9345,-2125.19,38.5793,1867.47,45.2248,-769.044,-240.382,-200.456,250.251,298.185,-260.254,-221.674,76.619,121.844,
0.920808,1.28653,0.880733,1.13477,0,200,0,-10,-10,10,10,-10,-10,4.63834,7.24435,0,714.987,0,312.692,0,759.07,0,479.624,39.8045,30.2589,47.9934,14.0226,38.5603,31.8293,45.3219,21.1169,47.4529,173.052,-171.286,-216.74,67.1827,186.164,-58.3769,-82.1907,10,6.95271e-310,1730.52,6.68183e-310,-2167.4,1.4822e-323,1861.64,5.23261e-310,-821.907,39.8045,1760.77,47.9934,-2153.38,38.5603,1893.46,45.3219,-800.79,-247.099,-207.294,253.858,301.852,-263.598,-225.038,80.6668,125.989,
0.917033,1.28938,0.880397,1.13905,0,200,0,-10,-10,10,10,-10,-10,4.86829,7.47947,0,719.14,0,309.555,0,759.439,0,474.918,39.69,30.4089,48.0332,13.8857,38.5496,31.8423,45.4119,20.9228,48.8485,177.569,-172.337,-218.692,66.8073,188.237,-61.842,-85.3055,10,6.95271e-310,1775.69,6.68183e-310,-2186.92,1.4822e-323,1882.37,5.23261e-310,-853.055,39.69,1806.1,48.0332,-2173.04,38.5496,1914.21,45.4119,-832.132,-252.89,-213.2,256.376,304.409,-266.27,-227.721,84.6659,130.078,
0.914169,1.29174,0.880301,1.14331,0,200,0,-10,-10,10,10,-10,-10,5.09058,7.70686,0,722.29,0,306.958,0,759.545,0,470.238,39.6028,30.5225,48.0658,13.7723,38.5465,31.8459,45.5005,20.7294,49.9666,181.365,-173.003,-220.026,66.4829,190.053,-64.9023,-88.3166,10,6.95271e-310,1813.65,6.68183e-310,-2200.26,1.4822e-323,1900.53,5.23261e-310,-883.166,39.6028,1844.17,48.0658,-2186.48,38.5465,1932.38,45.5005,-862.436,-257.759,-218.156,258.094,306.16,-268.613,-230.066,88.5319,134.032,
0.911736,1.294,0.880565,1.14672,0,200,0,-10,-10,10,10,-10,-10,5.25398,7.87432,0,724.966,0,304.48,0,759.255,0,466.481,39.5284,30.6187,48.0967,13.6639,38.5549,31.8358,45.571,20.5738,50.9431,184.611,-173.55,-221.347,66.0495,191.384,-67.3983,-90.5307,10,6.95271e-310,1846.11,6.68183e-310,-2213.47,1.4822e-323,1913.84,5.23261e-310,-905.307,39.5284,1876.73,48.0967,-2199.81,38.5549,1945.68,45.571,-884.733,-261.923,-222.395,259.798,307.895,-270.332,-231.777,91.3736,136.945,
0.909315,1.29555,0.881068,1.14951,0,200,0,-10,-10,10,10,-10,-10,5.38867,8.01229,0,727.629,0,302.766,0,758.701,0,463.41,39.4542,30.7143,48.118,13.589,38.571,31.8164,45.6283,20.4465,51.9311,187.412,-173.713,-222.39,65.5284,192.246,-69.695,-92.3555,10,6.95271e-310,1874.12,6.68183e-310,-2223.9,1.4822e-323,1922.46,5.23261e-310,-923.555,39.4542,1904.83,48.118,-2210.31,38.571,1954.28,45.6283,-903.108,-265.512,-226.058,261.143,309.26,-271.45,-232.879,93.7159,139.344,
0.907386,1.29674,0.882315,1.15216,0,200,0,-10,-10,10,10,-10,-10,5.49943,8.12616,0,729.752,0,301.461,0,757.33,0,460.496,39.3948,30.7904,48.1341,13.5319,38.6106,31.7683,45.6823,20.3256,52.8777,189.735,-173.305,-223.056,64.8231,192.539,-71.727,-93.8571,10,6.95271e-310,1897.35,6.68183e-310,-2230.56,1.4822e-323,1925.39,5.23261e-310,-938.571,39.3948,1928.14,48.1341,-2217.03,38.6106,1957.16,45.6823,-918.246,-268.49,-229.095,262.001,310.135,-271.842,-233.231,95.6422,141.324,
0.905828,1.29729,0.883813,1.15458,0,200,0,-10,-10,10,10,-10,-10,5.59959,8.22914,0,731.466,0,300.854,0,755.682,0,457.833,39.3468,30.8517,48.1415,13.5053,38.6581,31.7104,45.7313,20.2149,53.7441,191.539,-172.465,-223.261,64.1052,192.483,-73.542,-95.2151,10,6.95271e-310,1915.39,6.68183e-310,-2232.61,1.4822e-323,1924.83,5.23261e-310,-952.151,39.3468,1946.24,48.1415,-2219.1,38.6581,1956.54,45.7313,-931.936,-270.801,-231.454,262.265,310.406,-271.786,-233.128,97.3842,143.116,
0.904581,1.29765,0.886257,1.15648,0,200,0,-10,-10,10,10,-10,-10,5.64804,8.27979,0,732.837,0,300.459,0,752.993,0,455.751,39.3083,30.9007,48.1464,13.488,38.7355,31.6158,45.7695,20.1283,54.6451,192.921,-171.102,-223.351,63.0899,191.662,-74.9953,-95.8743,10,6.95271e-310,1929.21,6.68183e-310,-2233.51,1.4822e-323,1916.62,5.23261e-310,-958.743,39.3083,1960.11,48.1464,-2220.03,38.7355,1948.24,45.7695,-938.614,-272.572,-233.264,262.382,310.528,-270.753,-232.018,98.2268,143.996,
0.903563,1.29775,0.88869,1.1578,0,200,0,-10,-10,10,10,-10,-10,5.66765,8.30092,0,733.957,0,300.353,0,750.317,0,454.3,39.2768,30.9408,48.1477,13.4834,38.8123,31.5215,45.796,20.068,55.4467,193.907,-169.694,-223.349,62.1098,190.624,-76.1094,-96.1428,10,6.95271e-310,1939.07,6.68183e-310,-2233.49,1.4822e-323,1906.24,5.23261e-310,-961.428,39.2768,1970.01,48.1477,-2220.01,38.8123,1937.77,45.796,-941.36,-273.834,-234.557,262.379,310.527,-269.441,-230.628,98.5678,144.364,
0.902999,1.29759,0.89177,1.15879,0,200,0,-10,-10,10,10,-10,-10,5.65435,8.28877,0,734.577,0,300.525,0,746.929,0,453.206,39.2594,30.9629,48.1456,13.4909,38.9092,31.4018,45.816,20.0224,56.1948,194.431,-167.857,-223.102,60.9786,189.05,-76.8846,-95.9668,10,6.95271e-310,1944.31,6.68183e-310,-2231.02,1.4822e-323,1890.5,5.23261e-310,-959.668,39.2594,1975.27,48.1456,-2217.53,38.9092,1921.9,45.816,-939.645,-274.503,-235.244,262.06,310.205,-267.442,-228.532,98.3366,144.153,
0.902616,1.29702,0.895569,1.15932,0,200,0,-10,-10,10,10,-10,-10,5.60368,8.23871,0,734.998,0,301.158,0,742.75,0,452.626,39.2475,30.9779,48.1378,13.5186,39.0282,31.2537,45.8265,19.9982,56.9898,194.552,-165.496,-222.628,59.6319,186.822,-77.4213,-95.2855,10,6.95271e-310,1945.52,6.68183e-310,-2226.28,1.4822e-323,1868.22,5.23261e-310,-952.855,39.2475,1976.5,48.1378,-2212.77,39.0282,1899.48,45.8265,-932.857,-274.655,-235.408,261.449,309.587,-264.608,-225.58,97.4553,143.282,
0.902544,1.29579,0.899344,1.15969,0,200,0,-10,-10,10,10,-10,-10,5.55426,8.18971,0,735.078,0,302.502,0,738.597,0,452.217,39.2453,30.9808,48.1212,13.5774,39.146,31.1062,45.834,19.9812,57.6817,194.21,-162.835,-221.682,58.3727,184.433,-77.8084,-94.6205,10,6.95271e-310,1942.1,6.68183e-310,-2216.82,1.4822e-323,1844.33,5.23261e-310,-946.205,39.2453,1973.08,48.1212,-2203.24,39.146,1875.44,45.834,-926.224,-274.214,-234.969,260.229,308.35,-261.565,-222.419,96.5958,142.43,
0.90276,1.294,0.903455,1.15974,0,200,0,-10,-10,10,10,-10,-10,5.48683,8.12234,0,734.84,0,304.48,0,734.076,0,452.165,39.252,30.9723,48.0967,13.6639,39.2735,30.945,45.8349,19.979,58.3261,193.393,-159.749,-220.341,57.0598,181.63,-77.9834,-93.7119,10,6.95271e-310,1933.93,6.68183e-310,-2203.41,1.4822e-323,1816.3,5.23261e-310,-937.119,39.252,1964.91,48.0967,-2189.74,39.2735,1847.25,45.8349,-917.14,-273.162,-233.91,258.499,306.596,-257.991,-218.718,95.4232,141.258,
0.903431,1.29132,0.907517,1.15946,0,200,0,-10,-10,10,10,-10,-10,5.41524,8.05043,0,734.102,0,307.419,0,729.607,0,452.468,39.2727,30.9459,48.0601,13.7924,39.3989,30.7852,45.8294,19.9916,58.8099,191.899,-156.282,-218.365,55.8607,178.576,-77.8893,-92.7461,10,6.95271e-310,1918.99,6.68183e-310,-2183.65,1.4822e-323,1785.76,5.23261e-310,-927.461,39.2727,1949.94,48.0601,-2169.86,39.3989,1816.54,45.8294,-907.469,-271.242,-231.969,255.951,304.012,-254.092,-214.693,94.1781,140.007,
0.904545,1.2883,0.912898,1.15871,0,200,0,-10,-10,10,10,-10,-10,5.2869,7.92122,0,732.876,0,310.741,0,723.688,0,453.298,39.3072,30.9022,48.0182,13.9375,39.564,30.5727,45.8143,20.0262,59.3248,189.864,-152.025,-216.067,54.2718,174.521,-77.4392,-91.0139,10,6.95271e-310,1898.64,6.68183e-310,-2160.67,1.4822e-323,1745.21,5.23261e-310,-910.139,39.3072,1929.54,48.0182,-2146.74,39.564,1775.78,45.8143,-890.112,-268.627,-229.319,252.989,301.007,-248.915,-209.351,91.9461,137.76,
0.906451,1.2849,0.918231,1.15708,0,200,0,-10,-10,10,10,-10,-10,5.11184,7.74429,0,730.78,0,314.485,0,717.822,0,455.091,39.366,30.8272,47.9705,14.1008,39.7264,30.3613,45.7816,20.1009,59.515,186.97,-147.725,-213.451,52.7967,170.143,-76.2665,-88.6492,10,6.95271e-310,1869.7,6.68183e-310,-2134.51,1.4822e-323,1701.43,5.23261e-310,-886.492,39.366,1900.53,47.9705,-2120.41,39.7264,1731.79,45.7816,-866.391,-264.912,-225.546,249.617,297.587,-243.321,-203.594,88.9016,134.683,
0.909075,1.28102,0.923181,1.15512,0,200,0,-10,-10,10,10,-10,-10,4.93106,7.56124,0,727.893,0,318.756,0,712.377,0,457.24,39.4468,30.7238,47.9154,14.287,39.8762,30.1643,45.7422,20.1903,59.3728,183.39,-143.43,-210.348,51.5545,165.783,-74.6525,-86.2062,10,6.95271e-310,1833.9,6.68183e-310,-2103.48,1.4822e-323,1657.83,5.23261e-310,-862.062,39.4468,1864.63,47.9154,-2089.19,39.8762,1688,45.7422,-841.872,-260.321,-220.874,245.616,293.531,-237.744,-197.868,85.7575,131.5,
0.911556,1.27713,0.929976,1.15204,0,200,0,-10,-10,10,10,-10,-10,4.6409,7.26749,0,725.164,0,323.028,0,704.903,0,460.628,39.5229,30.6258,47.8595,14.4729,40.0803,29.8927,45.6798,20.3311,59.4658,179.548,-138.383,-207.449,49.593,160.013,-72.7167,-82.2853,10,6.95271e-310,1795.48,6.68183e-310,-2074.49,1.4822e-323,1600.13,5.23261e-310,-822.853,39.5229,1826.1,47.8595,-2060.01,40.0803,1630.02,45.6798,-802.522,-255.388,-215.865,241.879,289.738,-230.366,-190.285,80.7113,126.391,
0.91478,1.27198,0.935944,1.14912,0,200,0,-10,-10,10,10,-10,-10,4.39691,7.02007,0,721.618,0,328.696,0,698.338,0,463.845,39.6214,30.4983,47.7843,14.7194,40.258,29.6529,45.6202,20.4646,59.1665,174.872,-133.105,-203.415,48.0417,154.488,-70.6205,-78.987,10,6.95271e-310,1748.72,6.68183e-310,-2034.15,1.4822e-323,1544.88,5.23261e-310,-789.87,39.6214,1779.22,47.7843,-2019.43,40.258,1574.53,45.6202,-769.406,-249.388,-209.766,236.679,284.463,-223.294,-183.036,76.4681,122.088,
0.918711,1.2667,0.943842,1.14522,0,200,0,-10,-10,10,10,-10,-9.99833,4.04384,6.66239,0,717.294,0,334.51,0,689.65,0,468.129,39.741,30.3423,47.7058,14.9717,40.4909,29.3341,45.5401,20.6421,58.7922,169.425,-126.953,-199.124,45.8657,147.517,-67.8966,-74.2149,10,6.95271e-310,1694.25,6.68183e-310,-1991.24,1.4822e-323,1475.17,5.23261e-310,-742.149,39.741,1724.6,47.7058,-1976.27,40.4909,1504.5,45.5401,-721.507,-242.399,-202.658,231.15,278.856,-214.375,-173.884,70.3276,115.868,
0.922282,1.26097,0.951356,1.14115,0,200,0,-10,-10,10,10,-10,-9.47893,3.69965,6.31335,0,713.366,0,340.811,0,681.385,0,472.611,39.8491,30.2002,47.6193,15.2447,40.7102,29.029,45.4557,20.8275,58.4074,163.995,-120.849,-194.648,43.7201,140.632,-65.3719,-69.5617,10,6.95271e-310,1639.95,6.68183e-310,-1946.48,1.4822e-323,1406.32,5.23261e-310,-695.617,39.8491,1670.15,47.6193,-1931.23,40.7102,1435.35,45.4557,-674.79,-235.427,-195.578,225.382,273.001,-205.561,-164.851,64.3418,109.797,
0.927076,1.25478,0.95905,1.13712,0,200,0,-10,-10,10,10,-10,-8.94368,3.34901,5.95787,0,708.093,0,347.613,0,672.921,0,477.04,39.9934,30.0088,47.5241,15.5389,40.9323,28.7149,45.3714,21.0103,57.5541,157.702,-114.464,-189.331,41.6568,133.535,-62.3757,-64.8213,10,6.95271e-310,1577.02,6.68183e-310,-1893.31,1.4822e-323,1335.35,5.23261e-310,-648.213,39.9934,1607.03,47.5241,-1877.77,40.9323,1364.06,45.3714,-627.203,-227.355,-187.362,218.531,266.055,-196.474,-155.542,58.2437,103.615,
0.931222,1.24815,0.966791,1.13179,0,200,0,-10,-10,10,10,-10,-8.37234,2.93512,5.5375,0,703.531,0,354.916,0,664.405,0,482.907,40.1175,29.8427,47.4199,15.8541,41.1534,28.3972,45.2587,21.252,56.7606,151.254,-108.077,-184.169,39.3373,125.952,-59.2817,-59.2233,10,6.95271e-310,1512.54,6.68183e-310,-1841.69,1.4822e-323,1259.52,5.23261e-310,-592.233,40.1175,1542.38,47.4199,-1825.83,41.1534,1287.92,45.2587,-570.981,-219.075,-178.958,211.881,259.301,-186.759,-145.606,51.0456,96.3043,
0.936819,1.24141,0.974437,1.12713,0,200,0,-10,-9.75539,10,10,-10,-7.81589,2.54717,5.14383,0,697.375,0,362.325,0,655.995,0,488.035,40.2839,29.6177,47.312,16.1731,41.3693,28.0817,45.1592,21.4628,55.4022,144.134,-101.664,-178.168,37.2377,118.567,-55.8214,-53.9769,10,6.95271e-310,1441.34,6.68183e-310,-1781.68,1.4822e-323,1185.67,5.23261e-310,-539.769,40.2839,1470.96,47.312,-1765.5,41.3693,1213.75,45.1592,-518.307,-209.943,-169.659,204.151,251.463,-177.298,-135.928,44.2987,89.4579,
0.942463,1.23533,0.982263,1.12102,0,200,0,-10,-9.20327,10,10,-9.62559,-7.2343,2.05448,4.64354,0,691.166,0,369.009,0,647.387,0,494.758,40.4504,29.3898,47.2129,16.4603,41.5878,27.7571,45.0271,21.7384,53.8554,136.78,-95.7673,-172.884,34.9059,110.845,-51.7717,-47.3126,10,6.95271e-310,1367.8,6.68183e-310,-1728.84,1.4822e-323,1108.45,5.23261e-310,-473.126,40.4504,1397.19,47.2129,-1712.38,41.5878,1136.21,45.0271,-451.388,-200.507,-160.057,197.346,244.559,-167.402,-125.814,35.73,80.7571,
0.947808,1.22742,0.990257,1.11516,0,200,0,-10,-8.62557,10,10,-9.02322,-6.61924,1.60714,4.18883,0,685.287,0,377.709,0,638.594,0,501.204,40.6069,29.1732,47.0812,16.8332,41.8083,27.4238,44.899,22.0019,52.3106,129.076,-88.9242,-166.223,32.3897,102.674,-48.2656,-41.26,10,6.95271e-310,1290.76,6.68183e-310,-1662.23,1.4822e-323,1026.74,5.23261e-310,-412.6,40.6069,1319.93,47.0812,-1645.39,41.8083,1054.17,44.899,-390.598,-190.617,-150.01,188.768,235.849,-156.926,-115.117,27.9503,72.8493,
0.954783,1.21999,0.998454,1.10981,0,200,0,-10,-8.00083,10,10,-8.42938,-6.01256,1.1543,3.72919,0,677.614,0,385.882,0,629.577,0,507.084,40.8094,28.8893,46.9549,17.1826,42.0317,27.0801,44.7807,22.2415,50.1533,120.762,-82.272,-159.053,29.9846,94.6181,-44.2283,-35.1346,10,6.95271e-310,1207.62,6.68183e-310,-1590.53,1.4822e-323,946.181,5.23261e-310,-351.346,40.8094,1236.51,46.9549,-1573.35,42.0317,973.261,44.7807,-329.104,-179.954,-139.145,179.535,226.49,-146.598,-104.566,20.0747,64.8554,
0.961518,1.21312,1.00687,1.10257,0,200,0,-9.71571,-7.35804,9.85625,10,-7.80147,-5.37163,0.572206,3.13777,0,670.206,0,393.449,0,620.323,0,515.046,41.0031,28.6138,46.8356,17.5052,42.2581,26.7256,44.6186,22.5651,47.83,112.201,-76.1359,-152.744,27.2199,86.1027,-39.6315,-27.2585,10,6.95271e-310,1122.01,6.68183e-310,-1527.44,1.4822e-323,861.027,5.23261e-310,-272.585,41.0031,1150.62,46.8356,-1509.94,42.2581,887.753,44.6186,-250.02,-168.969,-127.966,171.413,218.249,-135.678,-93.4197,9.95141,54.57,
0.967822,1.20449,1.01559,1.09583,0,200,0,-9.07331,-6.70531,9.28471,10,-7.13996,-4.69681,0.0457502,2.60251,0,663.272,0,402.941,0,610.726,0,522.468,41.1826,28.3547,46.6828,17.9086,42.4896,26.3559,44.4653,22.8656,45.5369,103.499,-69.0349,-145.022,24.1771,77.134,-35.7575,-20.1335,10,6.95271e-310,1034.99,6.68183e-310,-1450.22,1.4822e-323,771.34,5.23261e-310,-201.335,41.1826,1063.34,46.6828,-1432.31,42.4896,797.695,44.4653,-178.469,-157.797,-116.614,161.473,208.156,-124.173,-81.6836,0.795655,45.261,
0.975528,1.19673,1.02469,1.08889,0,200,0,-8.39025,-6.00976,8.71513,10,-6.4759,-4.01907,-0.540227,2.00734,0,654.795,0,411.47,0,600.72,0,530.101,41.3999,28.0365,46.5425,18.2701,42.7276,25.9683,44.3056,23.1736,42.6528,94.2399,-62.3761,-137.327,21.0818,68.1301,-31.2162,-12.2044,10,6.95271e-310,942.399,6.68183e-310,-1373.27,1.4822e-323,681.301,5.23261e-310,-122.044,41.3999,970.436,46.5425,-1355,42.7276,707.27,44.3056,-98.8708,-145.917,-104.518,151.567,198.11,-112.624,-69.8968,-9.39526,34.9103,
0.982179,1.1887,1.03445,1.08176,0,200,0,-7.74268,-5.35151,8.14719,10,-5.78024,-3.30894,-1.14288,1.39512,0,647.479,0,420.302,0,589.976,0,537.944,41.5855,27.7606,46.3943,18.6432,42.9792,25.5498,44.1392,23.4889,40.0148,85.4674,-55.3775,-129.652,17.4952,58.6982,-27.3426,-4.0488,10,6.95271e-310,854.674,6.68183e-310,-1296.52,1.4822e-323,586.982,5.23261e-310,-40.488,41.5855,882.434,46.3943,-1277.88,42.9792,612.531,44.1392,-16.9991,-134.655,-93.0698,141.69,188.085,-100.526,-57.5467,-19.8762,24.263,
0.99046,1.18042,1.04456,1.07477,0,200,0,-7.02744,-4.62314,7.50526,10,-5.06871,-2.58269,-1.76516,0.763341,0,638.37,0,429.412,0,578.863,0,545.63,41.8139,27.4152,46.2383,19.0267,43.2351,25.1142,43.974,23.7968,36.6719,75.7733,-48.3195,-120.978,13.8656,49.0524,-22.9712,4.37174,10,6.95271e-310,757.733,6.68183e-310,-1209.78,1.4822e-323,490.524,5.23261e-310,43.7174,41.8139,785.148,46.2383,-1190.75,43.2351,515.638,43.974,67.5142,-122.216,-80.4024,130.526,176.765,-88.1515,-44.9164,-30.6985,13.2755,
0.998286,1.17147,1.05483,1.06769,0,200,0,-6.31767,-3.9011,6.82714,9.47595,-4.33921,-1.83849,-2.38324,0.135514,0,629.761,0,439.259,0,567.566,0,553.421,42.0272,27.0872,46.0662,19.4399,43.4908,24.6689,43.8044,24.1076,33.283,66.1569,-41.0236,-111.813,9.94409,39.1655,-19.0181,12.7369,10,6.95271e-310,661.569,6.68183e-310,-1118.13,1.4822e-323,391.655,5.23261e-310,127.369,42.0272,688.656,46.0662,-1098.69,43.4908,416.323,43.8044,151.477,-109.872,-67.8453,118.733,164.799,-75.4645,-31.9738,-41.4476,2.35677,
1.00647,1.16189,1.06509,1.06062,0,200,0,-5.5844,-3.15517,6.09194,8.72992,-3.60015,-1.08501,-2.99628,-0.487394,0,620.758,0,449.792,0,556.281,0,561.198,42.2475,26.7423,45.8779,19.8801,43.7415,24.2214,43.6328,24.4167,29.5485,56.2229,-33.648,-101.874,5.87458,29.1517,-15.1166,21.0353,10,6.95271e-310,562.229,6.68183e-310,-1018.74,1.4822e-323,291.517,5.23261e-310,210.353,42.2475,588.971,45.8779,-998.864,43.7415,315.739,43.6328,234.769,-97.1201,-54.8726,105.947,151.825,-62.6113,-18.8697,-52.1092,-8.47642,
1.01492,1.15234,1.07496,1.05361,0,200,0,-4.84847,-2.40634,5.34244,7.96938,-2.88037,-0.351604,-3.60345,-1.10446,0,611.464,0,460.298,0,545.419,0,568.91,42.4719,26.3844,45.6859,20.3174,43.9786,23.7883,43.4606,24.722,25.5241,46.2527,-26.6489,-91.7419,1.80925,19.4019,-11.213,29.255,10,6.95271e-310,462.527,6.68183e-310,-917.419,1.4822e-323,194.019,5.23261e-310,292.55,42.4719,488.911,45.6859,-897.101,43.9786,217.807,43.4606,317.272,-84.3213,-41.8493,92.912,138.598,-50.0934,-6.11485,-62.6686,-19.2081,
1.02384,0.946155,1.08485,1.0465,0,200,0,-0.89636,1.55921,-7.88614,-5.55402,2.56559,5.10776,0.0111642,2.49998,0,601.656,0,687.106,0,534.543,0,576.728,42.7055,26.0047,40.5586,29.2403,44.2116,23.3524,43.2838,25.0303,-3.85866,-7.06747,54.1172,87.6509,-35.9268,-54.0469,-24.7795,-19.426,10,6.95271e-310,-70.6747,6.68183e-310,876.509,1.4822e-323,-540.469,5.23261e-310,-194.26,42.7055,-44.67,40.5586,905.749,44.2116,-517.117,43.2838,-169.229,-15.5889,27.1166,-137.15,-96.5916,44.6189,88.8305,0.19416,43.4779,
1.0328,0.936375,1.09494,1.03951,0,200,0,-0.264456,2.20441,-8.78566,-6.47009,3.3197,5.87528,-0.599462,1.87924,0,591.795,0,697.863,0,523.443,0,584.413,42.9369,25.6208,40.2708,29.6356,44.445,22.905,43.1078,25.3321,-9.63731,-15.6357,59.1086,99.8469,-42.3197,-64.2567,-20.6371,-11.1578,10,6.95271e-310,-156.357,6.68183e-310,998.469,1.4822e-323,-642.567,5.23261e-310,-111.578,42.9369,-130.736,40.2708,1028.1,44.445,-619.662,43.1078,-86.2458,-4.59923,38.3376,-152.794,-112.523,57.7338,102.179,-10.4254,32.6824,
1.04228,0.926668,1.10517,1.0328,0,200,0,0.369426,2.85215,-9.70777,-7.40885,4.0664,6.63534,-1.21125,1.25762,0,581.368,0,708.541,0,512.185,0,591.795,43.1778,25.2126,39.9812,30.0251,44.6771,22.449,42.9369,25.6208,-15.703,-24.2319,63.8161,112.349,-48.835,-74.3653,-16.556,-2.87462,10,6.95271e-310,-242.319,6.68183e-310,1123.49,1.4822e-323,-743.653,5.23261e-310,-28.7462,43.1778,-217.106,39.9812,1153.51,44.6771,-721.204,42.9369,-3.12544,6.4248,49.6026,-168.831,-128.85,70.7201,115.397,-21.0652,21.8717,
1.0522,0.916721,1.11565,1.02623,0,200,0,1.00787,3.50485,-10,-8.38822,4.81902,7.40134,-1.82705,0.632096,0,570.453,0,719.482,0,500.664,0,599.019,43.4259,24.7829,39.6806,30.4213,44.9098,21.9798,42.7677,25.9022,-22.0929,-32.8901,68.3517,125.393,-55.618,-84.5526,-12.5697,5.4627,10,6.95271e-310,-328.901,6.68183e-310,1253.93,1.4822e-323,-845.526,5.23261e-310,54.627,43.4259,-304.118,39.6806,1284.35,44.9098,-823.546,42.7677,80.5292,17.5281,60.954,-185.563,-145.882,83.8091,128.719,-31.7747,10.993,
1.06314,0.90554,1.1273,1.0207,0,200,0,1.65711,4.16954,-10,-9.5286,5.62483,8.22169,-2.40485,0.0460121,0,558.417,0,731.782,0,487.85,0,605.11,43.6944,24.3063,39.3379,30.863,45.1628,21.4552,42.6236,26.1386,-29.0278,-41.6972,73.2158,140.586,-63.1257,-95.459,-9.04147,13.2826,10,6.95271e-310,-416.972,6.68183e-310,1405.86,1.4822e-323,-954.59,5.23261e-310,132.826,43.6944,-392.665,39.3379,1436.72,45.1628,-933.135,42.6236,158.965,28.8193,72.5137,-205.053,-165.715,97.8231,142.986,-41.8234,0.800211,
1.07371,0.891926,1.13935,1.01605,0,200,0,2.27295,4.80001,-10,-10,6.48814,9.09969,-2.88578,-0.441933,0,546.79,0,746.757,0,474.588,0,610.225,43.9489,23.8431,38.9141,31.3957,45.4181,20.9091,42.5016,26.3365,-36.26,-50.05,78.6203,158.345,-71.574,-107.139,-6.45076,19.7922,10,6.95271e-310,-500.5,6.68183e-310,1583.45,1.4822e-323,-1071.39,5.23261e-310,197.922,43.9489,-476.656,38.9141,1614.85,45.4181,-1050.48,42.5016,224.259,39.5296,83.4785,-227.824,-188.91,112.837,158.255,-50.1874,-7.68579,
1.08212,0.88247,1.14901,1.01091,0,200,0,2.77586,5.31435,-10,-10,7.15333,9.77637,-3.39154,-0.955511,0,537.549,0,757.158,0,463.963,0,615.88,44.1476,23.4731,38.6155,31.7623,45.618,20.4695,42.3657,26.5547,-42.1204,-56.8683,82.245,170.836,-78.3157,-116.138,-3.89977,26.6399,10,6.95271e-310,-568.683,6.68183e-310,1708.36,1.4822e-323,-1161.38,5.23261e-310,266.399,44.1476,-545.21,38.6155,1740.13,45.618,-1140.91,42.3657,292.953,48.2758,92.4234,-243.84,-205.225,124.406,170.024,-58.9832,-16.6176,
1.09054,0.874309,1.15716,1.0043,0,200,0,3.29775,5.84752,-10,-10,7.74473,10,-3.97803,-1.55214,0,528.281,0,766.136,0,454.999,0,623.144,44.3438,23.1003,38.355,32.0763,45.7833,20.097,42.1894,26.8339,-48.1411,-63.9413,84.7771,181.336,-84.4786,-124.136,-0.521032,34.5852,10,6.95271e-310,-639.413,6.68183e-310,1813.36,1.4822e-323,-1241.36,5.23261e-310,345.852,44.3438,-616.312,38.355,1845.44,45.7833,-1221.26,42.1894,372.686,57.3522,101.696,-257.298,-218.943,134.691,180.474,-69.1832,-26.9938,
1.09982,0.866663,1.16527,0.997926,0,200,0,3.83265,6.39463,-10,-10,8.31225,10,-4.57706,-2.16106,0,518.078,0,774.546,0,446.074,0,630.157,44.5562,22.688,38.1087,32.3687,45.9448,19.7249,42.0174,27.1023,-54.4226,-71.1917,86.8126,191.716,-90.5082,-131.811,3.02863,42.6989,10,6.95271e-310,-711.917,6.68183e-310,1917.16,1.4822e-323,-1318.11,5.23261e-310,426.989,44.5562,-689.23,38.1087,1949.53,45.9448,-1298.38,42.0174,454.091,66.6547,111.211,-270.607,-232.498,144.561,190.506,-79.6011,-37.5837,
1.1085,0.861138,1.17268,0.992689,0,200,0,4.29954,6.87276,-10,-10,8.77892,10,-5.12473,-2.71692,0,508.521,0,780.624,0,437.928,0,635.918,44.7516,22.3,37.9292,32.5787,46.0897,19.3841,41.8749,27.322,-59.877,-77.5216,88.1566,200.094,-95.5308,-138.123,6.13694,50.1137,10,6.95271e-310,-775.216,6.68183e-310,2000.94,1.4822e-323,-1381.23,5.23261e-310,501.137,44.7516,-752.916,37.9292,2033.52,46.0897,-1361.84,41.8749,528.459,74.7746,119.526,-281.354,-243.424,152.677,198.767,-89.1257,-47.2507,
1.11638,0.854152,1.17909,0.987644,0,200,0,4.733,7.31623,-10,-10,9.24256,10,-5.5919,-3.19205,0,499.86,0,788.309,0,430.875,0,641.468,44.9258,21.947,37.7007,32.8429,46.213,19.0882,41.7365,27.5329,-65.3505,-83.3961,89.5869,209.362,-100.752,-144.39,8.88466,56.4429,10,6.95271e-310,-833.961,6.68183e-310,2093.62,1.4822e-323,-1443.9,5.23261e-310,564.429,44.9258,-812.014,37.7007,2126.46,46.213,-1424.81,41.7365,591.962,82.313,127.239,-293.233,-255.532,160.74,206.953,-97.2504,-55.5139,
1.12347,0.847704,1.18505,0.982503,0,200,0,5.13298,7.72511,-10,-10,9.67244,10,-6.05384,-3.66216,0,492.055,0,795.401,0,424.323,0,647.123,45.0804,21.6277,37.4882,33.0853,46.3259,18.8126,41.5944,27.7471,-70.4915,-88.8151,90.8313,217.722,-105.758,-150.2,11.4271,62.7027,10,6.95271e-310,-888.151,6.68183e-310,2177.22,1.4822e-323,-1502,5.23261e-310,627.027,45.0804,-866.524,37.4882,2210.31,46.3259,-1483.19,41.5944,654.774,89.2693,134.35,-303.945,-266.457,168.216,214.542,-105.284,-63.6897,
1.13041,0.842048,1.1903,0.977529,0,200,0,5.51503,8.11572,-10,-10,10,10,-6.5024,-4.11868,0,484.423,0,801.624,0,418.549,0,652.594,45.2294,21.3144,37.3004,33.2968,46.424,18.5692,41.4559,27.9536,-75.4105,-93.9908,91.6426,225.154,-110.284,-155.33,14.0004,68.7814,10,6.95271e-310,-939.908,6.68183e-310,2251.54,1.4822e-323,-1553.3,5.23261e-310,687.814,45.2294,-918.594,37.3004,2284.84,46.424,-1534.73,41.4559,715.768,95.9135,141.143,-313.468,-276.167,174.818,221.242,-113.085,-71.6292,
1.13736,0.837518,1.19532,0.973167,0,200,0,5.87411,8.48326,-10,-10,10,10,-6.93179,-4.55511,0,476.777,0,806.607,0,413.026,0,657.392,45.3765,20.9995,37.1492,33.4655,46.5166,18.3359,41.3336,28.1342,-79.9777,-98.8562,92.0895,231.658,-114.287,-159.822,16.4361,74.5983,10,6.95271e-310,-988.562,6.68183e-310,2316.58,1.4822e-323,-1598.22,5.23261e-310,745.983,45.3765,-967.562,37.1492,2350.05,46.5166,-1579.88,41.3336,774.117,102.159,147.535,-321.806,-284.657,180.598,227.114,-120.553,-79.2193,
1.14398,0.834222,1.19988,0.969632,0,200,0,6.19435,8.81142,-10,-10,10,10,-7.31829,-4.94734,0,469.5,0,810.232,0,408.003,0,661.281,45.5144,20.6988,37.0387,33.5877,46.5999,18.1233,41.2339,28.2802,-83.9724,-103.196,92.2034,237.025,-117.592,-163.52,18.6112,79.8317,10,6.95271e-310,-1031.96,6.68183e-310,2370.25,1.4822e-323,-1635.2,5.23261e-310,798.317,45.5144,-1011.26,37.0387,2403.83,46.5999,-1617.08,41.2339,826.597,107.728,153.242,-328.691,-291.653,185.355,231.955,-127.275,-86.0407,
1.14986,0.830435,1.20397,0.966648,0,200,0,6.4744,9.09844,-10,-10,10,10,-7.63529,-5.26921,0,463.027,0,814.398,0,403.508,0,664.564,45.6354,20.4307,36.9112,33.7277,46.6735,17.9327,41.1493,28.4031,-87.6859,-106.99,92.4286,242.645,-120.846,-167.067,20.3852,84.1248,10,6.95271e-310,-1069.9,6.68183e-310,2426.45,1.4822e-323,-1670.67,5.23261e-310,841.248,45.6354,-1049.47,36.9112,2460.18,46.6735,-1652.74,41.1493,869.651,112.598,158.234,-335.898,-298.987,189.92,236.594,-132.788,-91.6384,
1.15564,0.827127,1.20775,0.964119,0,200,0,6.73594,9.36672,-10,-10,10,10,-7.92398,-5.56204,0,456.673,0,818.036,0,399.355,0,667.345,45.7526,20.1667,36.7995,33.8496,46.7409,17.7564,41.0773,28.507,-91.147,-110.535,92.4649,247.832,-123.765,-170.224,22.0448,88.0333,10,6.95271e-310,-1105.35,6.68183e-310,2478.32,1.4822e-323,-1702.24,5.23261e-310,880.333,45.7526,-1085.18,36.7995,2512.17,46.7409,-1684.48,41.0773,908.84,117.147,162.899,-342.55,-305.751,193.982,240.723,-137.808,-96.7311,
1.1611,0.823484,1.21121,0.961818,0,200,0,6.97957,9.61665,-10,-10,10,10,-8.17817,-5.82,0,450.662,0,822.043,0,395.545,0,669.876,45.8622,19.9164,36.6759,33.9835,46.8021,17.5944,41.0116,28.6015,-94.5158,-113.836,92.5204,253.209,-126.684,-173.308,23.5464,91.4753,10,6.95271e-310,-1138.36,6.68183e-310,2532.09,1.4822e-323,-1733.08,5.23261e-310,914.753,45.8622,-1118.44,36.6759,2566.08,46.8021,-1715.49,41.0116,943.355,121.384,167.246,-349.445,-312.769,197.952,244.754,-142.229,-101.217,
1.16578,0.820392,1.21424,0.959769,0,200,0,7.18795,9.83035,-10,-10,10,10,-8.40354,-6.04874,0,445.521,0,825.445,0,392.21,0,672.13,45.9547,19.7018,36.5707,34.0967,46.8552,17.4524,40.9529,28.6855,-97.4163,-116.659,92.5449,257.775,-129.235,-175.96,24.812,94.5273,10,6.95271e-310,-1166.59,6.68183e-310,2577.75,1.4822e-323,-1759.6,5.23261e-310,945.273,45.9547,-1146.89,36.5707,2611.84,46.8552,-1742.15,40.9529,973.958,125.008,170.963,-355.298,-318.727,201.366,248.221,-146.148,-105.196,
1.17002,0.818463,1.21669,0.958091,0,200,0,7.37043,10,-10,-10,10,10,-8.60707,-6.25505,0,440.854,0,827.567,0,389.521,0,673.976,46.0379,19.5067,36.5048,34.1672,46.8978,17.3378,40.9048,28.7541,-99.8024,-119.131,92.3065,261.07,-131.099,-177.896,26.0165,97.2823,10,6.95271e-310,-1191.31,6.68183e-310,2610.7,1.4822e-323,-1778.96,5.23261e-310,972.823,46.0379,-1171.8,36.5048,2644.86,46.8978,-1761.62,40.9048,1001.58,128.181,174.219,-359.525,-323.02,203.857,250.755,-149.688,-108.783,
1.17396,0.817084,1.21858,0.956821,0,200,0,7.53182,10,-10,-10,10,10,-8.7767,-6.42678,0,436.517,0,829.083,0,387.438,0,675.373,46.1145,19.325,36.4577,34.2175,46.9305,17.2489,40.8682,28.8061,-101.844,-121.318,91.8987,263.727,-132.499,-179.345,27.155,99.5776,10,6.95271e-310,-1213.18,6.68183e-310,2637.27,1.4822e-323,-1793.45,5.23261e-310,995.776,46.1145,-1193.85,36.4577,2671.49,46.9305,-1776.2,40.8682,1024.58,130.988,177.103,-362.937,-326.479,205.722,252.653,-152.638,-111.77,
1.17745,0.816198,1.22009,0.955934,0,200,0,7.66803,10,-10,-10,10,10,-8.9143,-6.56585,0,432.681,0,830.059,0,385.777,0,676.349,46.1816,19.1641,36.4273,34.2498,46.9565,17.1781,40.8426,28.8423,-103.508,-123.163,91.4299,265.793,-133.517,-180.408,28.1413,101.439,10,6.95271e-310,-1231.63,6.68183e-310,2657.93,1.4822e-323,-1804.08,5.23261e-310,1014.39,46.1816,-1212.47,36.4273,2692.18,46.9565,-1786.9,40.8426,1043.23,133.357,179.539,-365.592,-329.165,207.09,254.046,-155.031,-114.189,
1.18037,0.815491,1.22124,0.955382,0,200,0,7.77719,10,-10,-10,10,10,-9.01513,-6.66759,0,429.464,0,830.836,0,384.511,0,676.955,46.2374,19.0289,36.4031,34.2756,46.9762,17.124,40.8267,28.8648,-104.838,-124.643,90.9959,267.516,-134.283,-181.211,28.935,102.801,10,6.95271e-310,-1246.43,6.68183e-310,2675.16,1.4822e-323,-1812.11,5.23261e-310,1028.01,46.2374,-1227.4,36.4031,2709.44,46.9762,-1794.98,40.8267,1056.88,135.256,181.493,-367.807,-331.404,208.123,255.099,-156.785,-115.958,
1.18311,0.815191,1.2221,0.955059,0,200,0,7.87421,10,-10,-10,10,10,-9.09906,-6.75206,0,426.459,0,831.166,0,383.562,0,677.311,46.2892,18.9025,36.3928,34.2865,46.991,17.0835,40.8174,28.878,-105.943,-125.958,90.4711,268.791,-134.757,-181.721,29.6907,103.935,10,6.95271e-310,-1259.58,6.68183e-310,2687.91,1.4822e-323,-1817.21,5.23261e-310,1039.35,46.2892,-1240.68,36.3928,2722.19,46.991,-1800.13,40.8174,1068.23,136.943,183.232,-369.447,-333.054,208.779,255.77,-158.245,-117.427,
1.18549,0.815215,1.22268,0.955011,0,200,0,7.95299,10,-10,-10,10,10,-9.15856,-6.81164,0,423.835,0,831.14,0,382.93,0,677.364,46.3342,18.7921,36.3936,34.2856,47.0008,17.0565,40.816,28.88,-106.773,-127.026,89.9192,269.66,-134.957,-181.964,30.34,104.737,10,6.95271e-310,-1270.26,6.68183e-310,2696.6,1.4822e-323,-1819.64,5.23261e-310,1047.37,46.3342,-1251.47,36.3936,2730.88,47.0008,-1802.58,40.816,1076.25,138.313,184.647,-370.569,-334.175,209.091,256.091,-159.279,-118.463,
1.18753,0.815646,1.22298,0.955323,0,200,0,8.01156,10,-10,-10,10,10,-9.19023,-6.84279,0,421.594,0,830.665,0,382.6,0,677.021,46.3724,18.6976,36.4084,34.2699,47.0059,17.0424,40.825,28.8673,-107.29,-127.821,89.3336,270.076,-134.841,-181.905,30.8625,105.162,10,6.95271e-310,-1278.21,6.68183e-310,2700.76,1.4822e-323,-1819.05,5.23261e-310,1051.62,46.3724,-1259.51,36.4084,2735.03,47.0059,-1802.01,40.825,1080.49,139.332,185.704,-371.111,-334.703,209.014,256.02,-159.83,-119.005,
1.18918,0.816521,1.22295,0.956125,0,200,0,8.0456,10,-10,-10,10,10,-9.18438,-6.83562,0,419.775,0,829.703,0,382.626,0,676.138,46.4032,18.6209,36.4384,34.238,47.0055,17.0435,40.8482,28.8345,-107.437,-128.284,88.7105,270.022,-134.351,-181.497,31.2242,105.077,10,6.95271e-310,-1282.84,6.68183e-310,2700.22,1.4822e-323,-1814.97,5.23261e-310,1050.77,46.4032,-1264.22,36.4384,2734.46,47.0055,-1797.93,40.8482,1079.61,139.923,186.327,-371.052,-334.614,208.488,255.494,-159.728,-118.88,
1.19063,0.818211,1.22263,0.957767,0,200,0,8.05232,10,-10,-10,10,10,-9.13002,-6.77853,0,418.18,0,827.844,0,382.982,0,674.332,46.4302,18.5536,36.4962,34.1764,47,17.0587,40.8955,28.7674,-107.101,-128.378,87.9502,269.323,-133.292,-180.579,31.3981,104.333,10,6.95271e-310,-1283.78,6.68183e-310,2693.23,1.4822e-323,-1805.79,5.23261e-310,1043.33,46.4302,-1265.23,36.4962,2727.41,47,-1788.73,40.8955,1072.1,140.04,186.471,-370.172,-333.676,207.304,254.304,-158.783,-117.888,
1.19156,0.820656,1.22184,0.959948,0,200,0,8.02843,10,-10,-10,10,10,-9.03536,-6.68027,0,417.165,0,825.155,0,383.852,0,671.933,46.4473,18.5108,36.5797,34.0871,46.9865,17.0959,40.9581,28.6781,-106.266,-128.059,87.1065,267.799,-131.688,-179.134,31.4083,103.042,10,6.95271e-310,-1280.59,6.68183e-310,2677.99,1.4822e-323,-1791.34,5.23261e-310,1030.42,46.4473,-1262.08,36.5797,2712.07,46.9865,-1774.24,40.9581,1059.1,139.625,186.072,-368.235,-331.655,205.441,252.428,-157.137,-116.179,
1.19226,0.823724,1.22046,0.962621,0,200,0,7.98513,10,-10,-10,10,10,-8.90295,-6.54346,0,416.387,0,821.78,0,385.368,0,668.993,46.4604,18.4779,36.6841,33.9747,46.9629,17.1606,41.0346,28.5685,-105.084,-127.477,86.0726,265.623,-129.56,-177.155,31.3927,101.239,10,6.95271e-310,-1274.77,6.68183e-310,2656.23,1.4822e-323,-1771.55,5.23261e-310,1012.39,46.4604,-1256.29,36.6841,2690.21,46.9629,-1754.39,41.0346,1040.95,138.872,185.332,-365.465,-328.781,202.892,249.855,-154.834,-113.799,
1.19271,0.827259,1.2182,0.966084,0,200,0,7.91348,10,-10,-10,10,10,-8.70147,-6.3363,0,415.899,0,817.891,0,387.86,0,665.183,46.4686,18.4573,36.8039,33.8448,46.9239,17.2669,41.1333,28.4263,-103.496,-126.512,84.809,262.937,-126.808,-174.524,31.3108,98.4989,10,6.95271e-310,-1265.12,6.68183e-310,2629.37,1.4822e-323,-1745.24,5.23261e-310,984.989,46.4686,-1246.67,36.8039,2663.22,46.9239,-1727.97,41.1333,1013.42,137.626,184.094,-362.043,-325.239,199.502,246.426,-151.33,-110.197,
1.19286,0.831382,1.2159,0.969296,0,200,0,7.83706,10,-10,-10,10,10,-8.52274,-6.15234,0,415.728,0,813.356,0,390.391,0,661.65,46.4714,18.4501,36.9432,33.6928,46.884,17.3749,41.2244,28.294,-101.76,-125.483,83.5052,259.537,-123.895,-171.69,31.2501,96.0679,10,6.95271e-310,-1254.83,6.68183e-310,2595.37,1.4822e-323,-1716.9,5.23261e-310,960.679,46.4714,-1236.38,36.9432,2629.06,46.884,-1699.52,41.2244,988.973,136.297,182.768,-357.705,-320.762,195.851,242.736,-148.222,-106.997,
1.19266,0.836115,1.21297,0.973227,0,200,0,7.72959,10,-10,-10,10,10,-8.28793,-5.91115,0,415.952,0,808.149,0,393.607,0,657.326,46.4677,18.4595,37.1022,33.5175,46.833,17.5119,41.3353,28.1317,-99.5916,-124.034,82.0326,255.516,-120.427,-168.26,31.0456,92.8763,10,6.95271e-310,-1240.34,6.68183e-310,2555.16,1.4822e-323,-1682.6,5.23261e-310,928.763,46.4677,-1221.88,37.1022,2588.67,46.833,-1665.09,41.3353,956.895,134.428,180.895,-352.573,-315.471,191.434,238.267,-144.138,-102.803,
1.19215,0.841161,1.20938,0.977997,0,200,0,7.59013,10,-10,-10,10,10,-7.98275,-5.59828,0,416.506,0,802.599,0,397.562,0,652.08,46.4584,18.4829,37.2709,33.3299,46.7698,17.6802,41.469,27.9343,-97.0577,-122.153,80.4069,251.194,-116.483,-164.286,30.6639,88.7309,10,6.95271e-310,-1221.53,6.68183e-310,2511.94,1.4822e-323,-1642.86,5.23261e-310,887.309,46.4584,-1203.04,37.2709,2545.27,46.7698,-1625.18,41.469,915.243,132.002,178.461,-347.058,-309.787,186.316,233.085,-138.83,-97.3614,
1.19103,0.846769,1.20606,0.982251,0,200,0,7.439,10,-10,-10,10,10,-7.71981,-5.32853,0,417.745,0,796.43,0,401.214,0,647.4,46.4375,18.5353,37.4572,33.1203,46.7108,17.8353,41.5875,27.7576,-94.358,-120.113,78.9002,246.078,-112.566,-160.278,30.1863,85.1587,10,6.95271e-310,-1201.13,6.68183e-310,2460.78,1.4822e-323,-1602.78,5.23261e-310,851.587,46.4375,-1182.59,37.4572,2493.9,46.7108,-1584.94,41.5875,879.345,129.374,175.811,-340.522,-303.065,181.153,227.864,-134.258,-92.6701,
1.189,0.852833,1.20169,0.987368,0,200,0,7.23345,9.90144,-10,-10,10,10,-7.36852,-4.96911,0,419.973,0,789.759,0,406.012,0,641.771,46.3999,18.6293,37.6574,32.8926,46.6326,18.0389,41.729,27.5444,-91.0755,-117.337,77.2591,240.246,-108.007,-155.489,29.4113,80.3905,10,6.95271e-310,-1173.37,6.68183e-310,2402.46,1.4822e-323,-1554.89,5.23261e-310,803.905,46.3999,-1154.74,37.6574,2435.36,46.6326,-1536.85,41.729,831.449,125.799,172.199,-333.068,-295.411,174.987,221.62,-128.148,-86.4193,
1.18694,0.859269,1.19733,0.992881,0,200,0,7.01302,9.6788,-10,-10,9.68978,10,-6.99942,-4.59131,0,422.24,0,782.68,0,410.811,0,635.707,46.3614,18.7249,37.8683,32.6496,46.5534,18.2422,41.8802,27.3139,-87.649,-114.361,75.5286,234.19,-103.3,-150.465,28.4961,75.38,10,6.95271e-310,-1143.61,6.68183e-310,2341.9,1.4822e-323,-1504.65,5.23261e-310,753.8,46.3614,-1124.88,37.8683,2374.55,46.5534,-1486.41,41.8802,781.114,121.966,168.327,-325.327,-287.459,168.518,215.071,-121.729,-79.8488,
1.18402,0.86616,1.19329,0.999305,0,200,0,6.73634,9.39896,-10,-10,9.30235,10,-6.57673,-4.15858,0,425.457,0,775.1,0,415.253,0,628.641,46.3064,18.8604,38.0924,32.3878,46.4794,18.43,42.0548,27.0444,-83.6791,-110.624,74.0356,227.801,-98.4495,-145.233,26.9224,69.6422,10,6.95271e-310,-1106.24,6.68183e-310,2278.01,1.4822e-323,-1452.33,5.23261e-310,696.422,46.3064,-1087.38,38.0924,2310.4,46.4794,-1433.9,42.0548,723.467,117.154,163.46,-317.162,-279.07,161.78,208.259,-114.378,-72.3232,
1.18134,0.873171,1.18797,1.00491,0,200,0,6.48326,9.14297,-10,-10,8.87459,10,-6.17931,-3.75248,0,428.396,0,767.388,0,421.106,0,622.471,46.2559,18.984,38.3185,32.12,46.3807,18.6771,42.2058,26.8081,-80.0113,-107.206,71.9778,220.814,-93.3197,-139.454,25.9664,64.2508,10,6.95271e-310,-1072.06,6.68183e-310,2208.14,1.4822e-323,-1394.54,5.23261e-310,642.508,46.2559,-1053.07,38.3185,2240.26,46.3807,-1375.87,42.2058,669.316,112.752,159.008,-308.226,-269.907,154.341,200.721,-107.466,-65.2605,
1.17765,0.880433,1.18331,1.01124,0,200,0,6.17247,8.82814,-10,-10,8.44928,10,-5.74357,-3.30704,0,432.457,0,759.4,0,426.235,0,615.511,46.1855,19.1546,38.5507,31.8409,46.2931,18.8931,42.3746,26.5405,-75.8549,-103.007,70.3157,213.658,-88.2872,-133.709,24.2503,58.3392,10,6.95271e-310,-1030.07,6.68183e-310,2136.58,1.4822e-323,-1337.09,5.23261e-310,583.392,46.1855,-1010.91,38.5507,2168.42,46.2931,-1318.2,42.3746,609.932,107.347,153.533,-299.071,-260.521,146.944,193.237,-99.8882,-57.5137,
1.17378,0.887947,1.17729,1.01879,0,200,0,5.82052,8.4719,-10,-10,7.95044,10,-5.19669,-2.7487,0,436.715,0,751.134,0,432.852,0,607.206,46.111,19.3333,38.7889,31.5503,46.1786,19.1713,42.5737,26.2198,-71.3931,-98.2518,68.2071,206.246,-82.5757,-126.969,22.3366,50.923,10,6.95271e-310,-982.518,6.68183e-310,2062.46,1.4822e-323,-1269.69,5.23261e-310,509.23,46.111,-963.184,38.7889,2094.01,46.1786,-1250.52,42.5737,535.45,101.226,147.337,-289.589,-250.8,138.269,184.447,-90.3772,-47.8035,
1.17013,0.895461,1.17166,1.02526,0,200,0,5.49667,8.14397,-10,-10,7.47358,10,-4.73384,-2.27615,0,440.735,0,742.869,0,439.048,0,600.087,46.04,19.5017,39.0249,31.2579,46.0699,19.4311,42.7425,25.9437,-67.3149,-93.8762,66.041,198.691,-77.2634,-120.526,20.7095,44.6469,10,6.95271e-310,-938.762,6.68183e-310,1986.91,1.4822e-323,-1205.26,5.23261e-310,446.469,46.04,-919.26,39.0249,2018.17,46.0699,-1185.83,42.7425,472.412,95.5942,141.634,-279.921,-240.896,129.975,176.045,-82.3277,-39.5852,
1.16509,0.903443,1.16622,1.0327,0,200,0,5.09338,7.735,-10,-10,6.97232,9.61522,-4.20492,-1.73619,0,446.272,0,734.089,0,445.033,0,591.901,45.9413,19.7332,39.2731,30.9455,45.9635,19.6814,42.9344,25.6249,-62.5694,-88.4254,64.1584,190.598,-71.8215,-113.754,18.1973,37.4755,10,6.95271e-310,-884.254,6.68183e-310,1905.98,1.4822e-323,-1137.54,5.23261e-310,374.755,45.9413,-864.521,39.2731,1936.92,45.9635,-1117.86,42.9344,400.38,88.5805,134.522,-269.562,-230.289,121.258,167.221,-73.1291,-30.1947,
1.16068,0.911724,1.15909,1.04111,0,200,0,4.68176,7.31836,-10,-10,6.38419,9.01895,-3.58672,-1.1057,0,451.123,0,724.98,0,452.877,0,582.66,45.8538,19.9356,39.528,30.6192,45.822,20.0087,43.1482,25.2633,-57.8905,-82.8639,61.4451,182.33,-65.6501,-105.805,15.8753,29.0964,10,6.95271e-310,-828.639,6.68183e-310,1823.3,1.4822e-323,-1058.05,5.23261e-310,290.964,45.8538,-808.704,39.528,1853.92,45.822,-1038.04,43.1482,316.228,81.4219,127.276,-258.98,-219.452,111.029,156.851,-62.3777,-19.2295,
1.1548,0.920353,1.15215,1.0482,0,200,0,4.23875,6.86855,-10,-10,5.80578,8.4325,-3.04418,-0.55292,0,457.596,0,715.488,0,460.509,0,574.856,45.7357,20.2051,39.7908,30.277,45.682,20.3261,43.3263,24.9566,-53.0298,-76.8741,58.9098,172.918,-59.7888,-97.9863,13.3721,21.7457,10,6.95271e-310,-768.741,6.68183e-310,1729.18,1.4822e-323,-979.863,5.23261e-310,217.457,45.7357,-748.536,39.7908,1759.45,45.682,-959.537,43.3263,242.414,73.7174,119.453,-246.922,-207.131,100.97,146.652,-52.9423,-9.61601,
1.14913,0.929497,1.14487,1.05703,0,200,0,3.75226,6.37543,-10,-10,5.16829,7.78642,-2.39952,0.104324,0,463.831,0,705.43,0,468.524,0,565.14,45.6204,20.464,40.0659,29.9119,45.5327,20.6585,43.545,24.5729,-47.9303,-70.2982,56.0468,163.575,-53.5242,-89.3693,10.3436,13.0103,10,6.95271e-310,-702.982,6.68183e-310,1635.75,1.4822e-323,-893.693,5.23261e-310,130.103,45.6204,-682.518,40.0659,1665.66,45.5327,-873.035,43.545,154.676,65.2566,110.877,-234.957,-194.891,89.8833,135.416,-41.7307,1.81433,
1.14313,0.938868,1.13814,1.06421,0,200,0,3.28254,5.89861,-10,-10,4.56449,7.17458,-1.87736,0.63656,0,470.436,0,695.121,0,475.92,0,557.244,45.4968,20.7375,40.3445,29.5351,45.3928,20.9641,43.7203,24.2597,-43.0886,-63.9467,53.1851,153.578,-47.7855,-81.2075,7.60267,5.93593,10,6.95271e-310,-639.467,6.68183e-310,1535.78,1.4822e-323,-812.075,5.23261e-310,59.3593,45.4968,-618.73,40.3445,1565.31,45.3928,-791.111,43.7203,83.619,57.0877,102.584,-222.148,-181.804,79.3825,124.775,-32.6497,11.0706,
1.13685,0.948791,1.12984,1.07315,0,200,0,2.74857,5.3571,-10,-9.67063,3.85327,6.45325,-1.21222,1.31407,0,477.344,0,684.206,0,485.055,0,547.409,45.3656,21.0228,40.6356,29.1333,45.2171,21.3404,43.9355,23.8679,-37.9176,-56.7274,49.6436,143.176,-41.2595,-71.591,4.34728,-3.07315,10,6.95271e-310,-567.274,6.68183e-310,1431.76,1.4822e-323,-715.91,5.23261e-310,-30.7315,45.3656,-546.252,40.6356,1460.9,45.2171,-694.57,43.9355,-6.86362,47.8013,93.1669,-208.82,-168.185,67.0134,112.23,-21.0821,22.8534,
1.13054,0.959038,1.12241,1.0813,0,200,0,2.22088,4.82173,-10,-8.86598,3.1719,5.76269,-0.631072,1.90632,0,484.278,0,672.935,0,493.229,0,538.445,45.2322,21.3084,40.932,28.7154,45.0573,21.6758,44.1285,23.509,-32.9306,-49.5919,46.1371,132.488,-35.232,-62.379,1.1377,-10.945,10,6.95271e-310,-495.919,6.68183e-310,1324.88,1.4822e-323,-623.79,5.23261e-310,-109.45,45.2322,-474.61,40.932,1353.59,45.0573,-602.114,44.1285,-85.9405,38.6239,83.8562,-195.123,-154.191,55.1635,100.221,-10.9752,33.1533,
1.124,0.969452,1.11484,1.08874,0,200,0,1.6897,4.28248,-10,-8.02955,2.48753,5.06883,-0.0938815,2.4535,0,491.475,0,661.479,0,501.547,0,530.259,45.0918,21.6039,41.2288,28.2876,44.8921,22.0159,44.3022,23.18,-28.0891,-42.4077,42.3848,121.372,-29.3877,-53.1249,-1.9599,-18.2198,10,6.95271e-310,-424.077,6.68183e-310,1213.72,1.4822e-323,-531.249,5.23261e-310,-182.198,45.0918,-402.473,41.2288,1242.01,44.8921,-509.233,44.3022,-159.018,29.3861,74.4779,-180.873,-139.644,43.2615,88.1536,-1.63272,42.6695,
1.11718,0.97989,1.10713,1.09795,0,200,0,1.09983,3.68408,-9.6118,-7.22429,1.75896,4.33041,0.55501,3.11455,0,498.976,0,649.997,0,510.037,0,520.135,44.9434,21.9109,41.5218,27.8557,44.7209,22.3617,44.5137,22.7713,-23.0414,-34.4304,38.5798,110.675,-23.442,-43.2733,-5.92819,-27.0068,10,6.95271e-310,-344.304,6.68183e-310,1106.75,1.4822e-323,-432.733,5.23261e-310,-270.068,44.9434,-322.394,41.5218,1134.61,44.7209,-410.371,44.5137,-247.296,19.1274,64.0709,-167.162,-125.64,30.5907,75.3115,9.65235,54.1661,
1.10999,0.990221,1.10025,1.10632,0,200,0,0.508186,3.08331,-8.81978,-6.41585,1.07357,3.63611,1.13189,3.7023,0,506.886,0,638.633,0,517.603,0,510.92,44.7847,22.2335,41.8074,27.4253,44.566,22.6688,44.7029,22.3976,-18.13,-26.4269,34.9868,99.9324,-18.1082,-34.0061,-9.98023,-34.818,10,6.95271e-310,-264.269,6.68183e-310,999.324,1.4822e-323,-340.061,5.23261e-310,-348.18,44.7847,-242.036,41.8074,1026.75,44.566,-317.392,44.7029,-325.783,8.83802,53.6228,-153.387,-111.58,18.6708,63.2368,19.685,64.3879,
1.10274,1.0005,1.09175,1.11456,0,200,0,-0.0917281,2.47406,-8.00445,-5.58444,0.324722,2.8761,1.74242,4.32335,0,514.861,0,627.323,0,526.95,0,501.863,44.6224,22.5576,42.0871,26.9939,44.3718,23.0466,44.8858,22.0288,-13.4545,-18.3106,30.6104,88.8779,-12.4356,-23.8754,-13.8797,-43.0809,10,6.95271e-310,-183.106,6.68183e-310,888.779,1.4822e-323,-238.754,5.23261e-310,-430.809,44.6224,-160.548,42.0871,915.773,44.3718,-215.707,44.8858,-408.78,-1.59527,43.0271,-139.208,-97.1207,5.64733,50.0191,30.3029,75.1887,
1.09526,1.01106,1.08379,1.12261,0,200,0,-0.707666,1.84835,-7.17478,-4.73852,-0.412527,2.12822,2.31885,4.9099,0,523.087,0,615.709,0,535.703,0,493.005,44.4524,22.8907,42.3698,26.5481,44.187,23.399,45.0617,21.6666,-8.81331,-9.97628,26.2154,77.6304,-7.10637,-13.9022,-17.9708,-50.8822,10,6.95271e-310,-99.7628,6.68183e-310,776.304,1.4822e-323,-139.022,5.23261e-310,-508.822,44.4524,-76.8721,42.3698,802.852,44.187,-115.623,45.0617,-487.155,-12.3072,32.1452,-124.779,-82.409,-7.17438,37.0126,40.3279,85.3896,
1.08781,1.0216,1.07562,1.12972,0,200,0,-1.31032,1.23581,-6.32906,-3.87685,-1.14332,1.38635,2.83997,5.4398,0,531.287,0,604.121,0,544.694,0,485.187,44.2806,23.2214,42.6471,26.1003,43.9943,23.7593,45.2146,21.3458,-4.45928,-1.82001,21.4796,66.1689,-1.99452,-4.01376,-21.7543,-57.933,10,6.95271e-310,-18.2001,6.68183e-310,661.689,1.4822e-323,-40.1376,5.23261e-310,-579.33,44.2806,5.02128,42.6471,687.79,43.9943,-16.3783,45.2146,-557.984,-22.7882,21.4924,-110.071,-67.4235,-19.8838,24.1104,49.3907,94.6053,
1.08015,1.03293,1.06813,1.13797,0,200,0,-1.96493,0.5709,-5.46743,-2.99837,-1.89464,0.624721,3.39083,6.00071,0,539.711,0,591.65,0,552.933,0,476.104,44.1014,23.5598,42.9402,25.6151,43.8151,24.0882,45.3893,20.9717,0.0949638,7.03859,16.7115,54.4906,2.94884,6.14936,-26.2051,-65.388,10,6.95271e-310,70.3859,6.68183e-310,544.906,1.4822e-323,61.4936,5.23261e-310,-653.88,44.1014,93.9457,42.9402,570.521,43.8151,85.5818,45.3893,-632.908,-34.1727,9.92869,-95.0858,-52.1455,-32.9503,10.8647,58.9709,104.36,
1.07234,1.04462,1.05857,1.14507,0,200,0,-2.61793,-0.0927651,-4.5322,-2.04609,-2.71635,-0.210344,3.92031,6.53869,0,548.306,0,578.797,0,563.453,0,468.3,43.916,23.9037,43.2366,25.1117,43.5827,24.5061,45.5369,20.6492,4.32062,15.8774,10.6867,41.8208,8.31586,17.2728,-30.0668,-72.5495,10,6.95271e-310,158.774,6.68183e-310,418.208,1.4822e-323,172.728,5.23261e-310,-725.495,43.916,182.678,43.2366,443.32,43.5827,197.234,45.5369,-704.846,-45.5293,-1.61331,-78.8209,-35.5843,-47.2408,-3.65816,68.1794,113.716,
1.06447,1.057,1.04991,1.15161,0,200,0,-3.28095,-0.76666,-3.5623,-1.05851,-3.5101,-1.01638,4.37302,6.99911,0,556.954,0,565.18,0,572.971,0,461.103,43.7267,24.2482,43.5442,24.5745,43.369,24.8823,45.6711,20.3508,8.49318,24.8525,4.54435,28.6828,13.2226,28.0163,-33.8562,-78.6734,10,6.95271e-310,248.525,6.68183e-310,286.828,1.4822e-323,280.163,5.23261e-310,-786.734,43.7267,272.773,43.5442,311.402,43.369,305.045,45.6711,-766.383,-57.0599,-13.3332,-61.953,-18.4089,-61.0451,-17.6761,76.0526,121.724,
1.0566,1.06924,1.04135,1.15752,0,200,0,-3.93891,-1.43568,-2.59783,-0.0769259,-4.28525,-1.80388,4.78475,7.41771,0,565.615,0,551.707,0,582.396,0,454.604,43.5344,24.5917,43.8419,24.0393,43.1542,25.253,45.7905,20.0806,12.4328,33.7609,-1.80072,15.6216,17.8119,38.5101,-37.5101,-84.242,10,6.95271e-310,337.609,6.68183e-310,156.216,1.4822e-323,385.101,5.23261e-310,-842.42,43.5344,362.201,43.8419,180.256,43.1542,410.354,45.7905,-822.34,-68.5028,-24.9684,-45.1797,-1.33784,-74.5261,-31.3718,83.2131,129.004,
1.04886,1.08218,1.033,1.16299,0,200,0,-4.60414,-2.11194,-1.59917,0.939405,-5.0582,-2.58903,5.14485,7.78408,0,574.131,0,537.483,0,591.571,0,448.592,43.3428,24.928,44.1491,23.4704,42.9421,25.612,45.8996,19.83,16.2291,42.7677,-8.58072,2.09917,22.181,48.9745,-40.9523,-89.1128,10,6.95271e-310,427.677,6.68183e-310,20.9917,1.4822e-323,489.745,5.23261e-310,-891.128,43.3428,452.605,44.1491,44.4621,42.9421,515.357,45.8996,-871.298,-80.0721,-36.7293,-27.8116,16.3375,-87.9688,-45.0267,89.4757,135.375,
1.04147,1.09254,1.02603,1.16801,0,200,0,-5.20661,-2.72507,-0.784227,1.7682,-5.70501,-3.24617,5.48719,8.13211,0,582.264,0,526.08,0,599.244,0,443.069,43.1572,25.2478,44.39,23.0115,42.7624,25.9109,45.9986,19.5993,19.5509,50.9278,-14.1033,-8.93225,25.5736,57.732,-44.5707,-93.7422,10,6.95271e-310,509.278,6.68183e-310,-89.3225,1.4822e-323,577.32,5.23261e-310,-937.422,43.1572,534.526,44.39,-66.311,42.7624,603.231,45.9986,-917.822,-90.5498,-47.3925,-13.6387,30.7512,-99.2175,-56.4551,95.4294,141.428,
1.03444,1.10441,1.01784,1.17267,0,200,0,-5.82397,-3.35268,0.124039,2.69198,-6.42744,-3.98088,5.80468,8.45482,0,589.989,0,513.029,0,608.247,0,437.941,42.9789,25.5503,44.6599,22.4832,42.5489,26.2601,46.0894,19.3847,22.6516,59.2876,-20.9951,-21.2259,29.3827,67.517,-47.6534,-98.0351,10,6.95271e-310,592.876,6.68183e-310,-212.259,1.4822e-323,675.17,5.23261e-310,-980.351,42.9789,618.427,44.6599,-189.775,42.5489,701.43,46.0894,-960.966,-101.286,-58.3075,2.1572,46.8171,-111.782,-69.2326,100.951,147.04,
1.0279,1.11812,1.01067,1.1768,0,200,0,-6.45448,-3.99286,1.11689,3.70232,-7.13634,-4.70068,6.01946,8.67419,0,597.187,0,497.948,0,616.144,0,433.393,42.8108,25.8309,44.9639,21.8689,42.3593,26.5648,46.1692,19.1939,25.693,67.8228,-28.4496,-34.6642,32.871,77.1148,-50.2078,-100.942,10,6.95271e-310,678.228,6.68183e-310,-346.642,1.4822e-323,771.148,5.23261e-310,-1009.42,42.8108,704.059,44.9639,-324.773,42.3593,797.713,46.1692,-990.224,-112.252,-69.441,19.4242,64.3881,-124.11,-81.751,104.686,150.855,
1.02163,1.12998,1.00394,1.18055,0,200,0,-7.03745,-4.58519,1.98365,4.58381,-7.773,-5.34767,6.23301,8.89185,0,604.082,0,484.897,0,623.539,0,429.267,42.648,26.0988,45.2202,21.3339,42.1797,26.849,46.2408,19.0206,28.3431,75.7166,-35.2292,-46.3923,35.845,85.737,-52.79,-103.83,10,6.95271e-310,757.166,6.68183e-310,-463.923,1.4822e-323,857.37,5.23261e-310,-1038.3,42.648,783.265,45.2202,-442.589,42.1797,884.219,46.2408,-1019.28,-122.39,-79.7425,34.4982,79.7184,-135.183,-93.0029,108.4,154.641,
1.01563,1.14316,0.997675,1.18371,0,200,0,-7.63223,-5.18902,2.91608,5.53219,-8.40253,-5.98692,6.36966,9.03194,0,610.686,0,470.396,0,630.434,0,425.799,42.4906,26.3544,45.4975,20.7359,42.0106,27.1129,46.3006,18.8748,30.9008,83.7686,-42.591,-59.0076,38.6026,94.2611,-54.9022,-105.681,10,6.95271e-310,837.686,6.68183e-310,-590.076,1.4822e-323,942.611,5.23261e-310,-1056.81,42.4906,864.04,45.4975,-569.34,42.0106,969.724,46.3006,-1037.93,-132.734,-90.2438,50.7144,96.2119,-146.131,-104.12,110.777,157.077,
1.00987,1.15567,0.992378,1.18637,0,200,0,-8.19952,-5.76507,3.79105,6.42186,-8.96104,-6.55372,6.46259,9.12775,0,617.014,0,456.634,0,636.26,0,422.873,42.3383,26.5983,45.7534,20.1651,41.8664,27.335,46.3506,18.7515,33.2656,91.4494,-49.468,-70.8426,40.8193,101.822,-56.8691,-106.941,10,6.95271e-310,914.494,6.68183e-310,-708.426,1.4822e-323,1018.22,5.23261e-310,-1069.41,42.3383,941.092,45.7534,-688.261,41.8664,1045.56,46.3506,-1050.65,-142.6,-100.262,65.9312,111.685,-155.844,-113.978,112.393,158.744,
1.00472,1.16833,0.986338,1.18849,0,200,0,-8.74325,-6.31672,4.6637,7.30899,-9.53606,-7.13828,6.53682,9.20427,0,622.682,0,442.713,0,642.905,0,420.54,42.2006,26.8162,46.0049,19.5844,41.7005,27.5874,46.3903,18.6532,35.2174,98.8095,-57.0259,-82.644,43.1619,109.612,-58.2906,-107.947,10,6.95271e-310,988.095,6.68183e-310,-826.44,1.4822e-323,1096.12,5.23261e-310,-1079.47,42.2006,1014.91,46.0049,-806.855,41.7005,1123.71,46.3903,-1060.81,-152.057,-109.856,81.1079,127.113,-165.845,-124.144,113.684,160.074,
1.00004,1.17773,0.981137,1.1902,0,200,0,-9.1915,-6.77222,5.33001,7.98576,-9.99449,-7.60499,6.62597,9.29525,0,627.837,0,432.378,0,648.626,0,418.654,42.0745,27.0136,46.1869,19.1513,41.5565,27.8039,46.4222,18.5736,36.7769,104.88,-63.0065,-91.6519,44.9513,115.825,-59.8049,-109.153,10,6.95271e-310,1048.8,6.68183e-310,-916.519,1.4822e-323,1158.25,5.23261e-310,-1091.53,42.0745,1075.82,46.1869,-897.367,41.5565,1186.05,46.4222,-1072.95,-159.852,-117.778,92.6959,138.883,-173.817,-132.261,115.234,161.657,
0.995625,1.1875,0.976415,1.19147,0,200,0,-9.63176,-7.21935,6.00694,8.67333,-10,-8.0451,6.66719,9.33782,0,632.688,0,421.621,0,653.82,0,417.257,41.955,27.1989,46.3719,18.6988,41.4247,27.9998,46.4457,18.5147,38.2301,110.842,-69.0903,-100.802,46.5216,121.686,-60.9972,-109.711,10,6.95271e-310,1108.42,6.68183e-310,-1008.02,1.4822e-323,1216.86,5.23261e-310,-1097.11,41.955,1135.62,46.3719,-989.323,41.4247,1244.86,46.4457,-1078.6,-167.509,-125.554,104.469,150.84,-181.34,-139.915,115.951,162.397,
0.991719,1.1981,0.972208,1.19232,0,200,0,-10,-7.65908,6.71074,9.38836,-10,-8.46493,6.6511,9.32263,0,636.986,0,409.967,0,658.447,0,416.321,41.8484,27.3626,46.5674,18.2065,41.3066,28.1738,46.4615,18.4751,39.5323,116.711,-75.4584,-110.315,47.8998,127.281,-61.7104,-109.497,10,6.95271e-310,1167.11,6.68183e-310,-1103.15,1.4822e-323,1272.81,5.23261e-310,-1094.97,41.8484,1194.47,46.5674,-1084.94,41.3066,1300.99,46.4615,-1076.49,-175.05,-133.201,116.708,163.276,-188.523,-147.216,115.671,162.133,
0.988255,1.20648,0.968373,1.19284,0,200,0,-10,-8.02416,7.27775,9.96405,-10,-8.8133,6.6464,9.31848,0,640.795,0,400.752,0,662.665,0,415.754,41.7534,27.5074,46.7183,17.8157,41.1983,28.332,46.471,18.4512,40.5503,121.58,-80.812,-117.976,49.0359,131.919,-62.3781,-109.435,10,6.95271e-310,1215.8,6.68183e-310,-1179.76,1.4822e-323,1319.19,5.23261e-310,-1094.35,41.7534,1243.31,46.7183,-1161.95,41.1983,1347.52,46.471,-1075.89,-181.304,-139.551,126.57,173.288,-194.473,-153.275,115.59,162.061,
0.985331,1.21593,0.964826,1.19311,0,200,0,-10,-8.38966,7.88426,10,-10,-9.16052,6.59565,9.26802,0,644.012,0,390.351,0,666.567,0,415.451,41.6728,27.6294,46.8847,17.3732,41.0975,28.478,46.4761,18.4384,41.4144,126.463,-86.6315,-126.171,50.0915,136.545,-62.5751,-108.751,10,6.95271e-310,1264.63,6.68183e-310,-1261.71,1.4822e-323,1365.45,5.23261e-310,-1087.51,41.6728,1292.26,46.8847,-1244.34,41.0975,1393.93,46.4761,-1069.07,-187.58,-145.907,137.118,184.002,-200.411,-159.313,114.707,161.183,
0.982874,1.22324,0.961866,1.1931,0,200,0,-10,-8.67912,8.35921,10,-10,-9.43121,6.55155,9.22391,0,646.714,0,382.31,0,669.823,0,415.464,41.6047,27.7317,47.0104,17.03,41.013,28.5995,46.4759,18.4389,42.0628,130.328,-91.3064,-132.587,50.896,140.149,-62.7254,-108.157,10,6.95271e-310,1303.28,6.68183e-310,-1325.87,1.4822e-323,1401.49,5.23261e-310,-1081.57,41.6047,1331.01,47.0104,-1308.84,41.013,1430.09,46.4759,-1063.13,-192.546,-150.941,145.378,192.388,-205.034,-164.021,113.94,160.416,
0.980717,1.23177,0.959349,1.19277,0,200,0,-10,-8.98081,8.889,10,-10,-9.69444,6.45217,9.12418,0,649.087,0,372.924,0,672.592,0,415.833,41.5448,27.8213,47.154,16.6282,40.9409,28.7026,46.4697,18.4545,42.6603,134.362,-96.4199,-139.743,51.5487,143.659,-62.4658,-106.817,10,6.95271e-310,1343.62,6.68183e-310,-1397.43,1.4822e-323,1436.59,5.23261e-310,-1068.17,41.5448,1371.44,47.154,-1380.8,40.9409,1465.29,46.4697,-1049.71,-197.733,-156.188,154.591,201.745,-209.54,-168.599,112.212,158.681,
0.978931,1.23904,0.957204,1.19194,0,200,0,-10,-9.2268,9.34447,10,-10,-9.90353,6.33762,9.00875,0,651.051,0,364.935,0,674.952,0,416.743,41.4951,27.8955,47.2735,16.2853,40.8792,28.7904,46.4544,18.4929,43.0941,137.651,-100.888,-145.894,52.0458,146.444,-61.9918,-105.271,10,6.95271e-310,1376.51,6.68183e-310,-1458.94,1.4822e-323,1464.44,5.23261e-310,-1052.71,41.4951,1404.41,47.2735,-1442.66,40.8792,1493.23,46.4544,-1034.21,-201.961,-160.466,162.512,209.786,-213.115,-172.235,110.22,156.674,
0.977493,1.2452,0.955454,1.19039,0,200,0,-10,-9.41668,9.74116,10,-10,-10,6.19127,8.86075,0,652.633,0,358.159,0,676.876,0,418.444,41.4549,27.9551,47.373,15.9938,40.8288,28.8619,46.4257,18.5647,43.3869,140.189,-104.791,-151.25,52.3893,148.475,-61.1929,-103.294,10,6.95271e-310,1401.89,6.68183e-310,-1512.5,1.4822e-323,1484.75,5.23261e-310,-1032.94,41.4549,1429.84,47.373,-1496.51,40.8288,1513.61,46.4257,-1014.38,-205.223,-163.768,169.411,216.784,-215.72,-174.891,107.674,154.1,
0.976403,1.25214,0.954148,1.18822,0,200,0,-10,-9.59934,10,10,-10,-10,5.9811,8.64826,0,653.833,0,350.526,0,678.313,0,420.83,41.4244,28.0003,47.4828,15.6647,40.7911,28.9152,46.3854,18.6654,43.596,142.634,-108.962,-157.103,52.5753,150.207,-59.885,-100.456,10,6.95271e-310,1426.34,6.68183e-310,-1571.03,1.4822e-323,1502.07,5.23261e-310,-1004.56,41.4244,1454.34,47.4828,-1555.36,40.7911,1530.99,46.3854,-985.891,-208.369,-166.945,176.951,224.434,-217.942,-177.151,104.019,150.404,
0.9756,1.25785,0.953201,1.18546,0,200,0,-10,-9.72681,10,10,-10,-10,5.74896,8.41314,0,654.716,0,344.238,0,679.355,0,423.875,41.4019,28.0336,47.5716,15.393,40.7637,28.9538,46.3335,18.7937,43.6916,144.34,-112.499,-162.095,52.6313,151.23,-58.3496,-97.3196,10,6.95271e-310,1443.4,6.68183e-310,-1620.95,1.4822e-323,1512.3,5.23261e-310,-973.196,41.4019,1471.44,47.5716,-1605.56,40.7637,1541.26,46.3335,-954.402,-210.564,-169.162,183.383,230.954,-219.254,-178.49,99.9819,146.315,
0.975084,1.26302,0.95259,1.18217,0,200,0,-10,-9.81727,10,10,-10,-10,5.48702,8.14763,0,655.283,0,338.557,0,680.027,0,427.487,41.3875,28.0549,47.6504,15.1471,40.746,28.9787,46.2716,18.9458,43.6925,145.552,-115.71,-166.684,52.5733,151.752,-56.5428,-93.7802,10,6.95271e-310,1455.52,6.68183e-310,-1666.84,1.4822e-323,1517.52,5.23261e-310,-937.802,41.3875,1483.57,47.6504,-1651.69,40.746,1546.5,46.2716,-918.857,-212.123,-170.735,189.296,236.947,-219.921,-179.175,95.4264,141.698,
0.974821,1.26755,0.952231,1.1785,0,200,0,-10,-9.87241,10,10,-10,-10,5.20636,7.86297,0,655.573,0,333.574,0,680.422,0,431.521,41.3801,28.0658,47.7186,14.9311,40.7355,28.9934,46.2018,19.1153,43.6057,146.291,-118.573,-170.808,52.4347,151.851,-54.5475,-89.9875,10,6.95271e-310,1462.91,6.68183e-310,-1708.08,1.4822e-323,1518.51,5.23261e-310,-899.875,41.3801,1490.98,47.7186,-1693.15,40.7355,1547.5,46.2018,-880.759,-213.074,-171.694,194.612,242.33,-220.045,-179.31,90.5455,136.747,
0.974857,1.2712,0.952183,1.17451,0,200,0,-10,-9.88456,10,10,-10,-10,4.9126,7.56479,0,655.533,0,329.553,0,680.475,0,435.911,41.3811,28.0643,47.7728,14.7566,40.7342,28.9953,46.1251,19.2996,43.4281,146.455,-120.93,-174.279,52.2122,151.465,-52.3978,-86.0167,10,6.95271e-310,1464.55,6.68183e-310,-1742.79,1.4822e-323,1514.65,5.23261e-310,-860.167,41.3811,1492.62,47.7728,-1728.04,40.7342,1543.64,46.1251,-840.867,-213.287,-171.905,199.086,246.859,-219.547,-178.812,85.4365,131.562,
0.975252,1.27511,0.952482,1.1701,0,200,0,-10,-9.87816,10,10,-10,-10,4.57718,7.22446,0,655.098,0,325.255,0,680.145,0,440.762,41.3922,28.048,47.8301,14.5698,40.7428,28.9831,46.0396,19.5028,43.1514,146.375,-123.314,-177.861,51.8794,150.797,-49.898,-81.4831,10,6.95271e-310,1463.75,6.68183e-310,-1778.61,1.4822e-323,1507.97,5.23261e-310,-814.831,41.3922,1491.8,47.8301,-1764.04,40.7428,1536.96,46.0396,-795.328,-213.186,-171.794,203.704,251.534,-218.688,-177.946,79.6032,125.643,
0.976127,1.27808,0.953285,1.16531,0,200,0,-10,-9.81709,10,10,-10,-10,4.21894,6.86081,0,654.136,0,321.986,0,679.262,0,446.035,41.4167,28.0117,47.8732,14.4276,40.7661,28.9504,45.9455,19.7233,42.751,145.565,-125.072,-180.703,51.4219,149.511,-47.1534,-76.6402,10,6.95271e-310,1455.65,6.68183e-310,-1807.03,1.4822e-323,1495.11,5.23261e-310,-766.402,41.4167,1483.66,47.8732,-1792.61,40.7661,1524.06,45.9455,-746.679,-212.149,-170.732,207.367,255.24,-217.036,-176.27,73.3729,119.318,
0.977685,1.28053,0.954891,1.16028,0,200,0,-10,-9.70538,10,10,-10,-9.98954,3.82819,6.46432,0,652.422,0,319.297,0,677.496,0,451.572,41.4603,27.9472,47.9083,14.3105,40.8125,28.8849,45.8457,19.9543,42.2142,144.083,-126.23,-182.956,50.7668,147.568,-44.0992,-71.358,10,6.95271e-310,1440.83,6.68183e-310,-1829.56,1.4822e-323,1475.68,5.23261e-310,-713.58,41.4603,1468.77,47.9083,-1815.25,40.8125,1504.56,45.8457,-693.626,-210.249,-168.789,210.271,258.18,-214.544,-173.731,66.5773,112.423,
0.979782,1.28244,0.957444,1.1547,0,200,0,-10,-9.54253,10,10,-10,-9.78156,3.38452,6.01421,0,650.115,0,317.188,0,674.688,0,457.701,41.5188,27.8602,47.9357,14.2187,40.8861,28.7806,45.7338,20.2095,41.5799,141.919,-126.757,-184.744,49.8312,144.804,-40.6984,-65.3602,10,6.95271e-310,1419.19,6.68183e-310,-1847.44,1.4822e-323,1448.04,5.23261e-310,-653.602,41.5188,1447.05,47.9357,-1833.22,40.8861,1476.82,45.7338,-633.392,-207.476,-165.957,212.577,260.512,-211,-170.114,58.8612,104.595,
0.982611,1.28388,0.959912,1.14882,0,200,0,-10,-9.32759,10,10,-10,-9.56343,2.92452,5.54733,0,647.004,0,315.606,0,671.972,0,464.174,41.5974,27.7426,47.9561,14.1497,40.9571,28.6796,45.6141,20.4782,40.6655,139.064,-127.165,-186.031,48.9753,141.901,-36.9064,-59.1408,10,6.95271e-310,1390.64,6.68183e-310,-1860.31,1.4822e-323,1419.01,5.23261e-310,-591.408,41.5974,1418.39,47.9561,-1846.16,40.9571,1447.69,45.6141,-570.929,-203.816,-162.219,214.236,262.192,-207.278,-166.321,50.8613,96.4753,
0.985619,1.28494,0.963088,1.1426,0,200,0,-10,-9.08526,10,10,-10,-9.30219,2.42881,5.04424,0,643.695,0,314.446,0,668.479,0,471.016,41.6807,27.6174,47.971,14.0991,41.0479,28.5494,45.4858,20.7615,39.7298,135.843,-127.098,-187.042,47.8725,138.428,-33.0186,-52.438,10,6.95271e-310,1358.43,6.68183e-310,-1870.42,1.4822e-323,1384.28,5.23261e-310,-524.38,41.6807,1386.05,47.971,-1856.32,41.0479,1412.83,45.4858,-503.619,-199.685,-158.005,215.539,263.51,-202.825,-161.777,42.2402,87.726,
0.989058,1.2856,0.966875,1.13595,0,200,0,-10,-8.80216,10,10,-10,-9.00009,1.8914,4.49884,0,639.912,0,313.721,0,664.313,0,478.332,41.7754,27.4739,47.9803,14.0675,41.1558,28.3937,45.3467,21.0636,38.6685,132.078,-126.622,-187.706,46.5704,134.414,-28.886,-45.171,10,6.95271e-310,1320.78,6.68183e-310,-1877.06,1.4822e-323,1344.14,5.23261e-310,-451.71,41.7754,1348.26,47.9803,-1863,41.1558,1372.53,45.3467,-430.646,-194.856,-153.081,216.396,264.377,-197.679,-156.523,32.8939,78.2406,
0.992366,1.28596,0.970291,1.12905,0,200,0,-10,-8.51053,10,10,-10,-8.7069,1.35209,3.9511,0,636.274,0,313.325,0,660.556,0,485.926,41.8661,27.3355,47.9853,14.0502,41.2525,28.253,45.2002,21.3761,37.535,128.197,-126.235,-188.304,45.3269,130.514,-24.784,-37.8765,10,6.95271e-310,1281.97,6.68183e-310,-1883.04,1.4822e-323,1305.14,5.23261e-310,-378.765,41.8661,1309.3,47.9853,-1868.99,41.2525,1333.39,45.2002,-357.389,-189.875,-148.009,217.168,265.153,-192.677,-151.424,23.5145,68.7148,
0.99638,1.28608,0.974641,1.12129,0,200,0,-10,-8.16009,10,10,-10,-8.35323,0.730381,3.31979,0,631.857,0,313.193,0,655.771,0,494.455,41.9755,27.1672,47.987,14.0445,41.375,28.0733,45.0331,21.726,36.1771,123.533,-125.43,-188.643,43.7605,125.812,-20.1745,-29.4672,10,6.95271e-310,1235.33,6.68183e-310,-1886.43,1.4822e-323,1258.12,5.23261e-310,-294.672,41.9755,1262.49,47.987,-1872.39,41.375,1286.2,45.0331,-272.946,-183.89,-141.915,217.605,265.592,-186.649,-145.273,12.7023,57.7354,
1.00131,1.28582,0.97856,1.11464,0,200,0,-10,-7.78467,10,10,-10,-8.03695,0.178676,2.75972,0,626.439,0,313.47,0,651.46,0,501.771,42.1088,26.9601,47.9835,14.0566,41.4847,27.9109,44.8876,22.025,34.5399,118.545,-124.533,-188.13,42.4816,121.608,-15.6462,-22.0047,10,6.95271e-310,1185.45,6.68183e-310,-1881.3,1.4822e-323,1216.08,5.23261e-310,-220.047,42.1088,1212.41,47.9835,-1867.25,41.4847,1243.99,44.8876,-198.022,-177.494,-135.386,216.943,264.927,-181.258,-139.773,3.10742,47.995,
1.00568,1.28513,0.983665,1.10686,0,200,0,-9.82071,-7.3927,10,10,-10,-7.64293,-0.46243,2.10868,0,621.628,0,314.235,0,645.844,0,510.327,42.2263,26.7757,47.9737,14.0899,41.6267,27.6987,44.715,22.3735,33.034,113.326,-123.014,-187.738,40.6337,116.374,-11.1638,-13.3316,10,6.95271e-310,1133.26,6.68183e-310,-1877.38,1.4822e-323,1163.74,5.23261e-310,-133.316,42.2263,1160.03,47.9737,-1863.29,41.6267,1191.44,44.715,-110.943,-170.795,-128.569,216.438,264.412,-174.547,-132.921,-8.04226,36.6727,
1.01081,1.28374,0.988627,1.09867,0,200,0,-9.37501,-6.93914,10,10,-9.64019,-7.23878,-1.12566,1.43482,0,615.986,0,315.764,0,640.387,0,519.344,42.3631,26.5588,47.954,14.1566,41.7636,27.4919,44.5301,22.7392,31.1617,107.287,-121.343,-186.706,38.83,111,-6.32666,-4.35741,10,6.95271e-310,1072.87,6.68183e-310,-1867.06,1.4822e-323,1110,5.23261e-310,-43.5741,42.3631,1099.43,47.954,-1852.9,41.7636,1137.5,44.5301,-20.8348,-163.044,-120.681,215.107,263.061,-167.655,-125.892,-19.5767,24.9534,
1.01697,1.28155,0.993289,1.09052,0,200,0,-8.86601,-6.42077,10,10,-9.24715,-6.8384,-1.78035,0.769392,0,609.21,0,318.176,0,635.259,0,528.308,42.5259,26.2973,47.9229,14.2617,41.8913,27.2969,44.3433,23.1014,28.8634,100.39,-119.487,-184.739,37.1777,105.673,-1.18482,4.50282,10,6.95271e-310,1003.9,6.68183e-310,-1847.39,1.4822e-323,1056.73,5.23261e-310,45.0282,42.5259,1030.2,47.9229,-1833.13,41.8913,1084.03,44.3433,68.1296,-154.191,-111.666,212.571,260.494,-160.82,-118.929,-30.9626,13.3807,
1.02283,1.27875,0.999353,1.08161,0,200,0,-8.3327,-5.87864,10,10,-8.77641,-6.35818,-2.50966,0.0281469,0,602.763,0,321.248,0,628.588,0,538.103,42.6793,26.0476,47.8829,14.3955,42.0561,27.0423,44.1358,23.4953,26.6138,93.1673,-116.8,-182.561,34.9095,99.2898,3.78936,14.3737,10,6.95271e-310,931.673,6.68183e-310,-1825.61,1.4822e-323,992.898,5.23261e-310,143.737,42.6793,957.72,47.8829,-1811.21,42.0561,1019.94,44.1358,167.233,-144.916,-102.237,209.764,257.647,-152.633,-110.577,-43.6463,0.489512,
1.02831,1.27541,1.00521,1.07451,0,200,0,-7.84287,-5.38064,10,10,-8.34282,-5.91552,-3.11168,-0.583533,0,596.739,0,324.926,0,622.142,0,545.92,42.8213,25.8135,47.8345,14.5555,42.2138,26.7954,43.9677,23.8083,24.5794,86.5336,-113.692,-179.668,32.7993,93.4093,7.81444,22.5217,10,6.95271e-310,865.336,6.68183e-310,-1796.68,1.4822e-323,934.093,5.23261e-310,225.217,42.8213,891.15,47.8345,-1782.12,42.2138,960.888,43.9677,249.025,-136.398,-93.5764,206.034,253.869,-145.092,-102.879,-54.1161,-10.1484,
1.03571,1.27147,1.01134,1.06603,0,200,0,-7.22561,-4.75246,10,10,-7.8653,-5.42862,-3.82409,-1.30763,0,588.592,0,329.263,0,615.405,0,555.24,43.0113,25.4956,47.7767,14.744,42.3771,26.5364,43.7644,24.18,21.7035,78.1722,-110.518,-175.934,30.5565,86.9358,12.9779,32.1653,10,6.95271e-310,781.722,6.68183e-310,-1759.34,1.4822e-323,869.358,5.23261e-310,321.653,43.0113,807.218,47.7767,-1744.59,42.3771,895.894,43.7644,345.833,-125.663,-82.6515,201.22,248.997,-136.788,-94.4107,-66.5058,-22.7414,
1.04203,1.26718,1.01769,1.05902,0,200,0,-6.6789,-4.19654,10,10,-7.40342,-4.9571,-4.43468,-1.92804,0,581.645,0,333.982,0,608.419,0,562.952,43.1715,25.2235,47.713,14.9488,42.5448,26.2667,43.5938,24.4862,19.2721,70.7686,-106.845,-171.93,28.2405,80.6725,16.9865,40.4306,10,6.95271e-310,707.686,6.68183e-310,-1719.3,1.4822e-323,806.725,5.23261e-310,404.306,43.1715,732.91,47.713,-1704.35,42.5448,832.992,43.5938,428.792,-116.155,-72.9833,196.059,243.772,-128.755,-86.2104,-77.125,-33.5311,
1.05038,1.26227,1.02434,1.05124,0,200,0,-6.01589,-3.5215,10,10,-6.90695,-4.45063,-5.12191,-2.62629,0,572.456,0,339.374,0,601.102,0,571.507,43.3806,24.862,47.6392,15.1825,42.7186,25.9832,43.4021,24.8246,16.024,61.7875,-103.038,-166.846,25.819,73.9419,21.9271,49.7337,10,6.95271e-310,617.875,6.68183e-310,-1668.46,1.4822e-323,739.419,5.23261e-310,497.337,43.3806,642.737,47.6392,-1653.28,42.7186,765.403,43.4021,522.162,-104.624,-61.2434,189.507,237.146,-120.121,-77.4023,-89.0767,-45.6746,
1.05831,1.25682,1.03148,1.04281,0,200,0,-5.34034,-2.83469,10,10,-6.37473,-3.90781,-5.85309,-3.3696,0,563.73,0,345.372,0,593.246,0,580.788,43.5765,24.5171,47.5557,15.4421,42.9031,25.6774,43.1911,25.1899,12.7025,52.641,-98.8915,-161.612,23.0253,66.7277,26.6474,59.634,10,6.95271e-310,526.41,6.68183e-310,-1616.12,1.4822e-323,667.277,5.23261e-310,596.34,43.5765,550.927,47.5557,-1600.68,42.9031,692.954,43.1911,621.53,-92.8756,-49.299,182.761,230.317,-110.865,-67.9619,-101.793,-58.6018,
1.06575,1.25088,1.03919,1.03608,0,200,0,-4.71552,-2.19946,10,10,-5.84337,-3.36514,-6.47722,-4.00352,0,555.556,0,351.911,0,584.769,0,588.183,43.7575,24.1926,47.463,15.7245,43.0996,25.346,43.0208,25.4797,9.71698,44.1817,-94.0459,-155.65,20.141,59.5227,30.3501,68.0831,10,6.95271e-310,441.817,6.68183e-310,-1556.5,1.4822e-323,595.227,5.23261e-310,680.831,43.7575,466.01,47.463,-1540.77,43.0996,620.573,43.0208,706.311,-82.009,-38.2515,175.078,222.541,-101.624,-58.5241,-112.647,-69.6265,
1.07489,1.2446,1.04712,1.02852,0,200,0,-3.99551,-1.46684,9.56712,10,-5.28538,-2.79567,-7.1836,-4.72106,0,545.498,0,358.818,0,576.042,0,596.502,43.9769,23.7915,47.3634,16.0222,43.2994,25.0033,42.8269,25.8043,5.95458,34.4323,-89.2942,-148.904,17.0833,51.9589,34.8269,77.6466,10,6.95271e-310,344.323,6.68183e-310,-1489.04,1.4822e-323,519.589,5.23261e-310,776.466,43.9769,368.115,47.3634,-1473.01,43.2994,544.593,42.8269,802.27,-69.4871,-25.5102,166.385,213.748,-91.9197,-48.6203,-124.932,-82.1053,
1.08317,1.23797,1.05525,1.02207,0,200,0,-3.33161,-0.791703,9.04382,10,-4.73508,-2.23377,-7.80734,-5.35441,0,536.389,0,366.108,0,567.104,0,603.594,44.1724,23.4265,47.2561,16.3358,43.5011,24.6506,42.6596,26.0798,2.52071,25.4449,-84.174,-141.84,13.9559,44.4989,38.3997,86.0908,10,6.95271e-310,254.449,6.68183e-310,-1418.4,1.4822e-323,444.989,5.23261e-310,860.908,44.1724,277.876,47.2561,-1402.07,43.5011,469.64,42.6596,886.988,-57.9411,-13.7688,157.284,204.54,-82.3492,-38.8481,-135.78,-93.1203,
1.09183,1.231,1.06337,1.01653,0,200,0,-2.66994,-0.118453,8.46606,10,-4.19428,-1.68153,-8.37429,-5.92972,0,526.858,0,373.781,0,558.166,0,609.697,44.3737,23.0429,47.1411,16.665,43.7,24.2964,42.5142,26.3162,-0.996343,16.4871,-78.9201,-134.041,10.8732,37.1682,41.6973,93.765,10,6.95271e-310,164.871,6.68183e-310,-1340.41,1.4822e-323,371.682,5.23261e-310,937.65,44.3737,187.913,47.1411,-1323.75,43.7,395.978,42.5142,963.966,-46.4337,-2.06005,147.236,194.377,-72.944,-29.244,-145.64,-103.126,
1.10061,1.22372,1.07128,1.01038,0,200,0,-1.98635,0.576662,7.87589,10,-3.65043,-1.12671,-8.97288,-6.53766,0,517.208,0,381.783,0,549.466,0,616.46,44.5741,22.6527,47.0186,17.0074,43.8908,23.95,42.3516,26.577,-4.8091,7.2348,-73.8508,-126.074,7.66256,29.7988,45.0899,101.87,10,6.95271e-310,72.348,6.68183e-310,-1260.74,1.4822e-323,297.988,5.23261e-310,1018.7,44.5741,95.0008,47.0186,-1243.73,43.8908,321.938,42.3516,1045.28,-34.5452,10.0289,136.972,183.991,-63.4858,-19.595,-156.05,-113.698,
1.10946,1.2164,1.07942,1.00522,0,200,0,-1.32726,1.24719,7.25176,9.9481,-3.11306,-0.57822,-9.51507,-7.08776,0,507.466,0,389.837,0,540.515,0,622.129,44.773,22.2571,46.8928,17.3513,44.0842,23.592,42.2141,26.7949,-8.54961,-1.68615,-68.6624,-117.647,4.43143,22.5168,48.0549,109.209,10,6.95271e-310,-16.8615,6.68183e-310,-1176.47,1.4822e-323,225.168,5.23261e-310,1092.09,44.773,5.39559,46.8928,-1159.12,44.0842,248.76,42.2141,1118.89,-23.0827,21.6903,126.118,173.01,-54.1402,-10.056,-165.48,-123.265,
1.11746,1.20885,1.08769,1.00067,0,200,0,-0.71577,1.86883,6.62015,9.30887,-2.57714,-0.0311674,-10,-7.58461,0,498.673,0,398.142,0,531.419,0,627.138,44.9495,21.8985,46.7604,17.7048,44.2778,23.2267,42.0917,26.9869,-12.0245,-9.96044,-63.2727,-109.118,1.11031,15.255,50.3559,115.839,10,6.95271e-310,-99.6044,6.68183e-310,-1091.18,1.4822e-323,152.55,5.23261e-310,1158.39,44.9495,-77.7059,46.7604,-1073.48,44.2778,175.777,42.0917,1185.38,-12.4482,32.5013,115.133,161.893,-44.8198,-0.542041,-173.998,-131.906,
1.12714,1.20112,1.09601,0.99674,0,200,0,-0.0551322,2.54153,5.90875,8.58953,-2.04469,0.512305,-10,-8.06501,0,488.022,0,406.645,0,522.27,0,631.462,45.1594,21.4622,46.6222,18.0657,44.4694,22.8576,41.9853,27.1521,-15.9792,-18.9024,-58.0508,-99.5123,-2.17015,8.04116,52.9876,122.256,10,6.95271e-310,-189.024,6.68183e-310,-995.123,1.4822e-323,80.4116,5.23261e-310,1222.56,45.1594,-167.562,46.6222,-977.058,44.4694,103.269,41.9853,1249.72,-0.95882,44.2006,102.761,149.383,-35.5598,8.90964,-182.246,-140.261,
1.13621,1.19326,1.10427,0.9933,0,200,0,0.567157,3.17491,5.19126,7.86378,-1.51994,1.04783,-10,-8.49952,0,478.042,0,415.293,0,513.174,0,635.245,45.3523,21.0516,46.4787,18.4317,44.6569,22.4891,41.8916,27.2964,-19.7514,-27.3235,-52.8143,-89.8228,-5.48665,0.932688,55.1355,128.062,10,6.95271e-310,-273.235,6.68183e-310,-898.228,1.4822e-323,9.32688,5.23261e-310,1280.62,45.3523,-252.183,46.4787,-879.796,44.6569,31.816,41.8916,1307.92,9.8636,55.2159,90.2827,136.761,-26.4337,18.2232,-189.709,-147.818,
1.14441,1.1851,1.11288,0.990424,0,200,0,1.14344,3.76103,4.46053,7.12432,-0.985176,1.59363,-10,-8.885,0,469.025,0,424.27,0,503.709,0,638.409,45.5233,20.6792,46.3268,18.8104,44.8488,22.104,41.8129,27.4168,-23.2445,-35.1198,-47.2797,-79.9529,-8.95144,-6.31085,56.6166,133.215,10,6.95271e-310,-351.198,6.68183e-310,-799.529,1.4822e-323,-63.1085,5.23261e-310,1332.15,45.5233,-330.519,46.3268,-780.719,44.8488,-41.0044,41.8129,1359.57,19.886,65.4093,77.5745,123.901,-17.1335,27.7153,-196.335,-154.522,
1.15443,1.17656,1.12154,0.98798,0,200,0,1.78092,4.41029,3.63823,6.29269,-0.446375,2.14334,-10,-9.26476,0,458.005,0,433.656,0,494.178,0,641.098,45.7282,20.2221,46.1646,19.205,45.0386,21.7146,41.7458,27.5189,-27.2945,-43.7456,-41.9492,-68.8463,-12.4508,-13.6076,58.4963,138.297,10,6.95271e-310,-437.456,6.68183e-310,-688.463,1.4822e-323,-136.076,5.23261e-310,1382.97,45.7282,-417.234,46.1646,-669.258,45.0386,-114.361,41.7458,1410.49,30.9726,76.7008,63.2735,109.438,-7.76304,37.2756,-202.872,-161.126,
1.16334,1.1663,1.13054,0.986098,0,200,0,2.39289,5.03253,2.72555,5.36854,0.131468,2.73232,-10,-9.56044,0,448.197,0,444.941,0,484.278,0,643.168,45.9067,19.8135,45.9651,19.6776,45.2322,21.3084,41.6939,27.5974,-31.1612,-52.0222,-35.7508,-56.5149,-16.247,-21.4303,59.536,142.255,10,6.95271e-310,-520.222,6.68183e-310,-565.149,1.4822e-323,-214.303,5.23261e-310,1422.55,45.9067,-500.409,45.9651,-545.471,45.2322,-192.994,41.6939,1450.14,41.6155,87.5222,47.4008,93.366,2.28639,47.5186,-207.962,-166.268,
1.17167,1.15768,1.13952,0.984744,0,200,0,2.928,5.57704,1.9056,4.53874,0.668846,3.28059,-10,-9.84441,0,439.035,0,454.432,0,474.404,0,644.658,46.0701,19.4305,45.7936,20.0735,45.4216,20.9015,41.6565,27.6538,-34.6413,-59.2596,-30.2602,-45.4366,-19.9035,-28.7059,60.2557,146.062,10,6.95271e-310,-592.596,6.68183e-310,-454.366,1.4822e-323,-287.059,5.23261e-310,1460.62,46.0701,-573.166,45.7936,-434.293,45.4216,-266.158,41.6565,1488.27,50.9218,96.9919,33.1409,78.9346,11.6321,57.0538,-212.864,-171.207,
1.17945,1.14789,1.14814,0.983977,0,200,0,3.44491,6.10255,1.0179,3.6396,1.20841,3.83041,-10,-10,0,430.479,0,465.202,0,464.926,0,645.501,46.2198,19.0716,45.5949,20.5208,45.6001,20.5094,41.6353,27.6858,-38.0532,-66.2488,-24.4905,-33.4396,-23.5824,-36.0082,60.5474,148.744,10,6.95271e-310,-662.488,6.68183e-310,-334.396,1.4822e-323,-360.082,5.23261e-310,1487.44,46.2198,-643.416,45.5949,-313.875,45.6001,-339.573,41.6353,1515.13,59.9115,106.131,17.7025,63.2974,21.0158,66.6159,-216.318,-174.682,
1.18718,1.13784,1.15629,0.983402,0,200,0,3.95267,6.61871,0.110296,2.72002,1.73301,4.36453,-10,-10,0,421.976,0,476.249,0,455.961,0,646.134,46.3659,18.7138,45.3865,20.9777,45.7657,20.1371,41.6194,27.7097,-41.5299,-73.1133,-18.9781,-21.1716,-27.2331,-43.1058,60.7817,150.992,10,6.95271e-310,-731.133,6.68183e-310,-211.716,1.4822e-323,-431.058,5.23261e-310,1509.92,46.3659,-712.419,45.3865,-190.739,45.7657,-410.921,41.6194,1537.63,68.7421,115.108,1.91819,47.3047,30.1392,75.9049,-219.213,-177.594,
1.19438,1.12642,1.16402,0.983114,0,200,0,4.45204,7.12576,-0.873351,1.72243,2.26719,4.90759,-10,-10,0,414.054,0,488.812,0,447.459,0,646.451,46.4995,18.3793,45.144,21.4947,45.92,19.7827,41.6114,27.7217,-45.0589,-79.8623,-13.1945,-7.8715,-31.0126,-50.3301,60.6962,152.299,10,6.95271e-310,-798.623,6.68183e-310,-78.715,1.4822e-323,-503.301,5.23261e-310,1522.99,46.4995,-780.244,45.144,-57.2204,45.92,-483.518,41.6114,1550.71,77.4269,123.926,-15.1887,29.9553,39.4295,85.3494,-220.898,-179.286,
1.20127,1.11595,1.17123,0.983126,0,200,0,4.90595,7.58689,-1.79854,0.78415,2.75929,5.40783,-10,-10,0,406.474,0,500.334,0,439.523,0,646.437,46.625,18.0585,44.9164,21.9663,46.0615,19.4509,41.6117,27.7212,-48.3848,-85.9967,-8.06315,4.63948,-34.5895,-56.9844,60.5565,153.347,10,6.95271e-310,-859.967,6.68183e-310,46.3948,1.4822e-323,-569.844,5.23261e-310,1533.47,46.625,-841.908,44.9164,68.3612,46.0615,-550.393,41.6117,1561.19,85.3208,131.946,-31.279,13.6374,47.9877,94.0492,-222.249,-180.638,
1.20773,1.10688,1.17818,0.983414,0,200,0,5.30439,7.99197,-2.63459,-0.0634651,3.20897,5.86522,-10,-10,0,399.368,0,510.313,0,431.877,0,646.121,46.7407,17.7569,44.7152,22.3729,46.1956,19.1303,41.6197,27.7092,-51.3885,-91.3816,-3.58929,15.9453,-37.938,-63.0652,60.3145,154.357,10,6.95271e-310,-913.816,6.68183e-310,159.453,1.4822e-323,-630.652,5.23261e-310,1543.57,46.7407,-896.059,44.7152,181.826,46.1956,-611.521,41.6197,1571.27,92.2502,138.991,-45.819,-1.10374,55.8082,102.004,-223.555,-181.935,
1.2138,1.09644,1.18466,0.984025,0,200,0,5.69771,8.39144,-3.54931,-0.991753,3.66682,6.33014,-10,-10,0,392.698,0,521.796,0,424.745,0,645.449,46.8475,17.4732,44.4793,22.8384,46.3186,18.8304,41.6366,27.6838,-54.461,-96.6959,1.12941,28.319,-41.4047,-69.2539,59.833,154.408,10,6.95271e-310,-966.959,6.68183e-310,283.19,1.4822e-323,-692.539,5.23261e-310,1544.08,46.8475,-949.486,44.4793,306.028,46.3186,-673.709,41.6366,1571.76,99.0906,145.938,-61.7272,-17.2479,63.7708,110.089,-223.626,-181.99,
1.21963,1.08723,1.1908,0.985187,0,200,0,6.04154,8.74109,-4.39374,-1.84838,4.07936,6.74928,-10,-10,0,386.278,0,531.92,0,417.995,0,644.17,46.9487,17.1994,44.2672,23.2469,46.4333,18.5458,41.6688,27.6354,-57.1997,-101.342,5.24658,39.7417,-44.5689,-74.8302,59.274,154.141,10,6.95271e-310,-1013.42,6.68183e-310,397.417,1.4822e-323,-748.302,5.23261e-310,1541.41,46.9487,-996.22,44.2672,420.664,46.4333,-729.756,41.6688,1569.05,105.07,152.019,-76.4129,-32.1457,70.9454,117.379,-223.292,-181.624,
1.22476,1.07904,1.1966,0.987045,0,200,0,6.32087,9.02545,-5.16999,-2.63567,4.45014,7.12619,-10,-10,0,380.636,0,540.937,0,411.615,0,642.127,47.0363,16.9584,44.0751,23.6089,46.5401,18.2762,41.72,27.5579,-59.4502,-105.117,8.9961,50.2425,-47.4065,-79.842,58.4423,153.261,10,6.95271e-310,-1051.17,6.68183e-310,502.425,1.4822e-323,-798.42,5.23261e-310,1532.61,47.0363,-1034.21,44.0751,526.034,46.5401,-780.144,41.72,1560.17,109.928,156.964,-89.9129,-45.8377,77.3937,123.934,-222.172,-180.452,
1.22951,1.06856,1.20204,0.989418,0,200,0,6.6048,9.31398,-6.08814,-3.56817,4.8517,7.53344,-10,-10,0,375.415,0,552.458,0,405.63,0,639.517,47.1162,16.735,43.8254,24.0693,46.6388,18.0227,41.7853,27.4588,-61.868,-108.952,13.3343,62.6682,-50.5419,-85.2673,57.2576,151.025,10,6.95271e-310,-1089.52,6.68183e-310,626.682,1.4822e-323,-852.673,5.23261e-310,1510.25,47.1162,-1072.79,43.8254,650.751,46.6388,-834.651,41.7853,1537.71,114.866,161.982,-105.881,-62.0552,84.3774,131.016,-219.307,-177.522,
1.23404,1.05984,1.20702,0.992414,0,200,0,6.83336,9.54688,-6.90134,-4.39355,5.19088,7.87774,-10,-10,0,370.432,0,562.055,0,400.159,0,636.221,47.1916,16.5214,43.6138,24.4507,46.7279,17.7905,41.8674,27.3335,-63.8242,-112.041,16.9312,73.6727,-53.1875,-89.8502,56.0647,148.528,10,6.95271e-310,-1120.41,6.68183e-310,736.727,1.4822e-323,-898.502,5.23261e-310,1485.28,47.1916,-1103.89,43.6138,761.178,46.7279,-880.712,41.8674,1512.61,118.841,166.033,-120.023,-76.4096,90.2762,137.004,-216.109,-174.242,
1.23799,1.04985,1.21155,0.995817,0,200,0,7.04477,9.76202,-7.78435,-5.29072,5.53726,8.22872,-10,-9.75396,0,366.082,0,573.037,0,395.176,0,632.477,47.2565,16.3346,43.3675,24.8849,46.808,17.5787,41.9602,27.1909,-65.7655,-114.897,20.7896,85.6261,-55.9563,-94.5286,54.5822,145.007,10,6.95271e-310,-1148.97,6.68183e-310,856.261,1.4822e-323,-945.286,5.23261e-310,1450.07,47.2565,-1132.63,43.3675,881.146,46.808,-927.707,41.9602,1477.26,122.518,169.774,-135.38,-92.0124,96.3001,143.108,-211.594,-169.634,
1.2416,1.0422,1.2156,0.999652,0,200,0,7.1956,9.91622,-8.51557,-6.03296,5.80949,8.50502,-10,-9.49264,0,362.114,0,581.46,0,390.72,0,628.259,47.3152,16.1641,43.1757,25.2163,46.8788,17.3889,42.0641,27.0297,-67.1397,-116.935,23.8084,95.5228,-58.1003,-98.2063,53.151,141.541,10,6.95271e-310,-1169.35,6.68183e-310,955.228,1.4822e-323,-982.063,5.23261e-310,1415.41,47.3152,-1153.19,43.1757,980.445,46.8788,-964.674,42.0641,1442.44,125.141,172.456,-148.097,-104.921,101.035,147.913,-207.153,-165.089,
1.24469,1.03441,1.21931,1.00375,0,200,0,7.31998,10,-9.24427,-6.77303,6.0692,8.76843,-10,-9.19377,0,358.713,0,590.029,0,386.634,0,623.75,47.3649,16.0177,42.978,25.5518,46.9431,17.2146,42.1746,26.8571,-68.3566,-118.616,26.8022,105.387,-60.1756,-101.714,51.5454,137.573,10,6.95271e-310,-1186.16,6.68183e-310,1053.87,1.4822e-323,-1017.14,5.23261e-310,1375.73,47.3649,-1170.15,42.978,1079.43,46.9431,-999.927,42.1746,1402.59,127.304,174.669,-160.77,-117.792,105.551,152.494,-202.066,-159.892,
1.24737,1.02659,1.22268,1.0083,0,200,0,7.41572,10,-9.97016,-7.51048,6.31111,9.01366,-10,-8.84825,0,355.773,0,598.624,0,382.93,0,618.741,47.4075,15.891,42.777,25.8868,47.0008,17.0565,42.2964,26.6648,-69.3776,-119.911,29.7356,115.216,-62.1242,-104.981,49.7561,132.982,10,6.95271e-310,-1199.11,6.68183e-310,1152.16,1.4822e-323,-1049.81,5.23261e-310,1329.82,47.4075,-1183.21,42.777,1178.04,47.0008,-1032.76,42.2964,1356.49,128.969,176.377,-173.394,-130.617,109.758,156.759,-196.179,-153.883,
1.24966,1.02017,1.22551,1.01304,0,200,0,7.47303,10,-10,-8.14373,6.4994,9.20471,-10,-8.50126,0,353.255,0,605.69,0,379.818,0,613.534,47.4438,15.7825,42.6098,26.1611,47.0489,16.9235,42.4222,26.4643,-70.0246,-120.686,32.1526,123.659,-63.6131,-107.524,48.0214,128.374,10,6.95271e-310,-1206.86,6.68183e-310,1236.59,1.4822e-323,-1075.24,5.23261e-310,1283.74,47.4438,-1191.08,42.6098,1262.75,47.0489,-1058.32,42.4222,1310.21,129.966,177.41,-184.24,-141.63,113.033,160.082,-190.27,-147.848,
1.25157,1.01486,1.22805,1.01822,0,200,0,7.49149,10,-10,-8.69999,6.6458,9.35357,-10,-8.13611,0,351.146,0,611.53,0,377.024,0,607.839,47.474,15.6915,42.4703,26.3869,47.0917,16.8039,42.5586,26.2443,-70.2839,-120.938,34.2567,131.079,-64.7079,-109.502,46.1961,123.528,10,6.95271e-310,-1209.38,6.68183e-310,1310.79,1.4822e-323,-1095.02,5.23261e-310,1235.28,47.474,-1193.68,42.4703,1337.18,47.0917,-1078.22,42.5586,1261.52,130.287,177.761,-193.774,-151.304,115.579,162.671,-184.056,-141.498,
1.25309,1.00883,1.2301,1.02382,0,200,0,7.49356,10,-10,-9.29635,6.78422,9.49397,-10,-7.70791,0,349.472,0,618.161,0,374.769,0,601.669,47.4978,15.6192,42.3105,26.6425,47.1261,16.7073,42.7052,26.0052,-70.4835,-120.967,36.4704,139.03,-65.7817,-111.372,44.1735,117.837,10,6.95271e-310,-1209.67,6.68183e-310,1390.3,1.4822e-323,-1113.72,5.23261e-310,1178.37,47.4978,-1194.06,42.3105,1416.94,47.1261,-1097.01,42.7052,1204.37,130.323,177.821,-203.986,-161.676,117.987,165.113,-176.756,-134.051,
1.25429,1.00393,1.23173,1.02968,0,200,0,7.46414,10,-10,-9.80924,6.87734,9.58865,-9.73655,-7.27228,0,348.154,0,623.552,0,372.977,0,595.223,47.5165,15.5623,42.1794,26.8495,47.1532,16.6305,42.8568,25.7545,-70.3528,-120.572,38.3266,145.871,-66.4442,-112.629,42.1522,112.049,10,6.95271e-310,-1205.72,6.68183e-310,1458.71,1.4822e-323,-1126.29,5.23261e-310,1120.49,47.5165,-1190.16,42.1794,1485.56,47.1532,-1109.66,42.8568,1146.25,129.811,177.328,-212.775,-170.595,119.606,166.759,-169.331,-126.474,
1.25517,1.00011,1.23287,1.03604,0,200,0,7.39974,10,-10,-10,6.91996,9.63236,-9.28395,-6.81032,0,347.191,0,627.758,0,371.724,0,588.236,47.5301,15.5207,42.0765,27.0106,47.1721,16.5768,43.0195,25.4817,-69.8427,-119.706,39.8554,151.693,-66.6333,-113.206,40.0801,105.913,10,6.95271e-310,-1197.06,6.68183e-310,1516.93,1.4822e-323,-1132.06,5.23261e-310,1059.13,47.5301,-1181.54,42.0765,1543.94,47.1721,-1115.48,43.0195,1084.61,128.691,176.221,-220.256,-178.18,120.347,167.519,-161.46,-118.44,
1.25576,0.996081,1.23363,1.04262,0,200,0,7.32232,10,-10,-10,6.94879,9.66192,-8.79895,-6.31574,0,346.545,0,632.187,0,370.881,0,580.999,47.5392,15.4928,41.9674,27.1798,47.1848,16.5406,43.1863,25.1981,-69.2682,-118.663,41.3819,157.587,-66.7442,-113.596,37.8957,99.3401,10,6.95271e-310,-1186.63,6.68183e-310,1575.87,1.4822e-323,-1135.96,5.23261e-310,993.401,47.5392,-1171.14,41.9674,1603.05,47.1848,-1119.42,43.1863,1018.6,127.345,174.884,-227.829,-185.861,120.848,168.033,-153.025,-109.839,
1.25608,0.992905,1.23411,1.04949,0,200,0,7.21977,9.95356,-10,-10,6.94142,9.655,-8.30264,-5.80952,0,346.189,0,635.68,0,370.353,0,573.432,47.5442,15.4774,41.8808,27.3129,47.1928,16.518,43.3586,24.9005,-68.4283,-117.281,42.6884,162.665,-66.5228,-113.497,35.6543,92.6136,10,6.95271e-310,-1172.81,6.68183e-310,1626.65,1.4822e-323,-1134.97,5.23261e-310,926.136,47.5442,-1157.33,41.8808,1653.96,47.1928,-1118.45,43.3586,951.036,125.561,173.105,-234.354,-192.474,120.72,167.913,-144.394,-101.035,
1.2561,0.990209,1.23424,1.05663,0,200,0,7.09636,9.83018,-10,-10,6.90447,9.61818,-7.78799,-5.28473,0,346.163,0,638.647,0,370.208,0,565.588,47.5446,15.4763,41.807,27.4258,47.1949,16.5118,43.535,24.5907,-67.3962,-115.618,43.8584,167.212,-66.0507,-112.999,33.3362,85.6397,10,6.95271e-310,-1156.18,6.68183e-310,1672.12,1.4822e-323,-1129.99,5.23261e-310,856.397,47.5446,-1140.7,41.807,1699.54,47.1949,-1113.48,43.535,880.987,123.415,170.96,-240.2,-198.392,120.078,167.273,-135.443,-91.9083,
1.25573,0.98774,1.23404,1.06401,0,200,0,6.95147,9.68495,-10,-10,6.84391,9.55743,-7.2487,-4.73507,0,346.572,0,641.362,0,370.432,0,557.468,47.5388,15.4939,41.7392,27.5289,47.1916,16.5214,43.7154,24.2686,-66.2002,-113.664,44.9833,171.419,-65.3925,-112.183,30.8813,78.3333,10,6.95271e-310,-1136.64,6.68183e-310,1714.19,1.4822e-323,-1121.83,5.23261e-310,783.333,47.5388,-1121.15,41.7392,1741.72,47.1916,-1105.31,43.7154,807.602,120.895,168.434,-245.608,-203.869,119.025,166.216,-126.064,-82.349,
1.25499,0.985679,1.23352,1.07189,0,200,0,6.77891,9.51173,-10,-10,6.75215,9.46517,-6.67381,-4.14925,0,347.389,0,643.63,0,370.999,0,548.794,47.5273,15.5292,41.6824,27.6149,47.183,16.5457,43.9054,23.9231,-64.7677,-111.338,46.0458,175.213,-64.4692,-110.945,28.2261,70.5457,10,6.95271e-310,-1113.38,6.68183e-310,1752.13,1.4822e-323,-1109.45,5.23261e-310,705.457,47.5273,-1097.85,41.6824,1779.75,47.183,-1092.91,43.9054,729.38,117.894,165.421,-250.486,-208.804,117.429,164.612,-116.066,-72.1609,
1.25343,0.984013,1.23236,1.08017,0,200,0,6.56516,9.29658,-10,-10,6.61858,9.3305,-6.05462,-3.51875,0,349.103,0,645.462,0,372.278,0,539.684,47.503,15.6033,41.6363,27.6843,47.1638,16.6005,44.102,23.5587,-63.0143,-108.455,47.061,178.339,-63.1985,-109.143,25.3299,62.1603,10,6.95271e-310,-1084.55,6.68183e-310,1783.39,1.4822e-323,-1091.43,5.23261e-310,621.603,47.503,-1068.94,41.6363,1811.07,47.1638,-1074.83,44.102,645.162,114.177,161.68,-254.505,-212.868,115.106,162.27,-105.298,-61.1957,
1.25121,0.98285,1.23032,1.08883,0,200,0,6.3156,9.04503,-10,-10,6.43179,9.14176,-5.39124,-2.84375,0,351.542,0,646.741,0,374.519,0,530.167,47.4683,15.7085,41.6041,27.7327,47.1299,16.6966,44.3042,23.1763,-60.9703,-105.088,47.8945,180.694,-61.5044,-106.622,22.2922,53.1791,10,6.95271e-310,-1050.88,6.68183e-310,1806.94,1.4822e-323,-1066.22,5.23261e-310,531.791,47.4683,-1035.17,41.6041,1834.67,47.1299,-1049.52,44.3042,554.967,109.837,157.305,-257.534,-215.93,111.857,158.987,-93.7607,-49.4566,
1.24819,0.982143,1.22808,1.09888,0,200,0,6.00366,8.73034,-10,-10,6.1993,8.9071,-4.63526,-2.0745,0,354.864,0,647.518,0,376.984,0,519.106,47.4207,15.8518,41.5845,27.7621,47.0923,16.8022,44.535,22.7296,-58.4484,-100.88,48.8716,182.721,-59.4264,-103.484,18.5683,42.945,10,6.95271e-310,-1008.8,6.68183e-310,1827.21,1.4822e-323,-1034.84,5.23261e-310,429.45,47.4207,-992.944,41.5845,1854.97,47.0923,-1018.04,44.535,452.18,104.411,151.832,-260.143,-218.559,107.814,154.906,-80.6132,-36.0783,
1.24545,0.981676,1.22492,1.10746,0,200,0,5.73167,8.45584,-10,-10,5.94683,8.65156,-3.9583,-1.38642,0,357.883,0,648.033,0,380.464,0,509.667,47.377,15.9819,41.5715,27.7815,47.0389,16.9511,44.7284,22.3467,-56.2772,-97.2097,49.3269,183.986,-57.3067,-100.076,15.5363,33.7841,10,6.95271e-310,-972.097,6.68183e-310,1839.86,1.4822e-323,-1000.76,5.23261e-310,337.841,47.377,-956.115,41.5715,1867.64,47.0389,-983.804,44.7284,360.187,99.6812,147.058,-261.772,-220.2,103.423,150.462,-68.84,-24.1116,
1.24195,0.98146,1.22174,1.11731,0,200,0,5.40392,8.12486,-10,-10,5.66107,8.3627,-3.20008,-0.615668,0,361.732,0,648.27,0,383.958,0,498.831,47.3208,16.1476,41.5655,27.7905,46.9849,17.1004,44.9463,21.905,-53.731,-92.7869,50.0013,185.121,-54.9452,-96.2181,11.7829,23.5243,10,6.95271e-310,-927.869,6.68183e-310,1851.21,1.4822e-323,-962.181,5.23261e-310,235.243,47.3208,-911.722,41.5655,1879,46.9849,-945.081,44.9463,257.148,93.9812,141.302,-263.235,-221.67,98.4535,145.438,-55.6536,-10.7073,
1.23773,0.981568,1.21859,1.12742,0,200,0,5.04194,7.75894,-10,-10,5.35857,8.05709,-2.42878,0.168229,0,366.372,0,648.151,0,387.425,0,487.718,47.2522,16.3471,41.5685,27.786,46.9307,17.2484,45.1653,21.4498,-50.9984,-87.9015,50.8073,185.781,-52.4987,-92.1347,7.63529,13.0892,10,6.95271e-310,-879.015,6.68183e-310,1857.81,1.4822e-323,-921.347,5.23261e-310,130.892,47.2522,-862.668,41.5685,1885.59,46.9307,-904.099,45.1653,152.341,87.6859,134.938,-264.087,-222.518,93.1925,140.123,-42.2396,2.92572,
1.2341,0.982107,1.2144,1.13794,0,200,0,4.69114,7.40471,-10,-10,4.99226,7.68659,-1.6231,0.986741,0,370.367,0,647.558,0,392.039,0,476.144,47.1926,16.5186,41.5835,27.7636,46.858,17.4451,45.3885,20.9734,-48.349,-83.1673,51.055,186.141,-49.6684,-87.1889,3.67809,2.19117,10,6.95271e-310,-831.673,6.68183e-310,1861.41,1.4822e-323,-871.889,5.23261e-310,21.9117,47.1926,-815.155,41.5835,1889.18,46.858,-854.444,45.3885,42.8851,81.585,128.778,-264.557,-222.973,86.8219,133.68,-28.2278,17.1607,
1.22991,0.983354,1.21063,1.14852,0,200,0,4.31176,7.02132,-10,-10,4.61783,7.30837,-0.839094,1.78336,0,374.98,0,646.187,0,396.178,0,464.504,47.1229,16.7164,41.618,27.7117,46.792,17.6213,45.6079,20.4919,-45.533,-78.0467,51.4232,185.767,-46.8115,-82.1344,-0.606416,-8.41273,10,6.95271e-310,-780.467,6.68183e-310,1857.67,1.4822e-323,-821.344,5.23261e-310,-84.1273,47.1229,-763.751,41.618,1885.39,46.792,-803.722,45.6079,-63.6354,74.9871,122.11,-264.085,-222.467,80.3101,127.102,-14.5929,31.015,
1.225,0.985187,1.20574,1.15986,0,200,0,3.88635,6.59117,-10,-10,4.1653,6.85086,0.0144669,2.65011,0,380.372,0,644.17,0,401.557,0,452.033,47.0404,16.9471,41.6688,27.6354,46.7053,17.8499,45.8373,19.9735,-42.4358,-72.304,51.5205,184.567,-43.4584,-76.0243,-5.24714,-19.9543,10,6.95271e-310,-723.04,6.68183e-310,1845.67,1.4822e-323,-760.243,5.23261e-310,-199.543,47.0404,-706.093,41.6688,1873.31,46.7053,-742.393,45.8373,-179.569,67.5886,114.629,-262.551,-220.883,72.4401,119.145,0.251597,46.0889,
1.2205,0.987956,1.20089,1.16912,0,200,0,3.50705,6.20745,-10,-10,3.72731,6.40785,0.712062,3.35823,0,385.329,0,641.125,0,406.896,0,441.843,46.9635,17.1589,41.7451,27.5199,46.6181,18.0763,46.0204,19.548,-39.6389,-67.1831,51.1573,182.064,-40.2251,-70.1098,-9.00953,-29.3851,10,6.95271e-310,-671.831,6.68183e-310,1820.64,1.4822e-323,-701.098,5.23261e-310,-293.851,46.9635,-654.672,41.7451,1848.16,46.6181,-683.022,46.0204,-274.302,60.9921,107.956,-259.345,-217.6,64.8228,111.441,12.3837,58.4041,
1.21481,0.991059,1.19589,1.1807,0,200,0,3.03512,5.72986,-10,-10,3.22112,5.89643,1.55383,4.21284,0,391.59,0,637.711,0,412.393,0,429.108,46.8651,17.426,41.8303,27.3902,46.5272,18.3091,46.2436,19.014,-36.3287,-60.811,51.1022,179.453,-36.6472,-63.2753,-14.0982,-40.7637,10,6.95271e-310,-608.11,6.68183e-310,1794.53,1.4822e-323,-632.753,5.23261e-310,-407.637,46.8651,-590.684,41.8303,1821.92,46.5272,-614.443,46.2436,-388.623,52.7847,99.6498,-256.002,-214.171,56.0194,102.547,27.0232,73.2667,
1.20983,0.994547,1.19109,1.1899,0,200,0,2.63193,5.32166,-10,-10,2.757,5.42722,2.22649,4.89545,0,397.061,0,633.874,0,417.679,0,418.984,46.7778,17.6589,41.9256,27.2441,46.4386,18.5325,46.4166,18.5876,-33.5009,-55.3661,50.6427,176.105,-33.4031,-57.0078,-18.1376,-49.8544,10,6.95271e-310,-553.661,6.68183e-310,1761.05,1.4822e-323,-570.078,5.23261e-310,-498.544,46.7778,-536.003,41.9256,1788.29,46.4386,-551.546,46.4166,-479.957,45.7727,92.5505,-251.71,-209.785,47.9478,94.3865,38.7216,85.1382,
1.20354,0.998454,1.18523,1.2009,0,200,0,2.13991,4.8232,-10,-10,2.19698,4.86091,3.03654,5.71709,0,403.982,0,629.577,0,424.125,0,406.882,46.6658,17.9528,42.0317,27.0801,46.3292,18.8043,46.6183,18.0758,-30.2071,-48.7206,50.1442,172.172,-29.6529,-49.4445,-23.2358,-60.7995,10,6.95271e-310,-487.206,6.68183e-310,1721.72,1.4822e-323,-494.445,5.23261e-310,-607.995,46.6658,-469.253,42.0317,1748.8,46.3292,-475.64,46.6183,-589.919,37.2159,83.8817,-246.667,-204.636,38.2083,84.5376,52.8094,99.4277,
1.19818,1.00277,1.1797,1.20969,0,200,0,1.71999,4.3977,-10,-10,1.68344,4.34136,3.68239,6.37197,0,409.875,0,624.831,0,430.203,0,397.219,46.569,18.2025,42.1482,26.8986,46.2246,19.06,46.7753,17.6656,-27.3847,-43.0482,49.2295,167.647,-26.2374,-42.5079,-27.2437,-69.5241,10,6.95271e-310,-430.482,6.68183e-310,1676.47,1.4822e-323,-425.079,5.23261e-310,-695.241,46.569,-412.279,42.1482,1703.37,46.2246,-406.02,46.7753,-677.576,29.9129,76.4818,-240.863,-198.715,29.2773,75.5019,64.0415,110.817,
1.19201,1.00759,1.17442,1.21908,0,200,0,1.25078,3.92198,-10,-10,1.14794,3.80002,4.3494,7.0484,0,416.664,0,619.532,0,436.016,0,386.884,46.4557,18.4896,42.2773,26.6952,46.1233,19.304,46.9392,17.2253,-24.3231,-36.7089,48.4659,162.59,-22.7937,-35.2754,-31.8637,-78.5338,10,6.95271e-310,-367.089,6.68183e-310,1625.9,1.4822e-323,-352.754,5.23261e-310,-785.338,46.4557,-348.599,42.2773,1652.6,46.1233,-333.45,46.9392,-768.113,21.7527,68.2084,-234.377,-192.1,19.9641,66.0874,75.6417,122.581,
1.185,1.01273,1.16777,1.22902,0,200,0,0.734298,3.39798,-10,-10,0.533261,3.17791,5.0837,7.79241,0,424.376,0,613.876,0,443.332,0,375.956,46.325,18.8148,42.414,26.4775,45.9939,19.6103,47.108,16.7581,-21.0849,-29.7295,47.316,156.789,-18.9776,-26.9711,-36.8961,-88.4496,10,6.95271e-310,-297.295,6.68183e-310,1567.89,1.4822e-323,-269.711,5.23261e-310,-884.496,46.325,-278.48,42.414,1594.37,45.9939,-250.101,47.108,-867.738,12.7704,59.0954,-226.932,-184.518,9.27411,55.268,88.4122,135.52,
1.1784,1.0184,1.16131,1.23752,0,200,0,0.251163,2.90765,-10,-10,-0.0578788,2.57943,5.70938,8.42618,0,431.639,0,607.641,0,450.438,0,366.609,46.1997,19.1203,42.5634,26.2366,45.8662,19.907,47.2487,16.3573,-18.0619,-23.1997,45.826,150.305,-15.3414,-18.9838,-41.2588,-96.8971,10,6.95271e-310,-231.997,6.68183e-310,1503.05,1.4822e-323,-189.838,5.23261e-310,-968.971,46.1997,-212.876,42.5634,1529.28,45.8662,-169.931,47.2487,-952.613,4.36805,50.5678,-218.609,-176.045,-1.00659,44.8596,99.2935,146.542,
1.17151,1.02438,1.1545,1.24544,0,200,0,-0.239367,2.40948,-10,-9.58991,-0.660763,1.96869,6.30407,9.02823,0,439.219,0,601.063,0,457.926,0,357.896,46.0669,19.4382,42.7195,25.9816,45.7297,20.2188,47.3768,15.9825,-15.0542,-16.5685,44.0654,143.211,-11.71,-10.8362,-45.5117,-104.925,10,6.95271e-310,-165.685,6.68183e-310,1432.11,1.4822e-323,-108.362,5.23261e-310,-1049.25,46.0669,-146.247,42.7195,1458.09,45.7297,-88.143,47.3768,-1033.26,-4.1629,41.904,-209.5,-166.781,-11.4915,34.2381,109.636,157.013,
1.16434,1.03086,1.14755,1.25272,0,200,0,-0.739232,1.90153,-10,-9.0017,-1.26984,1.35147,6.85488,9.58567,0,447.103,0,593.931,0,465.571,0,349.881,45.9264,19.7679,42.887,25.7041,45.588,20.5361,47.492,15.6369,-12.0257,-9.8097,42.0367,135.376,-8.10317,-2.60379,-49.6192,-112.359,10,6.95271e-310,-98.097,6.68183e-310,1353.76,1.4822e-323,-26.0379,5.23261e-310,-1123.59,45.9264,-78.3291,42.887,1379.46,45.588,-5.50174,47.492,-1107.95,-12.8562,33.0702,-199.438,-156.551,-22.0841,23.5039,119.215,166.707,
1.15775,1.03758,1.14062,1.25866,0,200,0,-1.19992,1.4333,-10,-8.38779,-1.85305,0.760018,7.3156,10,0,454.353,0,586.535,0,473.191,0,343.355,45.7951,20.0702,43.0589,25.4152,45.4447,20.8514,47.5839,15.3549,-9.24411,-3.5798,39.6187,127.197,-4.65729,5.28095,-52.985,-118.576,10,6.95271e-310,-35.798,6.68183e-310,1271.97,1.4822e-323,52.8095,5.23261e-310,-1185.76,45.7951,-15.7278,43.0589,1297.38,45.4447,73.6609,47.5839,-1170.4,-20.8681,24.9269,-188.933,-145.875,-32.227,13.2177,127.228,174.812,
1.14969,1.0447,1.13367,1.26551,0,200,0,-1.74301,0.88083,-10,-7.72717,-2.47345,0.131218,7.82812,10,0,463.212,0,578.705,0,480.837,0,335.815,45.632,20.4383,43.2387,25.108,45.2986,21.1668,47.688,15.0283,-6.08922,3.7665,37.3442,118.393,-1.19949,13.668,-57.3623,-125.491,10,6.95271e-310,37.665,6.68183e-310,1183.93,1.4822e-323,136.68,5.23261e-310,-1254.91,45.632,58.1033,43.2387,1209.04,45.2986,157.846,47.688,-1239.89,-30.3132,15.3188,-177.624,-134.386,-43.0166,2.28204,136.141,183.829,
1.14252,1.05239,1.12691,1.27101,0,200,0,-2.24144,0.373891,-9.52787,-7.03061,-3.06755,-0.471168,8.23771,10,0,471.108,0,570.242,0,488.272,0,329.764,45.4841,20.7653,43.4306,24.7746,45.1545,21.4725,47.77,14.7658,-3.18487,10.5091,34.5776,109.112,2.12327,21.7007,-60.8243,-131.017,10,6.95271e-310,105.091,6.68183e-310,1091.12,1.4822e-323,217.007,5.23261e-310,-1310.17,45.4841,125.857,43.4306,1115.9,45.1545,238.479,47.77,-1295.41,-38.9816,6.50246,-165.702,-122.271,-53.3487,-8.19422,143.265,191.035,
1.13618,1.0605,1.12063,1.27609,0,200,0,-2.71001,-0.102296,-8.8406,-6.33188,-3.64261,-1.05403,8.59214,10,0,478.082,0,561.33,0,495.18,0,324.172,45.3515,21.0533,43.6299,24.422,45.0188,21.7556,47.8444,14.5227,-0.50271,16.8472,31.5658,99.8071,5.27776,29.4757,-63.8167,-135.799,10,6.95271e-310,168.472,6.68183e-310,998.071,1.4822e-323,294.757,5.23261e-310,-1357.99,45.3515,189.525,43.6299,1022.49,45.0188,316.512,47.8444,-1343.47,-47.1306,-1.77907,-153.75,-110.12,-63.3497,-18.3309,149.429,197.273,
1.12878,1.06915,1.11451,1.28098,0,200,0,-3.23091,-0.632225,-8.08994,-5.56916,-4.22105,-1.64018,8.92556,10,0,486.216,0,551.812,0,501.916,0,318.796,45.1946,21.388,43.8396,24.0435,44.8847,22.0309,47.9148,14.2887,2.4457,23.8954,28.5112,89.6461,8.32794,37.2965,-67.1555,-140.297,10,6.95271e-310,238.954,6.68183e-310,896.461,1.4822e-323,372.965,5.23261e-310,-1402.97,45.1946,260.342,43.8396,920.505,44.8847,394.996,47.9148,-1388.68,-56.1898,-10.9952,-140.695,-96.855,-73.4095,-28.5248,155.227,203.142,
1.12215,1.07774,1.10861,1.28542,0,200,0,-3.71769,-1.12721,-7.36217,-4.82961,-4.77741,-2.20406,9.22022,10,0,493.506,0,542.36,0,508.402,0,313.918,45.0519,21.6871,44.0446,23.666,44.754,22.2952,47.9777,14.0761,5.11776,30.4817,25.2516,79.7954,11.1902,44.8195,-70.0645,-144.272,10,6.95271e-310,304.817,6.68183e-310,797.954,1.4822e-323,448.195,5.23261e-310,-1442.72,45.0519,326.504,44.0446,821.62,44.754,470.49,47.9777,-1428.64,-64.6555,-19.6037,-128.038,-83.9932,-83.0854,-38.3314,160.352,208.329,
1.11573,1.08707,1.10245,1.28965,0,200,0,-4.21107,-1.62866,-6.59006,-4.04492,-5.35602,-2.79061,9.49362,10,0,500.571,0,532.104,0,515.178,0,309.265,44.9116,21.976,44.2633,23.2543,44.6159,22.5704,48.0369,13.873,7.74493,37.1571,21.4862,69.3451,14.1095,52.6441,-72.7169,-147.959,10,6.95271e-310,371.571,6.68183e-310,693.451,1.4822e-323,526.441,5.23261e-310,-1479.59,44.9116,393.547,44.2633,716.705,44.6159,549.012,48.0369,-1465.72,-73.2361,-28.3244,-114.61,-70.3464,-93.1482,-48.5323,165.106,213.143,
1.10957,1.0953,1.0977,1.29251,0,200,0,-4.65664,-2.08206,-5.89046,-3.3344,-5.8165,-3.25729,9.67018,10,0,507.347,0,523.048,0,520.411,0,306.114,44.7754,22.2523,44.4532,22.8891,44.508,22.7825,48.0764,13.7354,10.1478,43.1877,18.3219,59.8786,16.356,58.8713,-74.9776,-150.34,10,6.95271e-310,431.877,6.68183e-310,598.786,1.4822e-323,588.713,5.23261e-310,-1503.4,44.7754,454.13,44.4532,621.675,44.508,611.495,48.0764,-1489.67,-80.9851,-36.2097,-102.443,-57.9896,-101.157,-56.6486,168.177,216.253,
1.10348,1.10368,1.09219,1.29537,0,200,0,-5.10723,-2.54049,-5.17809,-2.61109,-6.31002,-3.75805,9.86384,10,0,514.044,0,513.833,0,526.462,0,302.964,44.6391,22.5244,44.6434,22.5159,44.382,23.0269,48.1155,13.5976,12.4554,49.2865,14.6813,50.2407,18.7167,65.5474,-77.1693,-152.952,10,6.95271e-310,492.865,6.68183e-310,502.407,1.4822e-323,655.474,5.23261e-310,-1529.52,44.6391,515.39,44.6434,524.923,44.382,678.501,48.1155,-1515.92,-88.8215,-44.1824,-90.0538,-45.4103,-109.739,-65.3575,171.545,219.661,
1.09716,1.11263,1.08746,1.2973,0,200,0,-5.56776,-3.00926,-4.41908,-1.8406,-6.75958,-4.21391,9.97487,10,0,521.005,0,503.986,0,531.669,0,300.841,44.4957,22.8065,44.8432,22.1153,44.2725,23.2368,48.1417,13.5048,14.872,55.521,11.0052,39.9733,20.8163,71.6281,-79.0521,-154.449,10,6.95271e-310,555.21,6.68183e-310,399.733,1.4822e-323,716.281,5.23261e-310,-1544.49,44.4957,578.017,44.8432,421.848,44.2725,739.518,48.1417,-1530.99,-96.8307,-52.335,-76.8536,-32.0104,-117.558,-73.2855,173.476,221.618,
1.09212,1.12136,1.08352,1.29921,0,200,0,-5.97526,-3.42339,-3.72349,-1.134,-7.16887,-4.6285,10,10,0,526.541,0,494.376,0,536.006,0,298.745,44.3803,23.0301,45.0347,21.7227,44.1805,23.4111,48.1673,13.413,16.9206,61.0357,7.42619,30.563,22.662,77.1629,-80.4762,-155.544,10,6.95271e-310,610.357,6.68183e-310,305.63,1.4822e-323,771.629,5.23261e-310,-1555.44,44.3803,633.387,45.0347,327.353,44.1805,795.04,48.1673,-1542.03,-103.918,-59.5372,-64.7564,-19.7217,-124.676,-80.4956,174.888,223.055,
1.08695,1.13153,1.07944,1.30071,0,200,0,-6.41568,-3.8707,-2.93123,-0.329175,-7.60204,-5.06717,10,10,0,532.236,0,483.197,0,540.489,0,297.097,44.2605,23.2596,45.2531,21.2639,44.0848,23.591,48.1874,13.3408,19.0969,66.9953,3.19355,19.8459,24.5885,83.0204,-81.573,-156.044,10,6.95271e-310,669.953,6.68183e-310,198.459,1.4822e-323,830.204,5.23261e-310,-1560.44,44.2605,693.212,45.2531,219.723,44.0848,853.795,48.1874,-1547.1,-111.577,-67.3165,-50.9779,-5.72478,-132.209,-88.1247,175.532,223.72,
1.08201,1.14176,1.07579,1.30177,0,200,0,-6.84655,-4.3082,-2.14374,0.470692,-8.00518,-5.47528,10,10,0,537.667,0,471.939,0,544.509,0,295.924,44.1451,23.4778,45.4684,20.7997,43.9982,23.752,48.2016,13.2894,21.1786,72.8256,-1.08111,9.19491,26.3126,88.4714,-82.4102,-156.033,10,6.95271e-310,728.256,6.68183e-310,91.9491,1.4822e-323,884.714,5.23261e-310,-1560.33,44.1451,751.733,45.4684,112.749,43.9982,908.466,48.2016,-1547.04,-119.07,-74.9253,-37.2824,8.18595,-139.22,-95.2222,175.517,223.719,
1.07735,1.15226,1.07267,1.30251,0,200,0,-7.27169,-4.73967,-1.35352,1.27332,-8.37948,-5.85385,10,10,0,542.796,0,460.391,0,547.937,0,295.12,44.0352,23.6834,45.6842,20.3212,43.924,23.8889,48.2113,13.2542,23.1841,78.5778,-5.40069,-1.49161,27.8327,93.5313,-82.9879,-155.483,10,6.95271e-310,785.778,6.68183e-310,-14.9161,1.4822e-323,935.313,5.23261e-310,-1554.83,44.0352,809.461,45.6842,5.40509,43.924,959.202,48.2113,-1541.58,-126.464,-82.429,-23.5395,22.1447,-145.73,-101.806,174.807,223.019,
1.07295,1.16385,1.06983,1.30291,0,200,0,-7.7102,-5.18419,-0.508236,2.13197,-8.75256,-6.23084,9.96397,10,0,547.633,0,447.643,0,551.061,0,294.672,43.9306,23.8768,45.9166,19.7904,43.856,24.0136,48.2167,13.2345,25.172,84.5093,-10.1687,-12.9216,29.2813,98.5737,-83.1687,-154.304,10,6.95271e-310,845.093,6.68183e-310,-129.216,1.4822e-323,985.737,5.23261e-310,-1543.04,43.9306,868.97,45.9166,-109.426,43.856,1009.75,48.2167,-1529.81,-134.09,-90.1599,-8.83888,37.0778,-152.218,-108.362,173.286,221.503,
1.06887,1.17316,1.06739,1.30301,0,200,0,-8.08642,-5.56603,0.187,2.83769,-9.05049,-6.53215,9.88989,10,0,552.116,0,437.4,0,553.75,0,294.566,43.8329,24.0556,46.0989,19.362,43.7971,24.1207,48.2179,13.2299,26.8383,89.6001,-14.1301,-22.32,30.357,102.601,-83.4625,-153.306,10,6.95271e-310,896.001,6.68183e-310,-223.2,1.4822e-323,1026.01,5.23261e-310,-1533.06,43.8329,920.056,46.0989,-203.838,43.7971,1050.13,48.2179,-1519.83,-140.633,-96.8005,3.25217,49.3511,-157.4,-113.603,171.998,220.216,
1.06517,1.18336,1.06535,1.30272,0,200,0,-8.46534,-5.95008,0.922222,3.58413,-9.33556,-6.82006,9.76577,10,0,556.189,0,426.182,0,555.991,0,294.883,43.7436,24.2178,46.294,18.8909,43.7479,24.2099,48.2141,13.2438,28.459,94.7256,-18.4081,-32.258,31.3329,106.454,-83.3193,-151.633,10,6.95271e-310,947.256,6.68183e-310,-322.58,1.4822e-323,1064.54,5.23261e-310,-1516.33,43.7436,971.474,46.294,-303.689,43.7479,1088.75,48.2141,-1503.09,-147.223,-103.48,16.0387,62.3327,-162.358,-118.61,169.839,218.054,
1.06193,1.19404,1.06379,1.30191,0,200,0,-8.83228,-6.32154,1.67167,4.34502,-9.59176,-7.07843,9.58941,10,0,559.748,0,414.436,0,557.705,0,295.779,43.665,24.3592,46.4931,18.3955,43.7101,24.278,48.2033,13.2831,29.9754,99.6876,-22.8528,-42.3868,32.1549,109.915,-82.6998,-149.256,10,6.95271e-310,996.876,6.68183e-310,-423.868,1.4822e-323,1099.15,5.23261e-310,-1492.56,43.665,1021.24,46.4931,-405.472,43.7101,1123.43,48.2033,-1479.27,-153.605,-109.94,29.0725,75.5655,-166.813,-123.103,166.772,214.976,
1.05908,1.20295,1.06253,1.30022,0,200,0,-9.1334,-6.62667,2.31506,4.99773,-9.77388,-7.26231,9.38987,10,0,562.886,0,404.628,0,559.089,0,297.638,43.5953,24.4836,46.6552,17.9802,43.6796,24.333,48.1808,13.3645,31.2444,103.761,-26.7233,-51.0799,32.7242,112.376,-81.8248,-146.566,10,6.95271e-310,1037.61,6.68183e-310,-510.799,1.4822e-323,1123.76,5.23261e-310,-1465.66,43.5953,1062.09,46.6552,-492.819,43.6796,1148.09,48.1808,-1452.29,-158.842,-115.246,40.2619,86.9171,-169.981,-126.301,163.302,211.483,
1.05667,1.21338,1.06162,1.29783,0,200,0,-9.44438,-6.94104,3.03793,5.73124,-9.94785,-7.43755,9.11418,10,0,565.536,0,393.159,0,560.091,0,300.261,43.5362,24.5886,46.8402,17.4928,43.6574,24.3728,48.1488,13.4794,32.4838,107.965,-31.2152,-60.8458,33.233,114.725,-80.2503,-142.849,10,6.95271e-310,1079.65,6.68183e-310,-608.458,1.4822e-323,1147.25,5.23261e-310,-1428.49,43.5362,1104.23,46.8402,-590.965,43.6574,1171.62,48.1488,-1415.01,-164.25,-120.714,52.8335,99.6737,-173.006,-129.349,158.507,206.656,
1.05455,1.22162,1.06102,1.29479,0,200,0,-9.6843,-7.18397,3.63151,6.33302,-10,-7.53749,8.83364,10,0,567.869,0,384.09,0,560.75,0,303.61,43.484,24.6809,46.9828,17.106,43.6428,24.399,48.1075,13.6259,33.493,111.209,-34.8989,-68.8628,33.4998,116.064,-78.6259,-139.066,10,6.95271e-310,1112.09,6.68183e-310,-688.628,1.4822e-323,1160.64,5.23261e-310,-1390.66,43.484,1136.77,46.9828,-671.522,43.6428,1185.04,48.1075,-1377.04,-168.423,-124.939,63.1567,110.139,-174.73,-131.087,153.628,201.736,
1.05298,1.23139,1.06066,1.29135,0,200,0,-9.93457,-7.43647,4.29699,7.00798,-10,-7.6411,8.49439,10,0,569.596,0,373.346,0,561.146,0,307.393,43.4452,24.7491,47.1476,16.6463,43.634,24.4146,48.0604,13.7913,34.4266,114.591,-39.2303,-77.8503,33.7392,117.455,-76.3861,-134.492,10,6.95271e-310,1145.91,6.68183e-310,-778.503,1.4822e-323,1174.55,5.23261e-310,-1344.92,43.4452,1170.66,47.1476,-761.857,43.634,1198.97,48.0604,-1331.13,-172.775,-129.33,74.7303,121.878,-176.523,-132.889,147.729,195.789,
1.05177,1.23958,1.06058,1.2875,0,200,0,-10,-7.63057,4.86336,7.5821,-10,-7.69031,8.1522,10,0,570.927,0,364.342,0,561.238,0,311.625,43.4152,24.8017,47.2823,16.2598,43.6319,24.4183,48.007,13.976,35.1609,117.19,-42.9479,-85.4976,33.8112,118.117,-74.0824,-129.878,10,6.95271e-310,1171.9,6.68183e-310,-854.976,1.4822e-323,1181.17,5.23261e-310,-1298.78,43.4152,1196.7,47.2823,-838.716,43.6319,1205.59,48.007,-1284.8,-176.121,-132.706,84.5802,131.863,-177.376,-133.744,141.777,189.784,
1.05087,1.24673,1.06083,1.28325,0,200,0,-10,-7.78034,5.36448,8.08983,-10,-7.69385,7.79502,10,0,571.916,0,356.472,0,560.961,0,316.304,43.3929,24.8407,47.3974,15.9211,43.6381,24.4073,47.9471,14.1802,35.7543,119.196,-46.221,-92.2625,33.7378,118.169,-71.6574,-125.061,10,6.95271e-310,1191.96,6.68183e-310,-922.625,1.4822e-323,1181.69,5.23261e-310,-1250.61,43.3929,1216.8,47.3974,-906.704,43.6381,1206.09,47.9471,-1236.43,-178.703,-135.31,93.2953,140.693,-177.444,-133.806,135.566,183.513,
1.0503,1.25565,1.06149,1.27864,0,200,0,-10,-7.95601,5.9544,8.68781,-10,-7.69907,7.37284,10,0,572.549,0,346.664,0,560.236,0,321.367,43.3786,24.8656,47.5375,15.4979,43.6542,24.3786,47.8813,14.4007,36.3356,121.556,-50.1414,-100.226,33.5724,118.248,-68.7365,-119.367,10,6.95271e-310,1215.56,6.68183e-310,-1002.26,1.4822e-323,1182.48,5.23261e-310,-1193.67,43.3786,1240.42,47.5375,-986.757,43.6542,1206.86,47.8813,-1179.27,-181.744,-138.365,103.555,151.092,-177.551,-133.897,128.223,176.105,
1.04999,1.26247,1.0628,1.2737,0,200,0,-10,-8.06185,6.4192,9.15862,-10,-7.62943,6.94854,9.69759,0,572.891,0,339.163,0,558.799,0,326.811,43.3708,24.8792,47.6421,15.1734,43.686,24.3215,47.8095,14.6375,36.7655,122.978,-53.0161,-106.498,33.1744,117.328,-65.9237,-113.644,10,6.95271e-310,1229.78,6.68183e-310,-1064.98,1.4822e-323,1173.28,5.23261e-310,-1136.44,43.3708,1254.66,47.6421,-1049.81,43.686,1197.6,47.8095,-1121.8,-183.577,-140.206,111.638,159.28,-176.372,-132.686,120.844,168.654,
1.04997,1.26956,1.06474,1.26841,0,200,0,-10,-8.15624,6.89,9.63554,-10,-7.52699,6.4795,9.22405,0,572.905,0,331.359,0,556.664,0,332.624,43.3705,24.8797,47.7485,14.835,43.7331,24.2366,47.7314,14.8899,37.1361,124.25,-55.819,-112.851,32.6002,115.974,-62.874,-107.317,10,6.95271e-310,1242.5,6.68183e-310,-1128.51,1.4822e-323,1159.74,5.23261e-310,-1073.17,43.3705,1267.38,47.7485,-1113.68,43.7331,1183.97,47.7314,-1058.28,-185.218,-141.848,119.826,167.575,-174.637,-130.904,112.687,160.418,
1.0503,1.27516,1.06723,1.26287,0,200,0,-10,-8.19269,7.26853,10,-9.88674,-7.36862,6.00391,8.74368,0,572.549,0,325.203,0,553.922,0,338.715,43.3786,24.8656,47.8308,14.5675,43.7934,24.1276,47.6483,15.154,37.3688,124.746,-57.8342,-117.958,31.8602,113.873,-59.8545,-100.901,10,6.95271e-310,1247.46,6.68183e-310,-1179.58,1.4822e-323,1138.73,5.23261e-310,-1009.01,43.3786,1272.32,47.8308,-1165.02,43.7934,1162.86,47.6483,-993.86,-185.86,-142.481,126.409,174.24,-171.943,-128.15,104.416,152.064,
1.05106,1.27963,1.07038,1.25703,0,200,0,-10,-8.17411,7.57358,10,-9.67772,-7.15524,5.50743,8.24206,0,571.705,0,320.286,0,550.455,0,345.148,43.3976,24.8324,47.8955,14.3536,43.8692,23.9894,47.5588,15.4324,37.4622,124.506,-59.1728,-122.074,30.9495,111.041,-56.7509,-94.2028,10,6.95271e-310,1245.06,6.68183e-310,-1220.74,1.4822e-323,1110.41,5.23261e-310,-942.028,43.3976,1269.89,47.8955,-1206.38,43.8692,1134.4,47.5588,-926.596,-185.556,-142.158,131.714,179.61,-168.308,-124.439,95.7813,143.34,
1.05249,1.28455,1.07325,1.25065,0,200,0,-10,-8.1296,7.89508,10,-9.47434,-6.94792,4.97499,7.70391,0,570.136,0,314.867,0,547.304,0,352.161,43.433,24.7705,47.9656,14.1175,43.9377,23.8637,47.4595,15.7353,37.3492,123.926,-60.9701,-126.41,30.0966,108.285,-53.0986,-87.0183,10,6.95271e-310,1239.26,6.68183e-310,-1264.1,1.4822e-323,1082.85,5.23261e-310,-870.183,43.433,1264.03,47.9656,-1249.99,43.9377,1106.72,47.4595,-854.448,-184.817,-141.384,137.306,185.271,-164.771,-120.833,86.5216,133.981,
1.05459,1.28845,1.0767,1.24382,0,200,0,-10,-8.01925,8.14562,10,-9.21879,-6.68765,4.41081,7.13349,0,567.829,0,310.583,0,543.507,0,359.675,43.4848,24.6793,48.0202,13.9306,44.0199,23.7119,47.3509,16.0591,37.0331,122.468,-62.1917,-129.79,29.0978,104.824,-49.1987,-79.4044,10,6.95271e-310,1224.68,6.68183e-310,-1297.9,1.4822e-323,1048.24,5.23261e-310,-794.044,43.4848,1249.36,48.0202,-1283.97,44.0199,1071.96,47.3509,-777.985,-182.95,-139.465,141.663,189.683,-160.327,-116.307,76.7097,124.061,
1.05755,1.29184,1.08089,1.23647,0,200,0,-10,-7.84696,8.34856,10,-8.91214,-6.37531,3.79496,6.51078,0,564.573,0,306.852,0,538.893,0,367.756,43.5577,24.5505,48.0672,13.7676,44.1189,23.527,47.2316,16.4065,36.4859,120.187,-63.0117,-132.527,27.9255,100.671,-44.8995,-71.0924,10,6.95271e-310,1201.87,6.68183e-310,-1325.27,1.4822e-323,1006.71,5.23261e-310,-710.924,43.5577,1226.42,48.0672,-1311.5,44.1189,1030.24,47.2316,-694.517,-180.027,-136.469,145.192,193.26,-154.994,-110.875,65.9993,113.231,
1.06033,1.29481,1.08458,1.22886,0,200,0,-10,-7.66546,8.54207,10,-8.61564,-6.07382,3.18341,5.89197,0,561.515,0,303.583,0,534.833,0,376.127,43.6258,24.4293,48.1079,13.6247,44.2055,23.364,47.1054,16.7655,35.8806,117.779,-63.9285,-135.137,26.7984,96.6578,-40.6616,-62.8367,10,6.95271e-310,1177.79,6.68183e-310,-1351.37,1.4822e-323,966.578,5.23261e-310,-628.367,43.6258,1202.22,48.1079,-1337.74,44.2055,989.942,47.1054,-611.602,-176.938,-133.312,148.558,196.666,-149.837,-105.632,55.3636,102.469,
1.06377,1.29732,1.08943,1.22089,0,200,0,-9.94679,-7.43349,8.6907,10,-8.25719,-5.7089,2.5164,5.21719,0,557.731,0,300.828,0,529.507,0,384.894,43.7096,24.2791,48.1418,13.5042,44.3181,23.1497,46.9703,17.1404,35.1047,114.7,-64.2477,-137.141,25.391,91.8043,-36.2373,-53.8317,10,6.95271e-310,1147,6.68183e-310,-1371.41,1.4822e-323,918.043,5.23261e-310,-538.317,43.7096,1171.28,48.1418,-1357.9,44.3181,941.193,46.9703,-521.177,-172.988,-129.278,151.143,199.284,-143.603,-99.2852,43.7635,90.7338,
1.06757,1.29914,1.09373,1.21274,0,200,0,-9.68155,-7.16297,8.7991,10,-7.9086,-5.35461,1.85893,4.5516,0,553.553,0,298.824,0,524.775,0,393.858,43.8015,24.1129,48.1664,13.4165,44.4173,22.9588,46.8291,17.5226,34.1293,111.106,-64.5845,-138.603,24.0737,87.0866,-31.7033,-44.9537,10,6.95271e-310,1111.06,6.68183e-310,-1386.03,1.4822e-323,870.866,5.23261e-310,-449.537,43.8015,1135.17,48.1664,-1372.61,44.4173,893.825,46.8291,-432.014,-168.375,-124.573,153.028,201.194,-137.541,-93.1236,32.3292,79.1583,
1.07171,1.30095,1.09882,1.20449,0,200,0,-9.39676,-6.87245,8.89361,10,-7.52743,-4.96674,1.164,3.84826,0,548.991,0,296.834,0,519.172,0,402.941,43.9011,23.931,48.1906,13.3293,44.5336,22.7323,46.6828,17.9086,33.0454,107.247,-64.6308,-139.877,22.5438,81.9266,-27.1524,-35.5691,10,6.95271e-310,1072.47,6.68183e-310,-1398.77,1.4822e-323,819.266,5.23261e-310,-355.691,43.9011,1096.4,48.1906,-1385.44,44.5336,841.998,46.6828,-337.783,-163.422,-119.521,154.671,202.862,-130.912,-86.3781,20.2435,66.9263,
1.07654,1.3021,1.10492,1.19567,0,200,0,-9.05214,-6.52121,8.93678,10,-7.08449,-4.51588,0.406982,3.08205,0,543.679,0,295.568,0,512.462,0,412.643,44.0162,23.7187,48.2059,13.2738,44.6714,22.4602,46.523,18.3197,31.7283,102.579,-64.1121,-140.459,20.7351,75.9304,-22.3966,-25.345,10,6.95271e-310,1025.79,6.68183e-310,-1404.59,1.4822e-323,759.304,5.23261e-310,-253.45,44.0162,1049.51,48.2059,-1391.32,44.6714,781.764,46.523,-235.131,-157.429,-113.412,155.422,203.628,-123.209,-78.5371,7.07795,53.601,
1.08082,1.3029,1.11017,1.18659,0,200,0,-8.71484,-6.1781,8.98758,10,-6.67039,-4.09504,-0.334646,2.33076,0,538.973,0,294.685,0,506.688,0,422.622,44.1172,23.5302,48.2165,13.2351,44.7887,22.2254,46.3549,18.741,30.3923,98.0125,-63.8519,-141.144,19.008,70.3271,-17.8507,-15.3262,10,6.95271e-310,980.125,6.68183e-310,-1411.44,1.4822e-323,703.271,5.23261e-310,-153.262,44.1172,1003.66,48.2165,-1398.21,44.7887,725.497,46.3549,-134.521,-151.562,-107.445,156.306,204.522,-116.007,-71.2181,-5.81993,40.535,
1.08581,1.30334,1.11706,1.17716,0,200,0,-8.32788,-5.78442,8.99409,10,-6.17926,-3.59517,-1.15178,1.50334,0,533.489,0,294.197,0,499.108,0,432.997,44.234,23.31,48.2224,13.2137,44.9408,21.9163,46.1761,19.1773,28.8361,92.7736,-62.8654,-141.232,16.8622,63.6795,-13.2442,-4.28697,10,6.95271e-310,927.736,6.68183e-310,-1412.32,1.4822e-323,636.795,5.23261e-310,-42.8697,44.234,951.046,48.2224,-1399.11,44.9408,658.712,46.1761,-23.6923,-144.833,-100.599,156.419,204.641,-107.465,-62.5246,-20.031,26.1451,
1.09177,1.30349,1.12378,1.16759,0,200,0,-7.88732,-5.33592,8.95881,10,-5.69133,-3.09882,-1.98388,0.660564,0,526.924,0,294.039,0,491.713,0,443.53,44.3723,23.0455,48.2243,13.2068,45.0871,21.6136,45.9903,19.6186,26.9274,86.8086,-61.9548,-140.757,14.7288,57.0766,-8.32537,6.95614,10,6.95271e-310,868.086,6.68183e-310,-1407.57,1.4822e-323,570.766,5.23261e-310,69.5614,44.3723,891.131,48.2243,-1394.36,45.0871,592.379,45.9903,89.18,-137.171,-92.7985,155.805,204.03,-98.9796,-53.8924,-34.5023,11.4881,
1.0975,1.30326,1.13078,1.15844,0,200,0,-7.45352,-4.89456,8.90011,10,-5.20134,-2.6002,-2.79531,-0.161288,0,520.622,0,294.289,0,484.014,0,453.589,44.5036,22.791,48.2213,13.2178,45.2373,21.2976,45.809,20.0383,25.0079,80.9362,-60.7322,-139.966,12.5001,50.4458,-3.88339,17.921,10,6.95271e-310,809.362,6.68183e-310,-1399.66,1.4822e-323,504.458,5.23261e-310,179.21,44.5036,832.153,48.2213,-1386.44,45.2373,525.756,45.809,199.249,-129.626,-85.1227,154.785,203.006,-90.4581,-45.2208,-48.614,-2.80501,
1.1028,1.30257,1.13825,1.14917,0,200,0,-7.02048,-4.45462,8.82757,10,-4.68823,-2.07802,-3.62073,-0.997517,0,514.796,0,295.054,0,475.801,0,463.792,44.6237,22.5549,48.2121,13.2513,45.3951,20.9592,45.6212,20.4624,23.0687,75.0767,-59.1518,-138.988,10.0714,43.5027,0.150887,29.0768,10,6.95271e-310,750.767,6.68183e-310,-1389.88,1.4822e-323,435.027,5.23261e-310,290.768,44.6237,773.322,48.2121,-1376.62,45.3951,455.987,45.6212,311.23,-122.095,-77.4716,153.523,201.735,-81.5345,-36.1395,-62.9693,-17.3481,
1.10906,1.30103,1.14585,1.14,0,200,0,-6.52635,-3.95243,8.67727,10,-4.16364,-1.54434,-4.4442,-1.83188,0,507.914,0,296.741,0,467.444,0,473.877,44.7639,22.2753,48.1917,13.3252,45.553,20.6137,45.4317,20.8798,20.7834,68.3903,-57.2661,-136.961,7.6032,36.4055,4.28576,40.2073,10,6.95271e-310,683.903,6.68183e-310,-1369.61,1.4822e-323,364.055,5.23261e-310,402.073,44.7639,706.178,48.1917,-1356.29,45.553,384.669,45.4317,422.953,-113.502,-68.7378,150.909,199.101,-72.4111,-26.8582,-77.2904,-31.8587,
1.11564,1.29871,1.1536,1.1306,0,200,0,-5.99207,-3.40977,8.47626,10,-3.62142,-0.993014,-5.28076,-2.67984,0,500.677,0,299.299,0,458.914,0,484.212,44.9095,21.9803,48.1606,13.4372,45.7115,20.2599,45.2335,21.3057,18.253,61.1622,-55.1018,-134.251,5.0121,29.0713,8.35463,51.517,10,6.95271e-310,611.622,6.68183e-310,-1342.51,1.4822e-323,290.713,5.23261e-310,515.17,44.9095,633.603,48.1606,-1329.07,45.7115,310.973,45.2335,536.475,-104.21,-59.3004,147.413,195.574,-62.9813,-17.2698,-91.8394,-46.6059,
1.12323,1.29591,1.16054,1.12127,0,200,0,-5.40476,-2.81293,8.22251,10,-3.11106,-0.474631,-6.09936,-3.50999,0,492.319,0,302.37,0,451.282,0,494.481,45.0752,21.6385,48.1229,13.5717,45.8509,19.9422,45.0326,21.727,15.3427,53.2163,-53.2124,-130.83,2.5613,22.1702,12.7431,62.5859,10,6.95271e-310,532.163,6.68183e-310,-1308.3,1.4822e-323,221.702,5.23261e-310,625.859,45.0752,553.801,48.1229,-1294.73,45.8509,241.644,45.0326,647.586,-93.9958,-48.9206,143,191.123,-54.1054,-8.25446,-106.076,-61.0432,
1.12949,1.29263,1.16888,1.11141,0,200,0,-4.84727,-2.24771,7.97975,10,-2.53388,0.112017,-6.97064,-4.39371,0,485.438,0,305.982,0,442.106,0,505.33,45.2097,21.3561,48.078,13.7296,46.0157,19.5591,44.8161,22.1701,12.5369,45.6783,-50.5882,-127.556,-0.397385,14.3654,16.2827,74.3688,10,6.95271e-310,456.783,6.68183e-310,-1275.56,1.4822e-323,143.654,5.23261e-310,743.688,45.2097,478.139,48.078,-1261.83,46.0157,163.213,44.8161,765.858,-84.3003,-39.0906,138.778,186.856,-44.0676,1.94812,-121.228,-76.4123,
1.13698,1.28901,1.17625,1.10368,0,200,0,-4.27753,-1.66885,7.64575,10,-2.03437,0.619749,-7.69402,-5.12702,0,477.199,0,309.964,0,433.999,0,513.833,45.3684,21.0169,48.028,13.9035,46.1586,19.2194,44.6434,22.5159,9.59465,37.9717,-48.063,-123.053,-2.90121,7.61137,19.6847,84.1511,10,6.95271e-310,379.717,6.68183e-310,-1230.53,1.4822e-323,76.1137,5.23261e-310,841.511,45.3684,400.734,48.028,-1216.62,46.1586,95.3331,44.6434,864.027,-74.3918,-29.0234,132.97,180.998,-35.3803,10.7782,-133.809,-89.1656,
1.14554,1.28506,1.18371,1.09471,0,200,0,-3.62987,-1.01094,7.2816,10,-1.50851,1.15377,-8.50943,-5.95414,0,467.786,0,314.314,0,425.799,0,523.694,45.5466,20.6279,47.9727,14.0934,46.3006,18.8748,44.4398,22.9152,6.09983,29.2122,-45.7448,-118.142,-5.65626,0.503183,23.6371,95.1803,10,6.95271e-310,292.122,6.68183e-310,-1181.42,1.4822e-323,5.03183,5.23261e-310,951.803,45.5466,312.75,47.9727,-1167.33,46.3006,23.9066,44.4398,974.719,-63.1281,-17.5815,126.637,174.609,-26.235,20.0656,-147.99,-103.55,
1.15359,1.2805,1.19121,1.08727,0,200,0,-3.02198,-0.393581,6.86706,9.62177,-1.00321,1.66714,-9.21557,-6.67016,0,458.928,0,319.323,0,417.547,0,531.88,45.7112,20.2604,47.908,14.3117,46.4409,18.5269,44.268,23.2453,2.80293,20.9918,-42.9644,-112.552,-8.31428,-6.327,26.7585,104.731,10,6.95271e-310,209.918,6.68183e-310,-1125.52,1.4822e-323,-63.27,5.23261e-310,1047.31,45.7112,230.179,47.908,-1111.2,46.4409,-44.7431,44.268,1070.56,-52.5561,-6.84488,119.427,167.335,-17.4471,28.9937,-160.271,-116.003,
1.16185,1.27542,1.19871,1.08105,0,200,0,-2.42148,0.216445,6.39013,9.14063,-0.51387,2.1644,-9.83912,-7.30207,0,449.845,0,324.913,0,409.295,0,538.722,45.8769,19.8823,47.8346,14.5549,46.5785,18.178,44.1226,23.5201,-0.474906,12.8718,-39.8988,-106.119,-10.8806,-12.9409,29.4489,113.165,10,6.95271e-310,128.718,6.68183e-310,-1061.19,1.4822e-323,-129.409,5.23261e-310,1131.65,45.8769,148.6,47.8346,-1046.64,46.5785,-111.231,44.1226,1155.17,-42.1127,3.76426,111.133,158.967,-8.93687,37.6417,-171.115,-126.993,
1.17003,1.26987,1.2061,1.07403,0,200,0,-1.79677,0.850424,5.90247,8.64828,-0.0116954,2.67423,-10,-7.97567,0,440.841,0,331.016,0,401.161,0,546.447,46.0382,19.5061,47.7532,14.8201,46.7117,17.8331,43.9563,23.8294,-4.0032,4.42693,-36.9015,-99.5415,-13.6447,-19.7265,32.1628,122.148,10,6.95271e-310,44.2693,6.68183e-310,-995.415,1.4822e-323,-197.265,5.23261e-310,1221.48,46.0382,63.7754,47.7532,-980.594,46.7117,-179.431,43.9563,1245.31,-31.2482,14.79,102.652,150.405,-0.203398,46.5083,-182.664,-138.707,
1.17716,1.26386,1.21349,1.06859,0,200,0,-1.24053,1.41459,5.3862,8.12683,0.468818,3.16224,-10,-8.52286,0,432.997,0,337.634,0,393.041,0,552.432,46.1761,19.1773,47.6631,15.1071,46.8421,17.4878,43.826,24.0682,-7.1475,-3.09075,-33.4563,-92.5768,-16.267,-26.2189,33.9388,129.449,10,6.95271e-310,-30.9075,6.68183e-310,-925.768,1.4822e-323,-262.189,5.23261e-310,1294.49,46.1761,-11.7302,47.6631,-910.66,46.8421,-244.702,43.826,1318.56,-21.5745,24.6016,93.673,141.336,8.15336,54.9954,-192.05,-148.224,
1.18598,1.25727,1.22062,1.06258,0,200,0,-0.593264,2.07148,4.79555,7.53039,0.955175,3.65569,-10,-9.11405,0,423.295,0,344.884,0,385.197,0,559.037,46.3434,18.7693,47.5625,15.421,46.9656,17.1533,43.6807,24.3309,-10.9119,-11.8388,-30.2821,-84.6082,-19.028,-32.7886,36.3443,137.335,10,6.95271e-310,-118.388,6.68183e-310,-846.082,1.4822e-323,-327.886,5.23261e-310,1373.35,46.3434,-99.6191,47.5625,-830.661,46.9656,-310.733,43.6807,1397.68,-10.3176,36.0258,83.4008,130.963,16.6117,63.5773,-202.186,-158.505,
1.19399,1.25018,1.22783,1.05761,0,200,0,0.00667945,2.67998,4.17652,6.90501,1.43475,4.14232,-10,-9.61905,0,414.489,0,352.675,0,377.261,0,564.507,46.4922,18.3977,47.4521,15.7575,47.0881,16.814,43.5592,24.5479,-14.436,-19.9455,-26.7469,-76.2556,-21.7585,-39.266,38.0406,144.072,10,6.95271e-310,-199.455,6.68183e-310,-762.556,1.4822e-323,-392.66,5.23261e-310,1440.72,46.4922,-181.058,47.4521,-746.799,47.0881,-375.846,43.5592,1465.27,0.116164,46.6084,72.6351,120.087,24.9522,72.0403,-210.847,-167.288,
1.20115,1.24273,1.23508,1.05359,0,200,0,0.55674,3.23755,3.53788,6.25954,1.90622,4.62072,-10,-10,0,406.606,0,360.875,0,369.285,0,568.923,46.6228,18.0641,47.3333,16.1107,47.2088,16.4722,43.4603,24.7226,-17.7062,-27.3766,-22.9205,-67.6372,-24.4433,-45.6331,39.0893,149.718,10,6.95271e-310,-273.766,6.68183e-310,-676.372,1.4822e-323,-456.331,5.23261e-310,1497.18,46.6228,-255.702,47.3333,-660.261,47.2088,-439.859,43.4603,1521.91,9.68244,56.3053,61.5283,108.862,33.1517,80.3604,-218.105,-174.645,
1.20993,1.23532,1.24203,1.04937,0,200,0,1.1692,3.85902,2.8559,5.57063,2.36613,5.08715,-10,-10,0,396.956,0,369.022,0,361.64,0,573.564,46.7795,17.6544,47.2127,16.4609,47.3221,16.1436,43.3556,24.9057,-21.4464,-35.6512,-19.6103,-58.4336,-27.1971,-51.843,40.708,155.764,10,6.95271e-310,-356.512,6.68183e-310,-584.336,1.4822e-323,-518.43,5.23261e-310,1557.64,46.7795,-338.858,47.2127,-567.875,47.3221,-502.286,43.3556,1582.55,20.3338,67.1134,49.6678,96.8805,41.1501,88.4722,-225.878,-182.522,
1.21772,1.22741,1.24858,1.04629,0,200,0,1.72502,4.42266,2.15181,4.85897,2.8014,5.52844,-10,-10,0,388.387,0,377.722,0,354.442,0,576.952,46.9156,17.2894,47.081,16.8338,47.4267,15.8336,43.2787,25.0391,-24.8486,-43.159,-16.0749,-48.9299,-29.7929,-57.7192,41.7098,160.318,10,6.95271e-310,-431.59,6.68183e-310,-489.299,1.4822e-323,-577.192,5.23261e-310,1603.18,46.9156,-414.3,47.081,-472.465,47.4267,-561.358,43.2787,1628.22,30.0003,76.9159,37.4227,84.5038,48.72,96.1467,-231.732,-188.454,
1.22528,1.21937,1.25465,1.04381,0,200,0,2.25717,4.96226,1.43566,4.13495,3.21161,5.94413,-10,-10,0,380.069,0,386.568,0,347.758,0,579.68,47.045,16.9342,46.9442,17.2118,47.5221,15.5452,43.2164,25.1464,-28.1412,-50.3461,-12.6602,-39.2623,-32.2869,-63.2562,42.535,164.081,10,6.95271e-310,-503.461,6.68183e-310,-392.623,1.4822e-323,-632.562,5.23261e-310,1640.81,47.045,-486.526,46.9442,-375.411,47.5221,-617.017,43.2164,1665.95,39.2551,86.3001,24.9681,71.9122,55.8541,103.376,-236.57,-193.353,
1.23285,1.21121,1.26037,1.0418,0,200,0,2.7776,5.48999,0.702635,3.39376,3.60292,6.34051,-10,-10,0,371.737,0,395.545,0,341.47,0,581.895,47.1719,16.5774,46.8021,17.5944,47.6102,15.2733,43.1657,25.2333,-31.3982,-57.3741,-9.38987,-29.3656,-34.7267,-68.5374,43.2759,167.257,10,6.95271e-310,-573.741,6.68183e-310,-293.656,1.4822e-323,-685.374,5.23261e-310,1672.57,47.1719,-557.164,46.8021,-276.061,47.6102,-670.101,43.1657,1697.81,48.3061,95.478,12.2197,59.0219,62.6595,110.27,-240.655,-197.489,
1.24044,1.20328,1.26553,1.04024,0,200,0,3.2791,5.99863,-0.0238665,2.65914,3.96202,6.7041,-10,-10,0,363.393,0,404.272,0,335.788,0,583.609,47.2963,16.219,46.6611,17.9651,47.6884,15.0272,43.1264,25.3005,-34.5646,-64.1457,-6.44983,-19.556,-37.0403,-73.3831,44.0194,169.885,10,6.95271e-310,-641.457,6.68183e-310,-195.56,1.4822e-323,-733.831,5.23261e-310,1698.85,47.2963,-625.238,46.6611,-177.595,47.6884,-718.804,43.1264,1724.15,57.0277,104.324,-0.415069,46.246,68.9047,116.593,-244.034,-200.908,
1.24773,1.19528,1.27028,1.03866,0,200,0,3.76657,6.49283,-0.742754,1.93191,4.30604,7.0522,-10,-10,0,355.378,0,413.065,0,330.568,0,585.349,47.4132,15.874,46.516,18.3375,47.7592,14.8007,43.0863,25.3687,-37.7095,-70.7269,-3.69647,-9.84766,-39.3571,-78.0247,44.7198,172.293,10,6.95271e-310,-707.269,6.68183e-310,-98.4766,1.4822e-323,-780.247,5.23261e-310,1722.93,47.4132,-691.395,46.516,-80.139,47.7592,-765.446,43.0863,1748.3,65.5056,112.919,-12.9175,33.5985,74.8877,122.647,-247.13,-204.043,
1.25405,1.18727,1.27473,1.03752,0,200,0,4.20336,6.93534,-1.4429,1.22323,4.6338,7.38371,-10,-10,0,348.417,0,421.884,0,325.677,0,586.601,47.5127,15.5737,46.3675,18.7099,47.8245,14.5882,43.0574,25.4178,-40.5806,-76.6225,-0.908139,-0.390586,-41.5902,-82.4464,45.0628,173.984,10,6.95271e-310,-766.225,6.68183e-310,-3.90586,1.4822e-323,-824.464,5.23261e-310,1739.84,47.5127,-750.652,46.3675,14.804,47.8245,-809.876,43.0574,1765.26,73.1019,120.615,-25.0939,21.2735,80.5879,128.412,-249.304,-206.247,
1.26139,1.17879,1.2787,1.03677,0,200,0,4.67644,7.41492,-2.20559,0.451329,4.94542,7.69865,-10,-10,0,340.35,0,431.204,0,321.301,0,587.432,47.6257,15.2248,46.2073,19.1021,47.8822,14.3978,43.0382,25.4503,-43.6665,-83.0078,1.62836,9.91198,-43.8311,-86.6498,45.6663,175.233,10,6.95271e-310,-830.078,6.68183e-310,99.1198,1.4822e-323,-866.498,5.23261e-310,1752.33,47.6257,-814.853,46.2073,118.222,47.8822,-852.1,43.0382,1777.78,81.3295,128.955,-38.3581,7.8492,86.0074,133.89,-250.911,-207.872,
1.26746,1.17012,1.28223,1.03632,0,200,0,5.09398,7.83772,-2.94688,-0.299597,5.24082,7.99695,-10,-10,0,333.666,0,440.749,0,317.425,0,587.92,47.7173,14.9351,46.0398,19.5023,47.9326,14.229,43.0269,25.4694,-46.4559,-88.6419,4.26068,19.9282,-45.992,-90.634,45.8945,175.712,10,6.95271e-310,-886.419,6.68183e-310,199.282,1.4822e-323,-906.34,5.23261e-310,1757.12,47.7173,-871.484,46.0398,218.785,47.9326,-892.111,43.0269,1782.59,88.5909,136.308,-51.2502,-5.21038,91.1448,139.077,-251.525,-208.498,
1.273,1.16137,1.28552,1.03616,0,200,0,5.48157,8.23002,-3.6823,-1.04492,5.52642,8.28522,-10,-10,0,327.576,0,450.372,0,313.8,0,588.104,47.7993,14.6707,45.8674,19.9043,47.9793,14.0709,43.0226,25.4766,-49.1038,-93.8713,6.88237,29.8669,-48.1295,-94.4856,45.9313,175.721,10,6.95271e-310,-938.713,6.68183e-310,298.669,1.4822e-323,-944.856,5.23261e-310,1757.21,47.7993,-924.042,45.8674,318.573,47.9793,-930.785,43.0226,1782.68,95.3316,143.131,-64.0399,-18.1725,96.1116,144.091,-251.535,-208.512,
1.27821,1.15268,1.28838,1.03632,0,200,0,5.84414,8.59696,-4.40856,-1.78122,5.79043,8.55154,-10,-10,0,321.841,0,459.929,0,310.662,0,587.92,47.8751,14.4213,45.6927,20.302,48.0192,13.934,43.0269,25.4694,-51.6103,-98.7626,9.35726,39.6835,-50.1745,-98.0458,45.9006,175.209,10,6.95271e-310,-987.626,6.68183e-310,396.835,1.4822e-323,-980.458,5.23261e-310,1752.09,47.8751,-973.204,45.6927,417.137,48.0192,-966.524,43.0269,1777.56,101.637,149.512,-76.6705,-30.9778,100.703,148.722,-250.876,-207.849,
1.28253,1.14433,1.29078,1.03683,0,200,0,6.15465,8.91102,-5.09161,-2.47412,6.02875,8.79177,-10,-10,0,317.095,0,469.118,0,308.013,0,587.366,47.9369,14.2146,45.5216,20.683,48.0526,13.8183,43.0397,25.4477,-53.8048,-102.951,11.7369,48.9182,-52.0524,-101.259,45.6697,174.14,10,6.95271e-310,-1029.51,6.68183e-310,489.182,1.4822e-323,-1012.59,5.23261e-310,1741.4,47.9369,-1015.29,45.5216,509.865,48.0526,-998.774,43.0397,1766.85,107.037,154.974,-88.5498,-43.0282,104.848,152.9,-249.5,-206.461,
1.2873,1.13559,1.29276,1.03822,0,200,0,6.46734,9.22757,-5.82686,-3.21986,6.24622,9.01081,-10,-10,0,311.849,0,478.728,0,305.837,0,585.837,48.0041,13.9858,45.3391,21.0799,48.0798,13.7233,43.075,25.3878,-55.9552,-107.169,14.0181,58.8591,-53.8331,-104.191,45.443,172.102,10,6.95271e-310,-1071.69,6.68183e-310,588.591,1.4822e-323,-1041.91,5.23261e-310,1721.02,48.0041,-1057.7,45.3391,609.671,48.0798,-1028.19,43.075,1746.4,112.475,160.48,-101.337,-55.9976,108.63,156.71,-246.88,-203.805,
1.29072,1.12887,1.29434,1.04033,0,200,0,6.67344,9.43642,-6.40983,-3.81104,6.40336,9.16919,-10,-10,0,308.078,0,486.123,0,304.097,0,583.517,48.0518,13.8212,45.1964,21.3843,48.1015,13.6472,43.1285,25.2969,-57.3347,-109.949,15.8977,66.7413,-55.0656,-106.31,44.9521,169.577,10,6.95271e-310,-1099.49,6.68183e-310,667.413,1.4822e-323,-1063.1,5.23261e-310,1695.77,48.0518,-1085.66,45.1964,688.797,48.1015,-1049.45,43.1285,1721.07,116.06,164.112,-111.475,-66.2789,111.363,159.464,-243.638,-200.51,
1.29449,1.1209,1.29565,1.04308,0,200,0,6.89866,9.6646,-7.09181,-4.5029,6.56527,9.33213,-10,-10,0,303.939,0,494.89,0,302.66,0,580.485,48.1035,13.6403,45.0245,21.7438,48.1193,13.5844,43.198,25.178,-58.8393,-112.986,17.9826,75.9638,-56.4039,-108.493,44.3625,166.085,10,6.95271e-310,-1129.86,6.68183e-310,759.638,1.4822e-323,-1084.93,5.23261e-310,1660.85,48.1035,-1116.22,45.0245,781.382,48.1193,-1071.35,43.198,1686.03,119.977,168.08,-123.336,-78.3112,114.179,162.298,-239.151,-195.953,
1.29729,1.11498,1.29661,1.04637,0,200,0,7.0382,9.80633,-7.62581,-5.04435,6.66891,9.43651,-10,-10,0,300.854,0,501.402,0,301.606,0,576.873,48.1415,13.5053,44.895,22.0099,48.1323,13.5382,43.2805,25.036,-59.6844,-114.868,19.6087,83.1849,-57.2104,-109.89,43.649,162.392,10,6.95271e-310,-1148.68,6.68183e-310,831.849,1.4822e-323,-1098.9,5.23261e-310,1623.92,48.1415,-1135.17,44.895,853.859,48.1323,-1085.37,43.2805,1648.96,122.403,170.545,-132.623,-87.7278,115.981,164.113,-234.409,-191.128,
1.29965,1.10884,1.29727,1.04965,0,200,0,7.16322,9.93318,-8.15776,-5.58411,6.76604,9.53416,-10,-10,0,298.257,0,508.151,0,300.881,0,573.261,48.1733,13.3916,44.7591,22.285,48.1412,13.5065,43.3625,24.8937,-60.4723,-116.554,21.2655,90.3797,-58.0054,-111.2,42.8559,158.437,10,6.95271e-310,-1165.54,6.68183e-310,903.797,1.4822e-323,-1112,5.23261e-310,1584.37,48.1733,-1152.15,44.7591,926.082,48.1412,-1098.49,43.3625,1609.27,124.578,172.751,-141.874,-97.1149,117.67,165.811,-229.329,-185.966,
1.30169,1.10273,1.29768,1.05405,0,200,0,7.25098,10,-8.70032,-6.13455,6.83835,9.60679,-10,-10,0,296.016,0,514.875,0,300.433,0,568.423,48.2005,13.2935,44.6221,22.5581,48.1467,13.4869,43.4715,24.7028,-60.9357,-117.738,22.9937,97.7183,-58.5598,-112.175,41.7769,153.349,10,6.95271e-310,-1177.38,6.68183e-310,977.183,1.4822e-323,-1121.75,5.23261e-310,1533.49,48.2005,-1164.08,44.6221,999.741,48.1467,-1108.26,43.4715,1558.19,126.104,174.305,-151.31,-106.688,118.928,167.075,-222.793,-179.321,
1.30321,1.09789,1.29781,1.05837,0,200,0,7.29885,10,-9.14358,-6.58412,6.87637,9.64491,-10,-9.94607,0,294.342,0,520.2,0,300.287,0,563.664,48.2206,13.2201,44.5123,22.7739,48.1485,13.4805,43.578,24.5145,-61.0985,-118.383,24.3849,103.714,-58.8283,-112.687,40.7375,148.491,10,6.95271e-310,-1183.83,6.68183e-310,1037.14,1.4822e-323,-1126.87,5.23261e-310,1484.91,48.2206,-1170.61,44.5123,1059.91,48.1485,-1113.39,43.578,1509.42,126.937,175.157,-159.019,-114.506,119.589,167.738,-216.553,-172.975,
1.30459,1.09388,1.29766,1.06271,0,200,0,7.32726,10,-9.52658,-6.97238,6.88648,9.65491,-10,-9.58904,0,292.826,0,524.603,0,300.446,0,558.891,48.2388,13.1536,44.4208,22.9519,48.1465,13.4875,43.6839,24.3252,-61.0885,-118.767,25.4888,108.893,-58.886,-112.823,39.7833,143.739,10,6.95271e-310,-1187.67,6.68183e-310,1088.93,1.4822e-323,-1128.23,5.23261e-310,1437.39,48.2388,-1174.51,44.4208,1111.89,48.1465,-1114.75,43.6839,1461.71,127.431,175.669,-165.68,-121.259,119.765,167.911,-210.45,-166.766,
1.30554,1.08943,1.29718,1.06836,0,200,0,7.31981,10,-9.95,-7.40171,6.87397,9.64202,-10,-9.12072,0,291.785,0,529.507,0,300.973,0,552.682,48.2512,13.1079,44.3181,23.1497,48.1401,13.5105,43.8205,24.0782,-60.7787,-118.667,26.83,114.62,-58.7271,-112.654,38.4279,137.504,10,6.95271e-310,-1186.67,6.68183e-310,1146.2,1.4822e-323,-1126.54,5.23261e-310,1375.04,48.2512,-1173.56,44.3181,1169.35,48.1401,-1113.03,43.8205,1399.12,127.301,175.552,-173.043,-128.725,119.547,167.687,-202.442,-158.621,
1.3062,1.08572,1.29623,1.07393,0,200,0,7.2916,10,-10,-7.76612,6.82805,9.59536,-10,-8.65664,0,291.06,0,533.581,0,302.028,0,546.553,48.2599,13.0761,44.232,23.3137,48.1271,13.5567,43.954,23.8336,-60.2962,-118.286,27.8862,119.482,-58.3325,-112.035,37.1711,131.325,10,6.95271e-310,-1182.86,6.68183e-310,1194.82,1.4822e-323,-1120.35,5.23261e-310,1313.25,48.2599,-1169.79,44.232,1218.14,48.1271,-1106.79,43.954,1337.09,126.81,175.07,-179.295,-135.063,118.749,166.876,-194.504,-150.55,
1.3066,1.08279,1.29442,1.07991,0,200,0,7.2353,10,-10,-8.07038,6.7267,9.49259,-10,-8.15555,0,290.611,0,536.811,0,304.018,0,539.974,48.2652,13.0565,44.1634,23.4434,48.1025,13.6437,44.0958,23.5704,-59.5246,-117.528,28.599,123.544,-57.5333,-110.668,36.0003,124.653,10,6.95271e-310,-1175.28,6.68183e-310,1235.44,1.4822e-323,-1106.68,5.23261e-310,1246.53,48.2652,-1162.22,44.1634,1258.88,48.1025,-1093.04,44.0958,1270.1,125.831,174.097,-184.518,-140.354,116.986,165.089,-185.931,-141.836,
1.30676,1.07972,1.29245,1.08629,0,200,0,7.16382,9.93918,-10,-8.38255,6.61446,9.37881,-10,-7.61852,0,290.44,0,540.185,0,306.18,0,532.961,48.2672,13.049,44.0913,23.5788,48.0756,13.7383,44.2452,23.2887,-58.6652,-116.564,29.3856,127.71,-56.6621,-109.155,34.6472,117.501,10,6.95271e-310,-1165.64,6.68183e-310,1277.1,1.4822e-323,-1091.55,5.23261e-310,1175.01,48.2672,-1152.59,44.0913,1300.68,48.0756,-1077.81,44.2452,1198.29,124.588,172.855,-189.875,-145.783,115.034,163.11,-176.741,-132.496,
1.30659,1.07745,1.28992,1.09305,0,200,0,7.06141,9.83665,-10,-8.63342,6.45651,9.21885,-9.60711,-7.05402,0,290.625,0,542.677,0,308.962,0,525.526,48.265,13.0571,44.0377,23.6786,48.0407,13.8598,44.4016,22.9892,-57.5285,-115.184,29.9233,131.06,-55.4382,-107.024,33.2807,109.983,10,6.95271e-310,-1151.84,6.68183e-310,1310.6,1.4822e-323,-1070.24,5.23261e-310,1099.83,48.265,-1138.78,44.0377,1334.28,48.0407,-1056.38,44.4016,1122.82,122.807,171.072,-194.184,-150.146,112.287,160.328,-167.08,-122.679,
1.30605,1.07567,1.2867,1.10076,0,200,0,6.92021,9.69504,-10,-8.85291,6.24428,9.00404,-8.97654,-6.41332,0,291.218,0,544.641,0,312.508,0,517.037,48.258,13.0831,43.9954,23.7572,47.9957,14.0146,44.5777,22.6458,-56.0516,-113.281,30.3231,133.994,-53.8027,-104.162,31.7259,101.45,10,6.95271e-310,-1132.81,6.68183e-310,1339.94,1.4822e-323,-1041.62,5.23261e-310,1014.5,48.258,-1119.72,43.9954,1363.7,47.9957,-1027.6,44.5777,1037.14,120.351,168.609,-197.959,-153.964,108.596,156.592,-156.114,-111.536,
1.30475,1.07417,1.28379,1.1075,0,200,0,6.76432,9.53817,-10,-9.01578,6.05286,8.81026,-8.41418,-5.84225,0,292.655,0,546.289,0,315.711,0,509.628,48.2409,13.1461,43.9598,23.8231,47.9547,14.1543,44.7292,22.3451,-54.6226,-111.179,30.8295,136.169,-52.3119,-101.58,30.1121,93.8415,10,6.95271e-310,-1111.79,6.68183e-310,1361.69,1.4822e-323,-1015.8,5.23261e-310,938.415,48.2409,-1098.65,43.9598,1385.51,47.9547,-1001.64,44.7292,960.76,117.64,165.881,-200.756,-156.796,105.267,153.222,-146.334,-101.604,
1.30304,1.07304,1.27993,1.11453,0,200,0,6.58369,9.35625,-10,-9.13583,5.81006,8.56429,-7.80935,-5.22844,0,294.527,0,547.528,0,319.956,0,501.89,48.2184,13.2282,43.9329,23.8726,47.8998,14.3392,44.8853,22.0298,-52.9939,-108.744,31.0939,137.772,-50.488,-98.3045,28.5092,85.6604,10,6.95271e-310,-1087.44,6.68183e-310,1377.72,1.4822e-323,-983.045,5.23261e-310,856.604,48.2184,-1074.21,43.9329,1401.59,47.8998,-968.706,44.8853,878.634,114.499,162.717,-202.817,-158.884,101.044,148.944,-135.815,-90.9295,
1.30035,1.07223,1.2765,1.12369,0,200,0,6.31812,9.08862,-10,-9.25885,5.53852,8.28992,-7.07706,-4.48467,0,297.493,0,548.424,0,323.726,0,491.818,48.1826,13.3582,43.9134,23.9084,47.8503,14.5033,45.0851,21.618,-50.8043,-105.164,31.8523,139.419,-48.3214,-94.642,25.9026,75.7542,10,6.95271e-310,-1051.64,6.68183e-310,1394.19,1.4822e-323,-946.42,5.23261e-310,757.542,48.1826,-1038.28,43.9134,1418.1,47.8503,-931.917,45.0851,779.16,109.88,158.063,-204.937,-161.023,96.3222,144.172,-123.079,-77.9943,
1.29777,1.07171,1.27249,1.13238,0,200,0,6.0636,8.83211,-10,-9.34664,5.24119,7.98921,-6.36795,-3.76486,0,300.327,0,548.991,0,328.142,0,482.261,48.148,13.4823,43.9011,23.931,47.7917,14.6953,45.2712,21.2254,-48.7195,-101.732,32.2789,140.595,-46.0802,-90.6309,23.5341,66.1638,10,6.95271e-310,-1017.32,6.68183e-310,1405.95,1.4822e-323,-906.309,5.23261e-310,661.638,48.148,-1003.84,43.9011,1429.88,47.7917,-891.613,45.2712,682.863,105.454,153.602,-206.451,-162.55,91.151,138.943,-110.747,-65.4758,
1.29449,1.07147,1.26813,1.14147,0,200,0,5.77073,8.53668,-10,-9.39995,4.91393,7.65825,-5.62253,-3.00844,0,303.939,0,549.255,0,332.928,0,472.255,48.1035,13.6403,43.8954,23.9416,47.7273,14.9031,45.4624,20.8128,-46.4414,-97.7836,32.7421,141.31,-43.6452,-86.2159,20.8538,56.084,10,6.95271e-310,-977.836,6.68183e-310,1413.1,1.4822e-323,-862.159,5.23261e-310,560.84,48.1035,-964.195,43.8954,1437.04,47.7273,-847.255,45.4624,581.653,100.361,148.464,-207.373,-163.477,85.4596,133.187,-97.7832,-52.3208,
1.29088,1.07153,1.26346,1.15071,0,200,0,5.45917,8.22227,-10,-9.42229,4.56032,7.3006,-4.86378,-2.23875,0,307.907,0,549.189,0,338.069,0,462.091,48.0539,13.8137,43.8968,23.9389,47.6572,15.126,45.6528,20.3918,-44.096,-93.5824,33.1135,141.612,-41.0811,-81.4449,18.0353,45.8257,10,6.95271e-310,-935.824,6.68183e-310,1416.12,1.4822e-323,-814.449,5.23261e-310,458.257,48.0539,-922.01,43.8968,1440.06,47.6572,-799.323,45.6528,478.648,94.9421,142.996,-207.763,-163.866,79.3099,126.967,-84.5875,-38.9347,
1.28691,1.07195,1.25773,1.16026,0,200,0,5.12433,7.88426,-10,-9.40153,4.14689,6.88215,-4.0609,-1.42479,0,312.271,0,548.728,0,344.37,0,451.585,47.9988,14.0042,43.9068,23.9205,47.5697,15.3987,45.8454,19.9548,-41.6235,-89.067,33.1772,141.338,-38.1997,-75.8661,15.1621,34.9733,10,6.95271e-310,-890.67,6.68183e-310,1413.38,1.4822e-323,-758.661,5.23261e-310,349.733,47.9988,-876.665,43.9068,1437.3,47.5697,-743.262,45.8454,369.687,89.1187,137.117,-207.412,-163.505,72.1199,119.69,-70.6243,-24.7789,
1.28229,1.07297,1.25271,1.17007,0,200,0,4.74959,7.50576,-10,-9.33773,3.73842,6.4692,-3.27109,-0.623859,0,317.359,0,547.607,0,349.894,0,440.801,47.9335,14.2261,43.9312,23.8758,47.4918,15.6374,46.0389,19.5045,-39.0043,-84.013,33.4748,140.492,-35.3324,-70.3543,11.818,24.2981,10,6.95271e-310,-840.13,6.68183e-310,1404.92,1.4822e-323,-703.543,5.23261e-310,242.981,47.9335,-825.904,43.9312,1428.8,47.4918,-687.905,46.0389,262.486,82.6016,130.535,-206.326,-162.395,65.0161,112.508,-56.8886,-10.8497,
1.27764,1.07484,1.24683,1.18018,0,200,0,4.35696,7.10931,-10,-9.21043,3.26538,5.99082,-2.45809,0.200348,0,322.474,0,545.551,0,356.367,0,429.675,47.8668,14.4489,43.9757,23.7936,47.399,15.9166,46.2338,19.0378,-36.2716,-78.7176,33.3111,138.802,-32.1274,-63.9704,8.51513,13.3115,10,6.95271e-310,-787.176,6.68183e-310,1388.02,1.4822e-323,-639.704,5.23261e-310,133.115,47.8668,-772.727,43.9757,1411.81,47.399,-623.787,46.2338,152.152,75.7733,123.64,-204.157,-160.181,56.7892,104.188,-42.7495,3.48432,
1.27306,1.07727,1.24016,1.19154,0,200,0,3.93728,6.68579,-10,-9.06172,2.71604,5.43532,-1.56299,1.10771,0,327.51,0,542.875,0,363.696,0,417.178,47.8002,14.6678,44.0335,23.6865,47.2919,16.2321,46.4471,18.5113,-33.4051,-73.057,32.8301,136.831,-28.5585,-56.5563,4.90393,1.21707,10,6.95271e-310,-730.57,6.68183e-310,1368.31,1.4822e-323,-565.563,5.23261e-310,12.1707,47.8002,-715.902,44.0335,1391.99,47.2919,-549.331,46.4471,30.682,68.4744,116.275,-201.629,-157.595,47.2355,94.5273,-27.1825,19.2646,
1.26709,1.07983,1.23441,1.20125,0,200,0,3.4902,6.23363,-10,-8.84418,2.23049,4.94436,-0.786562,1.89435,0,334.075,0,540.067,0,370.024,0,406.5,47.7118,14.9528,44.0938,23.5741,47.1977,16.5039,46.6246,18.0596,-30.5873,-67.0254,32.7414,133.933,-25.3926,-50.0026,1.10887,-9.27149,10,6.95271e-310,-670.254,6.68183e-310,1339.33,1.4822e-323,-500.026,5.23261e-310,-92.7149,47.7118,-655.301,44.0938,1362.91,47.1977,-483.522,46.6246,-74.6554,60.6991,108.411,-197.906,-153.812,38.7911,85.9888,-13.6793,32.9452,
1.26183,1.08335,1.22738,1.21219,0,200,0,3.03533,5.7742,-10,-8.58889,1.63846,4.34559,0.0694709,2.76159,0,339.862,0,536.191,0,377.762,0,394.464,47.6324,15.2037,44.1766,23.4186,47.0804,16.8355,46.8194,17.5484,-27.7083,-60.8889,31.9055,130.54,-21.7335,-42.0108,-2.66749,-20.8337,10,6.95271e-310,-608.889,6.68183e-310,1305.4,1.4822e-323,-420.108,5.23261e-310,-208.337,47.6324,-593.685,44.1766,1328.82,47.0804,-403.273,46.8194,-190.789,52.7884,100.421,-193.549,-149.372,28.495,75.5754,1.20819,48.0276,
1.2556,1.08681,1.22171,1.22315,0,200,0,2.54205,5.27542,-10,-8.32862,1.09533,3.79692,0.890957,3.59396,0,346.717,0,532.381,0,383.997,0,382.415,47.5368,15.5002,44.2574,23.2654,46.9842,17.1021,47.0088,17.0345,-24.8139,-54.233,31.7028,127.079,-18.4361,-34.6797,-7.15287,-31.9279,10,6.95271e-310,-542.33,6.68183e-310,1270.79,1.4822e-323,-346.797,5.23261e-310,-319.279,47.5368,-526.829,44.2574,1294.05,46.9842,-329.695,47.0088,-302.245,44.2096,91.7464,-189.103,-144.846,19.0492,66.0335,15.4949,62.5037,
1.24908,1.09019,1.21458,1.23493,0,200,0,2.02596,4.75345,-10,-8.06056,0.46903,3.16354,1.80297,4.51733,0,353.888,0,528.664,0,391.841,0,369.457,47.4347,15.8098,44.3358,23.1157,46.8611,17.4367,47.2062,16.4795,-21.9274,-47.2683,31.1172,123.511,-14.8552,-26.2241,-11.9637,-44.2413,10,6.95271e-310,-472.683,6.68183e-310,1235.11,1.4822e-323,-262.241,5.23261e-310,-442.413,47.4347,-456.873,44.3358,1258.23,46.8611,-244.804,47.2062,-425.934,35.234,82.6687,-184.52,-140.184,8.15704,55.0181,31.3561,78.5623,
1.24166,1.09476,1.20809,1.24423,0,200,0,1.49679,4.21747,-10,-7.64792,-0.103909,2.58405,2.52886,5.25191,0,362.048,0,523.641,0,398.973,0,359.227,47.3161,16.1612,44.4409,22.913,46.7471,17.7401,47.3574,16.0398,-19.0114,-40.1252,30.3512,118.01,-11.5429,-18.488,-16.2685,-54.0396,10,6.95271e-310,-401.252,6.68183e-310,1180.1,1.4822e-323,-184.88,5.23261e-310,-540.396,47.3161,-385.091,44.4409,1203.02,46.7471,-167.14,47.3574,-524.356,26.0311,73.3472,-177.448,-133.007,-1.80712,44.94,43.9801,91.3375,
1.23539,1.09887,1.20166,1.25422,0,200,0,1.00952,3.72432,-9.87222,-7.31148,-0.688847,1.99249,3.28464,6.01677,0,368.943,0,519.119,0,406.052,0,348.233,47.2139,16.4575,44.5347,22.7302,46.6319,18.0406,47.5154,15.5657,-16.4617,-33.5477,29.4509,113.53,-8.38627,-10.5895,-20.6411,-64.24,10,6.95271e-310,-335.477,6.68183e-310,1135.3,1.4822e-323,-105.895,5.23261e-310,-642.4,47.2139,-319.02,44.5347,1158.03,46.6319,-87.8541,47.5154,-626.834,17.5569,64.7708,-171.691,-127.156,-11.9799,34.652,57.1242,104.64,
1.22765,1.10433,1.19533,1.26455,0,200,0,0.434244,3.14164,-9.42012,-6.85227,-1.31145,1.36327,4.03729,6.77852,0,377.459,0,513.108,0,413.012,0,336.869,47.0851,16.8225,44.6583,22.4865,46.5168,18.3353,47.6736,15.074,-13.5259,-25.7806,28.5227,107.413,-5.07657,-2.1828,-25.6101,-74.3966,10,6.95271e-310,-257.806,6.68183e-310,1074.13,1.4822e-323,-21.828,5.23261e-310,-743.966,47.0851,-240.983,44.6583,1096.62,46.5168,-3.49271,47.6736,-728.892,7.55208,54.6371,-163.828,-119.17,-22.8078,23.7091,70.2138,117.887,
1.22046,1.10973,1.18888,1.27289,0,200,0,-0.0857218,2.61464,-8.94757,-6.37279,-1.89298,0.774883,4.66983,7.41819,0,385.368,0,507.176,0,420.105,0,327.694,46.9629,17.1606,44.7789,22.2453,46.3977,18.6348,47.7977,14.6759,-10.9248,-18.7588,27.168,101.021,-2.06011,5.67154,-29.7475,-82.9303,10,6.95271e-310,-187.588,6.68183e-310,1010.21,1.4822e-323,56.7154,5.23261e-310,-829.303,46.9629,-170.427,44.7789,1032.46,46.3977,75.3502,47.7977,-814.627,-1.49081,45.4721,-155.61,-110.831,-32.9214,13.4762,81.2143,129.012,
1.21385,1.11488,1.18246,1.28297,0,200,0,-0.606645,2.08713,-8.54062,-5.95927,-2.51785,0.14308,5.3927,8.14944,0,392.645,0,501.507,0,427.17,0,316.608,46.8483,17.4709,44.8929,22.0142,46.277,18.9325,47.9432,14.1934,-8.51463,-11.7243,25.8518,95.5152,0.933395,14.1106,-34.5076,-92.6816,10,6.95271e-310,-117.243,6.68183e-310,955.152,1.4822e-323,141.106,5.23261e-310,-926.816,46.8483,-99.7721,44.8929,977.167,46.277,160.039,47.9432,-912.622,-10.5504,36.298,-148.532,-103.64,-43.7887,2.48835,93.7861,141.729,
1.20543,1.12169,1.17617,1.29183,0,200,0,-1.21156,1.47367,-7.95548,-5.36558,-3.14461,-0.490583,6.02012,8.78397,0,401.899,0,494.02,0,434.091,0,306.866,46.6997,17.8644,45.0417,21.7081,46.157,19.2233,48.067,13.7682,-5.67754,-3.55286,24.2907,87.6016,3.94705,22.5757,-39.3357,-101.143,10,6.95271e-310,-35.5286,6.68183e-310,876.016,1.4822e-323,225.757,5.23261e-310,-1011.43,46.6997,-17.6642,45.0417,897.724,46.157,244.98,48.067,-997.667,-21.0706,25.6291,-138.356,-93.3145,-54.6889,-8.53188,104.698,152.765,
1.19769,1.12836,1.16986,1.29919,0,200,0,-1.76545,0.911749,-7.37023,-4.77205,-3.73354,-1.08654,6.55577,9.32538,0,410.415,0,486.677,0,441.025,0,298.772,46.56,18.2254,45.1856,21.407,46.0349,19.5138,48.167,13.4142,-3.13318,3.93067,22.365,79.6877,6.70075,30.5318,-43.4493,-108.367,10,6.95271e-310,39.3067,6.68183e-310,796.877,1.4822e-323,305.318,5.23261e-310,-1083.67,46.56,57.5321,45.1856,818.284,46.0349,324.832,48.167,-1070.25,-30.7035,15.8565,-128.178,-82.9923,-64.9312,-18.8963,114.013,162.18,
1.1907,1.13467,1.1636,1.30765,0,200,0,-2.30009,0.369728,-6.85246,-4.24658,-4.34581,-1.70589,7.14607,9.9221,0,418.101,0,479.743,0,447.92,0,289.465,46.4315,18.5503,45.3197,21.1217,45.9117,19.802,48.2788,13.0061,-0.870758,11.1539,20.4206,72.6857,9.34466,38.8031,-47.8812,-116.325,10,6.95271e-310,111.539,6.68183e-310,726.857,1.4822e-323,388.031,5.23261e-310,-1163.25,46.4315,130.089,45.3197,747.979,45.9117,407.833,48.2788,-1150.25,-40.0015,6.43004,-119.173,-73.8536,-75.5794,-29.6677,124.279,172.558,
1.1824,1.14289,1.15726,1.31407,0,200,0,-2.89704,-0.236176,-6.1391,-3.52332,-4.9484,-2.31575,7.59664,10,0,427.236,0,470.7,0,454.894,0,282.399,46.2759,18.9353,45.4918,20.7485,45.7852,20.0927,48.3613,12.6958,1.78176,19.2216,17.827,63.0415,12.0013,46.9448,-51.7809,-122.399,10,6.95271e-310,192.216,6.68183e-310,630.415,1.4822e-323,469.448,5.23261e-310,-1223.99,46.2759,211.151,45.4918,651.163,45.7852,489.541,48.3613,-1211.3,-50.3833,-4.10742,-106.767,-61.2752,-86.0592,-40.274,132.116,180.477,
1.17485,1.15076,1.15101,1.32148,0,200,0,-3.47402,-0.821452,-5.49121,-2.86612,-5.5684,-2.94301,8.09314,10,0,435.541,0,462.039,0,461.762,0,274.252,46.1316,19.2841,45.6537,20.3896,45.6589,20.3781,48.454,12.3372,4.1431,27.0193,15.2073,54.2822,14.5154,55.3217,-55.9441,-129.091,10,6.95271e-310,270.193,6.68183e-310,542.822,1.4822e-323,553.217,5.23261e-310,-1290.91,46.1316,289.477,45.6537,563.211,45.6589,573.595,48.454,-1278.57,-60.4177,-14.2861,-95.4993,-49.8455,-96.8417,-51.1828,140.75,189.204,
1.16713,1.15891,1.14496,1.32738,0,200,0,-4.04445,-1.40053,-4.79889,-2.16433,-6.14656,-3.52831,8.49519,10,0,444.031,0,453.074,0,468.419,0,267.753,45.9814,19.6396,45.8184,20.0169,45.5347,20.6541,48.5261,12.0507,6.4819,34.7305,12.3266,44.9243,16.8148,63.1348,-59.6149,-134.509,10,6.95271e-310,347.305,6.68183e-310,449.243,1.4822e-323,631.348,5.23261e-310,-1345.09,45.9814,366.944,45.8184,469.26,45.5347,652.002,48.5261,-1333.04,-70.3383,-24.357,-83.4589,-37.6405,-106.897,-61.362,147.742,196.268,
1.15945,1.1673,1.13926,1.33266,0,200,0,-4.61255,-1.97738,-4.0886,-1.44448,-6.69832,-4.08689,8.84449,10,0,452.481,0,443.846,0,474.694,0,261.952,45.8292,19.9922,45.9847,19.6318,45.4161,20.9135,48.5889,11.7947,8.76813,42.4112,9.3075,35.3249,18.9177,70.5916,-63.074,-139.216,10,6.95271e-310,424.112,6.68183e-310,353.249,1.4822e-323,705.916,5.23261e-310,-1392.16,45.8292,444.104,45.9847,372.881,45.4161,726.829,48.5889,-1380.37,-80.2183,-34.3892,-71.106,-25.1213,-116.493,-71.0764,153.817,202.406,
1.15197,1.17568,1.13402,1.33743,0,200,0,-5.16824,-2.54173,-3.38474,-0.731257,-7.2166,-4.61151,9.14864,10,0,460.707,0,434.632,0,480.455,0,256.706,45.6784,20.3343,46.1475,19.2459,45.306,21.1511,48.6446,11.5628,10.9508,49.9251,6.2655,25.8136,20.7906,77.5961,-66.3468,-143.314,10,6.95271e-310,499.251,6.68183e-310,258.136,1.4822e-323,775.961,5.23261e-310,-1433.14,45.6784,519.585,46.1475,277.382,45.306,797.112,48.6446,-1421.58,-89.8824,-44.2041,-58.865,-12.7175,-125.506,-80.2002,159.107,207.751,
1.14482,1.18396,1.12926,1.34137,0,200,0,-5.7003,-3.08223,-2.69033,-0.0277786,-7.68958,-5.0903,9.39203,10,0,468.577,0,425.523,0,485.688,0,252.369,45.5317,20.6606,46.3053,18.8631,45.2048,21.3664,48.6899,11.3709,13.0158,57.1206,3.18839,16.4314,22.4259,83.9886,-69.2498,-146.593,10,6.95271e-310,571.206,6.68183e-310,164.314,1.4822e-323,839.886,5.23261e-310,-1465.93,45.5317,591.867,46.3053,183.177,45.2048,861.253,48.6899,-1454.55,-99.1357,-53.604,-46.7884,-0.483107,-133.732,-88.527,163.34,212.029,
1.13795,1.19219,1.125,1.34571,0,200,0,-6.22798,-3.61813,-2.02307,0.648328,-8.15163,-5.55762,9.63772,10,0,476.131,0,416.466,0,490.381,0,247.596,45.3888,20.9728,46.459,18.4813,45.1133,21.559,48.7387,11.1596,14.9554,64.2569,0.219039,7.41642,23.8787,90.2325,-72.2921,-149.902,10,6.95271e-310,642.569,6.68183e-310,74.1642,1.4822e-323,902.325,5.23261e-310,-1499.02,45.3888,663.542,46.459,92.6454,45.1133,923.884,48.7387,-1487.86,-108.313,-62.9239,-35.1838,11.2753,-141.768,-96.6542,167.613,216.351,
1.13165,1.20076,1.12135,1.34892,0,200,0,-6.72766,-4.12546,-1.34239,1.33801,-8.5611,-5.97162,9.79523,10,0,483.065,0,407.041,0,494.389,0,244.063,45.2557,21.2585,46.6157,18.0825,45.0344,21.7233,48.7743,11.003,16.8012,71.0148,-2.91025,-1.77874,25.1198,95.7656,-74.6517,-152.023,10,6.95271e-310,710.148,6.68183e-310,-17.7874,1.4822e-323,957.656,5.23261e-310,-1520.23,45.2557,731.406,46.6157,0.29512,45.0344,979.38,48.7743,-1509.23,-117.003,-71.7472,-23.3459,23.2698,-148.889,-103.854,170.352,219.126,
1.12573,1.20947,1.11814,1.35128,0,200,0,-7.20673,-4.61181,-0.657799,2.03156,-8.92942,-6.34397,9.8902,10,0,489.577,0,397.457,0,497.922,0,241.467,45.129,21.5261,46.7715,17.6757,44.9644,21.8678,48.8002,10.8878,18.5652,77.4941,-6.15426,-11.0255,26.1848,100.743,-76.527,-153.302,10,6.95271e-310,774.941,6.68183e-310,-110.255,1.4822e-323,1007.43,5.23261e-310,-1533.02,45.129,796.467,46.7715,-92.5796,44.9644,1029.29,48.8002,-1522.13,-125.334,-80.2054,-11.44,35.3315,-155.294,-110.33,172.004,220.804,
1.12006,1.21823,1.11538,1.35358,0,200,0,-7.67907,-5.09121,0.0148358,2.713,-9.27595,-6.69397,9.96544,10,0,495.812,0,387.82,0,500.954,0,238.935,45.0063,21.7815,46.9245,17.2653,44.904,21.9916,48.8251,10.7755,20.2441,83.8824,-9.35618,-20.1097,27.0864,105.424,-78.3182,-154.314,10,6.95271e-310,838.824,6.68183e-310,-201.097,1.4822e-323,1054.24,5.23261e-310,-1543.14,45.0063,860.606,46.9245,-183.832,44.904,1076.23,48.8251,-1532.37,-133.549,-88.5428,0.258015,47.1825,-161.321,-116.417,173.312,222.137,
1.11478,1.22722,1.11312,1.35536,0,200,0,-8.1368,-5.55557,0.689684,3.39666,-9.58873,-7.00962,9.99253,10,0,501.613,0,377.933,0,503.445,0,236.984,44.8908,22.0185,47.0778,16.8428,44.8541,22.0933,48.8441,10.6889,21.8436,90.0728,-12.6274,-29.2227,27.8267,109.649,-79.7333,-154.678,10,6.95271e-310,900.728,6.68183e-310,-292.227,1.4822e-323,1096.49,5.23261e-310,-1546.78,44.8908,922.747,47.0778,-275.384,44.8541,1118.58,48.8441,-1536.09,-141.509,-96.6187,11.9945,59.0723,-166.761,-121.907,173.783,222.627,
1.11003,1.23597,1.11127,1.35695,0,200,0,-8.56833,-5.99316,1.33053,4.04587,-9.87181,-7.29505,9.99937,10,0,506.846,0,368.31,0,505.475,0,235.231,44.7855,22.2319,47.2234,16.4303,44.8132,22.176,48.8611,10.611,23.2914,95.9086,-15.797,-37.8753,28.4144,113.472,-80.9336,-154.769,10,6.95271e-310,959.086,6.68183e-310,-378.753,1.4822e-323,1134.72,5.23261e-310,-1547.69,44.7855,981.318,47.2234,-362.323,44.8132,1156.9,48.8611,-1537.08,-149.014,-104.229,23.1396,70.363,-171.684,-126.87,173.902,222.763,
1.10541,1.24554,1.10988,1.35822,0,200,0,-9.01322,-6.44398,2.01264,4.7369,-10,-7.56356,9.96117,10,0,511.922,0,357.777,0,507.005,0,233.834,44.6825,22.4383,47.3785,15.9774,44.7823,22.2383,48.8745,10.5489,24.7445,101.924,-19.2007,-47.0838,28.8755,117.073,-81.844,-154.253,10,6.95271e-310,1019.24,6.68183e-310,-470.838,1.4822e-323,1170.73,5.23261e-310,-1542.53,44.6825,1041.68,47.3785,-454.86,44.7823,1192.97,48.8745,-1531.98,-156.752,-112.069,35.0024,82.3809,-176.322,-131.54,173.238,222.112,
1.10134,1.25297,1.10885,1.35904,0,200,0,-9.37938,-6.81541,2.55581,5.28683,-10,-7.76338,9.92397,10,0,516.404,0,349.604,0,508.138,0,232.937,44.5907,22.6202,47.4959,15.6249,44.7594,22.2845,48.8831,10.5091,25.938,106.877,-21.852,-54.4151,29.1409,119.753,-82.7121,-153.751,10,6.95271e-310,1068.77,6.68183e-310,-544.151,1.4822e-323,1197.53,5.23261e-310,-1537.51,44.5907,1091.39,47.4959,-528.526,44.7594,1219.81,48.8831,-1527,-163.12,-118.529,44.449,91.9449,-179.775,-135.015,172.591,221.474,
1.09762,1.261,1.1081,1.35966,0,200,0,-9.74552,-7.18641,3.12079,5.85893,-10,-7.95374,9.85711,10,0,520.49,0,340.771,0,508.969,0,232.252,44.5063,22.7857,47.6198,15.243,44.7426,22.3182,48.8897,10.4786,27.078,111.828,-24.7161,-62.0398,29.3353,122.309,-83.2724,-152.849,10,6.95271e-310,1118.28,6.68183e-310,-620.398,1.4822e-323,1223.09,5.23261e-310,-1528.49,44.5063,1141.06,47.6198,-605.155,44.7426,1245.4,48.8897,-1518.01,-169.487,-124.981,54.2746,101.894,-183.068,-138.326,171.428,220.318,
1.09442,1.26899,1.10764,1.35996,0,200,0,-10,-7.53234,3.66771,6.41276,-10,-8.11837,9.76392,10,0,524.01,0,331.992,0,509.47,0,231.922,44.4332,22.9279,47.74,14.8625,44.7324,22.3386,48.8928,10.464,28.1013,116.448,-27.5718,-69.4199,29.4409,124.521,-83.506,-151.593,10,6.95271e-310,1164.48,6.68183e-310,-694.199,1.4822e-323,1245.21,5.23261e-310,-1515.93,44.4332,1187.41,47.74,-679.336,44.7324,1267.55,48.8928,-1505.47,-175.43,-130.997,63.7863,111.526,-185.921,-141.189,169.807,218.7,
1.0917,1.2762,1.10744,1.35997,0,200,0,-10,-7.83632,4.15703,6.90818,-10,-8.24866,9.66011,10,0,527.003,0,324.056,0,509.694,0,231.909,44.3707,23.0487,47.846,14.5177,44.7278,22.3477,48.8929,10.4634,28.9799,120.509,-30.1522,-76.0216,29.4601,126.275,-83.5543,-150.194,10,6.95271e-310,1205.09,6.68183e-310,-760.216,1.4822e-323,1262.75,5.23261e-310,-1501.94,44.3707,1228.14,47.846,-745.699,44.7278,1285.1,48.8929,-1491.47,-180.654,-136.284,72.2962,120.142,-188.183,-143.455,168.002,216.895,
1.08945,1.28343,1.10753,1.35962,0,200,0,-10,-8.11769,4.63445,7.39155,-10,-8.35354,9.52747,10,0,529.481,0,316.107,0,509.588,0,232.291,44.3186,23.1486,47.9496,14.1715,44.73,22.3434,48.8893,10.4804,29.7668,124.271,-32.7281,-82.462,29.4053,127.69,-83.2694,-148.406,10,6.95271e-310,1242.71,6.68183e-310,-824.62,1.4822e-323,1276.9,5.23261e-310,-1484.06,44.3186,1265.86,47.9496,-810.448,44.73,1299.24,48.8893,-1473.58,-185.496,-141.177,80.5991,128.549,-190.009,-145.279,165.695,214.584,
1.08757,1.28882,1.108,1.35881,0,200,0,-10,-8.33001,5.00137,7.76283,-10,-8.39783,9.38972,10,0,531.551,0,310.174,0,509.074,0,233.188,44.275,23.232,48.0254,13.9127,44.7404,22.3225,48.8807,10.5202,30.4156,127.107,-34.5611,-87.4108,29.2508,128.293,-82.9456,-146.55,10,6.95271e-310,1271.07,6.68183e-310,-874.108,1.4822e-323,1282.93,5.23261e-310,-1465.5,44.275,1294.31,48.0254,-860.196,44.7404,1305.25,48.8807,-1454.98,-189.145,-144.87,86.9803,135.006,-190.79,-146.049,163.3,212.18,
1.08605,1.29487,1.10901,1.35726,0,200,0,-10,-8.53558,5.40124,8.16749,-10,-8.40678,9.18651,10,0,533.225,0,303.517,0,507.967,0,234.888,44.2396,23.2994,48.1087,13.6218,44.7629,22.2775,48.8644,10.5958,31.0592,129.858,-36.5607,-92.8036,28.9905,128.427,-82.0947,-143.813,10,6.95271e-310,1298.58,6.68183e-310,-928.036,1.4822e-323,1284.27,5.23261e-310,-1438.13,44.2396,1321.88,48.1087,-914.414,44.7629,1306.54,48.8644,-1427.53,-192.684,-148.445,93.9346,142.043,-190.968,-146.205,159.765,208.63,
1.0849,1.29989,1.11087,1.35495,0,200,0,-10,-8.68793,5.73861,8.50876,-10,-8.33972,8.93455,10,0,534.49,0,297.994,0,505.924,0,237.433,44.2127,23.3502,48.1765,13.3801,44.8042,22.1943,48.8398,10.7088,31.6436,131.896,-37.9445,-97.3529,28.5684,127.547,-80.9854,-140.418,10,6.95271e-310,1318.96,6.68183e-310,-973.529,1.4822e-323,1275.47,5.23261e-310,-1404.18,44.2127,1342.31,48.1765,-960.149,44.8042,1297.67,48.8398,-1393.48,-195.307,-151.094,99.8019,147.978,-189.843,-145.039,155.383,204.223,
1.08408,1.30408,1.11324,1.35204,0,200,0,-10,-8.79553,6.0255,8.79884,-10,-8.21958,8.64892,10,0,535.387,0,293.393,0,503.313,0,240.636,44.1937,23.3863,48.232,13.1785,44.8567,22.0879,48.8084,10.851,32.1644,133.335,-38.9012,-101.221,28.0511,125.959,-79.6578,-136.571,10,6.95271e-310,1333.35,6.68183e-310,-1012.21,1.4822e-323,1259.59,5.23261e-310,-1365.71,44.1937,1356.74,48.232,-999.031,44.8567,1281.68,48.8084,-1354.86,-197.159,-152.966,104.791,153.023,-187.806,-142.949,150.416,199.224,
1.08354,1.30887,1.11607,1.34862,0,200,0,-10,-8.90112,6.34265,9.11959,-10,-8.07408,8.31202,10,0,535.98,0,288.12,0,500.202,0,244.393,44.1811,23.4101,48.2946,12.9471,44.919,21.961,48.771,11.0176,32.6724,134.751,-40.0064,-105.497,27.4429,124.035,-77.9562,-132.032,10,6.95271e-310,1347.51,6.68183e-310,-1054.97,1.4822e-323,1240.35,5.23261e-310,-1320.32,44.1811,1370.92,48.2946,-1042.02,44.919,1262.31,48.771,-1309.3,-198.983,-154.802,110.307,158.602,-185.338,-140.419,144.557,193.328,
1.08328,1.31266,1.11922,1.34483,0,200,0,-10,-8.96243,6.60002,9.37976,-10,-7.8885,7.96107,10,0,536.27,0,283.954,0,496.735,0,248.559,44.1749,23.4217,48.3433,12.7641,44.988,21.8193,48.7289,11.2022,33.1024,135.574,-40.6635,-108.966,26.777,121.574,-76.1809,-127.304,10,6.95271e-310,1355.74,6.68183e-310,-1089.66,1.4822e-323,1215.74,5.23261e-310,-1273.04,44.1749,1379.16,48.3433,-1076.9,44.988,1237.56,48.7289,-1261.84,-200.043,-155.868,114.783,163.126,-182.179,-137.191,138.453,187.182,
1.0833,1.31559,1.1229,1.34054,0,200,0,-10,-8.98073,6.80713,9.58902,-10,-7.65323,7.58004,10,0,536.244,0,280.724,0,492.688,0,253.278,44.1755,23.4207,48.3806,12.6221,45.068,21.6536,48.6804,11.4112,33.4694,135.821,-40.8631,-111.758,26.0194,118.451,-74.2668,-122.171,10,6.95271e-310,1358.21,6.68183e-310,-1117.58,1.4822e-323,1184.51,5.23261e-310,-1221.71,44.1755,1381.63,48.3806,-1104.96,45.068,1206.16,48.6804,-1210.29,-200.362,-156.187,118.385,166.766,-178.168,-133.1,131.827,180.507,
1.08366,1.31868,1.12691,1.33636,0,200,0,-10,-8.98976,7.00892,9.79304,-10,-7.40881,7.18896,9.98531,0,535.848,0,277.323,0,488.272,0,257.879,44.1839,23.4048,48.4194,12.4725,45.1545,21.4725,48.6323,11.6147,33.7614,135.947,-41.003,-114.478,25.2143,115.208,-72.2758,-116.901,10,6.95271e-310,1359.47,6.68183e-310,-1144.78,1.4822e-323,1152.08,5.23261e-310,-1169.01,44.1839,1382.88,48.4194,-1132.31,45.1545,1173.55,48.6323,-1157.4,-200.528,-156.344,121.894,170.314,-174.003,-128.849,125.025,173.658,
1.08451,1.32081,1.13147,1.33078,0,200,0,-10,-8.93048,7.16305,9.94868,-9.68988,-7.0879,6.7208,9.51338,0,534.912,0,274.99,0,483.263,0,264.022,44.2038,23.3672,48.4457,12.3698,45.2518,21.2666,48.5667,11.8861,33.9681,135.16,-40.7748,-116.555,24.294,110.941,-69.7365,-110.593,10,6.95271e-310,1351.6,6.68183e-310,-1165.55,1.4822e-323,1109.41,5.23261e-310,-1105.93,44.2038,1374.96,48.4457,-1153.18,45.2518,1130.68,48.5667,-1094.04,-199.516,-155.313,124.575,173.021,-168.52,-123.268,116.883,165.45,
1.08612,1.32295,1.13634,1.32528,0,200,0,-10,-8.8393,7.29285,10,-9.36373,-6.75582,6.24055,9.02933,0,533.146,0,272.63,0,477.897,0,270.073,44.2413,23.2962,48.4722,12.2658,45.355,21.0457,48.5005,12.1531,34.0062,133.952,-40.4717,-118.305,23.3459,106.527,-66.96,-104.121,10,6.95271e-310,1339.52,6.68183e-310,-1183.05,1.4822e-323,1065.27,5.23261e-310,-1041.21,44.2413,1362.82,48.4722,-1170.78,45.355,1086.32,48.5005,-1029.06,-197.968,-153.727,126.832,175.304,-162.848,-117.492,108.531,157.032,
1.08835,1.32446,1.14169,1.31946,0,200,0,-10,-8.69795,7.37186,10,-9.00061,-6.38626,5.73431,8.51898,0,530.694,0,270.969,0,472.018,0,276.466,44.2931,23.1975,48.4906,12.1926,45.4669,20.803,48.4291,12.4348,33.8942,132.077,-39.8221,-119.369,22.3297,101.614,-63.969,-97.2982,10,6.95271e-310,1320.77,6.68183e-310,-1193.69,1.4822e-323,1016.14,5.23261e-310,-972.982,44.2931,1343.97,48.4906,-1181.5,45.4669,1036.94,48.4291,-960.547,-195.562,-151.269,128.206,176.697,-156.532,-111.065,99.7271,148.156,
1.09098,1.32534,1.1473,1.31334,0,200,0,-10,-8.51563,7.40768,10,-8.6096,-5.98859,5.20883,7.98907,0,527.794,0,270.007,0,465.848,0,283.203,44.3541,23.0806,48.5013,12.1502,45.5828,20.5476,48.352,12.7311,33.6603,129.655,-38.9027,-119.852,21.2614,96.3243,-60.8514,-90.2155,10,6.95271e-310,1296.55,6.68183e-310,-1198.52,1.4822e-323,963.243,5.23261e-310,-902.155,44.3541,1319.63,48.5013,-1186.37,45.5828,983.791,48.352,-889.424,-192.452,-148.098,128.829,177.33,-149.732,-104.149,90.5883,138.94,
1.0941,1.32603,1.15322,1.30693,0,200,0,-10,-8.30199,7.42218,10,-8.19616,-5.5682,4.65535,7.43084,0,524.366,0,269.242,0,459.336,0,290.256,44.4258,22.9423,48.5097,12.1165,45.7037,20.2774,48.2694,13.0409,33.297,126.817,-37.8816,-120.047,20.1275,90.7321,-57.5329,-82.7545,10,6.95271e-310,1268.17,6.68183e-310,-1200.47,1.4822e-323,907.321,5.23261e-310,-827.545,44.4258,1291.11,48.5097,-1188.36,45.7037,927.599,48.2694,-814.504,-188.808,-144.382,129.081,177.591,-142.542,-96.8383,80.9626,129.232,
1.09767,1.32638,1.15992,1.3001,0,200,0,-10,-8.05114,7.40587,10,-7.73526,-5.09954,4.05481,6.82511,0,520.438,0,268.86,0,451.967,0,297.77,44.5074,22.7835,48.5139,12.0996,45.8385,19.9708,48.1792,13.3703,32.8043,123.484,-36.5258,-119.827,18.8414,84.4983,-54.0588,-74.6582,10,6.95271e-310,1234.84,6.68183e-310,-1198.27,1.4822e-323,844.983,5.23261e-310,-746.582,44.5074,1257.62,48.5139,-1186.17,45.8385,864.954,48.1792,-733.212,-184.527,-140.02,128.798,177.312,-134.526,-88.6877,70.5184,118.698,
1.10158,1.32644,1.16554,1.29303,0,200,0,-10,-7.77306,7.3749,10,-7.31031,-4.66819,3.4728,6.2376,0,516.14,0,268.794,0,445.784,0,305.547,44.5961,22.6095,48.5146,12.0967,45.95,19.7128,48.0835,13.7106,32.1693,119.787,-35.5843,-119.41,17.6904,78.7534,-50.3592,-66.8107,10,6.95271e-310,1197.87,6.68183e-310,-1194.1,1.4822e-323,787.534,5.23261e-310,-668.107,44.5961,1220.48,48.5146,-1182,45.95,807.247,48.0835,-654.396,-179.78,-135.184,128.259,176.774,-127.136,-81.1859,60.3965,108.48,
1.10583,1.32607,1.17185,1.28554,0,200,0,-10,-7.45972,7.31208,10,-6.8411,-4.19187,2.84717,5.60598,0,511.46,0,269.203,0,438.837,0,313.787,44.6919,22.4195,48.5101,12.1147,46.0736,19.4222,47.9794,14.0704,31.4046,115.62,-34.3116,-118.563,16.38,72.4104,-46.5737,-58.3739,10,6.95271e-310,1156.2,6.68183e-310,-1185.63,1.4822e-323,724.104,5.23261e-310,-583.739,44.6919,1178.62,48.5101,-1173.52,46.0736,743.526,47.9794,-569.669,-174.426,-129.734,127.167,175.677,-118.976,-72.9021,49.5159,97.4953,
1.11047,1.32529,1.17837,1.27776,0,200,0,-9.6881,-7.11237,7.21854,10,-6.35225,-3.69579,2.19891,4.95135,0,506.359,0,270.06,0,431.666,0,322.342,44.7954,22.212,48.5007,12.1525,46.1992,19.1214,47.8685,14.4431,30.4871,110.999,-32.9058,-117.303,14.9884,65.8029,-42.6919,-49.6308,10,6.95271e-310,1109.99,6.68183e-310,-1173.03,1.4822e-323,658.029,5.23261e-310,-496.308,44.7954,1132.21,48.5007,-1160.87,46.1992,677.15,47.8685,-481.865,-168.489,-123.693,125.54,174.041,-110.474,-64.2746,38.2419,86.1104,
1.11544,1.32343,1.18516,1.26981,0,200,0,-9.29851,-6.71645,7.05595,9.84344,-5.835,-3.17115,1.54429,4.29005,0,500.888,0,272.103,0,424.204,0,331.082,44.9053,21.989,48.478,12.2426,46.3279,18.8076,47.7523,14.823,29.3937,105.728,-31.0626,-115.111,13.5079,58.8129,-38.8841,-40.8007,10,6.95271e-310,1057.28,6.68183e-310,-1151.11,1.4822e-323,588.129,5.23261e-310,-408.007,44.9053,1079.27,48.478,-1138.87,46.3279,606.936,47.7523,-393.184,-161.713,-116.808,122.712,171.19,-101.478,-55.1504,26.8573,74.6095,
1.12088,1.32099,1.19281,1.26174,0,200,0,-8.86964,-6.28074,6.84167,9.62743,-5.27202,-2.59996,0.857077,3.59586,0,494.903,0,274.792,0,415.781,0,339.967,45.0243,21.7443,48.448,12.361,46.4706,18.4523,47.631,15.2082,28.1044,99.9259,-28.7563,-112.223,11.8389,51.2051,-35.1308,-31.5297,10,6.95271e-310,999.259,6.68183e-310,-1122.23,1.4822e-323,512.051,5.23261e-310,-315.297,45.0243,1021,48.448,-1109.87,46.4706,530.503,47.631,-300.089,-154.255,-109.23,118.986,167.434,-91.6873,-45.2167,14.9057,62.5367,
1.12658,1.31805,1.19938,1.25348,0,200,0,-8.41245,-5.81648,6.60248,9.38614,-4.74561,-2.06664,0.194423,2.92589,0,488.641,0,278.022,0,408.557,0,349.05,45.1473,21.4876,48.4115,12.5032,46.5907,18.1467,47.5038,15.601,26.6551,93.7418,-26.7835,-109,10.2627,44.0939,-31.2423,-22.5883,10,6.95271e-310,937.418,6.68183e-310,-1090,1.4822e-323,440.939,5.23261e-310,-225.883,45.1473,958.906,48.4115,-1077.49,46.5907,459.086,47.5038,-210.282,-146.303,-101.156,114.826,163.237,-82.5323,-35.9415,3.38126,50.885,
1.13269,1.31472,1.20691,1.24366,0,200,0,-7.89901,-5.29554,6.34753,9.12878,-4.13872,-1.45198,-0.588373,2.13416,0,481.918,0,281.687,0,400.278,0,359.847,45.2778,21.2113,48.3695,12.6645,46.726,17.7956,47.3484,16.0665,24.9437,86.7987,-24.6263,-105.563,8.32267,35.8969,-26.9693,-12.0239,10,6.95271e-310,867.987,6.68183e-310,-1055.63,1.4822e-323,358.969,5.23261e-310,-120.239,45.2778,889.198,48.3695,-1042.97,46.726,376.765,47.3484,-104.172,-137.374,-92.0963,110.392,158.761,-71.9778,-25.2518,-10.2326,37.1158,
1.13926,1.311,1.21473,1.23526,0,200,0,-7.37966,-4.76823,6.02805,8.80658,-3.55169,-0.857024,-1.30236,1.41231,0,474.694,0,285.773,0,391.67,0,369.088,45.4161,20.9135,48.3221,12.8441,46.8638,17.4294,47.2117,16.4637,23.0717,79.7749,-22.1056,-101.257,6.39835,27.968,-23.2033,-2.38735,10,6.95271e-310,797.749,6.68183e-310,-1012.57,1.4822e-323,279.68,5.23261e-310,-23.8735,45.4161,818.662,48.3221,-999.725,46.8638,297.109,47.2117,-7.40983,-128.342,-82.9258,104.836,153.158,-61.7686,-14.9048,-22.6498,24.562,
1.14614,1.30693,1.22301,1.22545,0,200,0,-6.81209,-4.19245,5.69854,8.47404,-2.91085,-0.207975,-2.11397,0.591282,0,467.127,0,290.256,0,382.56,0,379.884,45.5589,20.6006,48.2694,13.0409,47.0065,17.0407,47.0479,16.9263,20.9223,72.1009,-19.6064,-96.8149,4.1663,19.3141,-19.1208,8.56896,10,6.95271e-310,721.009,6.68183e-310,-968.149,1.4822e-323,193.141,5.23261e-310,85.6896,45.5589,741.61,48.2694,-955.109,47.0065,210.182,47.0479,102.616,-118.471,-72.9122,99.1051,147.375,-50.6235,-3.61695,-36.7647,10.2832,
1.15351,1.30263,1.23162,1.21581,0,200,0,-6.22072,-3.59242,5.33304,8.10528,-2.26209,0.44912,-2.93161,-0.235864,0,459.02,0,294.988,0,373.095,0,390.483,45.7095,20.2643,48.2129,13.2484,47.1514,16.6356,46.8826,17.3788,18.5351,64.1056,-17.0164,-91.8875,1.80662,10.5543,-15.1451,19.6082,10,6.95271e-310,641.056,6.68183e-310,-918.875,1.4822e-323,105.543,5.23261e-310,196.082,45.7095,661.321,48.2129,-905.626,47.1514,122.178,46.8826,213.46,-108.186,-62.477,92.7486,140.961,-39.3407,7.81078,-50.9846,-4.10198,
1.16197,1.29783,1.24044,1.20652,0,200,0,-5.57753,-2.93947,4.89553,7.66409,-1.60937,1.11017,-3.74321,-1.05685,0,449.713,0,300.261,0,363.393,0,400.7,45.8793,19.8768,48.1488,13.4794,47.2963,16.219,46.7192,17.8135,15.7967,55.4094,-14.3266,-85.9889,-0.64677,1.74224,-11.1173,30.5669,10,6.95271e-310,554.094,6.68183e-310,-859.889,1.4822e-323,17.4224,5.23261e-310,305.669,45.8793,573.971,48.1488,-846.41,47.2963,33.6414,46.7192,323.482,-97.0005,-51.1211,85.1397,133.289,-27.989,19.3073,-65.0992,-18.3801,
1.16982,1.29282,1.24991,1.19634,0,200,0,-4.93823,-2.29128,4.47237,7.23701,-0.912337,1.81591,-4.62303,-1.94725,0,441.078,0,305.771,0,352.979,0,411.905,46.0339,19.516,48.0807,13.7204,47.4478,15.7705,46.5353,18.2885,12.9159,46.769,-11.5218,-80.2831,-3.44034,-7.66634,-7.3925,42.4492,10,6.95271e-310,467.69,6.68183e-310,-802.831,1.4822e-323,-76.6634,5.23261e-310,424.492,46.0339,487.206,48.0807,-789.11,47.4478,-60.8928,46.5353,442.78,-85.8822,-39.8483,77.7803,125.861,-15.8667,31.581,-80.4006,-33.8653,
1.17757,1.2875,1.25844,1.18801,0,200,0,-4.3297,-1.67412,4.00533,6.76573,-0.294922,2.44096,-5.36204,-2.69511,0,432.549,0,311.625,0,343.592,0,421.067,46.1839,19.1585,48.007,13.976,47.5806,15.3651,46.3813,18.6754,10.0749,38.5447,-8.75007,-73.9851,-5.97306,-15.999,-4.28638,52.4306,10,6.95271e-310,385.447,6.68183e-310,-739.851,1.4822e-323,-159.99,5.23261e-310,524.306,46.1839,404.605,48.007,-725.875,47.5806,-144.624,46.3813,542.982,-75.2991,-29.1152,69.6578,117.665,-5.12908,42.4515,-93.2528,-46.8715,
1.18554,1.28174,1.26652,1.17813,0,200,0,-3.67223,-1.00796,3.53652,6.29225,0.338272,3.0812,-6.17871,-3.52251,0,423.783,0,317.965,0,334.707,0,431.929,46.3351,18.7899,47.9256,14.2525,47.7032,14.9803,46.1947,19.1325,6.88993,29.6614,-6.3401,-67.6626,-8.77027,-24.5423,-0.791804,63.4645,10,6.95271e-310,296.614,6.68183e-310,-676.626,1.4822e-323,-245.423,5.23261e-310,634.645,46.3351,315.404,47.9256,-662.374,47.7032,-230.443,46.1947,653.778,-63.8648,-17.5297,61.5048,109.43,5.883,53.5862,-107.456,-61.2611,
1.19304,1.27546,1.27437,1.17051,0,200,0,-3.06543,-0.393134,3.00908,5.7596,0.918596,3.6682,-6.84117,-4.19343,0,415.53,0,324.873,0,326.073,0,440.314,46.4748,18.4417,47.8352,14.5532,47.8193,14.6054,46.0475,19.484,3.85632,21.4636,-3.53505,-60.5486,-11.3555,-32.3716,1.73954,72.4152,10,6.95271e-310,214.636,6.68183e-310,-605.486,1.4822e-323,-323.716,5.23261e-310,724.152,46.4748,233.077,47.8352,-590.933,47.8193,-309.11,46.0475,743.636,-53.3119,-6.83712,52.3319,100.167,15.9756,63.7949,-118.977,-72.9293,
1.20235,1.26949,1.28116,1.16251,0,200,0,-2.38605,0.296009,2.45928,5.20476,1.4537,4.20895,-7.52593,-4.88726,0,405.287,0,331.438,0,318.598,0,449.12,46.6445,18.0082,47.7475,14.8384,47.9174,14.2801,45.89,19.8521,0.40173,12.2842,-1.59321,-53.1329,-13.9313,-39.5894,5.14545,81.6689,10,6.95271e-310,122.842,6.68183e-310,-531.329,1.4822e-323,-395.894,5.23261e-310,816.689,46.6445,140.85,47.7475,-516.49,47.9174,-381.614,45.89,836.541,-41.4965,5.14798,42.7702,90.5176,25.2818,73.1992,-130.886,-84.9958,
1.21103,1.26153,1.28912,1.15476,0,200,0,-1.69242,0.998515,1.79255,4.53116,2.05932,4.82102,-8.18639,-5.55663,0,395.743,0,340.191,0,309.845,0,457.636,46.799,17.6028,47.6279,15.2179,48.0295,13.8984,45.735,20.2067,-3.26255,2.91607,1.42374,-44.1381,-16.8813,-47.7573,7.63421,90.5953,10,6.95271e-310,29.1607,6.68183e-310,-441.381,1.4822e-323,-477.573,5.23261e-310,905.953,46.799,46.7635,47.6279,-426.163,48.0295,-463.675,45.735,926.16,-29.4335,17.3655,31.1749,78.8027,35.8143,83.8438,-142.372,-96.637,
1.2188,1.25389,1.29543,1.14743,0,200,0,-1.05306,1.64566,1.17785,3.90968,2.58083,5.34752,-8.77065,-6.14948,0,387.201,0,348.602,0,302.898,0,465.703,46.9342,17.2388,47.5101,15.5816,48.1163,13.5947,45.5855,20.5416,-6.72461,-5.71749,3.87207,-35.8437,-19.6121,-54.7897,9.95917,98.4946,10,6.95271e-310,-57.1749,6.68183e-310,-358.437,1.4822e-323,-547.897,5.23261e-310,984.946,46.9342,-39.9361,47.5101,-342.855,48.1163,-534.302,45.5855,1005.49,-18.3141,28.6202,20.4843,67.9945,44.8841,93.0004,-152.533,-106.948,
1.22837,1.24608,1.30302,1.14002,0,200,0,-0.341163,2.36692,0.483486,3.20825,3.15372,5.92626,-9.41781,-6.80546,0,376.668,0,357.184,0,294.553,0,473.85,47.0972,16.7886,47.3871,15.9518,48.2181,13.2293,45.4322,20.8787,-10.7356,-15.3307,6.35175,-26.4742,-22.7153,-62.5141,12.4921,107.243,10,6.95271e-310,-153.307,6.68183e-310,-264.742,1.4822e-323,-625.141,5.23261e-310,1072.43,47.0972,-136.519,47.3871,-248.791,48.2181,-611.911,45.4322,1093.31,-5.93326,41.1639,8.40846,55.7956,54.8472,103.065,-163.788,-118.356,
1.23726,1.23807,1.3091,1.13439,0,200,0,0.311023,3.02759,-0.224102,2.49322,3.63224,6.40935,-9.90004,-7.29449,0,366.886,0,366.003,0,287.869,0,480.046,47.2446,16.3692,47.2577,16.3312,48.2976,12.9361,45.3138,21.1342,-14.4144,-24.1362,8.66071,-16.925,-25.4327,-68.9652,14.552,113.763,10,6.95271e-310,-241.362,6.68183e-310,-169.25,1.4822e-323,-689.652,5.23261e-310,1137.63,47.2446,-224.993,47.2577,-152.919,48.2976,-676.716,45.3138,1158.76,5.40909,52.6537,-3.89743,43.3603,63.1694,111.467,-172.175,-126.861,
1.24548,1.23008,1.31607,1.12859,0,200,0,0.93195,3.65616,-0.918636,1.7911,4.14807,6.9303,-10,-7.8129,0,357.843,0,374.783,0,280.197,0,486.426,47.3776,15.9802,47.1259,16.7079,48.3866,12.5989,45.1905,21.3967,-18.1431,-32.5179,11.1707,-7.55044,-28.4141,-75.9185,16.1148,120.676,10,6.95271e-310,-325.179,6.68183e-310,-75.5044,1.4822e-323,-759.185,5.23261e-310,1206.76,47.3776,-309.199,47.1259,-58.7965,48.3866,-746.586,45.1905,1228.16,16.2078,63.5854,-15.9763,31.1496,72.1404,120.527,-181.067,-135.876,
1.25546,1.22213,1.32221,1.12281,0,200,0,1.61899,4.35223,-1.6584,1.04361,4.62349,7.41011,-10,-8.33017,0,346.875,0,383.536,0,273.448,0,492.78,47.5345,15.507,46.9914,17.0824,48.463,12.3018,45.0661,21.6574,-22.2298,-41.7915,12.9892,2.43489,-31.4273,-82.3262,18.3216,127.574,10,6.95271e-310,-417.915,6.68183e-310,24.3489,1.4822e-323,-823.262,5.23261e-310,1275.74,47.5345,-402.408,46.9914,41.4313,48.463,-810.96,45.0661,1297.39,28.1564,75.6909,-28.8417,18.1497,80.4085,128.872,-189.939,-144.873,
1.26337,1.21436,1.32814,1.11858,0,200,0,2.18331,4.92351,-2.35462,0.339678,5.06056,7.85133,-10,-8.71989,0,338.174,0,392.078,0,266.922,0,497.434,47.6557,15.1306,46.8573,17.4468,48.5352,12.0141,44.9741,21.8478,-25.7332,-49.4068,15.1247,11.8343,-34.1743,-88.2163,19.4875,132.772,10,6.95271e-310,-494.068,6.68183e-310,118.343,1.4822e-323,-882.163,5.23261e-310,1327.72,47.6557,-478.938,46.8573,135.789,48.5352,-870.149,44.9741,1349.56,37.9705,85.6262,-40.9499,5.90745,88.0097,136.545,-196.624,-151.65,
1.27257,1.20692,1.33365,1.11463,0,200,0,2.78297,5.53107,-3.07267,-0.385911,5.46619,8.26073,-10,-9.10416,0,328.05,0,400.265,0,260.858,0,501.784,47.7929,14.6913,46.7262,17.795,48.6006,11.7464,44.8874,22.0255,-29.4217,-57.4986,16.7097,21.5283,-36.9187,-93.6821,21.0392,137.899,10,6.95271e-310,-574.986,6.68183e-310,215.283,1.4822e-323,-936.821,5.23261e-310,1378.99,47.7929,-560.294,46.7262,233.078,48.6006,-925.075,44.8874,1401.02,48.3996,96.1925,-53.4377,-6.7115,95.0642,143.665,-203.221,-158.333,
1.28047,1.1997,1.33825,1.11103,0,200,0,3.31596,6.07064,-3.7352,-1.0559,5.82477,8.62239,-10,-9.42674,0,319.363,0,408.201,0,255.796,0,505.739,47.9075,14.3134,46.5966,18.1316,48.6542,11.5226,44.8079,22.1868,-32.7747,-64.6888,18.1493,30.4747,-39.473,-98.5135,22.2842,142.2,10,6.95271e-310,-646.888,6.68183e-310,304.747,1.4822e-323,-985.135,5.23261e-310,1422,47.9075,-632.575,46.5966,322.878,48.6542,-973.613,44.8079,1444.19,57.6688,105.576,-64.96,-18.3634,101.3,149.955,-208.751,-163.943,
1.28808,1.19253,1.34331,1.1085,0,200,0,3.81,6.57087,-4.41526,-1.74351,6.18281,8.98374,-10,-9.69012,0,310.992,0,416.097,0,250.233,0,508.521,48.015,13.9484,46.4652,18.4657,48.7118,11.2764,44.7516,22.3,-35.9603,-71.3529,19.7866,39.6582,-41.9778,-103.337,23.0333,145.717,10,6.95271e-310,-713.529,6.68183e-310,396.582,1.4822e-323,-1033.37,5.23261e-310,1457.17,48.015,-699.58,46.4652,415.047,48.7118,-1022.09,44.7516,1479.47,66.2609,114.276,-76.7871,-30.3219,107.527,156.239,-213.276,-168.524,
1.29552,1.18566,1.34739,1.10598,0,200,0,4.28943,7.05619,-5.06017,-2.39577,6.49439,9.29794,-10,-9.92981,0,302.805,0,423.651,0,245.751,0,511.302,48.1175,13.5907,46.3373,18.7843,48.7574,11.0778,44.6951,22.4131,-39.0405,-77.8187,21.0008,48.3682,-44.356,-107.534,23.9567,148.915,10,6.95271e-310,-778.187,6.68183e-310,483.682,1.4822e-323,-1075.34,5.23261e-310,1489.15,48.1175,-764.596,46.3373,502.466,48.7574,-1064.27,44.6951,1511.56,74.5988,122.716,-88.003,-41.6657,112.946,161.703,-217.387,-172.692,
1.30252,1.17874,1.35084,1.10424,0,200,0,4.73458,7.50674,-5.70403,-3.04716,6.76866,9.57439,-10,-10,0,295.107,0,431.257,0,241.954,0,513.214,48.2114,13.2536,46.2064,19.1043,48.7953,10.9095,44.6561,22.4907,-41.8873,-83.8212,22.1651,57.065,-46.5509,-111.229,24.6903,151.101,10,6.95271e-310,-838.212,6.68183e-310,570.65,1.4822e-323,-1112.29,5.23261e-310,1511.01,48.2114,-824.959,46.2064,589.754,48.7953,-1101.38,44.6561,1533.5,82.3406,130.552,-99.2005,-52.9942,117.716,166.511,-220.199,-175.543,
1.3091,1.17207,1.35375,1.10288,0,200,0,5.14872,7.92583,-6.32233,-3.67286,7.01093,9.81848,-10,-10,0,287.869,0,438.6,0,238.751,0,514.703,48.2976,12.9361,46.0778,19.4123,48.8269,10.7673,44.6256,22.5512,-44.5376,-89.4047,23.1747,65.4176,-48.6004,-114.492,25.3482,152.74,10,6.95271e-310,-894.047,6.68183e-310,654.176,1.4822e-323,-1144.92,5.23261e-310,1527.4,48.2976,-881.111,46.0778,673.589,48.8269,-1134.16,44.6256,1549.95,89.543,137.841,-109.954,-63.8758,121.929,170.756,-222.306,-177.681,
1.31528,1.1656,1.35598,1.10185,0,200,0,5.53565,8.3173,-6.91473,-4.27254,7.2172,10,-10,-10,0,281.067,0,445.719,0,236.299,0,515.837,48.3767,12.6372,45.9512,19.7101,48.8508,10.6584,44.6023,22.5972,-46.9947,-94.6206,24.0048,73.4214,-50.4894,-117.271,25.9937,153.824,10,6.95271e-310,-946.206,6.68183e-310,734.214,1.4822e-323,-1172.71,5.23261e-310,1538.24,48.3767,-933.569,45.9512,753.924,48.8508,-1162.05,44.6023,1560.83,96.2721,144.649,-120.256,-74.305,125.517,174.367,-223.699,-179.097,
1.32115,1.15915,1.3582,1.10116,0,200,0,5.90022,8.6861,-7.50364,-4.86881,7.41772,10,-10,-10,0,274.608,0,452.811,0,233.86,0,516.602,48.45,12.3529,45.8232,20.0059,48.8743,10.5501,44.5866,22.6282,-49.3468,-99.5344,24.8648,81.379,-52.3483,-119.972,26.4599,154.559,10,6.95271e-310,-995.344,6.68183e-310,813.79,1.4822e-323,-1199.72,5.23261e-310,1545.59,48.45,-982.991,45.8232,833.796,48.8743,-1189.17,44.5866,1568.22,102.613,151.063,-130.498,-84.675,129.004,177.878,-224.644,-180.057,
1.32668,1.15312,1.35981,1.1007,0,200,0,6.23748,9.02724,-8.05364,-5.42579,7.58339,10,-10,-10,0,268.531,0,459.442,0,232.081,0,517.103,48.5175,12.0851,45.7017,20.2818,48.8913,10.471,44.5763,22.6485,-51.4939,-104.079,25.509,88.8114,-54.0284,-122.203,26.958,154.912,10,6.95271e-310,-1040.79,6.68183e-310,888.114,1.4822e-323,-1222.03,5.23261e-310,1549.12,48.5175,-1028.71,45.7017,908.396,48.8913,-1211.56,44.5763,1571.77,108.478,156.995,-140.063,-94.3615,131.885,180.776,-225.097,-180.521,
1.33181,1.14742,1.36107,1.10055,0,200,0,6.54596,9.33925,-8.5735,-5.95234,7.725,10,-10,-10,0,262.888,0,465.717,0,230.696,0,517.274,48.5789,11.836,45.5853,20.5422,48.9044,10.4095,44.5728,22.6554,-53.4449,-108.236,26.0528,95.8373,-55.56,-124.111,27.3957,154.886,10,6.95271e-310,-1082.36,6.68183e-310,958.373,1.4822e-323,-1241.11,5.23261e-310,1548.86,48.5789,-1070.53,45.5853,978.915,48.9044,-1230.7,44.5728,1571.52,113.843,162.422,-149.104,-103.519,134.348,183.252,-225.063,-180.49,
1.33659,1.14248,1.36197,1.10073,0,200,0,6.81931,9.61582,-9.03732,-6.42203,7.83387,10,-10,-10,0,257.628,0,471.148,0,229.708,0,517.076,48.6349,11.6036,45.4833,20.767,48.9138,10.3655,44.5768,22.6474,-55.1231,-111.919,26.3893,102.106,-56.853,-125.578,27.8287,154.584,10,6.95271e-310,-1119.19,6.68183e-310,1021.06,1.4822e-323,-1255.78,5.23261e-310,1545.84,48.6349,-1107.58,45.4833,1041.83,48.9138,-1245.41,44.5768,1568.48,118.597,167.232,-157.171,-111.688,136.241,185.155,-224.674,-180.097,
1.34101,1.13806,1.36253,1.10134,0,200,0,7.06045,9.85988,-9.46277,-6.85279,7.91411,10,-10,-10,0,252.764,0,476.012,0,229.088,0,516.404,48.6858,11.3884,45.391,20.9679,48.9196,10.338,44.5907,22.6202,-56.5451,-115.167,26.6147,107.856,-57.9257,-126.659,28.2058,153.859,10,6.95271e-310,-1151.67,6.68183e-310,1078.56,1.4822e-323,-1266.59,5.23261e-310,1538.59,48.6858,-1140.28,45.391,1099.53,48.9196,-1256.25,44.5907,1561.21,122.79,171.476,-164.57,-119.179,137.637,186.556,-223.742,-179.151,
1.34491,1.13424,1.36297,1.1027,0,200,0,7.25493,10,-9.84919,-7.24383,7.96783,10,-10,-10,0,248.48,0,480.217,0,228.613,0,514.901,48.7298,11.1987,45.3105,21.1413,48.924,10.3169,44.6215,22.5592,-57.6152,-117.787,26.8456,113.078,-58.7165,-127.382,28.3757,152.501,10,6.95271e-310,-1177.87,6.68183e-310,1130.78,1.4822e-323,-1273.82,5.23261e-310,1525.01,48.7298,-1166.67,45.3105,1151.92,48.924,-1263.51,44.6215,1547.57,126.173,174.902,-171.29,-125.98,138.571,187.495,-221.997,-177.376,
1.3483,1.13077,1.36304,1.10491,0,200,0,7.40767,10,-10,-7.61,7.98879,10,-10,-10,0,244.749,0,484.027,0,228.534,0,512.475,48.7675,11.0334,45.2371,21.2981,48.9248,10.3134,44.6712,22.4608,-58.342,-119.843,27.0976,117.969,-59.2116,-127.665,28.3641,150.291,10,6.95271e-310,-1198.43,6.68183e-310,1179.69,1.4822e-323,-1276.65,5.23261e-310,1502.91,48.7675,-1187.4,45.2371,1200.99,48.9248,-1266.33,44.6712,1525.37,128.829,177.596,-177.585,-132.348,138.936,187.86,-219.157,-174.486,
1.35127,1.12792,1.36281,1.1077,0,200,0,7.52267,10,-10,-7.93303,7.97825,10,-10,-9.82727,0,241.48,0,487.165,0,228.785,0,509.404,48.8,10.8884,45.1761,21.427,48.9224,10.3245,44.7337,22.3359,-58.7535,-121.391,27.2833,122.286,-59.4208,-127.523,28.2555,147.555,10,6.95271e-310,-1213.91,6.68183e-310,1222.86,1.4822e-323,-1275.23,5.23261e-310,1475.55,48.8,-1203.03,45.1761,1244.29,48.9224,-1264.9,44.7337,1497.89,130.829,179.629,-183.142,-137.966,138.752,187.675,-215.643,-170.909,
1.35382,1.12538,1.3622,1.1109,0,200,0,7.60918,10,-10,-8.22733,7.94101,10,-10,-9.58519,0,238.672,0,489.959,0,229.457,0,505.884,48.8277,10.7638,45.1215,21.5417,48.9161,10.3544,44.805,22.1927,-58.9329,-122.556,27.4391,126.22,-59.415,-127.021,28.0778,144.334,10,6.95271e-310,-1225.56,6.68183e-310,1262.2,1.4822e-323,-1270.21,5.23261e-310,1443.34,48.8277,-1214.79,45.1215,1283.75,48.9161,-1259.86,44.805,1465.54,132.334,181.161,-188.205,-143.084,138.105,187.021,-211.504,-166.699,
1.35588,1.12378,1.36094,1.11459,0,200,0,7.65315,10,-10,-8.44802,7.85343,10,-10,-9.30626,0,236.404,0,491.713,0,230.841,0,501.824,48.8497,10.6631,45.0871,21.6136,48.903,10.4159,44.8866,22.0271,-58.7225,-123.147,27.3902,129.175,-59.0071,-125.842,27.9305,140.623,10,6.95271e-310,-1231.47,6.68183e-310,1291.75,1.4822e-323,-1258.42,5.23261e-310,1406.23,48.8497,-1220.8,45.0871,1313.36,48.903,-1248.01,44.8866,1428.26,133.098,181.948,-192.009,-146.922,136.581,185.484,-206.735,-161.848,
1.35763,1.12237,1.35904,1.1188,0,200,0,7.67454,10,-10,-8.65012,7.72837,10,-10,-8.9754,0,234.48,0,493.268,0,232.937,0,497.197,48.8683,10.5776,45.0565,21.6774,48.8831,10.5091,44.9788,21.8381,-58.2871,-123.434,27.2725,131.88,-58.3512,-124.158,27.7648,136.218,10,6.95271e-310,-1234.34,6.68183e-310,1318.8,1.4822e-323,-1241.58,5.23261e-310,1362.18,48.8683,-1223.76,45.0565,1340.48,48.8831,-1231.07,44.9788,1384.02,133.47,182.339,-195.493,-150.437,134.407,183.29,-201.073,-156.094,
1.35895,1.12127,1.35658,1.12339,0,200,0,7.66856,10,-10,-8.82028,7.56945,10,-10,-8.60492,0,233.03,0,494.481,0,235.64,0,492.148,48.8822,10.5132,45.0326,21.727,48.8571,10.6292,45.0786,21.6315,-57.6232,-123.352,27.0953,134.159,-57.4521,-122.018,27.564,131.284,10,6.95271e-310,-1233.52,6.68183e-310,1341.59,1.4822e-323,-1220.18,5.23261e-310,1312.84,48.8822,-1223.01,45.0326,1363.32,48.8571,-1209.55,45.0786,1334.47,133.366,182.248,-198.429,-153.396,131.643,180.5,-194.729,-149.651,
1.35996,1.12062,1.35369,1.12827,0,200,0,7.63899,10,-10,-8.95221,7.37965,10,-10,-8.20898,0,231.922,0,495.193,0,238.817,0,486.782,48.8928,10.464,45.0185,21.7562,48.8262,10.7702,45.1836,21.4113,-56.7586,-122.953,26.8143,135.929,-56.3286,-119.462,27.3577,126.01,10,6.95271e-310,-1229.53,6.68183e-310,1359.29,1.4822e-323,-1194.62,5.23261e-310,1260.1,48.8928,-1219.06,45.0185,1381.05,48.8262,-1183.85,45.1836,1281.51,132.852,181.745,-200.709,-155.691,128.342,177.168,-187.948,-142.765,
1.36063,1.12015,1.35074,1.13353,0,200,0,7.58647,10,-10,-9.0701,7.17709,9.98276,-10,-7.78589,0,231.184,0,495.707,0,242.06,0,480.995,48.8998,10.4312,45.0084,21.7772,48.7943,10.9141,45.2956,21.1733,-55.754,-122.244,26.5979,137.512,-55.0768,-116.734,26.9893,120.375,10,6.95271e-310,-1222.44,6.68183e-310,1375.12,1.4822e-323,-1167.34,5.23261e-310,1203.75,48.8998,-1212.01,45.0084,1396.9,48.7943,-1156.42,45.2956,1224.92,131.939,180.838,-202.749,-157.741,124.819,173.613,-180.702,-135.407,
1.36105,1.11993,1.3467,1.13915,0,200,0,7.5172,10,-10,-9.15782,6.91914,9.72226,-9.92168,-7.31038,0,230.723,0,495.958,0,246.502,0,474.813,48.9042,10.4107,45.0034,21.7875,48.7498,11.1111,45.4139,20.9184,-54.5475,-121.31,26.1532,138.692,-53.5301,-113.26,26.7395,114.037,10,6.95271e-310,-1213.1,6.68183e-310,1386.92,1.4822e-323,-1132.6,5.23261e-310,1140.37,48.9042,-1202.69,45.0034,1408.7,48.7498,-1121.49,45.4139,1161.29,130.734,179.638,-204.27,-159.266,120.333,169.083,-172.551,-127.137,
1.36119,1.12,1.34269,1.14512,0,200,0,7.42574,10,-10,-9.22579,6.64915,9.44968,-9.43426,-6.81583,0,230.565,0,495.878,0,250.918,0,468.248,48.9057,10.4036,45.005,21.7842,48.7048,11.3067,45.5379,20.647,-53.2167,-120.077,25.744,139.609,-51.8617,-109.623,26.3276,107.447,10,6.95271e-310,-1200.77,6.68183e-310,1396.09,1.4822e-323,-1096.23,5.23261e-310,1074.47,48.9057,-1190.37,45.005,1417.87,48.7048,-1084.92,45.5379,1095.11,129.143,178.049,-205.453,-160.449,115.637,164.342,-164.074,-118.536,
1.36102,1.12044,1.33834,1.15146,0,200,0,7.31015,10,-10,-9.26394,6.35059,9.14826,-8.91747,-6.29157,0,230.749,0,495.391,0,255.704,0,461.274,48.9039,10.4118,45.0146,21.7643,48.6552,11.5185,45.6679,20.3579,-51.7205,-118.52,25.2755,140.128,-49.996,-105.601,25.8289,100.46,10,6.95271e-310,-1185.2,6.68183e-310,1401.28,1.4822e-323,-1056.01,5.23261e-310,1004.6,48.9039,-1174.78,45.0146,1423.05,48.6552,-1044.49,45.6679,1024.96,127.133,176.037,-206.127,-161.112,110.445,159.1,-155.086,-109.419,
1.36051,1.12156,1.33362,1.15802,0,200,0,7.16657,9.97823,-10,-9.2485,6.01868,8.81319,-8.38505,-5.75152,0,231.316,0,494.165,0,260.898,0,454.05,48.8986,10.437,45.0389,21.7141,48.6002,11.7481,45.8006,20.0575,-50.0302,-116.585,24.6643,139.935,-47.8969,-101.129,25.3064,93.2625,10,6.95271e-310,-1165.85,6.68183e-310,1399.35,1.4822e-323,-1011.29,5.23261e-310,932.625,48.8986,-1155.41,45.0389,1421.06,48.6002,-999.539,45.8006,952.682,124.636,173.534,-205.882,-160.844,104.673,153.273,-145.827,-100.026,
1.35938,1.12325,1.32862,1.1649,0,200,0,6.98383,9.79482,-10,-9.18134,5.65791,8.44901,-7.82918,-5.18778,0,232.555,0,492.306,0,266.395,0,446.483,48.8868,10.4921,45.0755,21.6379,48.5409,11.9908,45.9375,19.742,-48.1239,-114.123,24.0281,139.051,-45.5696,-96.2675,24.6337,85.7488,10,6.95271e-310,-1141.23,6.68183e-310,1390.51,1.4822e-323,-962.675,5.23261e-310,857.488,48.8868,-1130.74,45.0755,1412.15,48.5409,-950.684,45.9375,877.23,121.458,170.345,-204.751,-159.676,98.3984,146.939,-136.16,-90.2222,
1.35754,1.12563,1.32339,1.17226,0,200,0,6.75207,9.56194,-10,-9.05581,5.26443,8.05189,-7.24208,-4.5924,0,234.585,0,489.683,0,272.142,0,438.389,48.8673,10.5823,45.127,21.5304,48.4776,12.2443,46.0815,19.4034,-45.9526,-111,23.3938,137.39,-42.9745,-90.9649,23.7344,77.8138,10,6.95271e-310,-1110,6.68183e-310,1373.9,1.4822e-323,-909.649,5.23261e-310,778.138,48.8673,-1099.42,45.127,1395.43,48.4776,-897.404,46.0815,797.541,117.427,166.295,-202.619,-157.492,91.5553,140.033,-125.949,-79.8678,
1.35512,1.12885,1.31807,1.17997,0,200,0,6.47625,9.28464,-10,-8.86579,4.84223,7.62591,-6.64092,-3.98272,0,237.248,0,486.136,0,277.996,0,429.912,48.8416,10.7006,45.1961,21.3848,48.4118,12.5021,46.2297,19.0478,-43.5555,-107.285,22.7069,134.87,-40.1525,-85.2747,22.657,69.6893,10,6.95271e-310,-1072.85,6.68183e-310,1348.7,1.4822e-323,-852.747,5.23261e-310,696.893,48.8416,-1062.15,45.1961,1370.09,48.4118,-840.244,46.2297,715.941,112.63,161.472,-199.384,-154.188,84.2128,132.625,-115.494,-69.2647,
1.35211,1.13214,1.31256,1.1883,0,200,0,6.16431,8.97083,-10,-8.66514,4.39605,7.17572,-5.99027,-3.32303,0,240.557,0,482.524,0,284.06,0,420.751,48.8091,10.8475,45.2661,21.2363,48.3421,12.7688,46.3867,18.6621,-41.0358,-103.082,22.1388,132.208,-37.1958,-79.2606,21.2361,60.8973,10,6.95271e-310,-1030.82,6.68183e-310,1322.08,1.4822e-323,-792.606,5.23261e-310,608.973,48.8091,-1019.98,45.2661,1343.32,48.3421,-779.837,46.3867,627.635,107.205,156.015,-195.964,-150.698,76.4531,124.795,-104.179,-57.7919,
1.34875,1.13584,1.30677,1.19703,0,200,0,5.82375,8.62816,-10,-8.43193,3.91853,6.6939,-5.31182,-2.63531,0,244.248,0,478.451,0,290.427,0,411.14,48.7725,11.0112,45.3444,21.0685,48.2674,13.0484,46.548,18.2561,-38.4081,-98.4944,21.4964,129.112,-34.0909,-72.8234,19.639,51.7312,10,6.95271e-310,-984.944,6.68183e-310,1291.12,1.4822e-323,-728.234,5.23261e-310,517.312,48.7725,-973.933,45.3444,1312.19,48.2674,-715.185,46.548,535.568,101.283,150.055,-191.987,-146.642,68.1483,116.416,-92.3795,-45.8315,
1.345,1.13996,1.30078,1.2061,0,200,0,5.45341,8.25544,-10,-8.1643,3.41362,6.18445,-4.61199,-1.92607,0,248.374,0,473.916,0,297.018,0,401.161,48.7308,11.1941,45.4309,20.8814,48.1883,13.3374,46.7117,17.8331,-35.6933,-93.5051,20.7952,125.557,-30.8696,-66.0164,17.8461,42.2775,10,6.95271e-310,-935.051,6.68183e-310,1255.57,1.4822e-323,-660.164,5.23261e-310,422.775,48.7308,-923.857,45.4309,1276.45,48.1883,-646.827,46.7117,440.608,94.842,143.573,-187.419,-141.988,59.3674,107.556,-80.2085,-33.4968,
1.3409,1.14398,1.29466,1.21544,0,200,0,5.06567,7.86503,-10,-7.89667,2.89522,5.6613,-3.88789,-1.19251,0,252.883,0,469.5,0,303.755,0,390.892,48.6845,11.3937,45.5144,20.6988,48.1057,13.6322,46.8761,17.3962,-33.0125,-88.2811,20.1479,122,-27.6536,-59.0268,15.7945,32.4979,10,6.95271e-310,-882.811,6.68183e-310,1220,1.4822e-323,-590.268,5.23261e-310,324.979,48.6845,-871.417,45.5144,1240.7,48.1057,-576.636,46.8761,342.375,88.0987,136.783,-182.848,-137.333,50.3517,98.4575,-67.6155,-20.7393,
1.33646,1.14931,1.28788,1.22512,0,200,0,4.63402,7.43044,-10,-7.5332,2.31294,5.07365,-3.14756,-0.44262,0,257.774,0,463.634,0,311.203,0,380.24,48.6334,11.61,45.6241,20.4558,48.0123,13.9576,47.0424,16.9415,-30.1051,-82.4649,19.0776,117.168,-24.1374,-51.1749,13.7398,22.5005,10,6.95271e-310,-824.649,6.68183e-310,1171.68,1.4822e-323,-511.749,5.23261e-310,225.005,48.6334,-813.039,45.6241,1192.14,48.0123,-497.792,47.0424,241.947,80.5916,129.225,-176.636,-131.012,40.225,88.2374,-54.7401,-7.69775,
1.33176,1.15406,1.28225,1.2349,0,200,0,4.19788,6.99113,-9.84484,-7.2159,1.78091,4.53705,-2.42435,0.289982,0,262.941,0,458.413,0,317.399,0,369.483,48.5783,11.8384,45.7207,20.2391,47.933,14.2278,47.2058,16.4807,-27.4239,-76.5881,18.4945,112.951,-20.9528,-44.0003,11.1799,12.7357,10,6.95271e-310,-765.881,6.68183e-310,1129.51,1.4822e-323,-440.003,5.23261e-310,127.357,48.5783,-754.042,45.7207,1149.75,47.933,-425.775,47.2058,143.838,73.0066,121.585,-171.215,-125.494,30.9723,78.9052,-42.1626,5.04316,
1.3268,1.16008,1.27589,1.24508,0,200,0,3.72046,6.5103,-9.44347,-6.80757,1.18037,3.93126,-1.68053,1.0433,0,268.399,0,451.783,0,324.399,0,358.291,48.519,12.0792,45.8419,19.9631,47.8414,14.5326,47.371,15.9995,-24.5535,-70.1543,17.4373,107.522,-17.4967,-35.9012,8.62546,2.69444,10,6.95271e-310,-701.543,6.68183e-310,1075.22,1.4822e-323,-359.012,5.23261e-310,26.9444,48.519,-689.464,45.8419,1095.18,47.8414,-344.479,47.371,42.9439,64.7036,113.223,-164.234,-118.392,20.5282,68.3697,-29.2267,18.1444,
1.32152,1.16593,1.26859,1.25529,0,200,0,3.23311,6.01925,-9.0329,-6.39033,0.538786,3.2835,-0.902617,1.83047,0,274.199,0,445.349,0,332.427,0,347.06,48.4546,12.3349,45.9578,19.6946,47.7341,14.8814,47.5319,15.515,-21.7665,-63.5864,16.1361,101.97,-14.0095,-27.247,5.98488,-7.80441,10,6.95271e-310,-635.864,6.68183e-310,1019.7,1.4822e-323,-272.47,5.23261e-310,-78.0441,48.4546,-623.529,45.9578,1039.39,47.7341,-257.589,47.5319,-62.5291,56.2281,104.683,-157.094,-111.136,9.37019,57.1043,-15.6977,31.8342,
1.31541,1.17136,1.26236,1.26564,0,200,0,2.71396,5.49571,-8.63925,-5.99057,-0.0587198,2.68061,-0.136076,2.6061,0,280.922,0,439.378,0,339.282,0,335.67,48.3783,12.6308,46.0641,19.4449,47.6404,15.1785,47.69,15.022,-19.1008,-56.5891,15.3997,96.6478,-10.7876,-19.1871,2.68272,-18.148,10,6.95271e-310,-565.891,6.68183e-310,966.478,1.4822e-323,-191.871,5.23261e-310,-181.48,48.3783,-553.26,46.0641,985.923,47.6404,-176.692,47.69,-166.458,47.1992,95.5776,-150.248,-104.184,-1.02121,46.6192,-2.36654,45.3235,
1.31013,1.17831,1.25501,1.27686,0,200,0,2.18599,4.96387,-8.17825,-5.52186,-0.759927,1.97291,0.673144,3.42484,0,286.736,0,431.732,0,347.363,0,323.331,48.3109,12.8863,46.1981,19.1242,47.5277,15.5281,47.8555,14.4861,-16.3704,-49.4725,13.7708,90.4144,-7.2864,-9.72728,-0.386652,-29.0654,10,6.95271e-310,-494.725,6.68183e-310,904.144,1.4822e-323,-97.2728,5.23261e-310,-290.654,48.3109,-481.839,46.1981,923.268,47.5277,-81.7447,47.8555,-276.168,38.0173,86.3282,-142.23,-96.0323,-13.2161,34.3115,11.7069,59.5624,
1.30415,1.18489,1.24747,1.28604,0,200,0,1.66703,4.44043,-7.67947,-5.0159,-1.41492,1.31111,1.3789,4.13812,0,293.314,0,424.494,0,355.655,0,313.233,48.233,13.175,46.3229,18.8198,47.4093,15.8859,47.9865,14.0462,-13.8654,-42.4765,11.9922,83.6737,-4.10548,-0.889012,-3.14907,-38.5845,10,6.95271e-310,-424.765,6.68183e-310,836.737,1.4822e-323,-8.89012,5.23261e-310,-385.845,48.233,-411.59,46.3229,855.557,47.4093,6.9958,47.9865,-371.799,28.9919,77.2249,-133.556,-87.233,-24.6073,22.8019,23.9808,71.9673,
1.29722,1.19164,1.23897,1.29614,0,200,0,1.08992,3.858,-7.14887,-4.47806,-2.13999,0.578175,2.17026,4.9375,0,300.933,0,417.073,0,365.014,0,302.12,48.1405,13.5088,46.4489,18.5069,47.2724,16.2887,48.1259,13.5607,-11.2834,-34.6956,10.0477,76.5047,-0.749404,8.89637,-6.48759,-49.2562,10,6.95271e-310,-346.956,6.68183e-310,765.047,1.4822e-323,88.9637,5.23261e-310,-492.562,48.1405,-333.447,46.4489,783.554,47.2724,105.252,48.1259,-479.001,18.9551,67.0957,-124.328,-77.8793,-37.2172,10.0552,37.7436,85.8695,
1.29138,1.19866,1.23219,1.30692,0,200,0,0.539618,3.30312,-6.66673,-3.98852,-2.82276,-0.110999,2.92519,5.70067,0,307.353,0,409.348,0,372.462,0,290.269,48.0609,13.7895,46.5777,18.1802,47.161,16.6085,48.2693,13.0414,-8.98368,-27.2757,8.36962,69.9891,2.2364,18.1101,-10.0583,-59.4349,10,6.95271e-310,-272.757,6.68183e-310,699.891,1.4822e-323,181.101,5.23261e-310,-594.349,48.0609,-258.967,46.5777,718.071,47.161,197.71,48.2693,-581.308,9.38467,57.4456,-115.943,-69.3655,-49.0914,-1.93041,50.8728,99.1421,
1.28385,1.20595,1.22407,1.31572,0,200,0,-0.0588481,2.6986,-6.06766,-3.38189,-3.51624,-0.812336,3.61583,6.39781,0,315.645,0,401.333,0,381.4,0,280.579,47.9556,14.1514,46.7089,17.8404,47.0245,16.9911,48.3823,12.6158,-6.60489,-19.2048,6.15607,61.8977,5.22156,27.4718,-13.4006,-68.7447,10,6.95271e-310,-192.048,6.68183e-310,618.977,1.4822e-323,274.718,5.23261e-310,-687.447,47.9556,-177.896,46.7089,636.817,47.0245,291.709,48.3823,-674.832,-1.02344,46.9321,-105.524,-58.8155,-61.1521,-14.1276,62.8839,111.266,
1.27776,1.21399,1.21784,1.32516,0,200,0,-0.62533,2.12711,-5.49992,-2.80599,-4.16697,-1.4692,4.25111,7.03981,0,322.342,0,392.487,0,388.255,0,270.205,47.8685,14.4431,46.8509,17.4642,46.9177,17.2838,48.4991,12.1589,-4.4748,-11.565,4.08249,54.2282,7.83867,36.2545,-16.7324,-77.3069,10,6.95271e-310,-115.65,6.68183e-310,542.282,1.4822e-323,362.545,5.23261e-310,-773.069,47.8685,-101.207,46.8509,559.746,46.9177,379.829,48.4991,-760.91,-10.8753,36.9932,-95.6508,-48.7999,-72.469,-25.5513,73.9324,122.432,
1.27047,1.22238,1.21107,1.3342,0,200,0,-1.24606,1.50025,-4.86411,-2.16185,-4.83729,-2.14631,4.88102,7.67593,0,330.357,0,383.259,0,395.703,0,260.252,47.762,14.7915,46.9957,17.0705,46.7996,17.6011,48.6071,11.7196,-2.28563,-3.19218,1.7935,45.6418,10.4361,45.3033,-20.3128,-85.7949,10,6.95271e-310,-31.9218,6.68183e-310,456.418,1.4822e-323,453.033,5.23261e-310,-857.949,47.762,-17.1302,46.9957,473.489,46.7996,470.634,48.6071,-846.229,-21.6707,26.0914,-84.5931,-37.5974,-84.1268,-37.3272,84.8873,133.494,
1.26232,1.23122,1.2041,1.34264,0,200,0,-1.90713,0.832163,-4.16441,-1.45359,-5.50827,-2.82441,5.47689,8.27739,0,339.321,0,373.53,0,403.363,0,250.971,47.6399,15.1802,47.1448,16.6542,46.6759,17.9265,48.7043,11.3091,-0.0740043,5.72632,-0.739302,36.195,12.9285,54.3624,-23.9872,-93.8228,10,6.95271e-310,57.2632,6.68183e-310,361.95,1.4822e-323,543.624,5.23261e-310,-938.228,47.6399,72.4435,47.1448,378.604,46.6759,561.551,48.7043,-926.919,-33.1675,14.4724,-72.4246,-25.2798,-95.7961,-49.1202,95.2503,143.955,
1.25553,1.24022,1.19843,1.35105,0,200,0,-2.5175,0.215801,-3.51179,-0.792453,-6.13045,-3.45247,6.01262,8.81849,0,346.796,0,363.63,0,409.598,0,241.717,47.5357,15.5036,47.2928,16.2292,46.5735,18.1908,48.7977,10.8989,1.83443,13.9611,-3.20863,27.3839,15.0403,62.7614,-27.4044,-101.039,10,6.95271e-310,139.611,6.68183e-310,273.839,1.4822e-323,627.614,5.23261e-310,-1010.39,47.5357,155.114,47.2928,290.069,46.5735,645.805,48.7977,-999.488,-43.7826,3.75306,-61.0746,-13.7818,-106.616,-60.0429,104.567,153.365,
1.24727,1.24964,1.19187,1.35707,0,200,0,-3.16951,-0.443661,-2.7434,-0.0153882,-6.72927,-4.05821,6.44544,9.25502,0,355.879,0,353.269,0,416.822,0,235.099,47.406,15.8956,47.4436,15.7831,46.4531,18.4963,48.8624,10.6052,3.88114,22.7601,-6.31244,17.0135,17.0626,70.8486,-30.3815,-106.868,10,6.95271e-310,227.601,6.68183e-310,170.135,1.4822e-323,708.486,5.23261e-310,-1068.68,47.406,243.496,47.4436,185.918,46.4531,726.982,48.8624,-1058.07,-55.1219,-7.71584,-47.7112,-0.26762,-117.031,-70.5776,112.095,160.957,
1.24,1.25867,1.18629,1.36358,0,200,0,-3.78069,-1.06156,-2.04987,0.686213,-7.29453,-4.62945,6.87021,9.68371,0,363.881,0,343.342,0,422.952,0,227.941,47.2891,16.24,47.5841,15.3543,46.3493,18.7549,48.9303,10.287,5.63782,31.0085,-9.15719,7.65445,18.7818,78.4817,-33.4399,-112.588,10,6.95271e-310,310.085,6.68183e-310,76.5445,1.4822e-323,784.817,5.23261e-310,-1125.88,47.2891,326.325,47.5841,91.8987,46.3493,803.572,48.9303,-1115.59,-65.7511,-18.4619,-35.6499,11.9341,-126.861,-80.5121,119.482,168.412,
1.23366,1.26737,1.18102,1.37052,0,200,0,-4.35286,-1.63971,-1.41724,1.32643,-7.85486,-5.1955,7.30464,10,0,370.854,0,333.771,0,428.752,0,220.308,47.1852,16.5395,47.7159,14.9397,46.2497,18.999,49.0005,9.94721,7.12422,38.7307,-11.9905,-0.882002,20.3089,86.0482,-36.4777,-118.436,10,6.95271e-310,387.307,6.68183e-310,-8.82002,1.4822e-323,860.482,5.23261e-310,-1184.36,47.1852,403.847,47.7159,6.11967,46.2497,879.481,49.0005,-1174.42,-75.7019,-28.5167,-24.6476,23.0683,-136.606,-90.3565,127.037,176.038,
1.22638,1.27595,1.17622,1.37575,0,200,0,-4.94156,-2.2354,-0.74222,2.00871,-8.34362,-5.68954,7.63877,10,0,378.856,0,324.333,0,434.039,0,214.547,47.0637,16.8823,47.8423,14.5297,46.1579,19.2211,49.052,9.69044,8.66676,46.6783,-14.7874,-9.98804,21.5958,92.6492,-39.3396,-122.934,10,6.95271e-310,466.783,6.68183e-310,-99.8804,1.4822e-323,926.492,5.23261e-310,-1229.34,47.0637,483.665,47.8423,-85.3507,46.1579,945.713,49.052,-1219.65,-85.9402,-38.8765,-12.9082,34.9342,-145.106,-98.9485,132.848,181.9,
1.21989,1.28435,1.17181,1.38143,0,200,0,-5.50089,-2.80109,-0.115564,2.64229,-8.8255,-6.17632,7.97956,10,0,386.001,0,315.092,0,438.89,0,208.299,46.953,17.1876,47.9627,14.1273,46.0727,19.4244,49.1062,9.41165,9.99481,54.2294,-17.5291,-18.4407,22.7136,99.1568,-42.2037,-127.52,10,6.95271e-310,542.294,6.68183e-310,-184.407,1.4822e-323,991.568,5.23261e-310,-1275.2,46.953,559.481,47.9627,-170.279,46.0727,1010.99,49.1062,-1265.79,-95.6676,-48.7146,-2.00981,45.9529,-153.487,-107.414,138.775,187.881,
1.21442,1.29229,1.16772,1.38557,0,200,0,-5.98801,-3.29365,0.472106,3.23633,-9.24099,-6.59639,8.22777,10,0,392.012,0,306.351,0,443.385,0,203.751,46.8584,17.444,48.0734,13.7458,45.9929,19.6126,49.1447,9.20854,11.1417,60.8059,-20.4228,-26.3662,23.6097,104.769,-44.2405,-130.86,10,6.95271e-310,608.059,6.68183e-310,-263.662,1.4822e-323,1047.69,5.23261e-310,-1308.6,46.8584,625.503,48.0734,-249.916,45.9929,1067.3,49.1447,-1299.4,-104.139,-57.2809,8.21054,56.284,-160.713,-114.72,143.092,192.236,
1.20791,1.30171,1.16399,1.39011,0,200,0,-6.56465,-3.87688,1.1624,3.93394,-9.67438,-7.03401,8.46697,10,0,399.171,0,295.99,0,447.485,0,198.755,46.7439,17.7485,48.2008,13.2923,45.9195,19.7838,49.186,8.98523,12.4486,68.592,-23.547,-35.6741,24.4097,110.622,-46.6557,-134.078,10,6.95271e-310,685.92,6.68183e-310,-356.741,1.4822e-323,1106.22,5.23261e-310,-1340.78,46.7439,703.668,48.2008,-343.449,45.9195,1126,49.186,-1331.8,-114.168,-67.4239,20.2156,68.4164,-168.25,-122.331,147.252,196.438,
1.2024,1.30989,1.16065,1.39344,0,200,0,-7.05441,-4.3723,1.76388,4.54157,-10,-7.39894,8.64428,10,0,405.235,0,286.999,0,451.163,0,195.09,46.6453,18.0059,48.3078,12.8979,45.8531,19.9373,49.2157,8.82131,13.5255,75.2055,-26.4786,-43.783,25.0077,115.499,-48.4977,-136.463,10,6.95271e-310,752.055,6.68183e-310,-437.83,1.4822e-323,1154.99,5.23261e-310,-1364.63,46.6453,770.06,48.3078,-424.933,45.8531,1174.93,49.2157,-1355.81,-122.685,-76.04,30.6761,78.9839,-174.53,-128.677,150.335,199.551,
1.19709,1.318,1.15778,1.39651,0,200,0,-7.53288,-4.85631,2.35272,5.13634,-10,-7.73285,8.79212,10,0,411.074,0,278.075,0,454.314,0,191.715,46.5491,18.2533,48.4109,12.5056,45.7958,20.0685,49.2425,8.67028,14.5337,81.667,-29.3275,-51.7203,25.4575,119.964,-50.2333,-138.451,10,6.95271e-310,816.67,6.68183e-310,-517.203,1.4822e-323,1199.64,5.23261e-310,-1384.51,46.5491,834.923,48.4109,-504.697,45.7958,1219.71,49.2425,-1375.84,-131.007,-84.4575,40.9168,89.3277,-180.28,-134.484,152.906,202.149,
1.19271,1.32595,1.15544,1.39925,0,200,0,-7.96623,-5.29428,2.90156,5.69081,-10,-8.03076,8.90454,10,0,415.899,0,269.335,0,456.897,0,188.696,46.4686,18.4573,48.5087,12.1205,45.7485,20.176,49.2661,8.5351,15.391,87.5186,-32.1191,-59.1171,25.76,123.951,-51.5709,-139.962,10,6.95271e-310,875.186,6.68183e-310,-591.171,1.4822e-323,1239.51,5.23261e-310,-1399.62,46.4686,893.643,48.5087,-579.051,45.7485,1259.68,49.2661,-1391.08,-138.543,-92.0745,50.4619,98.9705,-185.414,-139.665,154.862,204.128,
1.18783,1.33354,1.15345,1.40133,0,200,0,-8.4045,-5.73777,3.45123,6.24569,-10,-8.28638,8.97898,10,0,421.265,0,260.977,0,459.086,0,186.416,46.378,18.6838,48.5994,11.7516,45.7083,20.267,49.2837,8.43294,16.2795,93.4383,-34.7398,-66.524,25.9441,127.371,-52.9437,-140.962,10,6.95271e-310,934.383,6.68183e-310,-665.24,1.4822e-323,1273.71,5.23261e-310,-1409.62,46.378,953.066,48.5994,-653.488,45.7083,1293.98,49.2837,-1401.19,-146.165,-99.7873,60.0214,108.621,-189.819,-144.111,156.156,205.44,
1.18361,1.34115,1.15184,1.40313,0,200,0,-8.81402,-6.15184,3.97971,6.77924,-10,-8.51558,9.02382,10,0,425.905,0,252.606,0,460.852,0,184.438,46.2988,18.8792,48.6874,11.3814,45.6757,20.3404,49.2988,8.34434,17.0701,98.969,-37.3645,-73.6441,26.0165,130.441,-53.9913,-141.563,10,6.95271e-310,989.69,6.68183e-310,-736.441,1.4822e-323,1304.41,5.23261e-310,-1415.63,46.2988,1008.57,48.6874,-725.06,45.6757,1324.75,49.2988,-1407.29,-153.287,-106.989,69.2124,117.9,-193.773,-148.097,156.936,206.235,
1.17989,1.34842,1.15063,1.40461,0,200,0,-9.19074,-6.53262,4.47302,7.27723,-10,-8.71177,9.04353,10,0,429.992,0,244.617,0,462.184,0,182.804,46.2283,19.0511,48.7688,11.0275,45.651,20.3956,49.3111,8.27107,17.7691,104.057,-39.8415,-80.2892,25.9916,133.07,-54.8141,-141.826,10,6.95271e-310,1040.57,6.68183e-310,-802.892,1.4822e-323,1330.7,5.23261e-310,-1418.26,46.2283,1059.62,48.7688,-791.865,45.651,1351.09,49.3111,-1409.99,-159.839,-113.611,77.7917,126.561,-197.16,-151.509,157.279,206.59,
1.17666,1.35504,1.14975,1.40559,0,200,0,-9.52511,-6.87054,4.92024,7.72858,-10,-8.86814,9.03481,10,0,433.551,0,237.327,0,463.146,0,181.723,46.1664,19.2006,48.8408,10.7041,45.6332,20.4356,49.3193,8.2226,18.3849,108.572,-42.1074,-86.3125,25.8938,135.166,-55.3856,-141.707,10,6.95271e-310,1085.72,6.68183e-310,-863.125,1.4822e-323,1351.66,5.23261e-310,-1417.07,46.1664,1104.92,48.8408,-852.421,45.6332,1372.1,49.3193,-1408.85,-165.654,-119.488,85.5694,134.41,-199.862,-154.229,157.127,206.446,
1.17372,1.36105,1.1492,1.40642,0,200,0,-9.82856,-7.17724,5.32316,8.13515,-10,-8.99618,9.01651,10,0,436.781,0,230.723,0,463.752,0,180.813,46.1098,19.3361,48.9042,10.4107,45.6219,20.4607,49.326,8.18182,18.9264,112.671,-44.0963,-91.7384,25.7422,136.885,-55.9044,-141.459,10,6.95271e-310,1126.71,6.68183e-310,-917.384,1.4822e-323,1368.85,5.23261e-310,-1414.59,46.1098,1146.04,48.9042,-906.974,45.6219,1389.31,49.326,-1406.41,-170.931,-124.822,92.5768,141.481,-202.077,-156.455,156.809,206.135,
1.17151,1.36629,1.14892,1.40683,0,200,0,-10,-7.42724,5.66601,8.4811,-10,-9.08903,8.97721,10,0,439.219,0,224.962,0,464.069,0,180.365,46.0669,19.4382,48.958,10.1544,45.616,20.4738,49.3294,8.16172,19.3647,116.013,-45.8438,-96.3546,25.5602,138.133,-56.1162,-140.929,10,6.95271e-310,1160.13,6.68183e-310,-963.546,1.4822e-323,1381.33,5.23261e-310,-1409.29,46.0669,1179.57,48.958,-953.392,45.616,1401.81,49.3294,-1401.12,-175.236,-129.169,98.5393,147.497,-203.686,-158.07,156.125,205.455,
1.16913,1.37109,1.14894,1.40702,0,200,0,-10,-7.66969,5.99113,8.80899,-10,-9.15559,8.92469,10,0,441.83,0,219.676,0,464.042,0,180.154,46.0206,19.5475,49.0063,9.91901,45.6165,20.4728,49.3309,8.15226,19.8072,119.252,-47.3428,-100.732,25.3344,139.031,-56.4,-140.22,10,6.95271e-310,1192.52,6.68183e-310,-1007.32,1.4822e-323,1390.31,5.23261e-310,-1402.2,46.0206,1212.07,49.0063,-997.4,45.6165,1410.78,49.3309,-1394.05,-179.407,-133.386,104.194,153.2,-204.844,-159.228,155.212,204.543,
1.16742,1.37535,1.14932,1.40683,0,200,0,-10,-7.86402,6.26947,9.08973,-10,-9.1873,8.84696,10,0,443.715,0,214.996,0,463.621,0,180.365,45.987,19.6263,49.048,9.71044,45.6244,20.4553,49.3294,8.16172,20.1747,121.851,-48.6138,-104.479,25.0762,139.463,-56.3813,-139.173,10,6.95271e-310,1218.51,6.68183e-310,-1044.79,1.4822e-323,1394.63,5.23261e-310,-1391.73,45.987,1238.13,49.048,-1035.08,45.6244,1415.08,49.3294,-1383.57,-182.753,-136.766,109.034,158.082,-205.404,-159.779,153.86,203.19,
1.16608,1.37907,1.15029,1.40618,0,200,0,-10,-8.02211,6.5116,9.33392,-10,-9.17285,8.73412,10,0,445.191,0,210.896,0,462.553,0,181.077,45.9607,19.688,49.0839,9.52756,45.6442,20.411,49.3241,8.19364,20.5143,123.965,-49.5536,-107.738,24.7616,139.28,-56.1572,-137.653,10,6.95271e-310,1239.65,6.68183e-310,-1077.38,1.4822e-323,1392.8,5.23261e-310,-1376.53,45.9607,1259.34,49.0839,-1067.85,45.6442,1413.21,49.3241,-1368.34,-185.476,-139.515,113.245,162.329,-205.172,-159.528,151.898,201.222,
1.16509,1.3822,1.15197,1.40472,0,200,0,-10,-8.13802,6.7192,9.54323,-10,-9.0957,8.56501,10,0,446.272,0,207.455,0,460.707,0,182.685,45.9413,19.7332,49.1134,9.37399,45.6784,20.3343,49.312,8.26575,20.8533,125.515,-50.1348,-110.532,24.3798,138.261,-55.6156,-135.376,10,6.95271e-310,1255.15,6.68183e-310,-1105.32,1.4822e-323,1382.61,5.23261e-310,-1353.76,45.9413,1274.89,49.1134,-1095.95,45.6784,1402.95,49.312,-1345.5,-187.472,-141.531,116.856,165.969,-203.864,-158.186,148.957,198.269,
1.16446,1.38475,1.15425,1.40273,0,200,0,-10,-8.21606,6.89055,9.71593,-10,-8.96968,8.35713,10,0,446.971,0,204.647,0,458.202,0,184.873,45.9287,19.7624,49.1372,9.24859,45.7246,20.2303,49.2955,8.36383,21.1728,126.559,-50.3675,-112.838,23.9495,136.591,-54.8638,-132.578,10,6.95271e-310,1265.59,6.68183e-310,-1128.38,1.4822e-323,1365.91,5.23261e-310,-1325.78,45.9287,1285.36,49.1372,-1119.13,45.7246,1386.14,49.2955,-1317.42,-188.817,-142.888,119.836,168.973,-201.719,-155.994,145.341,194.637,
1.16405,1.38701,1.15701,1.39959,0,200,0,-10,-8.2621,7.05369,9.88027,-10,-8.78505,8.07827,10,0,447.419,0,202.169,0,455.17,0,188.327,45.9207,19.7811,49.1579,9.13785,45.7802,20.1042,49.269,8.51857,21.5293,127.175,-50.4858,-115.034,23.4554,134.137,-53.6738,-128.825,10,6.95271e-310,1271.75,6.68183e-310,-1150.34,1.4822e-323,1341.37,5.23261e-310,-1288.25,45.9207,1291.53,49.1579,-1141.2,45.7802,1361.47,49.269,-1279.73,-189.609,-143.689,122.673,171.831,-198.564,-152.783,140.492,189.761,
1.16391,1.38855,1.16003,1.39629,0,200,0,-10,-8.27396,7.1728,10,-10,-8.576,7.7918,10,0,447.577,0,200.468,0,451.848,0,191.952,45.9178,19.7877,49.172,9.06184,45.8407,19.9658,49.2407,8.6809,21.8366,127.333,-50.2872,-116.637,22.9622,131.356,-52.4575,-124.969,10,6.95271e-310,1273.33,6.68183e-310,-1166.37,1.4822e-323,1313.56,5.23261e-310,-1249.69,45.9178,1293.12,49.172,-1157.31,45.8407,1333.53,49.2407,-1241.01,-189.813,-143.895,124.744,173.916,-194.988,-149.148,135.51,184.75,
1.1641,1.38985,1.16345,1.39252,0,200,0,-10,-8.25792,7.27352,10,-10,-8.33238,7.4692,10,0,447.366,0,199.045,0,448.078,0,196.105,45.9216,19.7789,49.1837,8.9982,45.9088,19.8086,49.2075,8.86672,22.1193,127.119,-49.9329,-117.993,22.4222,128.115,-51.0086,-120.626,10,6.95271e-310,1271.19,6.68183e-310,-1179.93,1.4822e-323,1281.15,5.23261e-310,-1206.26,45.9216,1290.97,49.1837,-1170.93,45.9088,1300.96,49.2075,-1197.4,-189.538,-143.616,126.496,175.68,-190.82,-144.911,129.899,179.107,
1.16464,1.39085,1.16708,1.38835,0,200,0,-10,-8.21327,7.35338,10,-10,-8.06518,7.12125,9.94853,0,446.773,0,197.937,0,444.084,0,200.693,45.9323,19.7541,49.1927,8.94868,45.9804,19.6418,49.1701,9.07186,22.3626,126.524,-49.4832,-119.068,21.8585,124.558,-49.3511,-115.943,10,6.95271e-310,1265.24,6.68183e-310,-1190.68,1.4822e-323,1245.58,5.23261e-310,-1159.43,45.9323,1284.99,49.1927,-1181.73,45.9804,1265.22,49.1701,-1150.35,-188.772,-142.839,127.885,177.078,-186.244,-140.264,123.848,173.018,
1.16577,1.39137,1.17105,1.38394,0,200,0,-10,-8.12535,7.39131,10,-10,-7.77095,6.75342,9.57837,0,445.534,0,197.371,0,439.72,0,205.544,45.9545,19.7024,49.1973,8.92333,46.058,19.4592,49.1296,9.28863,22.5232,125.353,-48.8041,-119.578,21.2726,120.64,-47.4888,-110.991,10,6.95271e-310,1253.53,6.68183e-310,-1195.78,1.4822e-323,1206.4,5.23261e-310,-1109.91,45.9545,1273.23,49.1973,-1186.86,46.058,1225.86,49.1296,-1100.62,-187.265,-141.31,128.544,177.742,-181.205,-135.147,117.451,166.58,
1.16734,1.39169,1.17533,1.37913,0,200,0,-10,-8.00714,7.4098,10,-10,-7.44995,6.35412,9.17647,0,443.807,0,197.015,0,435.014,0,210.83,45.9854,19.6302,49.2002,8.90741,46.1408,19.262,49.0844,9.52462,22.6279,123.779,-48.0324,-119.827,20.6402,116.366,-45.3839,-105.615,10,6.95271e-310,1237.79,6.68183e-310,-1198.27,1.4822e-323,1163.66,5.23261e-310,-1056.15,45.9854,1257.42,49.2002,-1189.36,46.1408,1182.92,49.0844,-1046.63,-185.24,-139.255,128.866,178.066,-175.705,-129.564,110.506,159.591,
1.1699,1.39169,1.17993,1.3741,0,200,0,-10,-7.83289,7.38207,10,-9.76319,-7.10502,5.93031,8.74988,0,440.986,0,197.015,0,429.952,0,216.367,46.0356,19.5122,49.2002,8.90741,46.229,19.0494,49.0359,9.77156,22.5991,121.461,-47.1313,-119.453,19.9739,111.772,-42.9024,-99.9089,10,6.95271e-310,1214.61,6.68183e-310,-1194.53,1.4822e-323,1117.72,5.23261e-310,-999.089,46.0356,1234.12,49.2002,-1185.63,46.229,1136.77,49.0359,-989.317,-182.26,-136.224,128.384,177.584,-169.795,-123.566,103.136,152.172,
1.17269,1.39136,1.18483,1.36881,0,200,0,-10,-7.63491,7.33181,10,-9.40021,-6.73671,5.48525,8.3018,0,437.914,0,197.384,0,424.56,0,222.18,46.0899,19.3836,49.1972,8.92392,46.3218,18.8226,48.9835,10.0306,22.5152,118.827,-46.0624,-118.776,19.2631,106.867,-40.3544,-93.9158,10,6.95271e-310,1188.27,6.68183e-310,-1187.76,1.4822e-323,1068.67,5.23261e-310,-939.158,46.0899,1207.65,49.1972,-1178.84,46.3218,1087.49,48.9835,-929.127,-178.871,-132.781,127.51,176.707,-163.482,-117.16,95.3956,144.379,
1.17586,1.39051,1.19001,1.36331,0,200,0,-10,-7.40211,7.24453,10,-9.0141,-6.34503,5.02318,7.83652,0,434.434,0,198.32,0,418.865,0,228.231,46.151,19.2376,49.1896,8.96578,46.4186,18.5825,48.9276,10.2999,22.347,115.727,-44.7788,-117.601,18.5176,101.649,-37.7261,-87.6932,10,6.95271e-310,1157.27,6.68183e-310,-1176.01,1.4822e-323,1016.49,5.23261e-310,-876.932,46.151,1176.51,49.1896,-1167.05,46.4186,1035.07,48.9276,-866.632,-174.883,-128.732,125.992,175.181,-156.767,-110.348,87.3597,136.287,
1.17928,1.38868,1.19546,1.3573,0,200,0,-9.77921,-7.12175,7.104,9.93145,-8.59093,-5.91607,4.53522,7.34495,0,430.664,0,200.324,0,412.867,0,234.849,46.2166,19.0793,49.1732,9.05537,46.5193,18.3292,48.8648,10.594,22.0915,111.99,-43.1588,-115.71,17.737,95.9317,-35.0293,-81.1214,10,6.95271e-310,1119.9,6.68183e-310,-1157.1,1.4822e-323,959.317,5.23261e-310,-811.214,46.2166,1138.98,49.1732,-1148.04,46.5193,977.646,48.8648,-800.62,-170.073,-123.857,123.548,172.721,-149.408,-102.888,78.8735,127.738,
1.18315,1.38661,1.20121,1.35069,0,200,0,-9.46776,-6.80608,6.94309,9.76946,-8.13661,-5.45573,4.0041,6.80974,0,426.406,0,202.604,0,406.54,0,242.112,46.2902,18.9003,49.1543,9.15729,46.6239,18.0613,48.7938,10.9165,21.7416,107.781,-41.4884,-113.544,16.8675,89.7944,-32.0779,-73.9676,10,6.95271e-310,1077.81,6.68183e-310,-1135.44,1.4822e-323,897.944,5.23261e-310,-739.676,46.2902,1096.72,49.1543,-1126.28,46.6239,916.005,48.7938,-728.759,-164.657,-118.367,120.749,169.904,-141.506,-94.8823,69.6366,118.43,
1.18734,1.38377,1.20728,1.34441,0,200,0,-9.12417,-6.45797,6.72415,9.54902,-7.6701,-4.98297,3.48736,6.289,0,421.805,0,205.728,0,399.869,0,249.02,46.3688,18.7065,49.1281,9.29687,46.7326,17.7782,48.7242,11.2227,21.26,103.139,-39.4321,-110.597,15.9749,83.4929,-29.3215,-67.0065,10,6.95271e-310,1031.39,6.68183e-310,-1105.97,1.4822e-323,834.929,5.23261e-310,-670.065,46.3688,1050.1,49.1281,-1096.67,46.7326,852.707,48.7242,-658.842,-158.681,-112.312,116.942,166.07,-133.393,-86.6604,60.6497,109.374,
1.19197,1.38012,1.21355,1.33623,0,200,0,-8.71029,-6.03913,6.47523,9.29813,-7.1333,-4.43983,2.86557,5.66184,0,416.703,0,209.749,0,392.975,0,258.024,46.4551,18.4913,49.0938,9.47638,46.8431,17.4849,48.6308,11.6211,20.6535,97.5491,-37.383,-107.246,14.9173,76.2443,-25.9558,-58.6295,10,6.95271e-310,975.491,6.68183e-310,-1072.46,1.4822e-323,762.443,5.23261e-310,-586.295,46.4551,993.983,49.0938,-1062.99,46.8431,779.928,48.6308,-574.674,-151.483,-105.028,112.613,161.707,-124.057,-77.2144,49.8361,98.4668,
1.19694,1.37671,1.22014,1.32836,0,200,0,-8.29317,-5.61676,6.22147,9.04249,-6.59672,-3.89668,2.24021,5.03113,0,411.246,0,213.493,0,385.724,0,266.685,46.5462,18.2606,49.0612,9.64341,46.9573,17.1758,48.5377,12.0036,19.9258,91.9148,-35.3349,-103.83,13.7649,68.9988,-22.6605,-50.2028,10,6.95271e-310,919.148,6.68183e-310,-1038.3,1.4822e-323,689.988,5.23261e-310,-502.028,46.5462,937.409,49.0612,-1028.66,46.9573,707.164,48.5377,-490.025,-144.229,-97.6828,108.199,157.261,-114.726,-67.7683,38.9601,87.4979,
1.20277,1.37201,1.22735,1.32034,0,200,0,-7.79882,-5.11633,5.86754,8.68593,-6.01568,-3.30858,1.59687,4.38216,0,404.826,0,218.661,0,377.788,0,275.504,46.652,17.9886,49.0154,9.87379,47.08,16.8366,48.4399,12.3924,18.9366,85.2381,-32.7525,-99.0651,12.5002,61.1537,-19.3365,-41.5327,10,6.95271e-310,852.381,6.68183e-310,-990.651,1.4822e-323,611.537,5.23261e-310,-415.327,46.652,870.369,49.0154,-980.778,47.08,628.374,48.4399,-402.935,-135.632,-88.9797,102.044,151.06,-104.62,-57.5404,27.7716,76.2116,
1.20781,1.36717,1.2349,1.31214,0,200,0,-7.33116,-4.6435,5.52967,8.34528,-5.41559,-2.70125,0.937189,3.71655,0,399.289,0,223.986,0,369.483,0,284.521,46.742,17.7536,48.967,10.111,47.2058,16.4807,48.3367,12.7891,17.914,78.9235,-30.0229,-94.5162,11.1105,53.0524,-16.4283,-32.6411,10,6.95271e-310,789.235,6.68183e-310,-945.162,1.4822e-323,530.524,5.23261e-310,-326.411,46.742,806.988,48.967,-935.051,47.2058,547.005,48.3367,-313.622,-127.499,-80.7565,96.1682,145.135,-94.1841,-46.9783,16.2989,64.6357,
1.21386,1.36195,1.24276,1.3037,0,200,0,-6.80563,-4.11184,5.13826,7.95079,-4.79347,-2.07178,0.248203,3.02126,0,392.632,0,229.734,0,360.835,0,293.802,46.8486,17.4703,48.9135,10.3667,47.3339,16.109,48.2271,13.1964,16.6331,71.8272,-27.2587,-89.2455,9.5762,44.6549,-13.2712,-23.353,10,6.95271e-310,718.272,6.68183e-310,-892.455,1.4822e-323,446.549,5.23261e-310,-233.53,46.8486,735.743,48.9135,-882.088,47.3339,462.658,48.2271,-220.334,-118.359,-71.5102,89.3611,138.275,-83.3648,-36.0309,4.31658,52.5437,
1.22013,1.35615,1.25156,1.29493,0,200,0,-6.25018,-3.55014,4.70462,7.51364,-4.11795,-1.38821,-0.485775,2.28052,0,385.737,0,236.114,0,351.159,0,303.451,46.9571,17.1764,48.8526,10.6502,47.4738,15.6921,48.1095,13.619,15.1332,64.328,-24.1271,-83.4055,7.81732,35.5375,-10.2699,-13.4569,10,6.95271e-310,643.28,6.68183e-310,-834.055,1.4822e-323,355.375,5.23261e-310,-134.569,46.9571,660.456,48.8526,-823.405,47.4738,371.067,48.1095,-120.95,-108.699,-61.7416,81.8195,130.672,-71.6165,-24.1427,-8.44825,39.6612,
1.22681,1.35006,1.25885,1.28581,0,200,0,-5.66195,-2.95537,4.25622,7.06146,-3.4966,-0.760352,-1.19595,1.56309,0,378.381,0,242.811,0,343.144,0,313.483,47.0709,16.862,48.7868,10.9475,47.5869,15.3457,47.9833,14.0571,13.47,56.387,-21.6228,-77.3661,6.07462,27.1536,-6.96487,-3.87988,10,6.95271e-310,563.87,6.68183e-310,-773.661,1.4822e-323,271.536,5.23261e-310,-38.7988,47.0709,580.732,48.7868,-762.713,47.5869,286.881,47.9833,-24.7416,-98.4687,-51.3977,74.0212,122.808,-60.8104,-13.2235,-20.7992,27.1841,
1.24168,1.34346,1.26685,1.27573,0,200,0,-4.69848,-1.97778,3.52922,6.33025,-2.82378,-0.0805565,-2.05703,0.693718,0,362.023,0,250.075,0,334.338,0,324.576,47.3165,16.1601,48.7135,11.2694,47.7082,14.9643,47.8391,14.5403,10.6416,43.3762,-19.9129,-67.5712,3.83454,18.0763,-0.812394,7.73351,10,6.95271e-310,433.762,6.68183e-310,-675.712,1.4822e-323,180.763,5.23261e-310,77.3351,47.3165,449.922,48.7135,-664.442,47.7082,195.727,47.8391,91.8754,-81.7127,-34.3962,61.3778,110.091,-49.1092,-1.40098,-35.7744,12.0647,
1.24134,1.33666,1.2748,1.26767,0,200,0,-4.40671,-1.68633,3.23491,6.03147,-2.19166,0.558315,-2.65674,0.0871847,0,362.404,0,257.549,0,325.598,0,333.442,47.3109,16.1765,48.6358,11.6001,47.8256,14.5847,47.7204,14.9254,9.4526,39.4442,-16.1437,-63.6074,2.06746,9.54882,-0.766722,15.824,10,6.95271e-310,394.442,6.68183e-310,-636.074,1.4822e-323,95.4882,5.23261e-310,158.24,47.3109,410.618,48.6358,-624.473,47.8256,110.073,47.7204,173.165,-76.6384,-29.3275,56.2593,104.895,-38.1157,9.70983,-46.2041,1.51626,
1.25003,1.32947,1.28346,1.25893,0,200,0,-3.71333,-0.984973,2.63553,5.42722,-1.51782,1.23932,-3.40021,-0.663893,0,352.847,0,265.459,0,316.067,0,343.052,47.4497,15.7649,48.5511,11.9495,47.9501,14.1698,47.5881,15.3417,7.00323,30.086,-13.3159,-55.5309,-0.210306,0.459863,2.31956,25.8544,10,6.95271e-310,300.86,6.68183e-310,-555.309,1.4822e-323,4.59863,5.23261e-310,258.544,47.4497,316.625,48.5511,-543.36,47.9501,18.7684,47.5881,273.885,-64.5796,-17.13,45.8354,94.3865,-26.3968,21.5533,-59.1341,-11.546,
1.25735,1.32217,1.29052,1.25015,0,200,0,-3.07304,-0.338122,2.08481,4.8714,-0.911423,1.85139,-4.08538,-1.35692,0,344.792,0,273.487,0,308.303,0,352.715,47.5638,15.417,48.4626,12.3036,48.049,13.831,47.4515,15.7592,4.62664,21.4466,-10.933,-48.1092,-2.40889,-7.71768,5.06596,35.1005,10,6.95271e-310,214.466,6.68183e-310,-481.092,1.4822e-323,-77.1768,5.23261e-310,351.005,47.5638,229.883,48.4626,-468.788,48.049,-63.3458,47.4515,366.764,-53.4442,-5.88039,36.2575,84.7201,-15.8508,32.1981,-71.0502,-23.5986,
1.26567,1.31475,1.2992,1.24116,0,200,0,-2.38884,0.353355,1.48225,4.26353,-0.234757,2.53486,-4.84367,-2.12346,0,335.643,0,281.647,0,298.757,0,362.602,47.6904,15.0209,48.37,12.6627,48.1672,13.4135,47.308,16.185,1.87671,12.2153,-8.2829,-39.9879,-4.98532,-16.842,7.74336,45.3338,10,6.95271e-310,122.153,6.68183e-310,-399.879,1.4822e-323,-168.42,5.23261e-310,453.338,47.6904,137.174,48.37,-387.216,48.1672,-155.007,47.308,469.523,-41.5451,6.14531,25.7783,74.1483,-4.08273,44.0845,-84.2377,-36.9297,
1.2738,1.30725,1.30718,1.23217,0,200,0,-1.71104,1.0381,0.884074,3.65981,0.40957,3.18525,-5.58047,-2.86873,0,326.692,0,289.9,0,289.979,0,372.489,47.811,14.6323,48.2736,13.0252,48.2727,13.0287,47.1606,16.6096,-0.980455,3.0718,-5.93653,-31.9243,-7.61831,-25.5288,10.3164,55.2793,10,6.95271e-310,30.718,6.68183e-310,-319.243,1.4822e-323,-255.288,5.23261e-310,552.793,47.811,45.3503,48.2736,-306.218,48.2727,-242.26,47.1606,569.403,-29.7572,18.0539,15.3752,63.6488,7.12296,55.3957,-97.0516,-49.891,
1.28192,1.29956,1.31436,1.22359,0,200,0,-1.03708,1.71879,0.273455,3.04334,1.0093,3.79029,-6.26756,-3.56412,0,317.768,0,298.363,0,282.082,0,381.928,47.9282,14.2439,48.172,13.3963,48.365,12.6819,47.0163,17.0136,-3.92349,-6.01855,-3.83816,-23.692,-10.2474,-33.6132,12.7534,64.5557,10,6.95271e-310,-60.1855,6.68183e-310,-236.92,1.4822e-323,-336.132,5.23261e-310,645.557,47.9282,-45.9415,48.172,-223.523,48.365,-323.45,47.0163,662.57,-18.0362,29.892,4.75574,52.9277,17.553,65.918,-109.001,-61.9848,
1.29093,1.29202,1.32318,1.21558,0,200,0,-0.346036,2.4171,-0.385328,2.37868,1.65775,4.44506,-6.98442,-4.2889,0,307.854,0,306.655,0,272.38,0,390.734,48.0546,13.8114,48.0696,13.759,48.4749,12.2548,46.8786,17.3895,-7.14852,-15.3383,-1.48937,-14.8093,-13.154,-42.3531,14.8576,74.2334,10,6.95271e-310,-153.383,6.68183e-310,-148.093,1.4822e-323,-423.531,5.23261e-310,742.334,48.0546,-139.572,48.0696,-134.334,48.4749,-411.276,46.8786,759.724,-6.01803,42.0366,-6.70135,41.3683,28.8304,77.3053,-121.468,-74.5896,
1.29839,1.28443,1.33032,1.20736,0,200,0,0.285539,3.05453,-0.980352,1.77757,2.23945,5.03172,-7.64737,-4.96016,0,299.642,0,314.999,0,264.523,0,399.777,48.1564,13.4523,47.9639,14.1233,48.5612,11.9082,46.7341,17.7743,-10.2475,-23.8544,0.462092,-6.78489,-15.9547,-50.1922,16.7317,83.1864,10,6.95271e-310,-238.544,6.68183e-310,-67.8489,1.4822e-323,-501.922,5.23261e-310,831.864,48.1564,-225.092,47.9639,-53.7257,48.5612,-490.013,46.7341,849.638,4.9659,53.1223,-17.0496,30.9143,38.9469,87.5081,-132.998,-86.2637,
1.3066,1.27672,1.33883,1.20074,0,200,0,0.916423,3.69167,-1.65221,1.09937,2.8418,5.63979,-8.26068,-5.58031,0,290.611,0,323.489,0,255.163,0,407.067,48.2652,13.0565,47.8534,14.493,48.6608,11.4946,46.6153,18.0836,-13.4967,-32.3602,2.8246,2.27635,-18.8436,-58.308,17.9958,91.4679,10,6.95271e-310,-323.602,6.68183e-310,22.7635,1.4822e-323,-583.08,5.23261e-310,914.679,48.2652,-310.545,47.8534,37.2565,48.6608,-571.585,46.6153,932.762,15.9378,64.203,-28.734,19.1194,49.4226,98.0834,-143.664,-97.0488,
1.31532,1.2689,1.34547,1.19392,0,200,0,1.57515,4.35683,-2.32422,0.420758,3.36597,6.16829,-8.83528,-6.16206,0,281.028,0,332.084,0,247.86,0,414.568,48.3771,12.6355,47.7387,14.8665,48.7361,11.1713,46.4909,18.4011,-16.8249,-41.2399,4.43343,11.341,-21.6985,-65.3697,19.7162,99.2289,10,6.95271e-310,-412.399,6.68183e-310,113.41,1.4822e-323,-653.697,5.23261e-310,992.289,48.3771,-399.763,47.7387,128.277,48.7361,-642.526,46.4909,1010.69,27.3938,75.7709,-40.4212,7.31752,58.5385,107.275,-153.657,-107.166,
1.32313,1.26081,1.35291,1.18715,0,200,0,2.1953,4.98258,-2.99626,-0.258287,3.92634,6.73336,-9.41517,-6.74917,0,272.433,0,340.982,0,239.674,0,422.016,48.4744,12.2571,47.6169,15.2522,48.8178,10.8083,46.3652,18.7154,-20.2467,-49.5984,6.37923,20.4076,-24.7271,-72.9179,20.8322,107.062,10,6.95271e-310,-495.984,6.68183e-310,204.076,1.4822e-323,-729.179,5.23261e-310,1070.62,48.4744,-483.727,47.6169,219.328,48.8178,-718.371,46.3652,1089.34,38.1792,86.6536,-52.1089,-4.49194,68.2841,117.102,-163.742,-117.377,
1.33007,1.25235,1.35929,1.1822,0,200,0,2.75387,5.54597,-3.68875,-0.958298,4.41059,7.22153,-9.83307,-7.17243,0,264.8,0,350.289,0,232.66,0,427.46,48.5582,11.9204,47.4862,15.6545,48.8858,10.4968,46.272,18.9447,-23.3918,-57.1258,8.4446,29.7516,-27.4271,-79.4401,21.3851,112.708,10,6.95271e-310,-571.258,6.68183e-310,297.516,1.4822e-323,-794.401,5.23261e-310,1127.08,48.5582,-559.337,47.4862,313.171,48.8858,-783.904,46.272,1146.02,47.8934,96.4517,-64.1522,-16.666,76.706,125.592,-171.01,-124.738,
1.33861,1.24401,1.36499,1.1771,0,200,0,3.37665,6.17451,-4.41465,-1.6918,4.86076,7.67509,-10,-7.60715,0,255.401,0,359.464,0,226.386,0,433.063,48.6583,11.5051,47.354,16.05,48.9448,10.2178,46.1749,19.1801,-26.7729,-65.517,9.8409,39.5472,-30.2764,-85.5025,22.4869,118.506,10,6.95271e-310,-655.17,6.68183e-310,395.472,1.4822e-323,-855.025,5.23261e-310,1185.06,48.6583,-643.665,47.354,411.522,48.9448,-844.807,46.1749,1204.24,58.7244,107.383,-76.7766,-29.4226,84.535,133.48,-178.473,-132.298,
1.34547,1.23616,1.37012,1.17203,0,200,0,3.91446,6.71678,-5.055,-2.33947,5.2812,8.0985,-10,-8.01184,0,247.86,0,368.099,0,220.743,0,438.639,48.7361,11.1713,47.2265,16.4212,48.9966,9.96658,46.0771,19.4139,-29.9079,-72.7624,11.18,48.1902,-32.9953,-91.1642,23.2434,123.899,10,6.95271e-310,-727.624,6.68183e-310,481.902,1.4822e-323,-911.642,5.23261e-310,1238.99,48.7361,-716.453,47.2265,498.323,48.9966,-901.675,46.0771,1258.41,68.0775,116.814,-87.913,-40.6865,91.8469,140.843,-185.413,-139.336,
1.35339,1.2288,1.37426,1.16832,0,200,0,4.46099,7.26831,-5.71338,-3.00488,5.62034,8.43999,-10,-8.32486,0,239.146,0,376.193,0,216.195,0,442.726,48.823,10.7849,47.1044,16.7683,49.0374,9.76392,46.0047,19.585,-32.8856,-80.1238,12.0033,57.0767,-35.4834,-95.7308,24.2067,128.073,10,6.95271e-310,-801.238,6.68183e-310,570.767,1.4822e-323,-957.308,5.23261e-310,1280.73,48.823,-790.453,47.1044,587.535,49.0374,-947.545,46.0047,1300.31,77.5824,126.405,-99.3632,-52.2588,97.7451,146.783,-190.785,-144.78,
1.36003,1.2219,1.37892,1.16471,0,200,0,4.93636,7.74773,-6.31466,-3.61287,5.97494,8.79717,-10,-8.63846,0,231.843,0,383.786,0,211.067,0,446.694,48.8935,10.4605,46.9875,17.0931,49.0824,9.5352,45.9337,19.7508,-35.717,-86.5258,13.0278,65.1936,-37.9501,-100.505,24.6832,132.256,10,6.95271e-310,-865.258,6.68183e-310,651.936,1.4822e-323,-1005.05,5.23261e-310,1322.56,48.8935,-854.797,46.9875,669.029,49.0824,-995.512,45.9337,1342.31,85.8497,134.743,-109.82,-62.8326,103.912,152.994,-196.168,-150.234,
1.36567,1.21545,1.38275,1.1617,0,200,0,5.34951,8.16424,-6.86118,-4.16579,6.27834,9.10266,-10,-8.88598,0,225.634,0,390.879,0,206.849,0,450.003,48.9518,10.1843,46.8763,17.3957,49.1186,9.34691,45.8741,19.8889,-38.2341,-92.0893,13.9533,72.5726,-40.1493,-104.589,24.9944,135.555,10,6.95271e-310,-920.893,6.68183e-310,725.726,1.4822e-323,-1045.89,5.23261e-310,1355.55,48.9518,-910.709,46.8763,743.122,49.1186,-1036.55,45.8741,1375.44,93.0349,141.987,-119.325,-72.4485,109.189,158.307,-200.413,-154.539,
1.37144,1.20922,1.38607,1.15906,0,200,0,5.75569,8.57375,-7.39947,-4.71037,6.54845,9.37453,-10,-9.1012,0,219.293,0,397.734,0,203.197,0,452.914,49.0097,9.90198,46.767,17.6874,49.1493,9.1838,45.8213,20.0102,-40.6649,-97.5581,14.6569,79.8411,-42.2631,-108.225,25.3724,138.423,10,6.95271e-310,-975.581,6.68183e-310,798.411,1.4822e-323,-1082.25,5.23261e-310,1384.23,49.0097,-965.679,46.767,816.098,49.1493,-1073.07,45.8213,1404.24,100.099,149.109,-128.687,-81.9195,113.886,163.035,-204.103,-158.282,
1.37742,1.20354,1.38895,1.15726,0,200,0,6.14339,8.9648,-7.92198,-5.23869,6.77355,9.60115,-10,-9.2632,0,212.715,0,403.982,0,200.033,0,454.894,49.068,9.60872,46.6658,17.9528,49.1756,9.0424,45.7852,20.0927,-42.8835,-102.777,15.1204,86.8962,-44.172,-111.255,25.7642,140.584,10,6.95271e-310,-1027.77,6.68183e-310,868.962,1.4822e-323,-1112.55,5.23261e-310,1405.84,49.068,-1018.16,46.6658,886.915,49.1756,-1103.51,45.7852,1425.94,106.842,155.91,-137.774,-91.1077,117.801,166.976,-206.884,-161.099,
1.38236,1.19822,1.3914,1.15588,0,200,0,6.47235,9.29646,-8.39519,-5.71744,6.97093,9.79979,-10,-9.37964,0,207.284,0,409.835,0,197.331,0,456.41,49.1149,9.36633,46.5696,18.2009,49.1976,8.92156,45.7575,20.1557,-44.8262,-107.205,15.6408,93.2868,-45.8619,-113.912,25.9447,142.137,10,6.95271e-310,-1072.05,6.68183e-310,932.868,1.4822e-323,-1139.12,5.23261e-310,1421.37,49.1149,-1062.68,46.5696,951.069,49.1976,-1130.2,45.7575,1441.52,112.563,161.678,-146.003,-99.4338,121.233,170.431,-208.882,-163.124,
1.38643,1.1935,1.39345,1.15473,0,200,0,6.7491,9.57538,-8.80613,-6.13335,7.14021,9.97012,-10,-9.47039,0,202.802,0,415.029,0,195.077,0,457.675,49.1526,9.16613,46.4832,18.4206,49.2158,8.82072,45.7343,20.2084,-46.503,-110.929,16.1155,98.837,-47.3371,-116.191,26.034,143.346,10,6.95271e-310,-1109.29,6.68183e-310,988.37,1.4822e-323,-1161.91,5.23261e-310,1433.46,49.1526,-1100.13,46.4832,1006.79,49.2158,-1153.09,45.7343,1453.66,117.376,166.528,-153.15,-106.667,124.178,173.393,-210.437,-164.702,
1.39103,1.18935,1.39516,1.15378,0,200,0,7.03272,9.86139,-9.19674,-6.52838,7.27903,10,-10,-9.5565,0,197.74,0,419.59,0,193.205,0,458.717,49.1943,8.93984,46.4064,18.6131,49.2307,8.73695,45.7151,20.2517,-48.0939,-114.746,16.244,104.112,-48.7238,-118.059,26.3372,144.494,10,6.95271e-310,-1147.46,6.68183e-310,1041.12,1.4822e-323,-1180.59,5.23261e-310,1444.94,49.1943,-1138.52,46.4064,1059.74,49.2307,-1171.86,45.7151,1465.2,122.308,171.502,-159.943,-113.537,126.592,175.823,-211.915,-166.2,
1.39472,1.18572,1.39647,1.15315,0,200,0,7.26334,10,-9.53062,-6.86615,7.39113,10,-10,-9.61009,0,193.679,0,423.585,0,191.755,0,459.415,49.227,8.75819,46.3385,18.7815,49.2422,8.67204,45.7022,20.2807,-49.4033,-117.849,16.3984,108.622,-49.8719,-119.568,26.5178,145.209,10,6.95271e-310,-1178.49,6.68183e-310,1086.22,1.4822e-323,-1195.68,5.23261e-310,1452.09,49.227,-1169.73,46.3385,1105,49.2422,-1187.01,45.7022,1472.37,126.319,175.546,-165.75,-119.411,128.541,177.784,-212.834,-167.132,
1.39767,1.18236,1.39743,1.15268,0,200,0,7.45546,10,-9.82489,-7.16406,7.48364,10,-10,-9.63846,0,190.436,0,427.276,0,190.7,0,459.929,49.2526,8.61303,46.2752,18.9369,49.2505,8.62483,45.6927,20.302,-50.5174,-120.433,16.5919,112.597,-50.8523,-120.814,26.6167,145.585,10,6.95271e-310,-1204.33,6.68183e-310,1125.97,1.4822e-323,-1208.14,5.23261e-310,1455.85,49.2526,-1195.72,46.2752,1144.91,49.2505,-1199.51,45.6927,1476.16,129.66,178.913,-170.868,-124.592,130.15,179.401,-213.318,-167.625,
1.40084,1.17932,1.39808,1.15259,0,200,0,7.64447,10,-10,-7.45232,7.54998,10,-10,-9.64251,0,186.956,0,430.624,0,189.988,0,460.022,49.2796,8.45716,46.2173,19.0777,49.2561,8.59296,45.691,20.3059,-51.5122,-122.976,16.6252,116.446,-51.7104,-121.707,26.7925,145.639,10,6.95271e-310,-1229.76,6.68183e-310,1164.46,1.4822e-323,-1217.07,5.23261e-310,1456.39,49.2796,-1221.3,46.2173,1183.53,49.2561,-1208.47,45.691,1476.7,132.947,182.227,-175.823,-129.605,131.304,180.56,-213.387,-167.696,
1.4033,1.17676,1.39846,1.15283,0,200,0,7.79038,10,-10,-7.69366,7.59442,10,-10,-9.61884,0,184.241,0,433.445,0,189.566,0,459.758,49.3003,8.33547,46.1683,19.1962,49.2594,8.57407,45.6959,20.2949,-52.2587,-124.938,16.693,119.668,-52.3481,-122.305,26.8714,145.323,10,6.95271e-310,-1249.38,6.68183e-310,1196.68,1.4822e-323,-1223.05,5.23261e-310,1453.23,49.3003,-1241.05,46.1683,1215.87,49.2594,-1214.48,45.6959,1473.52,135.485,184.785,-179.971,-133.803,132.077,181.336,-212.98,-167.284,
1.40537,1.17463,1.39857,1.15348,0,200,0,7.90468,10,-10,-7.90015,7.61434,10,-10,-9.56483,0,181.973,0,435.779,0,189.448,0,459.046,49.3174,8.23383,46.1274,19.294,49.2603,8.56876,45.709,20.2653,-52.7811,-126.475,16.7455,122.425,-52.7767,-122.573,26.8998,144.603,10,6.95271e-310,-1264.75,6.68183e-310,1224.25,1.4822e-323,-1225.73,5.23261e-310,1446.03,49.3174,-1256.52,46.1274,1243.55,49.2603,-1217.16,45.709,1466.3,137.473,186.79,-183.521,-137.394,132.423,181.684,-212.054,-166.345,
1.40707,1.17297,1.39839,1.15486,0,200,0,7.98378,10,-10,-8.07877,7.603,10,-10,-9.46033,0,180.101,0,437.611,0,189.646,0,457.53,49.3313,8.1499,46.0952,19.3709,49.2588,8.57761,45.7369,20.2023,-53.0236,-127.538,16.8095,124.813,-52.9359,-122.421,26.8276,143.212,10,6.95271e-310,-1275.38,6.68183e-310,1248.13,1.4822e-323,-1224.21,5.23261e-310,1432.12,49.3313,-1267.23,46.0952,1267.5,49.2588,-1215.63,45.7369,1452.32,138.848,188.18,-186.596,-140.5,132.226,181.485,-210.264,-164.528,
1.40841,1.1717,1.39785,1.1569,0,200,0,8.03059,10,-10,-8.2309,7.55959,10,-10,-9.30679,0,178.625,0,439.008,0,190.239,0,455.289,49.3422,8.08368,46.0706,19.4294,49.2541,8.60417,45.778,20.1091,-53.0042,-128.167,16.8759,126.848,-52.8375,-121.837,26.6801,141.167,10,6.95271e-310,-1281.67,6.68183e-310,1268.48,1.4822e-323,-1218.37,5.23261e-310,1411.67,49.3422,-1273.59,46.0706,1287.91,49.2541,-1209.76,45.778,1431.78,139.662,189.005,-189.217,-143.146,131.471,180.725,-207.635,-161.857,
1.40943,1.17074,1.39679,1.15951,0,200,0,8.05055,10,-10,-8.35901,7.47975,10,-10,-9.10364,0,177.504,0,440.063,0,191.412,0,452.415,49.3504,8.0334,46.0519,19.4736,49.2449,8.65671,45.8304,19.9894,-52.7444,-128.434,16.9084,128.563,-52.4919,-120.762,26.5125,138.462,10,6.95271e-310,-1284.34,6.68183e-310,1285.63,1.4822e-323,-1207.62,5.23261e-310,1384.62,49.3504,-1276.31,46.0519,1305.1,49.2449,-1198.96,45.8304,1404.6,140.009,189.36,-191.426,-145.374,130.083,179.327,-204.155,-158.324,
1.41012,1.17007,1.39505,1.16264,0,200,0,8.04583,10,-10,-8.46148,7.35877,10,-10,-8.8502,0,176.74,0,440.801,0,193.324,0,448.975,49.356,7.9991,46.0389,19.5045,49.2298,8.74227,45.8927,19.846,-52.25,-128.369,16.8731,129.936,-51.8966,-119.134,26.3664,135.084,10,6.95271e-310,-1283.69,6.68183e-310,1299.36,1.4822e-323,-1191.34,5.23261e-310,1350.84,49.356,-1275.69,46.0389,1318.86,49.2298,-1182.6,45.8927,1370.69,139.927,189.283,-193.195,-147.156,127.979,177.208,-199.809,-153.917,
1.41056,1.16961,1.39284,1.16615,0,200,0,8.02167,10,-10,-8.54452,7.20823,10,-10,-8.55997,0,176.265,0,441.302,0,195.749,0,445.112,49.3594,7.97781,46.03,19.5254,49.2104,8.8508,45.9621,19.6847,-51.5871,-128.043,16.7979,131.049,-51.1188,-117.108,26.2162,131.215,10,6.95271e-310,-1280.43,6.68183e-310,1310.49,1.4822e-323,-1171.08,5.23261e-310,1312.15,49.3594,-1272.45,46.03,1330.02,49.2104,-1162.23,45.9621,1331.84,139.507,188.867,-194.63,-148.6,125.36,174.571,-194.831,-148.869,
1.41071,1.16944,1.39021,1.17002,0,200,0,7.97648,10,-10,-8.6032,7.02859,9.85684,-10,-8.23678,0,176.094,0,441.487,0,198.649,0,440.854,49.3607,7.97012,46.0267,19.5331,49.1869,8.98051,46.0379,19.5067,-50.7535,-127.433,16.674,131.838,-50.1558,-114.691,26.0589,126.906,10,6.95271e-310,-1274.33,6.68183e-310,1318.38,1.4822e-323,-1146.91,5.23261e-310,1269.06,49.3607,-1266.36,46.0267,1337.91,49.1869,-1137.93,46.0379,1288.57,138.721,188.082,-195.647,-149.621,122.236,171.423,-189.286,-143.248,
1.41056,1.16961,1.38723,1.1743,0,200,0,7.90658,10,-10,-8.63565,6.82198,9.64868,-10,-7.8808,0,176.265,0,441.302,0,201.919,0,436.148,49.3594,7.97781,46.03,19.5254,49.16,9.12666,46.121,19.3095,-49.7422,-126.491,16.5258,132.278,-49.0021,-111.911,25.853,122.16,10,6.95271e-310,-1264.91,6.68183e-310,1322.78,1.4822e-323,-1119.11,5.23261e-310,1221.6,49.3594,-1256.94,46.03,1342.3,49.16,-1109.98,46.121,1240.91,137.506,186.865,-196.215,-150.185,118.643,167.803,-183.178,-137.057,
1.41004,1.17016,1.38393,1.17908,0,200,0,7.80737,10,-10,-8.6394,6.58554,9.41048,-10,-7.48636,0,176.832,0,440.696,0,205.557,0,430.888,49.3553,8.00324,46.0407,19.5,49.1295,9.28921,46.2128,19.0888,-48.5301,-125.155,16.3648,132.335,-47.6321,-108.728,25.5669,116.902,10,6.95271e-310,-1251.55,6.68183e-310,1323.35,1.4822e-323,-1087.28,5.23261e-310,1169.02,49.3553,-1243.55,46.0407,1342.85,49.1295,-1077.99,46.2128,1188.11,135.78,185.136,-196.291,-150.25,114.531,163.661,-176.41,-130.197,
1.40908,1.17159,1.38033,1.18417,0,200,0,7.6691,10,-10,-8.57788,6.31634,9.13935,-9.73856,-7.07577,0,177.887,0,439.127,0,209.512,0,425.285,49.3476,8.05056,46.0685,19.4344,49.0958,9.46579,46.3094,18.8531,-47.0619,-123.293,16.0945,131.523,-46.0029,-105.104,25.2676,111.429,10,6.95271e-310,-1232.93,6.68183e-310,1315.23,1.4822e-323,-1051.04,5.23261e-310,1114.29,49.3476,-1224.88,46.0685,1334.66,49.0958,-1041.58,46.3094,1133.14,133.376,182.723,-195.249,-149.18,109.849,158.945,-169.366,-123.057,
1.40745,1.17369,1.37639,1.18971,0,200,0,7.48368,10,-10,-8.45933,6.01345,8.83429,-9.30079,-6.63204,0,179.679,0,436.82,0,213.849,0,419.195,49.3344,8.13098,46.1091,19.3377,49.0581,9.65929,46.4131,18.5965,-45.3311,-120.797,15.8122,129.951,-44.1027,-101.027,24.8595,105.514,10,6.95271e-310,-1207.97,6.68183e-310,1299.51,1.4822e-323,-1010.27,5.23261e-310,1055.14,49.3344,-1199.84,46.1091,1318.84,49.0581,-1000.61,46.4131,1073.73,130.151,179.485,-193.228,-147.119,104.582,153.64,-161.753,-115.34,
1.40522,1.17599,1.37217,1.19561,0,200,0,7.26376,10,-10,-8.31436,5.68884,8.50731,-8.82936,-6.15435,0,182.131,0,434.289,0,218.489,0,412.709,49.3162,8.24093,46.1535,19.2316,49.0169,9.86615,46.5219,18.3225,-43.4582,-117.837,15.5982,128.024,-42.0418,-96.6563,24.2909,99.145,10,6.95271e-310,-1178.37,6.68183e-310,1280.24,1.4822e-323,-966.563,5.23261e-310,991.45,49.3162,-1170.13,46.1535,1299.48,49.0169,-956.697,46.5219,1009.77,126.326,175.643,-190.751,-144.598,98.9363,147.953,-153.554,-107.032,
1.40263,1.17922,1.36762,1.20187,0,200,0,7.00534,9.83978,-10,-8.10331,5.32546,8.14132,-8.33933,-5.65777,0,184.979,0,430.73,0,223.499,0,405.815,49.2947,8.36856,46.2155,19.0821,48.9715,10.0893,46.6358,18.0305,-41.3453,-114.358,15.218,125.219,-39.7318,-91.7633,23.708,92.5252,10,6.95271e-310,-1143.58,6.68183e-310,1252.19,1.4822e-323,-917.633,5.23261e-310,925.252,49.2947,-1135.21,46.2155,1271.27,48.9715,-907.543,46.6358,943.283,121.832,171.127,-187.143,-140.927,92.6166,141.588,-145.032,-98.396,
1.39963,1.18222,1.36263,1.20845,0,200,0,6.72938,9.56236,-10,-7.89572,4.94087,7.7538,-7.8078,-5.11948,0,188.288,0,427.434,0,228.983,0,398.577,49.2693,8.5168,46.2725,18.9436,48.9206,10.3333,46.7534,17.7233,-39.2036,-110.644,14.8974,122.457,-37.3498,-86.5843,22.9719,85.3463,10,6.95271e-310,-1106.44,6.68183e-310,1224.57,1.4822e-323,-865.843,5.23261e-310,853.463,49.2693,-1097.92,46.2725,1243.51,48.9206,-855.51,46.7534,871.186,117.033,166.302,-183.589,-137.317,85.9281,134.849,-135.788,-89.0344,
1.39625,1.18566,1.35717,1.21546,0,200,0,6.42276,9.25407,-10,-7.65186,4.5179,7.32754,-7.2401,-4.5447,0,192.005,0,423.651,0,234.994,0,390.865,49.2402,8.68326,46.3373,18.7843,48.8634,10.6005,46.8765,17.3951,-36.9105,-106.517,14.4724,119.211,-34.7823,-80.888,22.149,77.6798,10,6.95271e-310,-1065.17,6.68183e-310,1192.11,1.4822e-323,-808.88,5.23261e-310,776.798,49.2402,-1056.48,46.3373,1210.89,48.8634,-798.279,46.8765,794.193,111.7,160.94,-179.413,-133.076,78.5721,127.435,-125.915,-79.0383,
1.3925,1.18999,1.35133,1.22292,0,200,0,6.07575,8.90518,-10,-7.34562,4.05244,6.85847,-6.64745,-3.94467,0,196.131,0,418.892,0,241.414,0,382.666,49.2073,8.8679,46.4182,18.5837,48.8007,10.8855,47.0049,17.0452,-34.412,-101.845,13.8631,115.135,-31.9925,-74.6186,21.2574,69.6771,10,6.95271e-310,-1018.45,6.68183e-310,1151.35,1.4822e-323,-746.186,5.23261e-310,696.771,49.2073,-1009.58,46.4182,1169.93,48.8007,-735.3,47.0049,713.816,105.665,154.873,-174.168,-127.75,70.4771,119.278,-115.608,-68.6029,
1.38832,1.1938,1.34509,1.23086,0,200,0,5.71315,8.54042,-9.73669,-7.06359,3.56593,6.368,-5.99835,-3.28786,0,200.719,0,414.7,0,248.282,0,373.926,49.1699,9.07305,46.4887,18.4066,48.7318,11.19,47.1389,16.6712,-31.9492,-96.9639,13.3742,111.379,-29.169,-68.065,20.0778,60.9139,10,6.95271e-310,-969.639,6.68183e-310,1113.79,1.4822e-323,-680.65,5.23261e-310,609.139,49.1699,-960.566,46.4887,1132.19,48.7318,-669.46,47.1389,625.81,99.3591,148.529,-169.334,-122.845,62.0161,110.748,-104.319,-57.1802,
1.38394,1.19833,1.33851,1.23919,0,200,0,5.32044,8.14539,-9.41131,-6.73344,3.04081,5.8386,-5.32818,-2.6098,0,205.544,0,409.717,0,255.519,0,364.764,49.1296,9.28863,46.5716,18.1958,48.6571,11.5103,47.2761,16.278,-29.3676,-91.6769,12.6806,106.982,-26.2,-60.9905,18.8199,51.8673,10,6.95271e-310,-916.769,6.68183e-310,1069.82,1.4822e-323,-609.905,5.23261e-310,518.673,49.1296,-907.48,46.5716,1088.02,48.6571,-598.395,47.2761,534.951,92.5294,141.659,-163.675,-117.103,52.8837,101.541,-92.6639,-45.3878,
1.37912,1.20332,1.33183,1.24782,0,200,0,4.89367,7.71602,-9.04905,-6.36599,2.4938,5.2871,-4.64219,-1.91584,0,210.843,0,404.219,0,262.862,0,355.272,49.0843,9.5252,46.6619,17.9629,48.5792,11.8349,47.4148,15.8695,-26.7265,-85.9309,11.9316,102.088,-23.1556,-53.62,17.36,42.6084,10,6.95271e-310,-859.309,6.68183e-310,1020.88,1.4822e-323,-536.2,5.23261e-310,426.084,49.0843,-849.784,46.6619,1038.84,48.5792,-524.365,47.4148,441.954,85.1074,134.192,-157.375,-110.713,43.3704,91.9496,-80.7337,-33.3189,
1.37404,1.20929,1.32446,1.25627,0,200,0,4.43847,7.258,-8.60815,-5.91898,1.90144,4.68965,-3.96271,-1.22874,0,216.433,0,397.655,0,270.969,0,345.979,49.0353,9.77449,46.7683,17.6841,48.4906,12.1926,47.5472,15.4683,-23.9808,-79.8015,10.7338,96.1318,-20.0016,-45.6375,16.0473,33.439,10,6.95271e-310,-798.015,6.68183e-310,961.318,1.4822e-323,-456.375,5.23261e-310,334.39,49.0353,-788.24,46.7683,979.002,48.4906,-444.182,47.5472,349.859,77.1908,126.226,-149.707,-102.939,33.0686,81.5592,-68.9166,-21.3695,
1.36843,1.21509,1.31853,1.26499,0,200,0,3.95365,6.76999,-8.18401,-5.48898,1.36318,4.14718,-3.30327,-0.561651,0,222.602,0,391.274,0,277.495,0,336.382,48.9797,10.0494,46.8701,17.4125,48.4174,12.48,47.6803,15.0529,-21.3848,-73.273,10.0562,90.4028,-17.0481,-38.383,14.1217,24.5409,10,6.95271e-310,-732.73,6.68183e-310,904.028,1.4822e-323,-383.83,5.23261e-310,245.409,48.9797,-722.68,46.8701,921.441,48.4174,-371.35,47.6803,260.462,68.7592,117.739,-142.331,-95.4605,23.7074,72.1248,-57.4481,-9.76784,
1.36233,1.22062,1.31185,1.27322,0,200,0,3.46178,6.27454,-7.74371,-5.04319,0.807904,3.58706,-2.64281,0.105828,0,229.312,0,385.197,0,284.837,0,327.338,48.9175,10.3479,46.9656,17.1533,48.3331,12.803,47.8024,14.6604,-18.8862,-66.6491,9.20134,84.4572,-14.1555,-30.8985,12.2022,15.631,10,6.95271e-310,-666.491,6.68183e-310,844.572,1.4822e-323,-308.985,5.23261e-310,156.31,48.9175,-656.143,46.9656,861.725,48.3331,-296.182,47.8024,170.971,60.2049,109.122,-134.673,-87.7076,14.0505,62.3836,-45.962,1.84049,
1.356,1.22795,1.30508,1.28377,0,200,0,2.88291,5.69184,-7.22904,-4.52135,0.156084,2.93019,-1.87424,0.883149,0,236.273,0,377.129,0,292.286,0,315.724,48.851,10.6573,47.0901,16.8084,48.2453,13.1299,47.9546,14.1549,-16.0467,-58.8521,8.14292,77.5066,-10.8758,-22.1118,9.70529,5.26359,10,6.95271e-310,-588.521,6.68183e-310,775.066,1.4822e-323,-221.118,5.23261e-310,52.6359,48.851,-577.863,47.0901,791.874,48.2453,-207.988,47.9546,66.7908,50.1375,98.9885,-125.722,-78.6323,2.7145,50.9598,-32.5954,15.3591,
1.34918,1.23509,1.29818,1.29379,0,200,0,2.29367,5.09836,-6.69969,-3.98518,-0.488522,2.2803,-1.12848,1.63692,0,243.774,0,369.272,0,299.879,0,304.704,48.7772,10.9901,47.209,16.4716,48.1535,13.4626,48.094,13.6737,-13.3707,-50.9148,7.0287,70.3596,-7.76492,-13.4213,7.0931,-4.79383,10,6.95271e-310,-509.148,6.68183e-310,703.596,1.4822e-323,-134.213,5.23261e-310,-47.9383,48.7772,-498.158,47.209,720.067,48.1535,-120.75,48.094,-34.2646,39.8898,88.6671,-116.516,-69.3074,-8.49603,39.6574,-19.6257,28.4682,
1.34298,1.24185,1.29072,1.30394,0,200,0,1.73686,4.53757,-6.20808,-3.48723,-1.16022,1.60276,-0.360933,2.41231,0,250.602,0,361.837,0,308.078,0,293.538,48.7081,11.2927,47.3192,16.1521,48.0518,13.8212,48.2303,13.1848,-10.9299,-43.4134,5.63092,63.7228,-4.79479,-4.36447,4.50544,-15.143,10,6.95271e-310,-434.134,6.68183e-310,637.228,1.4822e-323,-43.6447,5.23261e-310,-151.43,48.7081,-422.842,47.3192,653.38,48.0518,-29.8235,48.2303,-138.245,30.2062,78.9142,-107.967,-60.6474,-20.1777,27.8741,-6.27709,41.9532,
1.33509,1.25066,1.28467,1.31385,0,200,0,1.05947,3.85498,-5.55444,-2.82551,-1.80066,0.957457,0.324635,3.10525,0,259.276,0,352.148,0,314.736,0,282.636,48.6175,11.6765,47.4597,15.7347,47.9673,14.1118,48.3586,12.7062,-8.27066,-34.2868,4.34993,54.9002,-1.86511,4.27128,1.47218,-24.3851,10,6.95271e-310,-342.868,6.68183e-310,549.002,1.4822e-323,42.7128,5.23261e-310,-243.851,48.6175,-331.192,47.4597,564.736,47.9673,56.8246,48.3586,-231.145,18.4256,67.0431,-96.599,-49.1394,-31.3158,16.6514,5.64582,54.0044,
1.32795,1.25888,1.27723,1.32385,0,200,0,0.426755,3.21739,-4.94584,-2.20956,-2.49862,0.253382,1.05762,3.84541,0,267.133,0,343.105,0,322.922,0,271.642,48.5328,12.0234,47.5874,15.344,47.8609,14.4684,48.4832,12.2222,-5.86373,-25.7607,2.52319,46.6868,0.961082,13.6841,-1.38845,-34.2644,10,6.95271e-310,-257.607,6.68183e-310,466.868,1.4822e-323,136.841,5.23261e-310,-342.644,48.5328,-245.584,47.5874,482.212,47.8609,151.31,48.4832,-330.422,7.42183,55.9547,-86.0146,-38.4272,-43.4543,4.40664,18.3935,66.8766,
1.32063,1.26704,1.2712,1.3337,0,200,0,-0.214551,2.57095,-4.34813,-1.60474,-3.13528,-0.388341,1.73605,4.53062,0,275.188,0,334.127,0,329.553,0,260.805,48.4435,12.3785,47.711,14.9551,47.7728,14.7566,48.6012,11.744,-3.67318,-17.1179,1.06702,38.6216,3.47533,22.2705,-4.59994,-43.4063,10,6.95271e-310,-171.179,6.68183e-310,386.216,1.4822e-323,222.705,5.23261e-310,-434.063,48.4435,-158.801,47.711,401.172,47.7728,237.461,48.6012,-422.319,-3.73132,44.7122,-75.6196,-27.9086,-54.5266,-6.75375,30.1922,78.7934,
1.31311,1.27458,1.26369,1.34314,0,200,0,-0.842403,1.93767,-3.76031,-1.01052,-3.81684,-1.07635,2.44588,5.24671,0,283.453,0,325.835,0,337.813,0,250.417,48.3491,12.7421,47.8224,14.5951,47.6607,15.1149,48.7099,11.2845,-1.64734,-8.65537,-0.841586,30.6917,5.92811,31.4643,-7.76315,-52.9698,10,6.95271e-310,-86.5537,6.68183e-310,306.917,1.4822e-323,314.643,5.23261e-310,-529.698,48.3491,-73.8115,47.8224,321.512,47.6607,329.758,48.7099,-518.414,-14.6505,33.6986,-65.3966,-17.5742,-66.3798,-18.7191,42.5371,91.2471,
1.30547,1.28331,1.25748,1.35207,0,200,0,-1.50152,1.27287,-3.10431,-0.347302,-4.4507,-1.71567,3.06189,5.8684,0,291.864,0,316.238,0,344.647,0,240.596,48.2503,13.1114,47.9479,14.1773,47.5658,15.4107,48.8088,10.8492,0.336659,0.229797,-2.80783,21.8431,8.1203,40.0149,-10.9101,-61.2673,10,6.95271e-310,2.29797,6.68183e-310,218.431,1.4822e-323,400.149,5.23261e-310,-612.673,48.2503,15.4094,47.9479,232.608,47.5658,415.559,48.8088,-601.824,-26.1135,22.1368,-53.988,-6.04003,-77.4035,-29.8377,53.2503,102.059,
1.2978,1.2916,1.25079,1.36074,0,200,0,-2.14848,0.620045,-2.46568,0.297988,-5.09278,-2.36373,3.68136,6.49316,0,300.301,0,307.116,0,352.003,0,231.065,48.1483,13.4811,48.0639,13.7792,47.4617,15.7285,48.9009,10.4259,2.14237,8.95224,-4.96869,13.2305,10.1667,48.6776,-14.1047,-69.6101,10,6.95271e-310,89.5224,6.68183e-310,132.305,1.4822e-323,486.776,5.23261e-310,-696.101,48.1483,103.003,48.0639,146.084,47.4617,502.504,48.9009,-685.675,-37.3649,10.7834,-42.8815,5.1824,-88.5701,-41.1084,64.0237,112.925,
1.29017,1.29925,1.24352,1.36909,0,200,0,-2.77354,-0.0110037,-1.85765,0.911995,-5.74318,-3.02078,4.30817,7.12488,0,308.685,0,298.706,0,360.005,0,221.877,48.0442,13.8477,48.1678,13.4113,47.3461,16.0733,48.9863,10.0171,3.75257,17.3807,-7.32166,5.03179,12.0766,57.4541,-17.3356,-78.0505,10,6.95271e-310,173.807,6.68183e-310,50.3179,1.4822e-323,574.541,5.23261e-310,-780.505,48.0442,187.654,48.1678,63.7292,47.3461,590.615,48.9863,-770.488,-48.2355,-0.191368,-32.307,15.8608,-99.8814,-52.5353,74.9246,123.911,
1.28177,1.30946,1.23717,1.37802,0,200,0,-3.50836,-0.75261,-1.0981,1.67928,-6.41002,-3.69354,4.8964,7.71815,0,317.926,0,287.474,0,366.992,0,212.056,47.9261,14.2508,48.3022,12.9188,47.243,16.3737,49.0738,9.57932,5.52137,27.2902,-10.0236,-5.20856,13.8791,66.4518,-20.8319,-85.969,10,6.95271e-310,272.902,6.68183e-310,-52.0856,1.4822e-323,664.518,5.23261e-310,-859.69,47.9261,287.153,48.3022,-39.1668,47.243,680.892,49.0738,-850.111,-61.015,-13.0889,-19.0973,29.2049,-111.479,-64.2355,85.1548,134.229,
1.27433,1.31727,1.2312,1.3858,0,200,0,-4.12652,-1.37694,-0.493228,2.28987,-6.99402,-4.28322,5.43699,8.26293,0,326.112,0,278.879,0,373.557,0,203.501,47.8187,14.6071,48.4017,12.541,47.1445,16.6554,49.1468,9.19735,6.839,35.6278,-12.3155,-13.3619,15.3274,74.3332,-24.1486,-93.2453,10,6.95271e-310,356.278,6.68183e-310,-133.619,1.4822e-323,743.332,5.23261e-310,-932.453,47.8187,370.885,48.4017,-121.078,47.1445,759.988,49.1468,-923.255,-71.7655,-23.9467,-8.57788,39.8238,-121.635,-74.4907,94.5563,143.703,
1.26679,1.32591,1.22569,1.39317,0,200,0,-4.76709,-2.02392,0.161601,2.95083,-7.55951,-4.85402,5.92441,8.75417,0,334.404,0,269.374,0,379.621,0,195.393,47.7073,14.9671,48.5083,12.1223,47.0519,16.915,49.2133,8.83488,8.12836,44.2688,-14.8413,-22.1873,16.5887,81.9649,-27.3642,-99.8043,10,6.95271e-310,442.688,6.68183e-310,-221.873,1.4822e-323,819.649,5.23261e-310,-998.043,47.7073,457.655,48.5083,-209.75,47.0519,836.564,49.2133,-989.209,-82.9059,-35.1987,2.81044,51.3187,-131.47,-84.4177,103.033,152.246,
1.25933,1.33453,1.22082,1.40003,0,200,0,-5.39951,-2.66284,0.812548,3.60768,-8.08254,-5.38182,6.36047,9.19365,0,342.617,0,259.896,0,384.973,0,187.84,47.5942,15.3229,48.6109,11.7038,46.9691,17.1437,49.2728,8.49673,9.30166,52.8009,-17.3118,-30.9588,17.6289,89.0237,-30.5289,-105.671,10,6.95271e-310,528.009,6.68183e-310,-309.588,1.4822e-323,890.237,5.23261e-310,-1056.71,47.5942,543.332,48.6109,-297.885,46.9691,907.381,49.2728,-1048.21,-93.9044,-46.3102,14.1313,62.7422,-140.566,-93.5969,110.617,159.89,
1.25212,1.34305,1.21645,1.40567,0,200,0,-6.00492,-3.27467,1.4618,4.26256,-8.54674,-5.85036,6.71199,9.54788,0,350.54,0,250.523,0,389.785,0,181.644,47.4826,15.6653,48.7089,11.2892,46.8936,17.349,49.3198,8.21906,10.3924,60.9699,-19.8777,-39.7062,18.4359,95.289,-33.3015,-110.399,10,6.95271e-310,609.699,6.68183e-310,-397.062,1.4822e-323,952.89,5.23261e-310,-1103.99,47.4826,625.364,48.7089,-385.772,46.8936,970.239,49.3198,-1095.77,-104.433,-56.9509,25.4227,74.1315,-148.639,-101.745,116.73,166.05,
1.24517,1.35158,1.21247,1.41221,0,200,0,-6.6121,-3.88818,2.08406,4.89026,-9.02096,-6.32857,7.09457,9.9335,0,358.186,0,241.137,0,394.161,0,174.446,47.3726,15.995,48.8034,10.8732,46.8242,17.5355,49.3726,7.89616,11.3128,69.1633,-22.3014,-48.0881,19.1236,101.689,-36.4004,-115.544,10,6.95271e-310,691.633,6.68183e-310,-480.881,1.4822e-323,1016.89,5.23261e-310,-1155.44,47.3726,707.628,48.8034,-470.008,46.8242,1034.43,49.3726,-1147.54,-114.993,-67.6205,36.2445,85.0479,-156.886,-110.062,123.384,172.756,
1.23873,1.35987,1.20899,1.41752,0,200,0,-7.17823,-4.46029,2.68902,5.50031,-9.43327,-6.7444,7.39451,10,0,365.278,0,232.015,0,397.984,0,168.606,47.2685,16.3001,48.8919,10.4681,46.763,17.6981,49.4138,7.63394,12.1475,76.8035,-24.7761,-56.2358,19.6008,107.254,-39.0174,-119.576,10,6.95271e-310,768.035,6.68183e-310,-562.358,1.4822e-323,1072.54,5.23261e-310,-1195.76,47.2685,784.335,48.8919,-551.89,46.763,1090.23,49.4138,-1188.13,-124.839,-77.5703,46.7656,95.6576,-164.057,-117.294,128.6,178.014,
1.23332,1.36769,1.20584,1.42224,0,200,0,-7.68119,-4.96836,3.23815,6.05405,-9.80752,-7.12186,7.65324,10,0,371.223,0,223.419,0,401.451,0,163.412,47.1797,16.5553,48.9722,10.0858,46.707,17.8454,49.4493,7.40053,12.8224,83.5914,-27.2449,-63.6299,19.9238,112.305,-41.1913,-123.054,10,6.95271e-310,835.914,6.68183e-310,-636.299,1.4822e-323,1123.05,5.23261e-310,-1230.54,47.1797,852.469,48.9722,-626.213,46.707,1140.89,49.4493,-1223.14,-133.586,-86.4062,56.3156,105.288,-170.565,-123.859,133.1,182.549,
1.22726,1.37511,1.20322,1.42655,0,200,0,-8.19739,-5.49038,3.78654,6.60667,-10,-7.45746,7.88203,10,0,377.894,0,215.259,0,404.338,0,158.666,47.0784,16.8411,49.0457,9.72219,46.66,17.9679,49.4808,7.18712,13.481,90.5595,-29.4347,-71.0134,20.1385,116.798,-43.6029,-126.129,10,6.95271e-310,905.595,6.68183e-310,-710.134,1.4822e-323,1167.98,5.23261e-310,-1261.29,47.0784,922.436,49.0457,-700.412,46.66,1185.94,49.4808,-1254.1,-142.563,-95.4848,65.8529,114.899,-176.355,-129.695,137.079,186.56,
1.22276,1.38171,1.20108,1.43054,0,200,0,-8.62101,-5.91838,4.24045,7.06421,-10,-7.75155,8.0812,10,0,382.837,0,207.996,0,406.685,0,154.276,47.0023,17.0525,49.1088,9.39812,46.6215,18.0674,49.509,6.9896,13.9319,96.2776,-31.4256,-77.1234,20.237,120.737,-45.509,-128.804,10,6.95271e-310,962.776,6.68183e-310,-771.234,1.4822e-323,1207.37,5.23261e-310,-1288.04,47.0023,979.828,49.1088,-761.836,46.6215,1225.43,49.509,-1281.05,-149.931,-102.928,73.747,122.856,-181.431,-134.81,140.543,190.052,
1.21766,1.38794,1.19931,1.43404,0,200,0,-9.05501,-6.35742,4.69686,7.52393,-10,-8.00932,8.25114,10,0,388.453,0,201.141,0,408.636,0,150.427,46.9146,17.2922,49.1664,9.0919,46.5894,18.1501,49.5332,6.81631,14.3988,102.137,-33.2079,-83.2667,20.2661,124.19,-47.5771,-131.087,10,6.95271e-310,1021.37,6.68183e-310,-832.667,1.4822e-323,1241.9,5.23261e-310,-1310.87,46.9146,1038.66,49.1664,-823.575,46.5894,1260.05,49.5332,-1304.05,-157.478,-110.564,81.6846,130.851,-185.882,-139.293,143.498,193.031,
1.21345,1.39427,1.19797,1.43675,0,200,0,-9.44619,-6.75281,5.1367,7.96702,-10,-8.2249,8.36065,10,0,393.08,0,194.18,0,410.112,0,147.448,46.8414,17.4894,49.223,8.78061,46.565,18.2126,49.5515,6.68212,14.821,107.418,-35.0886,-89.1858,20.1751,127.08,-49.0561,-132.556,10,6.95271e-310,1074.18,6.68183e-310,-891.858,1.4822e-323,1270.8,5.23261e-310,-1325.56,46.8414,1091.67,49.223,-883.077,46.565,1289.01,49.5515,-1318.88,-164.282,-117.44,89.3339,138.557,-189.607,-143.042,145.403,194.954,
1.20971,1.39909,1.19697,1.43932,0,200,0,-9.77231,-7.08271,5.48022,8.31294,-10,-8.40234,8.47077,10,0,397.193,0,188.881,0,411.206,0,144.627,46.7757,17.6645,49.2647,8.54337,46.5469,18.2589,49.5685,6.55502,15.1166,111.822,-36.4172,-93.8083,20.091,129.46,-50.5808,-134.034,10,6.95271e-310,1118.22,6.68183e-310,-938.083,1.4822e-323,1294.6,5.23261e-310,-1340.34,46.7757,1135.88,49.2647,-929.539,46.5469,1312.86,49.5685,-1333.79,-169.953,-123.178,95.3082,144.573,-192.675,-146.128,147.318,196.886,
1.20643,1.40454,1.19625,1.44121,0,200,0,-10,-7.4053,5.84948,8.68484,-10,-8.55422,8.52684,10,0,400.805,0,182.883,0,411.997,0,142.544,46.7175,17.818,49.3106,8.27461,46.5337,18.2924,49.5808,6.46115,15.4353,116.132,-38.0098,-98.7761,19.9012,131.499,-51.6195,-134.786,10,6.95271e-310,1161.32,6.68183e-310,-987.761,1.4822e-323,1314.99,5.23261e-310,-1347.86,46.7175,1179.14,49.3106,-979.487,46.5337,1333.28,49.5808,-1341.39,-175.505,-128.788,101.73,151.041,-195.303,-148.769,148.293,197.874,
1.20367,1.40895,1.19581,1.44277,0,200,0,-10,-7.67128,6.14924,8.98667,-10,-8.67122,8.56951,10,0,403.837,0,178.032,0,412.485,0,140.83,46.6682,17.9467,49.3466,8.05706,46.5256,18.313,49.5908,6.3839,15.6795,119.685,-39.2491,-102.809,19.7173,133.07,-52.524,-135.357,10,6.95271e-310,1196.85,6.68183e-310,-1028.09,1.4822e-323,1330.7,5.23261e-310,-1353.57,46.6682,1214.79,49.3466,-1020.03,46.5256,1349.02,49.5908,-1347.19,-180.082,-133.414,106.943,156.29,-197.329,-150.804,149.035,198.626,
1.20133,1.41232,1.19563,1.44393,0,200,0,-10,-7.88436,6.38452,9.22349,-10,-8.75242,8.59658,10,0,406.408,0,174.327,0,412.683,0,139.551,46.6261,18.0557,49.3734,7.89084,46.5223,18.3214,49.5982,6.32625,15.8739,122.53,-40.1302,-105.973,19.5538,134.163,-53.3093,-135.719,10,6.95271e-310,1225.3,6.68183e-310,-1059.73,1.4822e-323,1341.63,5.23261e-310,-1357.19,46.6261,1243.35,49.3734,-1051.84,46.5223,1359.95,49.5982,-1350.86,-183.745,-137.119,111.035,160.408,-198.738,-152.216,149.506,199.104,
1.19957,1.41636,1.19577,1.44494,0,200,0,-10,-8.09153,6.63651,9.47729,-10,-8.82211,8.5939,10,0,408.346,0,169.885,0,412.525,0,138.444,46.5942,18.1378,49.4049,7.69137,46.525,18.3147,49.6045,6.27631,16.051,125.301,-41.1892,-109.362,19.3044,135.104,-53.7335,-135.68,10,6.95271e-310,1253.01,6.68183e-310,-1093.62,1.4822e-323,1351.04,5.23261e-310,-1356.8,46.5942,1271.15,49.4049,-1085.93,46.525,1369.35,49.6045,-1350.53,-187.317,-140.722,115.417,164.822,-199.953,-153.428,149.459,199.064,
1.198,1.41951,1.19624,1.44563,0,200,0,-10,-8.261,6.83846,9.68062,-10,-8.85795,8.57681,10,0,410.073,0,166.418,0,412.01,0,137.679,46.5657,18.2109,49.4289,7.53562,46.5335,18.2929,49.6089,6.24183,16.2019,127.567,-41.882,-112.078,19.0761,135.592,-54.1318,-135.448,10,6.95271e-310,1275.67,6.68183e-310,-1120.78,1.4822e-323,1355.92,5.23261e-310,-1354.48,46.5657,1293.88,49.4289,-1113.24,46.5335,1374.22,49.6089,-1348.24,-190.235,-143.67,118.93,168.359,-200.585,-154.051,149.162,198.771,
1.19665,1.42217,1.19726,1.44597,0,200,0,-10,-8.40304,7.01009,9.85339,-10,-8.85326,8.53005,10,0,411.562,0,163.491,0,410.89,0,137.31,46.541,18.274,49.4488,7.40409,46.5521,18.2455,49.611,6.22519,16.3453,129.466,-42.262,-114.386,18.8316,135.541,-54.4285,-134.817,10,6.95271e-310,1294.66,6.68183e-310,-1143.86,1.4822e-323,1355.41,5.23261e-310,-1348.17,46.541,1312.93,49.4488,-1136.45,46.5521,1373.66,49.611,-1341.94,-192.681,-146.14,121.915,171.363,-200.522,-153.97,148.349,197.96,
1.19577,1.42459,1.199,1.44608,0,200,0,-10,-8.51522,7.15368,9.99801,-10,-8.80773,8.45039,10,0,412.525,0,160.828,0,408.978,0,137.192,46.525,18.3147,49.4665,7.28436,46.5838,18.1646,49.6116,6.21984,16.4589,130.967,-42.348,-116.316,18.5479,134.948,-54.5378,-133.743,10,6.95271e-310,1309.67,6.68183e-310,-1163.16,1.4822e-323,1349.48,5.23261e-310,-1337.43,46.525,1327.99,49.4665,-1155.87,46.5838,1367.64,49.6116,-1331.21,-194.616,-148.091,124.412,173.878,-199.762,-153.178,146.963,196.575,
1.19517,1.42617,1.20129,1.44581,0,200,0,-10,-8.58668,7.24756,10,-10,-8.71773,8.34488,10,0,413.184,0,159.088,0,406.46,0,137.482,46.514,18.3425,49.478,7.2061,46.6252,18.0579,49.61,6.23291,16.5547,131.923,-42.0047,-117.578,18.2817,133.761,-54.5725,-132.322,10,6.95271e-310,1319.23,6.68183e-310,-1175.78,1.4822e-323,1337.61,5.23261e-310,-1323.22,46.514,1337.58,49.478,-1168.57,46.6252,1355.67,49.61,-1316.98,-195.848,-149.334,126.045,175.522,-198.238,-151.613,145.128,194.738,
1.19483,1.42745,1.20403,1.44512,0,200,0,-10,-8.63415,7.32164,10,-10,-8.59147,8.20621,10,0,413.566,0,157.678,0,403.442,0,138.246,46.5076,18.3587,49.4872,7.14265,46.6746,17.9299,49.6056,6.2674,16.6555,132.559,-41.4645,-118.574,18.0002,132.092,-54.4346,-130.454,10,6.95271e-310,1325.59,6.68183e-310,-1185.74,1.4822e-323,1320.92,5.23261e-310,-1304.54,46.5076,1343.95,49.4872,-1178.59,46.6746,1338.84,49.6056,-1298.28,-196.667,-150.159,127.333,176.82,-196.091,-149.417,142.717,192.322,
1.19478,1.42841,1.20717,1.44366,0,200,0,-10,-8.65142,7.37792,10,-10,-8.42102,8.01948,10,0,413.619,0,156.623,0,399.988,0,139.855,46.5067,18.3609,49.494,7.09519,46.7307,17.7832,49.5964,6.33992,16.7856,132.791,-40.7963,-119.33,17.7006,129.83,-53.9919,-127.941,10,6.95271e-310,1327.91,6.68183e-310,-1193.3,1.4822e-323,1298.3,5.23261e-310,-1279.41,46.5067,1346.27,49.494,-1186.2,46.7307,1316.09,49.5964,-1273.07,-196.966,-150.46,128.312,177.806,-193.183,-146.452,139.469,189.066,
1.19503,1.42902,1.21067,1.44173,0,200,0,-10,-8.64069,7.41124,10,-10,-8.21693,7.80102,10,0,413.342,0,155.951,0,396.139,0,141.977,46.5114,18.3492,49.4983,7.06494,46.7926,17.6196,49.5841,6.4356,16.9152,132.65,-39.9642,-119.778,17.3923,127.12,-53.3551,-125.002,10,6.95271e-310,1326.5,6.68183e-310,-1197.78,1.4822e-323,1271.2,5.23261e-310,-1250.02,46.5114,1344.85,49.4983,-1190.71,46.7926,1288.82,49.5841,-1243.58,-196.784,-150.273,128.891,178.389,-189.696,-142.903,135.67,185.254,
1.19571,1.42925,1.21463,1.43877,0,200,0,-10,-8.58937,7.42265,10,-10,-7.9575,7.51904,10,0,412.59,0,155.7,0,391.788,0,145.233,46.5239,18.3175,49.5,7.05367,46.8619,17.4344,49.5648,6.58235,17.077,131.966,-39.0135,-119.931,17.0527,123.669,-52.2957,-121.208,10,6.95271e-310,1319.66,6.68183e-310,-1199.31,1.4822e-323,1236.69,5.23261e-310,-1212.08,46.5239,1337.98,49.5,-1192.26,46.8619,1254.12,49.5648,-1205.5,-195.904,-149.38,129.09,178.589,-185.253,-138.391,130.766,180.331,
1.19702,1.42915,1.21881,1.43553,0,200,0,-10,-8.49847,7.39995,10,-10,-7.67651,7.21692,10,0,411.154,0,155.806,0,387.187,0,148.792,46.5478,18.2567,49.4993,7.05842,46.9344,17.2383,49.5433,6.74269,17.191,130.756,-37.957,-119.625,16.7065,119.929,-50.9814,-117.144,10,6.95271e-310,1307.56,6.68183e-310,-1196.25,1.4822e-323,1199.29,5.23261e-310,-1171.44,46.5478,1325.82,49.4993,-1189.19,46.9344,1216.53,49.5433,-1164.7,-194.347,-147.8,128.695,178.194,-180.439,-133.505,125.512,175.055,
1.199,1.4286,1.22359,1.4318,0,200,0,-10,-8.35975,7.33576,10,-10,-7.34992,6.87299,9.72026,0,408.978,0,156.412,0,381.928,0,152.892,46.5838,18.1646,49.4954,7.08571,47.0163,17.0136,49.5178,6.92729,17.2572,128.91,-36.6485,-118.761,16.3302,115.582,-49.3734,-112.517,10,6.95271e-310,1289.1,6.68183e-310,-1187.61,1.4822e-323,1155.82,5.23261e-310,-1125.17,46.5838,1307.26,49.4954,-1180.53,47.0163,1172.83,49.5178,-1118.24,-191.971,-145.387,127.578,177.074,-174.841,-127.825,119.53,169.048,
1.20144,1.42743,1.22887,1.42781,0,200,0,-10,-8.17916,7.22486,10,-9.69555,-6.98698,6.50464,9.35031,0,406.289,0,157.704,0,376.114,0,157.282,46.628,18.0506,49.487,7.14383,47.1056,16.7649,49.4898,7.12485,17.2597,126.504,-35.0271,-117.269,15.9444,110.749,-47.6572,-107.561,10,6.95271e-310,1265.04,6.68183e-310,-1172.69,1.4822e-323,1107.49,5.23261e-310,-1075.61,46.628,1283.09,49.487,-1165.55,47.1056,1124.26,49.4898,-1068.49,-188.874,-142.246,125.65,175.137,-168.618,-121.513,113.124,162.614,
1.20467,1.42534,1.23502,1.42338,0,200,0,-10,-7.93286,7.04241,9.88705,-9.27795,-6.5635,6.09329,8.93711,0,402.743,0,159.998,0,369.351,0,162.16,46.686,17.9002,49.472,7.24701,47.2078,16.475,49.4577,7.34422,17.1635,123.222,-32.9193,-114.815,15.5319,105.11,-45.7353,-102.026,10,6.95271e-310,1232.22,6.68183e-310,-1148.15,1.4822e-323,1051.1,5.23261e-310,-1020.26,46.686,1250.12,49.472,-1140.9,47.2078,1067.58,49.4577,-1012.92,-184.649,-137.963,122.477,171.949,-161.356,-114.148,105.97,155.428,
1.20764,1.42274,1.24044,1.41803,0,200,0,-10,-7.67094,6.85645,9.7,-8.85846,-6.13892,5.66499,8.50651,0,399.474,0,162.858,0,363.393,0,168.039,46.739,17.7614,49.453,7.37564,47.2963,16.219,49.4177,7.60847,17.1104,119.726,-31.0567,-112.314,15.1286,99.4473,-43.6693,-96.2645,10,6.95271e-310,1197.26,6.68183e-310,-1123.14,1.4822e-323,994.473,5.23261e-310,-962.645,46.739,1215.02,49.453,-1115.76,47.2963,1010.69,49.4177,-955.036,-180.147,-133.408,119.243,168.696,-154.06,-106.764,98.5216,147.939,
1.2117,1.41968,1.24743,1.41338,0,200,0,-10,-7.35647,6.59132,9.43355,-8.38802,-5.66203,5.22134,8.06079,0,395.005,0,166.233,0,355.707,0,173.154,46.8108,17.5714,49.4301,7.52733,47.4085,15.8882,49.3818,7.83817,16.8288,115.534,-28.4774,-108.746,14.6579,93.0963,-41.6744,-90.2938,10,6.95271e-310,1155.34,6.68183e-310,-1087.46,1.4822e-323,930.963,5.23261e-310,-902.938,46.8108,1172.92,49.4301,-1079.94,47.4085,946.851,49.3818,-895.1,-174.749,-127.939,114.632,164.062,-145.879,-98.4701,90.8059,140.188,
1.21581,1.41643,1.2533,1.408,0,200,0,-9.72076,-7.02501,6.33019,9.171,-7.94153,-5.21022,4.77566,7.61265,0,390.483,0,169.806,0,349.248,0,179.073,46.8826,17.3788,49.4054,7.68782,47.501,15.6095,49.3389,8.10378,16.5668,111.114,-26.4001,-105.233,14.183,87.0704,-39.4032,-84.2969,10,6.95271e-310,1111.14,6.68183e-310,-1052.33,1.4822e-323,870.704,5.23261e-310,-842.969,46.8826,1128.52,49.4054,-1044.65,47.501,886.314,49.3389,-834.865,-169.057,-122.174,110.09,159.496,-138.114,-90.6126,83.055,132.394,
1.22023,1.41221,1.26056,1.40157,0,200,0,-9.33989,-6.63975,6.01256,8.85149,-7.39353,-4.65578,4.2396,7.07353,0,385.619,0,174.446,0,341.259,0,186.152,46.959,17.1713,49.3726,7.89616,47.6131,15.2641,49.2857,8.42113,16.1983,105.972,-23.7365,-100.96,13.5733,79.6755,-37.0191,-77.0828,10,6.95271e-310,1059.72,6.68183e-310,-1009.6,1.4822e-323,796.755,5.23261e-310,-770.828,46.959,1076.89,49.3726,-1001.71,47.6131,812.019,49.2857,-762.407,-162.433,-115.474,104.566,153.939,-128.583,-80.9701,73.7322,123.018,
1.2249,1.40782,1.26727,1.39602,0,200,0,-8.95343,-6.24872,5.6667,8.5036,-6.89368,-4.1501,3.76661,6.59781,0,380.491,0,179.271,0,333.877,0,192.256,47.0385,16.9522,49.3375,8.11265,47.7145,14.9443,49.2383,8.69447,15.7067,100.754,-21.1567,-96.3067,12.9974,72.931,-34.8698,-70.7166,10,6.95271e-310,1007.54,6.68183e-310,-963.067,1.4822e-323,729.31,5.23261e-310,-707.166,47.0385,1024.49,49.3375,-954.955,47.7145,744.254,49.2383,-698.472,-155.712,-108.673,98.5512,147.889,-119.89,-72.1756,65.5063,114.745,
1.23018,1.40376,1.27409,1.38868,0,200,0,-8.52836,-5.81853,5.34172,8.1767,-6.34179,-3.59241,3.18412,6.01157,0,374.677,0,183.74,0,326.376,0,200.324,47.1275,16.7034,49.3041,8.31302,47.8152,14.6186,49.1732,9.05537,15.1953,95.0152,-19.0373,-91.9337,12.2041,65.486,-31.9648,-62.8765,10,6.95271e-310,950.152,6.68183e-310,-919.337,1.4822e-323,654.86,5.23261e-310,-628.765,47.1275,966.855,49.3041,-911.024,47.8152,669.478,49.1732,-619.71,-148.319,-101.192,92.8994,142.204,-110.292,-62.4767,55.3759,104.549,
1.2358,1.39828,1.2812,1.38226,0,200,0,-8.05825,-5.34307,4.91218,7.7445,-5.78803,-3.03275,2.65645,5.48051,0,368.494,0,189.764,0,318.559,0,207.389,47.2206,16.4382,49.2578,8.58292,47.9179,14.2784,49.114,9.37104,14.4528,88.6694,-16.3123,-86.1533,11.4453,58.0165,-29.5486,-55.7731,10,6.95271e-310,886.694,6.68183e-310,-861.533,1.4822e-323,580.165,5.23261e-310,-557.731,47.2206,903.133,49.2578,-852.95,47.9179,594.444,49.114,-548.36,-140.144,-92.9229,85.4291,134.687,-100.661,-52.7435,46.1992,95.3132,
1.24133,1.39297,1.28782,1.37496,0,200,0,-7.5853,-4.86494,4.50879,7.33845,-5.23249,-2.47183,2.0923,4.91235,0,362.417,0,195.604,0,311.269,0,215.418,47.3107,16.1771,49.2116,8.84431,48.0115,13.9605,49.0443,9.72924,13.6918,82.2861,-14.0049,-80.7245,10.5596,50.5244,-26.9012,-48.1782,10,6.95271e-310,822.861,6.68183e-310,-807.245,1.4822e-323,505.244,5.23261e-310,-481.782,47.3107,839.038,49.2116,-798.401,48.0115,519.204,49.0443,-472.052,-131.918,-84.6076,78.4137,127.625,-90.9998,-42.9883,36.3879,85.4321,
1.24719,1.3874,1.29533,1.36742,0,200,0,-7.08841,-4.36264,4.07536,6.90215,-4.63037,-1.86377,1.48557,4.30132,0,355.971,0,201.734,0,303.016,0,223.71,47.4047,15.8996,49.1615,9.11841,48.1149,13.5999,48.9696,10.0987,12.7572,75.5801,-11.4725,-74.8907,9.51712,42.4049,-24.3037,-40.0085,10,6.95271e-310,755.801,6.68183e-310,-748.907,1.4822e-323,424.049,5.23261e-310,-400.085,47.4047,771.701,49.1615,-739.788,48.1149,437.649,48.9696,-389.987,-123.277,-75.872,70.8758,120.037,-80.5282,-32.4134,25.8361,74.8056,
1.25471,1.382,1.3031,1.35984,0,200,0,-6.52506,-3.79249,3.59415,6.41806,-4.0203,-1.2477,0.849327,3.66059,0,347.692,0,207.679,0,294.461,0,232.054,47.523,15.5423,49.1115,9.38399,48.2192,13.2253,48.8915,10.4699,11.5929,67.977,-9.1836,-68.412,8.3046,34.1792,-21.2257,-31.4399,10,6.95271e-310,679.77,6.68183e-310,-684.12,1.4822e-323,341.792,5.23261e-310,-314.399,47.523,695.313,49.1115,-674.736,48.2192,355.017,48.8915,-303.929,-113.479,-65.9563,62.507,111.618,-69.9183,-21.6991,14.7709,63.6624,
1.26177,1.37482,1.31128,1.35205,0,200,0,-5.92884,-3.19003,3.02694,5.84691,-3.36572,-0.586998,0.2163,3.02279,0,339.928,0,215.576,0,285.47,0,240.623,47.6315,15.2065,49.0429,9.7363,48.3257,12.8308,48.8085,10.8504,10.2067,59.9326,-6.29261,-60.7756,6.99893,25.3548,-18.6877,-22.9137,10,6.95271e-310,599.326,6.68183e-310,-607.756,1.4822e-323,253.548,5.23261e-310,-229.137,47.6315,614.532,49.0429,-598.02,48.3257,266.379,48.8085,-218.286,-103.11,-55.4787,52.6425,101.685,-58.5343,-10.2087,3.76174,52.5702,
1.26914,1.3678,1.32041,1.34372,0,200,0,-5.31939,-2.57421,2.45562,5.27159,-2.65836,0.126987,-0.48513,2.31606,0,331.82,0,223.301,0,275.425,0,249.785,47.7423,14.855,48.9733,10.0805,48.4408,12.3889,48.7164,11.2565,8.62015,51.7105,-3.39946,-53.0827,5.443,15.8204,-16.1388,-13.4646,10,6.95271e-310,517.105,6.68183e-310,-530.827,1.4822e-323,158.204,5.23261e-310,-134.646,47.7423,531.96,48.9733,-520.746,48.4408,170.593,48.7164,-123.389,-92.5112,-44.7689,42.7064,91.6797,-46.2324,2.20846,-8.43705,40.2794,
1.27646,1.36107,1.32849,1.33508,0,200,0,-4.71459,-1.96322,1.91334,4.72535,-1.99461,0.796399,-1.17832,1.61718,0,323.766,0,230.696,0,266.54,0,259.29,47.8498,14.5051,48.9044,10.4095,48.5393,11.9972,48.6173,11.677,6.98803,43.5521,-1.09314,-45.7799,3.78713,6.87518,-13.4568,-4.12519,10,6.95271e-310,435.521,6.68183e-310,-457.799,1.4822e-323,68.7518,5.23261e-310,-41.2519,47.8498,450.027,48.9044,-447.39,48.5393,80.7491,48.6173,-29.5748,-81.9928,-34.143,33.2755,82.1799,-34.6889,13.8504,-20.4926,28.1248,
1.28403,1.35236,1.33757,1.32622,0,200,0,-4.04446,-1.28687,1.24256,4.04924,-1.25711,1.54005,-1.8888,0.900642,0,315.448,0,240.28,0,256.547,0,269.031,47.9581,14.1428,48.8119,10.8352,48.6463,11.5558,48.512,12.1072,4.94987,34.5143,1.92814,-36.7457,1.90143,-3.06237,-11.2253,5.44861,10,6.95271e-310,345.143,6.68183e-310,-367.457,1.4822e-323,-30.6237,5.23261e-310,54.4861,47.9581,359.285,48.8119,-356.622,48.6463,-19.0679,48.512,66.5932,-70.3385,-22.3804,21.6098,70.4216,-21.8628,26.7835,-32.8487,15.6633,
1.29188,1.34509,1.34643,1.31735,0,200,0,-3.40304,-0.639152,0.643237,3.44531,-0.551879,2.25106,-2.62143,0.161731,0,306.813,0,248.282,0,246.806,0,278.787,48.0677,13.7659,48.7318,11.19,48.7467,11.1245,48.4028,12.5369,2.87151,25.8643,4.2544,-28.6723,-0.131714,-12.5635,-8.81083,15.3225,10,6.95271e-310,258.643,6.68183e-310,-286.723,1.4822e-323,-125.635,5.23261e-310,153.225,48.0677,272.409,48.7318,-275.533,48.7467,-114.51,48.4028,165.762,-59.1833,-11.1157,11.1867,59.9185,-9.59789,39.1489,-45.59,2.81272,
1.29996,1.33668,1.35527,1.30873,0,200,0,-2.72597,0.0442341,-0.0350487,2.76152,0.158694,2.96718,-3.32644,-0.549608,0,297.915,0,257.523,0,237.077,0,288.278,48.1774,13.3766,48.636,11.599,48.8432,10.693,48.2928,12.9541,0.517469,16.7349,6.76692,-19.534,-2.30755,-22.135,-6.69931,24.8258,10,6.95271e-310,167.349,6.68183e-310,-195.34,1.4822e-323,-221.35,5.23261e-310,248.258,48.1774,180.726,48.636,-183.741,48.8432,-210.657,48.2928,261.212,-47.4082,0.769289,-0.609542,48.0265,2.7599,51.6031,-57.8512,-9.55839,
1.30822,1.32721,1.3636,1.30017,0,200,0,-2.01511,0.761347,-0.78059,2.00953,0.856704,3.67021,-3.99697,-1.22661,0,288.832,0,267.95,0,227.915,0,297.69,48.2862,12.9784,48.5239,12.0595,48.9306,10.2858,48.1802,13.3668,-2.07994,7.15145,9.27921,-9.48797,-4.63592,-31.5361,-4.76731,33.8657,10,6.95271e-310,71.5145,6.68183e-310,-94.8797,1.4822e-323,-315.361,5.23261e-310,338.657,48.2862,84.4928,48.5239,-82.8202,48.9306,-305.075,48.1802,352.024,-35.0454,13.2408,-13.5755,34.9484,14.8992,63.8298,-69.5125,-21.3323,
1.31654,1.3195,1.37239,1.29168,0,200,0,-1.35474,1.42783,-1.43357,1.35113,1.54447,4.36307,-4.70983,-1.94609,0,279.683,0,276.427,0,218.252,0,307.024,48.3925,12.5763,48.4295,12.433,49.0191,9.85558,48.065,13.7751,-4.68862,-1.75023,11.2414,-0.687728,-7.09683,-40.7972,-2.8276,43.4776,10,6.95271e-310,-17.5023,6.68183e-310,-6.87728,1.4822e-323,-407.972,5.23261e-310,434.776,48.3925,-4.92593,48.4295,5.55575,49.0191,-398.117,48.065,448.551,-23.5607,24.8319,-24.9316,23.4979,26.8604,75.8795,-81.9101,-33.8451,
1.32481,1.31033,1.37928,1.28349,0,200,0,-0.658998,2.12946,-2.15852,0.619511,2.15932,4.98176,-5.3242,-2.56705,0,270.587,0,286.512,0,210.672,0,316.041,48.4949,12.1757,48.3135,12.8765,49.0858,9.51756,47.9505,14.1687,-7.43001,-11.1272,13.025,9.08391,-9.59226,-49.0764,-0.958067,51.7633,10,6.95271e-310,-111.272,6.68183e-310,90.8391,1.4822e-323,-490.764,5.23261e-310,517.633,48.4949,-99.096,48.3135,103.716,49.0858,-481.247,47.9505,531.801,-11.4608,37.034,-37.5394,10.7741,37.5535,86.6393,-92.5948,-44.6443,
1.33336,1.3032,1.38666,1.27552,0,200,0,-0.012026,2.78232,-2.78322,-0.0105399,2.75619,5.58259,-5.98034,-3.22977,0,261.175,0,294.355,0,202.551,0,324.807,48.5973,11.7603,48.2205,13.2207,49.1547,9.15494,47.836,14.5504,-10.125,-19.8454,14.2126,17.5054,-12.1577,-57.1116,0.98629,60.6131,10,6.95271e-310,-198.454,6.68183e-310,175.054,1.4822e-323,-571.116,5.23261e-310,606.131,48.5973,-186.694,48.2205,188.275,49.1547,-561.961,47.836,620.681,-0.209147,48.3881,-48.4038,-0.183303,47.9337,97.0884,-104.006,-56.1699,
1.34211,1.29479,1.39375,1.26799,0,200,0,0.666994,3.46715,-3.49543,-0.729244,3.34423,6.17429,-6.583,-3.8388,0,251.551,0,303.61,0,194.747,0,333.086,48.6983,11.3347,48.1075,13.6259,49.2184,8.80597,47.7252,14.91,-13.0662,-28.994,15.5706,27.108,-14.8511,-65.0272,2.6219,68.7429,10,6.95271e-310,-289.94,6.68183e-310,271.08,1.4822e-323,-650.272,5.23261e-310,687.429,48.6983,-278.605,48.1075,284.706,49.2184,-641.466,47.7252,702.339,11.5999,60.2982,-60.79,-12.6825,58.1606,107.379,-114.487,-66.7618,
1.35085,1.28743,1.40073,1.261,0,200,0,1.30748,4.11322,-4.15394,-1.39359,3.89505,6.72857,-7.17,-4.43186,0,241.941,0,311.704,0,187.075,0,340.771,48.7955,10.9089,48.006,13.9795,49.2787,8.46247,47.6198,15.243,-15.9422,-37.6217,16.5575,35.9876,-17.5203,-72.4402,4.16225,76.6621,10,6.95271e-310,-376.217,6.68183e-310,359.876,1.4822e-323,-724.402,5.23261e-310,766.621,48.7955,-365.309,48.006,373.856,49.2787,-715.939,47.6198,781.864,22.7389,71.5343,-72.2424,-24.2364,67.7399,117.019,-124.696,-77.0758,
1.35925,1.28075,1.40801,1.25452,0,200,0,1.90421,4.71512,-4.77436,-2.01944,4.43534,7.27234,-7.746,-5.01359,0,232.7,0,319.046,0,179.06,0,347.903,48.8854,10.4986,47.9116,14.2996,49.339,8.10319,47.52,15.5515,-18.7927,-45.6584,17.4433,44.3544,-20.1746,-79.7099,5.39323,84.4334,10,6.95271e-310,-456.584,6.68183e-310,443.544,1.4822e-323,-797.099,5.23261e-310,844.334,48.8854,-446.085,47.9116,457.843,49.339,-788.996,47.52,859.885,33.1167,82.0021,-83.0323,-35.1208,77.1364,126.475,-134.713,-87.1929,
1.36734,1.27276,1.41371,1.24846,0,200,0,2.5165,5.3322,-5.45441,-2.70616,4.91366,7.75326,-8.22288,-5.49595,0,223.802,0,327.839,0,172.798,0,354.574,48.9687,10.1028,47.7958,14.6822,49.3843,7.8222,47.4248,15.8393,-21.7009,-53.9036,18.299,53.527,-22.8284,-86.1462,6.5081,90.8691,10,6.95271e-310,-539.036,6.68183e-310,535.27,1.4822e-323,-861.462,5.23261e-310,908.691,48.9687,-528.934,47.7958,549.952,49.3843,-853.64,47.4248,924.53,43.7652,92.7339,-94.8594,-47.0636,85.455,134.839,-143.007,-95.5818,
1.37484,1.26552,1.41971,1.24273,0,200,0,3.07501,5.89499,-6.0813,-3.33923,5.38622,8.22847,-8.69628,-5.97462,0,215.549,0,335.801,0,166.194,0,360.875,49.0431,9.73512,47.6882,15.0277,49.4304,7.52555,47.3333,16.1107,-24.5415,-61.4236,19.0849,61.9834,-25.4479,-92.5037,7.3332,97.258,10,6.95271e-310,-614.236,6.68183e-310,619.834,1.4822e-323,-925.037,5.23261e-310,972.58,49.0431,-604.5,47.6882,634.861,49.4304,-917.512,47.3333,988.691,53.4785,102.522,-105.762,-58.0735,93.6734,143.104,-151.24,-103.906,
1.3822,1.25895,1.42546,1.23748,0,200,0,3.60168,6.42571,-6.66955,-3.93322,5.82476,8.66945,-9.14429,-6.42752,0,207.455,0,343.026,0,159.866,0,366.649,49.1134,9.37399,47.5885,15.3406,49.4729,7.24108,47.2481,16.359,-27.2754,-68.5133,19.645,69.9194,-27.9869,-98.4024,8.07501,103.305,10,6.95271e-310,-685.133,6.68183e-310,699.194,1.4822e-323,-984.024,5.23261e-310,1033.05,49.1134,-675.759,47.5885,714.535,49.4729,-976.783,47.2481,1049.4,62.638,111.751,-115.992,-68.4037,101.3,150.773,-159.031,-111.783,
1.38936,1.25112,1.43092,1.23275,0,200,0,4.13858,6.96639,-7.33479,-4.60545,6.25704,9.10396,-9.52653,-6.81425,0,199.585,0,351.647,0,153.868,0,371.856,49.1792,9.02236,47.4668,15.7131,49.5116,6.9712,47.1701,16.5825,-30.1697,-75.7401,20.4568,78.8956,-30.6109,-104.217,8.47722,108.464,10,6.95271e-310,-757.401,6.68183e-310,788.956,1.4822e-323,-1042.17,5.23261e-310,1084.64,49.1792,-748.379,47.4668,804.669,49.5116,-1035.2,47.1701,1101.23,71.9754,121.155,-127.562,-80.0948,108.818,158.33,-165.679,-118.509,
1.39617,1.24426,1.43588,1.22845,0,200,0,4.63021,7.46149,-7.93318,-5.21009,6.6424,9.49128,-9.8817,-7.17353,0,192.084,0,359.188,0,148.41,0,376.576,49.2396,8.6868,47.358,16.0381,49.5456,6.72547,47.0986,16.7847,-32.8474,-82.3562,20.972,86.9704,-33.0758,-109.4,8.88094,113.259,10,6.95271e-310,-823.562,6.68183e-310,869.704,1.4822e-323,-1094,5.23261e-310,1132.59,49.2396,-814.875,47.358,885.742,49.5456,-1087.27,47.0986,1149.37,80.5254,129.765,-137.968,-90.6103,115.52,165.066,-171.856,-124.757,
1.40267,1.23871,1.4404,1.22479,0,200,0,5.06801,7.90248,-8.44881,-5.73088,6.97434,9.82493,-10,-7.50222,0,184.939,0,365.291,0,143.44,0,380.609,49.295,8.36679,47.2683,16.3006,49.5755,6.50155,47.0367,16.9573,-35.2197,-88.2465,21.1764,93.9287,-35.2905,-113.863,9.29629,117.648,10,6.95271e-310,-882.465,6.68183e-310,939.287,1.4822e-323,-1138.63,5.23261e-310,1176.48,49.295,-874.098,47.2683,955.588,49.5755,-1132.12,47.0367,1193.44,88.1394,137.434,-146.936,-99.6675,121.293,170.868,-177.51,-130.473,
1.40872,1.23264,1.44464,1.22178,0,200,0,5.48663,8.32396,-8.99242,-6.28024,7.28923,10,-10,-7.76701,0,178.282,0,371.975,0,138.774,0,383.918,49.3447,8.0683,47.1684,16.5875,49.6026,6.29117,46.9855,17.0987,-37.5692,-93.8782,21.562,101.266,-37.4443,-118.096,9.42244,121.183,10,6.95271e-310,-938.782,6.68183e-310,1012.66,1.4822e-323,-1180.96,5.23261e-310,1211.83,49.3447,-930.714,47.1684,1029.24,49.6026,-1174.67,46.9855,1228.93,95.4197,144.764,-156.39,-109.222,126.769,176.372,-182.064,-135.078,
1.41462,1.22764,1.44767,1.21926,0,200,0,5.87149,8.7115,-9.46002,-6.75264,7.52336,10,-10,-7.98516,0,171.796,0,377.472,0,135.438,0,386.687,49.3914,7.77721,47.0849,16.8231,49.6215,6.14075,46.9423,17.2169,-39.5644,-99.0544,21.5204,107.577,-39.3166,-121.244,9.80802,124.094,10,6.95271e-310,-990.544,6.68183e-310,1075.77,1.4822e-323,-1212.44,5.23261e-310,1240.94,49.3914,-982.767,47.0849,1092.59,49.6215,-1206.3,46.9423,1258.16,102.113,151.504,-164.522,-117.437,130.841,180.462,-185.815,-138.872,
1.42009,1.22313,1.45061,1.21697,0,200,0,6.22305,9.06547,-9.888,-7.18501,7.7419,10,-10,-8.19071,0,165.772,0,382.429,0,132.209,0,389.204,49.4333,7.50659,47.0086,17.035,49.6393,5.99503,46.9028,17.3243,-41.4235,-103.782,21.4356,113.354,-41.0758,-124.182,10.1095,126.839,10,6.95271e-310,-1037.82,6.68183e-310,1133.54,1.4822e-323,-1241.82,5.23261e-310,1268.39,49.4333,-1030.31,47.0086,1150.57,49.6393,-1235.83,46.9028,1285.71,108.227,157.66,-171.965,-124.957,134.642,184.281,-189.35,-142.447,
1.42525,1.21899,1.45293,1.21545,0,200,0,6.54278,9.38738,-10,-7.59237,7.91313,10,-10,-8.33442,0,160.103,0,386.99,0,129.651,0,390.879,49.4713,7.25175,46.9375,17.2298,49.6531,5.8796,46.8763,17.3957,-43.0425,-108.081,21.2993,118.797,-42.5995,-126.484,10.3588,128.759,10,6.95271e-310,-1080.81,6.68183e-310,1187.97,1.4822e-323,-1264.84,5.23261e-310,1287.59,49.4713,-1073.55,46.9375,1205.2,49.6531,-1258.96,46.8763,1304.98,113.787,163.259,-178.979,-132.041,137.62,187.273,-191.823,-144.946,
1.43063,1.21572,1.45469,1.21413,0,200,0,6.85305,9.69986,-10,-7.94829,8.03969,10,-10,-8.46906,0,154.184,0,390.589,0,127.713,0,392.329,49.5096,6.98545,46.8809,17.3833,49.6634,5.79212,46.8534,17.4574,-44.4506,-112.251,20.819,123.557,-43.9696,-128.185,10.8411,130.558,10,6.95271e-310,-1122.51,6.68183e-310,1235.57,1.4822e-323,-1281.85,5.23261e-310,1305.58,49.5096,-1115.52,46.8809,1252.95,49.6634,-1276.06,46.8534,1323.04,119.184,168.693,-185.112,-138.231,139.821,189.484,-194.141,-147.288,
1.43479,1.21231,1.45635,1.21324,0,200,0,7.10662,9.95506,-10,-8.28347,8.16127,10,-10,-8.55719,0,149.61,0,394.333,0,125.894,0,393.317,49.5383,6.7795,46.8215,17.5428,49.6729,5.70998,46.8377,17.4995,-45.7156,-115.659,20.6699,128.036,-45.1688,-129.819,10.9848,131.736,10,6.95271e-310,-1156.59,6.68183e-310,1280.36,1.4822e-323,-1298.19,5.23261e-310,1317.36,49.5383,-1149.81,46.8215,1297.9,49.6729,-1292.48,46.8377,1334.86,123.593,173.132,-190.882,-144.06,141.935,191.608,-195.658,-148.821,
1.43895,1.21016,1.45737,1.21273,0,200,0,7.3316,10,-10,-8.54022,8.22684,10,-10,-8.62685,0,145.035,0,396.705,0,124.774,0,393.871,49.566,6.57344,46.7835,17.6437,49.6787,5.65938,46.8288,17.5231,-46.6395,-118.681,20.1909,131.472,-46.0818,-130.7,11.3566,132.669,10,6.95271e-310,-1186.81,6.68183e-310,1314.72,1.4822e-323,-1307,5.23261e-310,1326.69,49.566,-1180.24,46.7835,1332.36,49.6787,-1301.34,46.8288,1344.21,127.506,177.072,-195.309,-148.526,143.075,192.754,-196.861,-150.032,
1.44261,1.20797,1.45823,1.21255,0,200,0,7.53141,10,-10,-8.78839,8.28194,10,-10,-8.66561,0,141.002,0,399.105,0,123.825,0,394.069,49.5898,6.39162,46.7449,17.7457,49.6835,5.61651,46.8257,17.5315,-47.4653,-121.366,19.8378,134.791,-46.885,-131.44,11.5935,133.189,10,6.95271e-310,-1213.66,6.68183e-310,1347.91,1.4822e-323,-1314.4,5.23261e-310,1331.89,49.5898,-1207.26,46.7449,1365.66,49.6835,-1308.79,46.8257,1349.42,130.981,180.571,-199.586,-152.842,144.034,193.717,-197.532,-150.706,
1.44598,1.20644,1.45874,1.21266,0,200,0,7.70263,10,-10,-8.98852,8.3072,10,-10,-8.68553,0,137.297,0,400.792,0,123.258,0,393.95,49.611,6.22459,46.7177,17.8174,49.6864,5.59091,46.8276,17.5265,-48.071,-123.665,19.3984,137.471,-47.489,-131.779,11.8789,133.459,10,6.95271e-310,-1236.65,6.68183e-310,1374.71,1.4822e-323,-1317.79,5.23261e-310,1334.59,49.611,-1230.42,46.7177,1392.53,49.6864,-1312.2,46.8276,1352.11,133.959,183.57,-203.04,-156.322,144.473,194.16,-197.88,-151.053,
1.449,1.20517,1.45898,1.21309,0,200,0,7.85006,10,-10,-9.16486,8.31155,10,-10,-8.67845,0,133.975,0,402.189,0,122.994,0,393.476,49.6296,6.07474,46.695,17.8767,49.6878,5.579,46.8351,17.5063,-48.5233,-125.644,18.9806,139.833,-47.9408,-131.837,12.1318,133.368,10,6.95271e-310,-1256.44,6.68183e-310,1398.33,1.4822e-323,-1318.37,5.23261e-310,1333.68,49.6296,-1250.37,46.695,1416.21,49.6878,-1312.79,46.8351,1351.19,136.523,186.152,-206.084,-159.389,144.549,194.237,-197.765,-150.93,
1.45116,1.20417,1.45897,1.21406,0,200,0,7.94764,10,-10,-9.30664,8.29462,10,-10,-8.62559,0,131.602,0,403.283,0,123.007,0,392.408,49.6426,5.96767,46.6772,17.9232,49.6877,5.57959,46.8521,17.4608,-48.7492,-126.954,18.747,141.732,-48.143,-131.609,12.2144,132.667,10,6.95271e-310,-1269.54,6.68183e-310,1417.32,1.4822e-323,-1316.09,5.23261e-310,1326.67,49.6426,-1263.57,46.6772,1435.25,49.6877,-1310.51,46.8521,1344.13,138.22,187.862,-208.532,-161.855,144.254,193.942,-196.862,-150.01,
1.45336,1.20346,1.45862,1.2158,0,200,0,8.03176,10,-10,-9.44304,8.24271,10,-10,-8.52176,0,129.177,0,404.074,0,123.39,0,390.496,49.6556,5.85818,46.6643,17.9567,49.6858,5.59686,46.8824,17.3794,-48.7848,-128.081,18.4845,143.562,-48.1445,-130.91,12.2728,131.287,10,6.95271e-310,-1280.81,6.68183e-310,1435.62,1.4822e-323,-1309.1,5.23261e-310,1312.87,49.6556,-1274.96,46.6643,1453.58,49.6858,-1303.51,46.8824,1330.25,139.683,189.338,-210.891,-164.227,143.351,193.037,-195.087,-148.204,
1.45478,1.20299,1.45782,1.21851,0,200,0,8.06412,10,-10,-9.5543,8.15169,10,-10,-8.34024,0,127.621,0,404.589,0,124.273,0,387.517,49.6639,5.78796,46.6559,17.9785,49.6813,5.63675,46.9293,17.2523,-48.5266,-128.514,18.4158,145.057,-47.8108,-129.686,12.1398,128.872,10,6.95271e-310,-1285.14,6.68183e-310,1450.57,1.4822e-323,-1296.86,5.23261e-310,1288.72,49.6639,-1279.35,46.6559,1468.54,49.6813,-1291.22,46.9293,1305.97,140.246,189.909,-212.818,-166.162,141.768,191.45,-191.977,-145.048,
1.45606,1.20277,1.4565,1.22116,0,200,0,8.09009,10,-10,-9.6384,8.03579,10,-10,-8.15106,0,126.211,0,404.826,0,125.723,0,384.604,49.6712,5.72426,46.652,17.9886,49.6738,5.70224,46.9748,17.128,-48.1668,-128.86,18.2327,146.188,-47.3979,-128.127,12.1496,126.352,10,6.95271e-310,-1288.6,6.68183e-310,1461.88,1.4822e-323,-1281.27,5.23261e-310,1263.52,49.6712,-1282.88,46.652,1479.86,49.6738,-1275.57,46.9748,1280.65,140.697,190.369,-214.276,-167.624,139.753,189.427,-188.732,-141.758,
1.45687,1.20287,1.45421,1.2249,0,200,0,8.07845,10,-10,-9.69858,7.85245,10,-10,-7.8673,0,125.314,0,404.72,0,128.241,0,380.491,49.6759,5.68378,46.6537,17.9841,49.6606,5.81593,47.0385,16.9522,-47.4665,-128.701,18.0733,147,-46.6166,-125.662,12.1309,122.57,10,6.95271e-310,-1287.01,6.68183e-310,1470,1.4822e-323,-1256.62,5.23261e-310,1225.7,49.6759,-1281.33,46.6537,1487.98,49.6606,-1250.81,47.0385,1242.65,140.495,190.171,-215.325,-168.671,136.564,186.225,-183.861,-136.823,
1.45732,1.20331,1.45154,1.22872,0,200,0,8.04496,10,-10,-9.72327,7.64654,10,-10,-7.56955,0,124.826,0,404.233,0,131.181,0,376.285,49.6784,5.66176,46.6617,17.9634,49.6449,5.94863,47.103,16.7723,-46.6321,-128.249,17.8808,147.338,-45.704,-122.894,12.1546,118.6,10,6.95271e-310,-1282.49,6.68183e-310,1473.38,1.4822e-323,-1228.94,5.23261e-310,1186,49.6784,-1276.83,46.6617,1491.34,49.6449,-1222.99,47.103,1202.77,139.912,189.591,-215.762,-169.1,132.983,182.628,-178.747,-131.644,
1.45757,1.20434,1.44844,1.23249,0,200,0,7.99496,10,-10,-9.69949,7.41374,10,-9.98323,-7.27119,0,124.55,0,403.099,0,134.595,0,372.133,49.6798,5.64926,46.6802,17.9153,49.6262,6.10269,47.166,16.5943,-45.6477,-127.574,17.5381,147.029,-44.6662,-119.765,12.3217,114.62,10,6.95271e-310,-1275.74,6.68183e-310,1470.29,1.4822e-323,-1197.65,5.23261e-310,1146.2,49.6798,-1270.09,46.6802,1488.21,49.6262,-1191.54,47.166,1162.8,139.043,188.723,-215.367,-168.687,128.935,178.561,-173.621,-126.455,
1.45745,1.20613,1.44499,1.23743,0,200,0,7.89772,10,-10,-9.63589,7.13011,9.98239,-9.61799,-6.90127,0,124.681,0,401.135,0,138.391,0,366.702,49.6792,5.65521,46.7121,17.832,49.6048,6.27394,47.2473,16.3612,-44.3325,-126.264,17.2252,146.193,-43.2571,-115.951,12.3497,109.689,10,6.95271e-310,-1262.64,6.68183e-310,1461.93,1.4822e-323,-1159.51,5.23261e-310,1096.89,49.6792,-1256.98,46.7121,1479.76,49.6048,-1153.23,47.2473,1113.25,137.352,187.031,-214.293,-167.581,124.002,173.607,-167.269,-120.022,
1.45697,1.20853,1.44117,1.24227,0,200,0,7.77605,10,-10,-9.51768,6.82379,9.67467,-9.25523,-6.53399,0,125.209,0,398.498,0,142.583,0,361.376,49.6764,5.67902,46.7547,17.7199,49.5805,6.46293,47.326,16.1323,-42.8764,-124.625,16.7997,144.627,-41.727,-111.832,12.4776,104.792,10,6.95271e-310,-1246.25,6.68183e-310,1446.27,1.4822e-323,-1118.32,5.23261e-310,1047.92,49.6764,-1240.57,46.7547,1463.99,49.5805,-1111.85,47.326,1064.06,135.236,184.912,-212.28,-165.525,118.675,168.255,-160.961,-113.635,
1.45593,1.21133,1.43699,1.24698,0,200,0,7.62526,10,-10,-9.35106,6.49959,9.34889,-8.89027,-6.16469,0,126.356,0,395.413,0,147.184,0,356.195,49.6705,5.73081,46.8042,17.5888,49.5531,6.67024,47.4014,15.9092,-41.3073,-122.596,16.3372,142.414,-40.092,-107.472,12.6482,99.8664,10,6.95271e-310,-1225.96,6.68183e-310,1424.14,1.4822e-323,-1074.72,5.23261e-310,998.664,49.6705,-1220.23,46.8042,1441.73,49.5531,-1068.05,47.4014,1014.57,132.613,182.284,-209.431,-162.627,113.036,162.589,-154.613,-107.212,
1.45417,1.21445,1.4324,1.25303,0,200,0,7.41759,10,-10,-9.16488,6.12553,8.97304,-8.42973,-5.69866,0,128.293,0,391.986,0,152.233,0,349.538,49.6603,5.81831,46.8588,17.4428,49.5219,6.89762,47.4969,15.6221,-39.4712,-119.801,16.0667,139.94,-38.1019,-102.441,12.5026,93.6509,10,6.95271e-310,-1198.01,6.68183e-310,1399.4,1.4822e-323,-1024.41,5.23261e-310,936.509,49.6603,-1192.2,46.8588,1416.84,49.5219,-1017.51,47.4969,952.131,129.002,178.662,-206.248,-159.389,106.531,156.053,-146.604,-99.1071,
1.45186,1.21805,1.42763,1.25879,0,200,0,7.18096,10,-10,-8.92487,5.74342,8.589,-7.9846,-5.24841,0,130.825,0,388.018,0,157.48,0,343.21,49.6468,5.93256,46.9214,17.2737,49.4885,7.13375,47.5859,15.3486,-37.5657,-116.618,15.7381,136.746,-36.0567,-97.3014,12.3901,87.6442,10,6.95271e-310,-1166.18,6.68183e-310,1367.46,1.4822e-323,-973.014,5.23261e-310,876.442,49.6468,-1160.25,46.9214,1384.74,49.4885,-965.881,47.5859,891.79,124.886,174.533,-202.137,-155.215,99.8855,149.374,-138.863,-91.2767,
1.44894,1.22196,1.42259,1.26437,0,200,0,6.91359,9.76727,-10,-8.64188,5.34982,8.1933,-7.53946,-4.79839,0,134.041,0,383.72,0,163.03,0,337.067,49.6292,6.07771,46.9885,17.0902,49.4519,7.38334,47.6709,15.0826,-35.5969,-113.022,15.3965,132.976,-33.948,-92.0072,12.257,81.6381,10,6.95271e-310,-1130.22,6.68183e-310,1329.76,1.4822e-323,-920.072,5.23261e-310,816.381,49.6292,-1124.15,46.9885,1346.86,49.4519,-912.688,47.6709,831.464,120.236,169.866,-197.282,-150.293,93.0403,142.492,-131.121,-83.4502,
1.44602,1.2263,1.41751,1.27171,0,200,0,6.60978,9.46243,-10,-8.36393,4.90491,7.7462,-6.99678,-4.24942,0,137.258,0,378.948,0,168.619,0,328.999,49.6113,6.22281,47.0622,16.8862,49.4137,7.63453,47.7802,14.7325,-33.4369,-108.935,15.1522,129.279,-31.5462,-86.0209,11.7469,74.3164,10,6.95271e-310,-1089.35,6.68183e-310,1292.79,1.4822e-323,-860.209,5.23261e-310,743.164,49.6113,-1083.13,47.0622,1309.68,49.4137,-852.574,47.7802,757.896,114.953,164.564,-192.522,-145.46,85.3028,134.716,-121.683,-73.903,
1.44191,1.23054,1.41227,1.27808,0,200,0,6.26944,9.12059,-10,-8.03779,4.48083,7.31978,-6.49142,-3.73871,0,141.779,0,374.282,0,174.38,0,321.986,49.5853,6.42669,47.1335,16.6864,49.373,7.89321,47.8732,14.4276,-31.3481,-104.358,15.0163,124.931,-29.2192,-80.3151,11.1834,67.4995,10,6.95271e-310,-1043.58,6.68183e-310,1249.31,1.4822e-323,-803.151,5.23261e-310,674.995,49.5853,-1037.15,47.1335,1266,49.373,-795.258,47.8732,689.422,109.034,158.619,-186.921,-139.788,77.9274,127.3,-112.894,-65.0211,
1.43782,1.23611,1.40677,1.28646,0,200,0,5.87185,8.72147,-10,-7.66326,3.97301,6.80942,-5.88456,-3.125,0,146.275,0,368.152,0,180.431,0,312.771,49.5586,6.62927,47.2257,16.4235,49.3289,8.16467,47.9924,14.0261,-28.9136,-99.0092,14.7656,119.945,-26.4754,-73.4806,10.336,59.314,10,6.95271e-310,-990.092,6.68183e-310,1199.45,1.4822e-323,-734.806,5.23261e-310,593.14,49.5586,-983.462,47.2257,1215.87,49.3289,-726.642,47.9924,607.166,102.119,151.678,-180.5,-133.274,69.0958,118.425,-102.34,-54.3478,
1.43331,1.24163,1.40102,1.29442,0,200,0,5.46268,8.31055,-9.98972,-7.26908,3.4637,6.29736,-5.28985,-2.52395,0,151.231,0,362.088,0,186.758,0,304.018,49.5282,6.85251,47.3155,16.1629,49.2811,8.4483,48.1025,13.6437,-26.5641,-93.5049,14.4588,114.693,-23.819,-66.6259,9.46684,51.2938,10,6.95271e-310,-935.049,6.68183e-310,1146.93,1.4822e-323,-666.259,5.23261e-310,512.938,49.5282,-928.196,47.3155,1163.09,49.2811,-657.81,48.1025,526.582,95.0032,144.531,-173.734,-126.419,60.2382,109.519,-91.9973,-43.8949,
1.42852,1.2475,1.39513,1.30272,0,200,0,5.02662,7.87257,-9.57465,-6.8486,2.93213,5.76289,-4.67487,-1.90255,0,156.504,0,355.628,0,193.231,0,294.883,49.4948,7.08986,47.4096,15.8848,49.2305,8.73813,48.2141,13.2438,-24.1953,-87.6383,14.099,109.09,-21.1178,-59.4707,8.44938,43.0017,10,6.95271e-310,-876.383,6.68183e-310,1090.9,1.4822e-323,-594.707,5.23261e-310,430.017,49.4948,-869.293,47.4096,1106.78,49.2305,-585.969,48.2141,443.261,87.4195,136.914,-166.516,-119.106,50.9936,100.224,-81.302,-33.0879,
1.42346,1.25383,1.38918,1.31113,0,200,0,4.5656,7.40945,-9.12491,-6.39313,2.38504,5.21275,-4.05773,-1.27911,0,162.067,0,348.668,0,199.783,0,285.628,49.4583,7.34008,47.5092,15.5845,49.1776,9.0312,48.3238,12.8377,-21.8245,-81.4355,13.635,103.02,-18.416,-52.1056,7.34302,34.6819,10,6.95271e-310,-814.355,6.68183e-310,1030.2,1.4822e-323,-521.056,5.23261e-310,346.819,49.4583,-807.014,47.5092,1045.78,49.1776,-512.025,48.3238,359.656,79.4018,128.86,-158.694,-111.185,41.479,90.6566,-70.5692,-22.2454,
1.41797,1.26034,1.3831,1.32005,0,200,0,4.07241,6.9139,-8.65775,-5.92019,1.8151,4.63961,-3.40772,-0.622629,0,168.105,0,341.496,0,206.467,0,275.82,49.4173,7.61143,47.6098,15.2744,49.1218,9.32984,48.4364,12.4063,-19.4713,-74.7993,13.1908,96.7152,-15.6761,-44.4321,5.97224,25.9204,10,6.95271e-310,-747.993,6.68183e-310,967.152,1.4822e-323,-444.321,5.23261e-310,259.204,49.4173,-740.382,47.6098,982.426,49.1218,-434.991,48.4364,271.611,70.8245,120.242,-150.57,-102.96,31.567,80.6888,-59.2647,-10.8283,
1.41275,1.26721,1.37674,1.3293,0,200,0,3.57755,6.41671,-8.17966,-5.43613,1.21315,4.03419,-2.7399,0.0516772,0,173.853,0,333.943,0,213.467,0,265.644,49.3768,7.86954,47.7136,14.9471,49.0615,9.64224,48.5491,11.9577,-17.1615,-68.1396,12.5089,90.2639,-12.9814,-36.3268,4.58106,16.9205,10,6.95271e-310,-681.396,6.68183e-310,902.639,1.4822e-323,-363.268,5.23261e-310,169.205,49.3768,-673.526,47.7136,917.586,49.0615,-353.625,48.5491,181.163,62.2182,111.595,-142.255,-94.5415,21.0983,70.1598,-47.6504,0.898734,
1.40606,1.27415,1.37019,1.33869,0,200,0,3.01295,5.84903,-7.65317,-4.90374,0.601209,3.41855,-2.04716,0.750743,0,181.209,0,326.31,0,220.664,0,255.322,49.3231,8.19955,47.8161,14.6157,48.9973,9.96306,48.6592,11.5016,-14.8681,-60.542,12.0104,83.1611,-10.2288,-28.086,2.74887,7.58655,10,6.95271e-310,-605.42,6.68183e-310,831.611,1.4822e-323,-280.86,5.23261e-310,75.8655,49.3231,-597.221,47.8161,846.226,48.9973,-270.897,48.6592,87.3671,52.3992,101.722,-133.099,-85.2825,10.4558,59.4531,-35.6028,13.0564,
1.39958,1.28104,1.36339,1.34787,0,200,0,2.46066,5.29362,-7.12874,-4.37359,-0.0212252,2.79216,-1.36159,1.44226,0,188.34,0,318.73,0,228.152,0,245.224,49.2689,8.51916,47.9157,14.2859,48.9284,10.2963,48.7627,11.0544,-12.7132,-53.109,11.2862,76.0871,-7.63506,-19.7033,0.937718,-1.64912,10,6.95271e-310,-531.09,6.68183e-310,760.871,1.4822e-323,-197.033,5.23261e-310,-16.4912,49.2689,-522.571,47.9157,775.157,48.9284,-186.737,48.7627,-5.43675,42.794,92.0629,-123.978,-76.0624,-0.369135,48.5592,-23.6798,25.0829,
1.39302,1.28802,1.35622,1.35701,0,200,0,1.90326,4.73295,-6.59244,-3.83162,-0.663294,2.14577,-0.669975,2.13957,0,195.551,0,311.058,0,236.035,0,235.165,49.212,8.84195,48.0142,13.9513,48.8533,10.6467,48.8617,10.6081,-10.6493,-45.6065,10.3563,68.854,-5.13994,-11.0553,-0.929351,-10.9646,10,6.95271e-310,-456.065,6.68183e-310,688.54,1.4822e-323,-110.553,5.23261e-310,-109.646,49.212,-447.223,48.0142,702.491,48.8533,-99.9062,48.8617,-99.0382,33.1003,82.3122,-114.651,-66.637,-11.5355,37.3178,-11.6517,37.21,
1.38611,1.29552,1.34872,1.36642,0,200,0,1.31292,4.13902,-6.01489,-3.24813,-1.33754,1.46686,0.039049,2.85421,0,203.158,0,302.805,0,244.288,0,224.817,49.1497,9.18204,48.1175,13.5907,48.7721,11.0129,48.9594,10.148,-8.60353,-37.6595,9.21121,61.0657,-2.66841,-1.9728,-2.95061,-20.5129,10,6.95271e-310,-376.595,6.68183e-310,610.657,1.4822e-323,-19.728,5.23261e-310,-205.129,49.1497,-367.413,48.1175,624.247,48.7721,-8.71506,48.9594,-194.981,22.8333,71.983,-104.607,-56.4893,-23.2615,25.5106,0.679113,49.6385,
1.37902,1.30338,1.34115,1.37593,0,200,0,0.703152,3.52545,-5.41254,-2.63973,-2.02569,0.773839,0.748605,3.56919,0,210.949,0,294.158,0,252.606,0,214.35,49.0834,9.52991,48.2228,13.212,48.6874,11.3814,49.0537,9.68163,-6.64521,-29.4501,7.8917,52.9441,-0.295815,7.29822,-5.1128,-30.0664,10,6.95271e-310,-294.501,6.68183e-310,529.441,1.4822e-323,72.9822,5.23261e-310,-300.664,49.0834,-284.971,48.2228,542.653,48.6874,84.3636,49.0537,-290.982,12.2287,61.3121,-94.1312,-45.9083,-35.2293,13.4581,13.0192,62.0729,
1.37168,1.31172,1.33366,1.38558,0,200,0,0.0658704,2.88406,-4.77747,-1.99842,-2.72382,0.0707239,1.45442,4.28025,0,219.03,0,284.982,0,260.845,0,203.738,49.0121,9.89023,48.3314,12.8093,48.6008,11.7458,49.1448,9.20795,-4.7724,-20.869,6.41856,44.3827,1.97351,16.705,-7.45179,-39.5674,10,6.95271e-310,-208.69,6.68183e-310,443.827,1.4822e-323,167.05,5.23261e-310,-395.674,49.0121,-198.8,48.3314,456.636,48.6008,178.796,49.1448,-386.467,1.14557,50.1576,-83.0865,-34.7551,-47.3708,1.22998,25.2942,74.4391,
1.36391,1.32031,1.32628,1.39488,0,200,0,-0.594158,2.21953,-4.11128,-1.326,-3.41241,-0.622932,2.13356,4.96419,0,227.572,0,275.531,0,268.965,0,193.508,48.9338,10.2705,48.4396,12.3936,48.5128,12.1042,49.2283,8.75052,-3.00856,-11.9807,4.81184,35.4032,4.08458,25.9843,-9.91386,-48.7077,10,6.95271e-310,-119.807,6.68183e-310,354.032,1.4822e-323,259.843,5.23261e-310,-487.077,48.9338,-109.536,48.4396,366.425,48.5128,271.947,49.2283,-478.327,-10.3332,38.6006,-71.5005,-23.0608,-59.3463,-10.8336,37.1054,86.3338,
1.35587,1.32917,1.3193,1.40301,0,200,0,-1.26174,1.54711,-3.40823,-0.616746,-4.05482,-1.27027,2.73027,5.56489,0,236.418,0,265.788,0,276.651,0,184.57,48.8496,10.6637,48.5475,11.9641,48.427,12.4429,49.2978,8.35024,-1.34443,-2.98952,3.00885,25.9284,5.94005,34.6422,-12.2453,-56.7372,10,6.95271e-310,-29.8952,6.68183e-310,259.284,1.4822e-323,346.422,5.23261e-310,-567.372,48.8496,-19.2315,48.5475,271.248,48.427,358.865,49.2978,-559.022,-21.9433,26.9063,-59.2735,-10.726,-70.5186,-22.0916,47.4829,96.7807,
1.34758,1.33812,1.31269,1.41268,0,200,0,-1.96437,0.839299,-2.72036,0.0771658,-4.72807,-1.9483,3.39549,6.23462,0,245.54,0,255.941,0,283.915,0,173.932,48.7595,11.0685,48.6527,11.529,48.3438,12.7624,49.3763,7.87309,0.112419,6.47517,1.41033,16.6599,7.76615,43.7167,-15.2718,-65.6859,10,6.95271e-310,64.7517,6.68183e-310,166.599,1.4822e-323,437.167,5.23261e-310,-656.859,48.7595,75.8202,48.6527,178.128,48.3438,449.929,49.3763,-648.986,-34.163,14.5965,-47.3107,1.34201,-82.2272,-33.8835,59.052,108.428,
1.33937,1.34819,1.30641,1.42129,0,200,0,-2.68292,0.115432,-1.96023,0.843827,-5.3735,-2.59839,3.97125,6.81418,0,254.57,0,244.868,0,290.822,0,164.454,48.667,11.4684,48.7663,11.0387,48.2627,13.0657,49.4423,7.44734,1.55662,16.1558,-0.67511,6.41974,9.32138,52.4171,-17.9375,-73.4292,10,6.95271e-310,161.558,6.68183e-310,64.1974,1.4822e-323,524.171,5.23261e-310,-734.292,48.667,173.026,48.7663,75.2361,48.2627,537.236,49.4423,-726.845,-46.6595,2.00751,-34.091,14.6752,-93.4522,-45.1895,69.0653,118.508,
1.33116,1.35646,1.30037,1.42963,0,200,0,-3.3512,-0.558351,-1.30227,1.50694,-5.9767,-3.20618,4.54782,7.39422,0,263.6,0,235.772,0,297.466,0,155.278,48.5712,11.8675,48.8559,10.635,48.1829,13.357,49.5027,7.03469,2.65419,25.1602,-2.38396,-2.44279,10.6806,60.549,-20.9551,-81.1825,10,6.95271e-310,251.602,6.68183e-310,-24.4279,1.4822e-323,605.49,5.23261e-310,-811.825,48.5712,263.469,48.8559,-13.7929,48.1829,618.847,49.5027,-804.79,-58.2817,-9.71045,-22.6482,26.2077,-103.943,-55.7597,79.0925,128.595,
1.32416,1.36626,1.29462,1.43745,0,200,0,-4.00453,-1.21653,-0.593296,2.22178,-6.57582,-3.80977,5.05203,7.9015,0,271.299,0,224.988,0,303.794,0,146.683,48.487,12.2071,48.9578,10.1556,48.1053,13.6339,49.5561,6.64768,3.74229,33.9647,-4.7893,-11.9901,11.7479,68.6265,-23.3246,-87.9603,10,6.95271e-310,339.647,6.68183e-310,-119.901,1.4822e-323,686.265,5.23261e-310,-879.603,48.487,351.854,48.9578,-109.745,48.1053,699.898,49.5561,-872.955,-69.644,-21.1571,-10.3182,38.6396,-114.362,-66.2569,87.8613,137.417,
1.31575,1.37423,1.28925,1.44465,0,200,0,-4.66344,-1.88144,0.0611873,2.88082,-7.11231,-4.3505,5.54478,8.39694,0,280.553,0,216.222,0,309.7,0,138.761,48.3826,12.6146,49.0372,9.76509,48.0314,13.892,49.6027,6.29058,4.5963,42.8454,-6.56828,-20.8031,12.7385,75.8602,-26.3763,-94.5841,10,6.95271e-310,428.454,6.68183e-310,-208.031,1.4822e-323,758.602,5.23261e-310,-945.841,48.3826,441.068,49.0372,-198.266,48.0314,772.494,49.6027,-939.551,-81.1033,-32.7208,1.06413,50.1013,-123.692,-75.6609,96.431,146.034,
1.30814,1.38287,1.28406,1.45118,0,200,0,-5.30001,-2.52361,0.733027,3.55741,-7.63117,-4.87355,5.97826,8.83271,0,288.924,0,206.717,0,315.408,0,131.576,48.2852,12.9824,49.1197,9.34102,47.9586,14.1411,49.6427,5.96648,5.41178,51.4261,-8.79118,-29.8479,13.4897,82.8568,-28.964,-100.41,10,6.95271e-310,514.261,6.68183e-310,-298.479,1.4822e-323,828.568,5.23261e-310,-1004.1,48.2852,527.244,49.1197,-289.138,47.9586,842.709,49.6427,-998.131,-92.174,-43.8888,12.7483,61.868,-132.716,-84.7574,103.97,153.612,
1.30073,1.39226,1.27936,1.45703,0,200,0,-5.94387,-3.17308,1.44195,4.27125,-8.11677,-5.363,6.34598,9.20239,0,297.071,0,196.395,0,320.576,0,125.143,48.1877,13.3397,49.2052,8.87969,47.8917,14.3662,49.6768,5.67605,6.20699,60.1063,-11.2923,-39.39,14.0256,89.4053,-31.275,-105.35,10,6.95271e-310,601.063,6.68183e-310,-393.9,1.4822e-323,894.053,5.23261e-310,-1053.5,48.1877,614.403,49.2052,-385.02,47.8917,908.419,49.6768,-1047.83,-103.372,-55.1839,25.0774,74.2826,-141.161,-93.2695,110.365,160.042,
1.2937,1.39959,1.27516,1.46238,0,200,0,-6.50887,-3.74354,2.02685,4.85982,-8.54024,-5.78997,6.69613,9.55425,0,304.809,0,188.327,0,325.203,0,119.263,48.0927,13.6783,49.269,8.51857,47.8308,14.5675,49.7064,5.41045,6.74972,67.7245,-13.2522,-47.262,14.4674,95.1164,-33.7501,-110.054,10,6.95271e-310,677.245,6.68183e-310,-472.62,1.4822e-323,951.164,5.23261e-310,-1100.54,48.0927,690.923,49.269,-464.101,47.8308,965.732,49.7064,-1095.13,-113.198,-65.1051,35.2495,84.5185,-148.526,-100.695,116.454,166.161,
1.28707,1.40756,1.2713,1.46728,0,200,0,-7.07143,-4.31138,2.63427,5.47105,-8.94267,-6.19565,6.99912,9.85872,0,312.099,0,179.561,0,329.447,0,113.872,48.0009,13.9968,49.3353,8.12565,47.7742,14.752,49.7323,5.16674,7.27412,75.3106,-15.4714,-55.4353,14.7361,100.544,-35.9347,-114.124,10,6.95271e-310,753.106,6.68183e-310,-554.353,1.4822e-323,1005.44,5.23261e-310,-1141.24,48.0009,767.102,49.3353,-546.228,47.7742,1020.19,49.7323,-1136.07,-122.981,-74.9805,45.8133,95.1486,-155.525,-107.75,121.724,171.456,
1.28068,1.41612,1.26779,1.47172,0,200,0,-7.63793,-4.88307,3.26634,6.10702,-9.32196,-6.57793,7.25684,10,0,319.126,0,170.148,0,333.31,0,108.981,47.9106,14.3031,49.403,7.70321,47.7221,14.9197,49.7548,4.94558,7.7822,82.9503,-17.916,-63.9386,14.839,105.659,-37.8795,-117.584,10,6.95271e-310,829.503,6.68183e-310,-639.386,1.4822e-323,1056.59,5.23261e-310,-1175.84,47.9106,843.806,49.403,-631.683,47.7221,1071.51,49.7548,-1170.9,-132.833,-84.9229,56.8059,106.209,-162.121,-114.399,126.206,175.961,
1.2747,1.42295,1.2647,1.47575,0,200,0,-8.13282,-5.38293,3.7925,6.63614,-9.6497,-6.90834,7.49957,10,0,325.704,0,162.634,0,336.711,0,104.552,47.8242,14.5893,49.4545,7.36557,47.6758,15.0672,49.7743,4.74519,8.1211,89.6255,-19.8715,-71.0165,14.9128,110.08,-39.9061,-120.843,10,6.95271e-310,896.255,6.68183e-310,-710.165,1.4822e-323,1100.8,5.23261e-310,-1208.43,47.8242,910.845,49.4545,-702.8,47.6758,1115.87,49.7743,-1203.69,-141.44,-93.6162,65.9566,115.411,-167.821,-120.145,130.427,180.202,
1.26907,1.43108,1.26203,1.4794,0,200,0,-8.64969,-5.90457,4.37667,7.22365,-9.96117,-7.22213,7.68943,10,0,331.899,0,153.683,0,339.638,0,100.531,47.7412,14.8585,49.5128,6.9629,47.6355,15.1939,49.7913,4.56322,8.48956,96.5972,-22.2205,-78.8724,14.7914,114.281,-41.5559,-123.391,10,6.95271e-310,965.972,6.68183e-310,-788.724,1.4822e-323,1142.81,5.23261e-310,-1233.91,47.7412,980.83,49.5128,-781.761,47.6355,1158.01,49.7913,-1229.34,-150.429,-102.688,76.116,125.629,-173.238,-125.602,133.729,183.521,
1.26378,1.43806,1.25977,1.4826,0,200,0,-9.1136,-6.37303,4.8887,7.73841,-10,-7.49061,7.85657,10,0,337.713,0,146.011,0,342.129,0,97.011,47.662,15.1106,49.5602,6.61739,47.601,15.3018,49.8057,4.40388,8.75924,102.855,-24.2288,-85.7574,14.6426,117.876,-43.1849,-125.633,10,6.95271e-310,1028.55,6.68183e-310,-857.574,1.4822e-323,1178.76,5.23261e-310,-1256.33,47.662,1043.66,49.5602,-850.957,47.601,1194.06,49.8057,-1251.93,-158.497,-110.835,85.0208,134.581,-177.872,-130.271,136.636,186.442,
1.25889,1.44463,1.25791,1.48531,0,200,0,-9.54477,-6.80849,5.36814,8.22029,-10,-7.72078,7.98884,10,0,343.092,0,138.787,0,344.173,0,94.0317,47.5876,15.3434,49.6026,6.29177,47.5725,15.3902,49.8174,4.26897,8.98991,108.672,-26.1183,-92.2034,14.4294,120.958,-44.6365,-127.407,10,6.95271e-310,1086.72,6.68183e-310,-922.034,1.4822e-323,1209.58,5.23261e-310,-1274.07,47.5876,1102.07,49.6026,-915.742,47.5725,1224.97,49.8174,-1269.8,-165.996,-118.408,93.359,142.962,-181.847,-134.274,138.936,188.754,
1.25453,1.4504,1.25649,1.48748,0,200,0,-9.92537,-7.19295,5.79164,8.64583,-10,-7.90643,8.0877,10,0,347.89,0,132.433,0,345.741,0,91.6457,47.5202,15.5509,49.6381,6.00514,47.5505,15.458,49.8266,4.1609,9.17716,113.808,-27.7668,-97.8965,14.1915,123.445,-45.9016,-128.732,10,6.95271e-310,1138.08,6.68183e-310,-978.965,1.4822e-323,1234.45,5.23261e-310,-1287.32,47.5202,1153.63,49.6381,-972.96,47.5505,1249.91,49.8266,-1283.16,-172.615,-125.095,100.724,150.362,-185.054,-137.503,140.656,190.482,
1.25061,1.45553,1.25532,1.48915,0,200,0,-10,-7.53448,6.17045,9.02637,-10,-8.05774,8.15915,10,0,352.201,0,126.791,0,347.02,0,89.8133,47.4589,15.737,49.6682,5.75046,47.5325,15.5133,49.8334,4.07789,9.34484,118.368,-29.2545,-102.988,13.9397,125.472,-46.9808,-129.689,10,6.95271e-310,1183.68,6.68183e-310,-1029.88,1.4822e-323,1254.72,5.23261e-310,-1296.89,47.4589,1199.42,49.6682,-1024.13,47.5325,1270.23,49.8334,-1292.82,-178.493,-131.034,107.312,156.98,-187.667,-140.135,141.898,191.732,
1.24731,1.46007,1.25466,1.49045,0,200,0,-10,-7.82907,6.49976,9.35716,-10,-8.16977,8.2012,10,0,355.839,0,121.794,0,347.745,0,88.3765,47.4066,15.8939,49.6938,5.52481,47.5223,15.5446,49.8387,4.01279,9.4767,122.303,-30.4968,-107.414,13.6767,126.975,-47.8589,-130.252,10,6.95271e-310,1223.03,6.68183e-310,-1074.14,1.4822e-323,1269.75,5.23261e-310,-1302.52,47.4066,1238.92,49.6938,-1068.62,47.5223,1285.29,49.8387,-1298.5,-183.564,-136.158,113.039,162.733,-189.605,-142.083,142.63,192.468,
1.24443,1.4642,1.2542,1.4915,0,200,0,-10,-8.09016,6.79483,9.65351,-10,-8.26086,8.22753,10,0,359.003,0,117.26,0,348.259,0,87.2295,47.3607,16.0302,49.7162,5.31989,47.515,15.5668,49.8429,3.96082,9.59027,125.791,-31.6229,-111.38,13.4096,128.197,-48.5814,-130.603,10,6.95271e-310,1257.91,6.68183e-310,-1113.8,1.4822e-323,1281.97,5.23261e-310,-1306.03,47.3607,1273.94,49.7162,-1108.48,47.515,1297.54,49.8429,-1302.07,-188.059,-140.698,118.171,167.887,-191.182,-143.667,143.088,192.93,
1.24207,1.46769,1.25402,1.49219,0,200,0,-10,-8.30687,7.04301,9.90274,-10,-8.32232,8.23321,10,0,361.6,0,113.417,0,348.457,0,86.465,47.3227,16.1419,49.7345,5.14621,47.5122,15.5754,49.8456,3.92618,9.68858,128.685,-32.5427,-114.714,13.1597,129.024,-49.1249,-130.677,10,6.95271e-310,1286.85,6.68183e-310,-1147.14,1.4822e-323,1290.24,5.23261e-310,-1306.77,47.3227,1303,49.7345,-1142,47.5122,1305.81,49.8456,-1302.85,-191.79,-144.467,122.487,172.222,-192.248,-144.736,143.186,193.032,
1.23994,1.47051,1.25415,1.49264,0,200,0,-10,-8.49115,7.25064,10,-10,-8.35569,8.22376,10,0,363.946,0,110.312,0,348.312,0,85.9772,47.2882,16.2428,49.7488,5.0058,47.5142,15.5691,49.8473,3.90408,9.77138,131.146,-33.1962,-117.504,12.9482,129.475,-49.6304,-130.548,10,6.95271e-310,1311.46,6.68183e-310,-1175.04,1.4822e-323,1294.75,5.23261e-310,-1305.48,47.2882,1327.7,49.7488,-1170.04,47.5142,1310.32,49.8473,-1301.58,-194.96,-147.672,126.098,175.847,-192.831,-145.316,143.022,192.869,
1.23855,1.47273,1.25465,1.4928,0,200,0,-10,-8.62254,7.40461,10,-10,-8.35882,8.19338,10,0,365.476,0,107.874,0,347.758,0,85.7927,47.2655,16.3086,49.7598,4.89549,47.5221,15.5452,49.848,3.89572,9.83296,132.901,-33.6151,-119.573,12.7598,129.523,-49.8915,-130.138,10,6.95271e-310,1329.01,6.68183e-310,-1195.73,1.4822e-323,1295.23,5.23261e-310,-1301.38,47.2655,1345.32,49.7598,-1190.83,47.5221,1310.77,49.848,-1297.49,-197.223,-149.957,128.776,178.536,-192.893,-145.371,142.494,192.342,
1.23735,1.47466,1.25577,1.49264,0,200,0,-10,-8.73451,7.53887,10,-10,-8.32195,8.12939,10,0,366.794,0,105.751,0,346.532,0,85.9772,47.246,16.3652,49.7691,4.79947,47.5394,15.4922,49.8473,3.90408,9.89739,134.397,-33.7863,-121.376,12.5763,129.038,-50.0577,-129.276,10,6.95271e-310,1343.97,6.68183e-310,-1213.76,1.4822e-323,1290.38,5.23261e-310,-1292.76,47.246,1360.34,49.7691,-1208.96,47.5394,1305.87,49.8473,-1288.86,-199.15,-151.905,131.111,180.88,-192.269,-144.73,141.381,191.228,
1.23642,1.47609,1.25761,1.49208,0,200,0,-10,-8.8164,7.63985,10,-10,-8.23642,8.02781,10,0,367.809,0,104.182,0,344.502,0,86.5835,47.2308,16.4088,49.7759,4.72849,47.5679,15.4045,49.8452,3.93155,9.95875,135.491,-33.6093,-122.733,12.4173,127.905,-50.1235,-127.909,10,6.95271e-310,1354.91,6.68183e-310,-1227.33,1.4822e-323,1279.05,5.23261e-310,-1279.09,47.2308,1371.32,49.7759,-1222.6,47.5679,1294.45,49.8452,-1275.16,-200.56,-153.329,132.867,182.643,-190.81,-143.242,139.614,189.459,
1.23593,1.47706,1.2602,1.49085,0,200,0,-10,-8.86043,7.70851,10,-10,-8.09281,7.87229,10,0,368.349,0,103.115,0,341.655,0,87.9414,47.2228,16.432,49.7805,4.68017,47.6076,15.2813,49.8403,3.99308,10.0481,136.079,-33.1495,-123.655,12.2671,125.997,-49.9318,-125.817,10,6.95271e-310,1360.79,6.68183e-310,-1236.55,1.4822e-323,1259.97,5.23261e-310,-1258.17,47.2228,1377.22,49.7805,-1231.87,47.6076,1275.25,49.8403,-1254.18,-201.317,-154.095,134.061,183.842,-188.352,-140.744,136.909,186.75,
1.23561,1.47769,1.26278,1.48855,0,200,0,-10,-8.87748,7.76752,10,-10,-7.91296,7.66795,10,0,368.705,0,102.416,0,338.82,0,90.4725,47.2174,16.4473,49.7834,4.64855,47.6468,15.1586,49.831,4.10775,10.2434,136.305,-32.7558,-124.449,12.1129,123.6,-49.3971,-123.071,10,6.95271e-310,1363.05,6.68183e-310,-1244.49,1.4822e-323,1236,5.23261e-310,-1230.71,47.2174,1379.5,49.7834,-1239.84,47.6468,1251.16,49.831,-1226.6,-201.608,-154.391,135.087,184.871,-185.264,-137.617,133.356,183.187,
1.23563,1.47804,1.26593,1.48614,0,200,0,-10,-8.87018,7.79927,10,-10,-7.70215,7.44142,10,0,368.679,0,102.034,0,335.353,0,93.1222,47.2178,16.4461,49.7851,4.63125,47.6943,15.0083,49.8209,4.22777,10.406,136.207,-32.1088,-124.875,11.9675,120.792,-48.7904,-120.026,10,6.95271e-310,1362.07,6.68183e-310,-1248.75,1.4822e-323,1207.92,5.23261e-310,-1200.26,47.2178,1378.51,49.7851,-1244.12,47.6943,1222.93,49.8209,-1196.03,-201.482,-154.264,135.639,185.424,-181.645,-133.95,129.416,179.237,
1.23599,1.47806,1.26939,1.48296,0,200,0,-10,-8.83173,7.81144,10,-10,-7.45078,7.16904,10,0,368.284,0,102.007,0,331.544,0,96.6155,47.2237,16.4292,49.7852,4.63005,47.746,14.843,49.8073,4.38597,10.6159,135.693,-31.3886,-125.039,11.8126,117.441,-47.9012,-116.365,10,6.95271e-310,1356.93,6.68183e-310,-1250.39,1.4822e-323,1174.41,5.23261e-310,-1163.65,47.2237,1373.36,49.7852,-1245.76,47.746,1189.25,49.8073,-1159.27,-200.819,-153.595,135.851,185.636,-177.325,-129.579,124.679,174.486,
1.237,1.47773,1.27371,1.47912,0,200,0,-10,-8.74892,7.78837,10,-9.88728,-7.13823,6.83671,9.69964,0,367.176,0,102.376,0,326.798,0,100.847,47.2403,16.3816,49.7836,4.64675,47.8096,14.6369,49.79,4.57755,10.8243,134.588,-30.4048,-124.729,11.6371,113.273,-46.6957,-111.898,10,6.95271e-310,1345.88,6.68183e-310,-1247.29,1.4822e-323,1132.73,5.23261e-310,-1118.98,47.2403,1362.26,49.7836,-1242.65,47.8096,1147.37,49.79,-1114.41,-199.395,-152.155,135.45,185.233,-171.953,-124.143,118.899,168.689,
1.23846,1.47688,1.27748,1.47564,0,200,0,-10,-8.63257,7.72198,10,-9.60885,-6.85664,6.54425,9.40625,0,365.568,0,103.312,0,322.645,0,104.67,47.2642,16.3125,49.7796,4.68911,47.8646,14.4563,49.7738,4.75056,10.9728,133.036,-29.4285,-123.837,11.511,109.517,-45.4943,-107.968,10,6.95271e-310,1330.36,6.68183e-310,-1238.37,1.4822e-323,1095.17,5.23261e-310,-1079.68,47.2642,1346.67,49.7796,-1233.69,47.8646,1109.63,49.7738,-1074.93,-197.396,-150.132,134.295,184.075,-167.111,-119.246,113.813,163.587,
1.24076,1.47521,1.28201,1.47105,0,200,0,-10,-8.44476,7.5964,10,-9.25609,-6.50014,6.1769,9.03761,0,363.037,0,105.145,0,317.662,0,109.719,47.3016,16.2037,49.7718,4.77203,47.9295,14.2393,49.7515,4.97897,11.14,130.53,-28.1634,-122.15,11.3749,104.759,-43.8434,-103.03,10,6.95271e-310,1305.3,6.68183e-310,-1221.5,1.4822e-323,1047.59,5.23261e-310,-1030.3,47.3016,1321.5,49.7718,-1216.73,47.9295,1061.83,49.7515,-1025.33,-194.167,-146.865,132.111,181.883,-160.976,-113.046,107.424,157.176,
1.24389,1.47279,1.28748,1.46681,0,200,0,-10,-8.20176,7.39547,10,-8.86722,-6.10684,5.80089,8.66036,0,359.596,0,107.808,0,311.651,0,114.386,47.352,16.0557,49.7601,4.8925,48.0066,13.9772,49.7299,5.18999,11.1554,127.289,-26.3637,-119.449,11.2768,99.5144,-42.2176,-97.9752,10,6.95271e-310,1272.89,6.68183e-310,-1194.49,1.4822e-323,995.144,5.23261e-310,-979.752,47.352,1288.94,49.7601,-1189.6,48.0066,1009.12,49.7299,-974.562,-189.991,-142.639,128.617,178.377,-154.213,-106.206,100.885,150.615,
1.24719,1.46972,1.29264,1.46191,0,200,0,-10,-7.92408,7.16449,10,-8.46464,-5.70015,5.40726,8.26523,0,355.971,0,111.182,0,305.969,0,119.777,47.4047,15.8996,49.7448,5.04514,48.0782,13.729,49.7039,5.43368,11.1892,123.582,-24.6003,-116.346,11.1759,94.0855,-40.4397,-92.6841,10,6.95271e-310,1235.82,6.68183e-310,-1163.46,1.4822e-323,940.855,5.23261e-310,-926.841,47.4047,1251.72,49.7448,-1158.41,48.0782,954.584,49.7039,-921.407,-185.215,-137.81,124.6,174.345,-147.211,-99.133,94.0393,143.743,
1.25088,1.46614,1.29818,1.45643,0,200,0,-10,-7.60765,6.89811,9.75738,-8.02342,-5.2546,4.97518,7.8314,0,351.911,0,115.124,0,299.879,0,125.802,47.463,15.7245,49.7264,5.22336,48.1535,13.4626,49.6734,5.70581,11.1859,119.357,-22.699,-112.766,11.0382,88.136,-38.4988,-86.8758,10,6.95271e-310,1193.57,6.68183e-310,-1127.66,1.4822e-323,881.36,5.23261e-310,-868.758,47.463,1209.3,49.7264,-1122.44,48.1535,894.823,49.6734,-863.052,-179.77,-132.307,119.967,169.694,-139.538,-91.3843,86.5248,136.198,
1.25505,1.4621,1.30344,1.45139,0,200,0,-9.99241,-7.25954,6.5871,9.44513,-7.6034,-4.83054,4.57583,7.43036,0,347.323,0,119.567,0,294.092,0,131.352,47.5282,15.5264,49.7049,5.42415,48.2236,13.2091,49.6439,5.95636,11.0808,114.71,-20.7551,-108.586,10.9102,82.473,-36.603,-81.507,10,6.95271e-310,1147.1,6.68183e-310,-1085.86,1.4822e-323,824.73,5.23261e-310,-815.07,47.5282,1162.63,49.7049,-1080.43,48.2236,837.939,49.6439,-809.113,-173.781,-126.253,114.558,164.263,-132.233,-84.0093,79.5797,129.224,
1.25954,1.45746,1.31028,1.44538,0,200,0,-9.60856,-6.8717,6.23565,9.09221,-7.07897,-4.30098,4.07968,6.9321,0,342.38,0,124.668,0,286.564,0,137.956,47.5975,15.3126,49.6792,5.65461,48.3129,12.8788,49.6073,6.25432,10.8775,109.531,-18.3282,-103.862,10.6955,75.4031,-34.6101,-74.8353,10,6.95271e-310,1095.31,6.68183e-310,-1038.62,1.4822e-323,754.031,5.23261e-310,-748.353,47.5975,1110.63,49.6792,-1032.96,48.3129,766.909,49.6073,-742.098,-167.105,-119.508,108.446,158.125,-123.113,-74.7996,70.951,120.558,
1.26446,1.45238,1.31614,1.43796,0,200,0,-9.17554,-6.43439,5.86992,8.72478,-6.55076,-3.76847,3.54346,6.39314,0,336.975,0,130.258,0,280.118,0,146.116,47.6722,15.0786,49.6499,5.90697,48.3875,12.5955,49.5595,6.62214,10.7387,103.69,-16.3868,-98.9463,10.3468,68.2831,-32.0875,-67.6263,10,6.95271e-310,1036.9,6.68183e-310,-989.463,1.4822e-323,682.831,5.23261e-310,-676.263,47.6722,1051.97,49.6499,-983.556,48.3875,695.427,49.5595,-669.64,-159.575,-111.902,102.085,151.735,-113.926,-65.5387,61.6254,111.185,
1.26973,1.44675,1.32387,1.43142,0,200,0,-8.72302,-5.97733,5.4377,8.29061,-5.96148,-3.17368,2.99437,5.84149,0,331.174,0,136.454,0,271.615,0,153.314,47.751,14.827,49.6158,6.18654,48.4835,12.2211,49.5151,6.94628,10.2957,97.5849,-13.6505,-93.1356,9.99007,60.3409,-30.0593,-60.2407,10,6.95271e-310,975.849,6.68183e-310,-931.356,1.4822e-323,603.409,5.23261e-310,-602.407,47.751,990.676,49.6158,-925.169,48.4835,615.631,49.5151,-595.461,-151.705,-103.954,94.5688,144.185,-103.678,-55.1945,52.076,101.591,
1.27468,1.44074,1.3315,1.42304,0,200,0,-8.25226,-5.50239,5.019,7.86972,-5.31757,-2.5245,2.35689,5.20056,0,325.73,0,143.058,0,263.231,0,162.529,47.8238,14.5905,49.5778,6.48432,48.5752,11.8512,49.4552,7.36082,9.87258,91.2353,-11.1696,-87.5072,9.43901,51.6636,-27.7542,-51.6667,10,6.95271e-310,912.353,6.68183e-310,-875.072,1.4822e-323,516.636,5.23261e-310,-516.667,47.8238,926.943,49.5778,-868.588,48.5752,528.487,49.4552,-509.307,-143.518,-95.6937,87.287,136.865,-92.4795,-43.9043,40.9894,90.4446,
1.28115,1.43445,1.33852,1.41529,0,200,0,-7.71217,-4.95693,4.52857,7.37689,-4.71871,-1.92092,1.76306,4.60337,0,318.611,0,149.979,0,255.506,0,171.058,47.9172,14.2807,49.536,6.79612,48.6572,11.5098,49.3967,7.74406,9.27901,83.9506,-8.91725,-80.912,8.79957,43.5944,-25.1749,-43.6786,10,6.95271e-310,839.506,6.68183e-310,-809.12,1.4822e-323,435.944,5.23261e-310,-436.786,47.9172,853.787,49.536,-802.324,48.6572,447.454,49.3967,-429.042,-134.125,-86.2074,78.7577,128.294,-82.0646,-33.4073,30.6619,80.0585,
1.28733,1.42782,1.34737,1.4074,0,200,0,-7.17749,-4.41723,4.01523,6.8609,-4.03071,-1.22717,1.1063,3.943,0,311.809,0,157.269,0,245.764,0,179.732,48.0046,13.9841,49.4898,7.12426,48.7572,11.0784,49.3341,8.13334,8.43144,76.7399,-6.11204,-74.0081,8.04468,34.3257,-23.0527,-34.8412,10,6.95271e-310,767.399,6.68183e-310,-740.081,1.4822e-323,343.257,5.23261e-310,-348.412,48.0046,781.383,49.4898,-732.957,48.7572,354.335,49.3341,-340.279,-124.826,-76.8213,69.8301,119.32,-70.0993,-21.342,19.2399,68.574,
1.29391,1.42084,1.35538,1.39917,0,200,0,-6.60862,-3.84312,3.47757,6.3203,-3.36773,-0.559182,0.457953,3.29071,0,304.572,0,164.954,0,236.958,0,188.789,48.0956,13.668,49.4389,7.46986,48.8444,10.6877,49.2654,8.53924,7.50108,69.0689,-3.65677,-66.7761,7.15213,25.3952,-20.764,-26.1167,10,6.95271e-310,690.689,6.68183e-310,-667.761,1.4822e-323,253.952,5.23261e-310,-261.167,48.0956,704.357,49.4389,-660.291,48.8444,264.64,49.2654,-252.628,-114.933,-66.837,60.4794,109.918,-58.5693,-9.72491,7.9644,57.2298,
1.30092,1.41364,1.36329,1.39058,0,200,0,-6.01011,-3.23917,2.91725,5.75682,-2.69823,0.11509,-0.209794,2.61864,0,296.86,0,172.877,0,228.258,0,198.241,48.1902,13.3304,49.3838,7.82575,48.9274,10.301,49.1902,8.96224,6.42992,60.999,-1.38348,-59.2383,6.0862,16.378,-18.3791,-17.1298,10,6.95271e-310,609.99,6.68183e-310,-592.383,1.4822e-323,163.78,5.23261e-310,-171.298,48.1902,623.321,49.3838,-584.557,48.9274,174.081,49.1902,-162.336,-104.524,-56.3333,50.7348,100.119,-46.9258,2.00156,-3.64858,45.5416,
1.30823,1.40615,1.37106,1.38182,0,200,0,-5.38774,-2.61127,2.33245,5.16857,-2.02925,0.788584,-0.883342,1.94047,0,288.819,0,181.116,0,219.715,0,207.877,48.2864,12.9778,49.3238,8.19541,49.0059,9.92078,49.1098,9.39282,5.20371,52.6085,0.752444,-51.3699,4.86538,7.36896,-16.0035,-8.06342,10,6.95271e-310,526.085,6.68183e-310,-513.699,1.4822e-323,73.6896,5.23261e-310,-80.6342,48.2864,539.063,49.3238,-505.503,49.0059,83.6104,49.1098,-71.2414,-93.6997,-45.4133,40.5644,89.8881,-35.2914,13.7145,-15.3625,33.7474,
1.31577,1.39863,1.37862,1.3739,0,200,0,-4.76531,-1.98329,1.72573,4.55823,-1.39494,1.42714,-1.50869,1.31076,0,280.527,0,189.382,0,211.397,0,216.591,48.3829,12.6134,49.2608,8.5658,49.0795,9.54991,49.0339,9.78155,3.82721,44.2184,2.817,-43.205,3.59599,-1.17201,-13.8756,0.355731,10,6.95271e-310,442.184,6.68183e-310,-432.05,1.4822e-323,-11.7201,5.23261e-310,3.55731,48.3829,454.797,49.2608,-423.484,49.0795,-2.17014,49.0339,13.3389,-82.8749,-34.4921,30.0127,79.2735,-24.2597,24.8198,-26.2381,22.7958,
1.32271,1.39084,1.38623,1.3644,0,200,0,-4.14146,-1.35448,1.14398,3.97255,-0.711909,2.11426,-2.21597,0.598015,0,272.894,0,197.951,0,203.026,0,227.031,48.4692,12.2774,49.1926,8.94927,49.1508,9.17614,48.9388,10.2465,2.32794,35.8101,4.68439,-35.3759,2.04413,-10.3682,-11.7063,9.87895,10,6.95271e-310,358.101,6.68183e-310,-353.759,1.4822e-323,-103.682,5.23261e-310,98.7895,48.4692,370.378,49.1926,-344.809,49.1508,-94.5063,48.9388,109.036,-72.0253,-23.5561,19.8952,69.0878,-12.381,36.7698,-38.5386,10.4003,
1.33174,1.38306,1.39371,1.35604,0,200,0,-3.44229,-0.649056,0.477882,3.30237,-0.0744929,2.75554,-2.87731,-0.0683507,0,262.967,0,206.506,0,194.8,0,236.233,48.578,11.8395,49.1215,9.33161,49.218,8.80833,48.8514,10.6555,0.604213,26.3882,6.27751,-26.4088,0.358819,-18.9488,-9.30625,18.7856,10,6.95271e-310,263.882,6.68183e-310,-264.088,1.4822e-323,-189.488,5.23261e-310,187.856,48.578,275.721,49.1215,-254.756,49.218,-180.679,48.8514,198.512,-59.866,-11.2879,8.31099,57.4325,-1.29553,47.9225,-50.0401,-1.18871,
1.3404,1.37471,1.40136,1.34845,0,200,0,-2.75521,0.0438201,-0.224912,2.59499,0.556015,3.38985,-3.49123,-0.687003,0,253.436,0,215.694,0,186.376,0,244.578,48.6788,11.4182,49.0418,9.74159,49.284,8.43117,48.7692,11.0258,-1.31846,17.1306,8.09809,-16.9465,-1.34868,-27.4348,-7.46387,27.0551,10,6.95271e-310,171.306,6.68183e-310,-169.465,1.4822e-323,-274.348,5.23261e-310,270.551,48.6788,182.724,49.0418,-159.723,49.284,-265.917,48.7692,281.577,-47.9167,0.762089,-3.91151,45.1303,9.66983,58.9539,-60.717,-11.9479,
1.34934,1.36585,1.40875,1.33903,0,200,0,-2.01766,0.787129,-0.935581,1.87925,1.22559,4.06292,-4.19683,-1.3987,0,243.602,0,225.436,0,178.256,0,254.939,48.7789,10.9825,48.9536,10.1755,49.3449,8.06712,48.6631,11.4847,-3.44457,7.19445,9.51461,-7.37709,-3.46936,-36.4467,-5.26827,36.5605,10,6.95271e-310,71.9445,6.68183e-310,-73.7709,1.4822e-323,-364.467,5.23261e-310,365.605,48.7789,82.927,48.9536,-63.5953,49.3449,-356.4,48.6631,377.09,-35.0897,13.6892,-16.271,32.6827,21.3146,70.6595,-72.9883,-24.3252,
1.35833,1.35667,1.41613,1.3304,0,200,0,-1.2823,1.52805,-1.68041,1.12893,1.87501,4.71569,-4.85534,-2.06301,0,233.715,0,235.534,0,170.135,0,264.431,48.8757,10.5437,48.8582,10.6245,49.4031,7.70262,48.5622,11.9041,-5.76254,-2.71046,10.9745,2.65405,-5.65753,-45.1859,-3.44841,45.4332,10,6.95271e-310,-27.1046,6.68183e-310,26.5405,1.4822e-323,-451.859,5.23261e-310,454.332,48.8757,-16.5609,48.8582,37.165,49.4031,-444.156,48.5622,466.236,-22.3009,26.5747,-29.2246,19.6336,32.6089,82.012,-84.4406,-35.8784,
1.36728,1.34757,1.4235,1.32194,0,200,0,-0.555705,2.25996,-2.42409,0.379572,2.51536,5.35922,-5.50645,-2.72001,0,223.868,0,245.553,0,162.028,0,273.738,48.9681,10.1057,48.7594,11.069,49.4586,7.3383,48.4598,12.3146,-8.22536,-12.4958,12.2848,12.6714,-7.9856,-53.8016,-1.81547,54.2078,10,6.95271e-310,-124.958,6.68183e-310,126.714,1.4822e-323,-538.016,5.23261e-310,542.078,48.9681,-114.852,48.7594,137.783,49.4586,-530.678,48.4598,554.392,-9.66443,39.3037,-42.1581,6.60125,43.7453,93.2039,-95.7644,-47.3046,
1.37591,1.3387,1.43051,1.31397,0,200,0,0.141727,2.9623,-3.14938,-0.35147,3.1215,5.96826,-6.12036,-3.33965,0,214.376,0,255.308,0,154.316,0,282.504,49.0535,9.68281,48.6593,11.501,49.5088,6.99138,48.3601,12.7004,-10.7418,-21.8867,13.4274,22.4426,-10.3574,-61.9562,-0.418592,62.4822,10,6.95271e-310,-218.867,6.68183e-310,224.426,1.4822e-323,-619.562,5.23261e-310,624.822,49.0535,-209.184,48.6593,235.927,49.5088,-612.571,48.3601,637.522,2.46481,51.5183,-54.7718,-6.11252,54.287,103.796,-106.441,-58.0809,
1.38354,1.33024,1.43742,1.30658,0,200,0,0.773453,3.5982,-3.82949,-1.03727,3.7044,6.55387,-6.69547,-3.92024,0,205.979,0,264.615,0,146.71,0,290.638,49.126,9.30805,48.5602,11.9123,49.556,6.64887,48.2649,13.0576,-13.2626,-30.3919,14.5673,31.6065,-12.6878,-69.7967,0.543949,70.2349,10,6.95271e-310,-303.919,6.68183e-310,316.065,1.4822e-323,-697.967,5.23261e-310,702.349,49.126,-294.611,48.5602,327.978,49.556,-691.318,48.2649,715.407,13.4513,62.5773,-66.5998,-18.0396,64.4244,113.98,-116.443,-68.1781,
1.39297,1.32224,1.44387,1.29935,0,200,0,1.46877,4.29844,-4.53675,-1.7501,4.24413,7.096,-7.27405,-4.50431,0,195.604,0,273.408,0,139.617,0,298.587,49.2116,8.84431,48.4635,12.3001,49.5978,6.32922,48.1693,13.4061,-15.8688,-39.7504,15.0563,41.1379,-15.2403,-77.0556,1.95674,78.0353,10,6.95271e-310,-397.504,6.68183e-310,411.379,1.4822e-323,-770.556,5.23261e-310,780.353,49.2116,-388.66,48.4635,423.679,49.5978,-764.227,48.1693,793.759,25.5439,74.7555,-78.9,-30.4365,73.811,123.409,-126.505,-78.3359,
1.40136,1.31357,1.45006,1.29244,0,200,0,2.12916,4.96299,-5.25433,-2.47392,4.77528,7.62935,-7.80464,-5.0403,0,186.376,0,282.952,0,132.815,0,306.193,49.284,8.43117,48.3549,12.7201,49.636,6.02239,48.0754,13.7388,-18.5919,-48.6381,15.7591,50.8097,-17.8078,-84.1986,2.883,85.1898,10,6.95271e-310,-486.381,6.68183e-310,508.097,1.4822e-323,-841.986,5.23261e-310,851.898,49.284,-477.95,48.3549,520.817,49.636,-835.964,48.0754,865.637,37.0289,86.3129,-91.3796,-43.0247,83.0483,132.684,-135.733,-87.6574,
1.40957,1.30666,1.45547,1.28604,0,200,0,2.73013,5.56785,-5.86228,-3.08699,5.23158,8.08749,-8.31119,-5.55197,0,177.346,0,290.546,0,126.857,0,313.233,49.3516,8.02631,48.266,13.0536,49.6679,5.75344,47.9865,14.0462,-21.0385,-56.7238,15.8826,59.0049,-20.2596,-90.3343,3.96339,92.021,10,6.95271e-310,-567.238,6.68183e-310,590.049,1.4822e-323,-903.343,5.23261e-310,920.21,49.3516,-559.212,48.266,603.103,49.6679,-897.59,47.9865,934.256,47.4806,96.8322,-101.953,-53.6867,90.9841,140.652,-144.542,-96.5559,
1.41746,1.29913,1.46034,1.2803,0,200,0,3.32316,6.16442,-6.5027,-3.73315,5.65508,8.51255,-8.74867,-5.99413,0,168.672,0,298.837,0,121.504,0,319.547,49.4133,7.6369,48.1662,13.417,49.6953,5.5117,47.9051,14.3215,-23.5403,-64.7017,16.1025,67.639,-22.6868,-96.0287,4.77082,97.9216,10,6.95271e-310,-647.017,6.68183e-310,676.39,1.4822e-323,-960.287,5.23261e-310,979.216,49.4133,-639.38,48.1662,689.807,49.6953,-954.775,47.9051,993.537,57.794,107.207,-113.091,-64.9243,98.3492,148.044,-152.151,-104.246,
1.42508,1.29125,1.46459,1.27517,0,200,0,3.90391,6.74844,-7.15853,-4.39514,6.04039,8.89919,-9.12344,-6.37315,0,160.288,0,307.498,0,116.825,0,325.19,49.4701,7.26005,48.0591,13.7959,49.7183,5.30023,47.831,14.567,-26.0433,-72.5135,16.324,76.4821,-25.0797,-101.21,5.40349,102.977,10,6.95271e-310,-725.135,6.68183e-310,764.821,1.4822e-323,-1012.1,5.23261e-310,1029.77,49.4701,-717.875,48.0591,778.617,49.7183,-1006.8,47.831,1044.34,67.894,117.364,-124.496,-76.4372,105.05,154.769,-158.668,-110.837,
1.43281,1.28539,1.46848,1.27052,0,200,0,4.4332,7.28088,-7.7015,-4.9428,6.36558,9.22554,-9.49595,-6.74959,0,151.785,0,313.945,0,112.553,0,330.304,49.5247,6.87745,47.9774,14.0773,49.7385,5.10714,47.7627,14.7892,-28.2205,-79.6305,15.9938,83.8039,-27.3102,-105.581,6.25009,108.002,10,6.95271e-310,-796.305,6.68183e-310,838.039,1.4822e-323,-1055.81,5.23261e-310,1080.02,49.5247,-789.427,47.9774,852.116,49.7385,-1050.71,47.7627,1094.81,77.0992,126.624,-133.939,-85.9617,110.706,160.444,-165.147,-117.384,
1.44031,1.27916,1.47191,1.26629,0,200,0,4.9556,7.80615,-8.26115,-5.50754,6.66562,9.52658,-9.8218,-7.07906,0,143.533,0,320.8,0,108.77,0,334.958,49.575,6.50571,47.8887,14.376,49.7558,4.93604,47.6997,14.9911,-30.4095,-86.6537,15.6963,91.3514,-29.5225,-109.615,6.94666,112.398,10,6.95271e-310,-866.537,6.68183e-310,913.514,1.4822e-323,-1096.15,5.23261e-310,1123.98,49.575,-860.031,47.8887,927.89,49.7558,-1091.21,47.6997,1138.97,86.1843,135.759,-143.672,-95.7834,115.924,165.68,-170.814,-123.114,
1.44753,1.27269,1.47477,1.26251,0,200,0,5.46536,8.31855,-8.82696,-6.07876,6.93217,9.79393,-10,-7.35662,0,135.597,0,327.918,0,105.633,0,339.11,49.6206,6.14789,47.7947,14.6856,49.7696,4.7941,47.6428,15.1711,-32.5607,-93.5063,15.3999,98.983,-31.6843,-113.199,7.53835,116.099,10,6.95271e-310,-935.063,6.68183e-310,989.83,1.4822e-323,-1131.99,5.23261e-310,1160.99,49.6206,-928.916,47.7947,1004.52,49.7696,-1127.19,47.6428,1176.16,95.0498,144.67,-153.512,-105.718,120.56,170.329,-175.584,-127.941,
1.45425,1.2677,1.47715,1.25928,0,200,0,5.91203,8.76753,-9.29266,-6.54871,7.14489,10,-10,-7.60936,0,128.201,0,333.402,0,103.009,0,342.67,49.6608,5.81415,47.7209,14.9237,49.7809,4.67539,47.5935,15.3252,-34.3685,-99.5089,14.8432,105.265,-33.5891,-116.058,8.19138,119.471,10,6.95271e-310,-995.089,6.68183e-310,1052.65,1.4822e-323,-1160.58,5.23261e-310,1194.71,49.6608,-989.275,47.7209,1067.57,49.7809,-1155.91,47.5935,1210.03,102.818,152.479,-161.612,-113.891,124.259,174.04,-179.93,-132.337,
1.46083,1.2618,1.47911,1.25657,0,200,0,6.36645,9.22409,-9.81292,-7.07409,7.3398,10,-10,-7.79948,0,120.964,0,339.901,0,100.86,0,345.649,49.698,5.48728,47.6319,15.2054,49.79,4.57814,47.5518,15.454,-36.2537,-105.615,14.4504,112.283,-35.5018,-118.679,8.64683,122.004,10,6.95271e-310,-1056.15,6.68183e-310,1122.83,1.4822e-323,-1186.79,5.23261e-310,1220.04,49.698,-1050.67,47.6319,1138.04,49.79,-1182.21,47.5518,1235.5,110.721,160.419,-170.659,-123.028,127.649,177.439,-183.195,-135.643,
1.46681,1.25691,1.48059,1.25426,0,200,0,6.76688,9.62635,-10,-7.52089,7.49247,10,-10,-7.96371,0,114.386,0,345.28,0,99.2258,0,348.193,49.7299,5.18999,47.557,15.4381,49.7967,4.50415,47.5159,15.564,-37.8602,-110.995,13.9245,118.253,-37.1897,-120.732,9.13009,124.193,10,6.95271e-310,-1109.95,6.68183e-310,1182.53,1.4822e-323,-1207.32,5.23261e-310,1241.93,49.7299,-1104.76,47.557,1197.97,49.7967,-1202.82,47.5159,1257.49,117.685,167.415,-178.355,-130.798,130.304,180.101,-186.015,-138.499,
1.47238,1.25288,1.48177,1.25238,0,200,0,7.12458,9.98567,-10,-7.90671,7.61053,10,-10,-8.1039,0,108.256,0,349.709,0,97.9339,0,350.263,49.7581,4.91278,47.4944,15.6295,49.802,4.44566,47.4865,15.6534,-39.2278,-115.799,13.3002,123.41,-38.6748,-122.32,9.62088,126.062,10,6.95271e-310,-1157.99,6.68183e-310,1234.1,1.4822e-323,-1223.2,5.23261e-310,1260.62,49.7581,-1153.08,47.4944,1249.73,49.802,-1218.75,47.4865,1276.27,123.906,173.664,-185.002,-137.508,132.357,182.159,-188.424,-140.937,
1.47751,1.24879,1.4827,1.25089,0,200,0,7.45859,10,-10,-8.28708,7.71241,10,-10,-8.20686,0,102.614,0,354.205,0,96.9056,0,351.898,49.7826,4.6575,47.4302,15.8234,49.8061,4.3991,47.4632,15.7239,-40.5244,-120.285,12.7772,128.492,-40.0572,-123.69,9.98427,127.434,10,6.95271e-310,-1202.85,6.68183e-310,1284.92,1.4822e-323,-1236.9,5.23261e-310,1274.34,49.7826,-1198.2,47.4302,1300.75,49.8061,-1232.5,47.4632,1290.06,129.715,179.497,-191.553,-144.123,134.129,183.935,-190.191,-142.728,
1.48228,1.2456,1.48316,1.2498,0,200,0,7.75377,10,-10,-8.60319,7.77252,10,-10,-8.28438,0,97.367,0,357.711,0,96.4047,0,353.097,49.8043,4.42,47.3795,15.9745,49.8081,4.37642,47.4461,15.7757,-41.5476,-124.248,12.1256,132.718,-41.2159,-124.498,10.4309,128.467,10,6.95271e-310,-1242.48,6.68183e-310,1327.18,1.4822e-323,-1244.98,5.23261e-310,1284.67,49.8043,-1238.06,47.3795,1343.16,49.8081,-1240.61,47.4461,1300.44,134.848,184.652,-197,-149.621,135.174,184.982,-191.522,-144.076,
1.4867,1.24322,1.48343,1.24909,0,200,0,8.01141,10,-10,-8.86468,7.80606,10,-10,-8.34419,0,92.5026,0,360.334,0,96.1015,0,353.875,49.8233,4.19971,47.3412,16.0875,49.8093,4.36269,47.4349,15.8092,-42.3451,-127.706,11.4178,136.216,-42.1725,-124.95,10.8846,129.265,10,6.95271e-310,-1277.06,6.68183e-310,1362.16,1.4822e-323,-1249.5,5.23261e-310,1292.65,49.8233,-1272.86,47.3412,1378.25,49.8093,-1245.13,47.4349,1308.46,139.329,189.152,-201.51,-154.168,135.758,185.567,-192.551,-145.116,
1.49069,1.24069,1.48341,1.24867,0,200,0,8.25033,10,-10,-9.12392,7.82488,10,-10,-8.37012,0,88.1128,0,363.116,0,96.1278,0,354.336,49.8397,4.00084,47.3004,16.2071,49.8092,4.36389,47.4283,15.8291,-43.0812,-130.913,10.818,139.683,-43.0373,-125.203,11.2543,129.61,10,6.95271e-310,-1309.13,6.68183e-310,1396.83,1.4822e-323,-1252.03,5.23261e-310,1296.1,49.8397,-1305.13,47.3004,1413.03,49.8092,-1247.67,47.4283,1311.93,143.484,193.324,-205.977,-158.677,136.085,185.894,-192.996,-145.567,
1.49422,1.23887,1.48308,1.24853,0,200,0,8.45122,10,-10,-9.32783,7.81665,10,-10,-8.37823,0,84.2371,0,365.12,0,96.4837,0,354.494,49.8535,3.82522,47.2708,16.2933,49.8078,4.38,47.426,15.8359,-43.5949,-133.608,10.1867,142.411,-43.7003,-125.093,11.6578,129.718,10,6.95271e-310,-1336.08,6.68183e-310,1424.11,1.4822e-323,-1250.93,5.23261e-310,1297.18,49.8535,-1332.26,47.2708,1440.4,49.8078,-1246.55,47.426,1313.02,146.978,196.831,-209.494,-162.223,135.942,185.75,-193.134,-145.708,
1.49735,1.23726,1.48222,1.24865,0,200,0,8.6296,10,-10,-9.50545,7.77806,10,-10,-8.35414,0,80.7964,0,366.886,0,97.4329,0,354.363,49.8652,3.66926,47.2446,16.3692,49.804,4.42298,47.4279,15.8302,-43.9538,-136.002,9.55645,144.787,-44.2162,-124.576,12.1035,129.395,10,6.95271e-310,-1360.02,6.68183e-310,1447.87,1.4822e-323,-1245.76,5.23261e-310,1293.95,49.8652,-1356.35,47.2446,1464.24,49.804,-1241.34,47.4279,1309.78,150.08,199.945,-212.557,-165.312,135.271,185.075,-192.717,-145.289,
1.50011,1.23616,1.48099,1.24907,0,200,0,8.77949,10,-10,-9.64304,7.71127,10,-10,-8.30616,0,77.7513,0,368.099,0,98.7907,0,353.901,49.8751,3.53121,47.2265,16.4212,49.7985,4.48445,47.4345,15.8103,-44.1203,-138.012,8.90289,146.63,-44.5534,-123.68,12.5915,128.752,10,6.95271e-310,-1380.12,6.68183e-310,1466.3,1.4822e-323,-1236.8,5.23261e-310,1287.52,49.8751,-1376.59,47.2265,1482.72,49.7985,-1232.31,47.4345,1303.33,152.687,202.562,-214.932,-167.705,134.109,183.908,-191.889,-144.455,
1.50251,1.23541,1.47873,1.25001,0,200,0,8.90469,10,-10,-9.74625,7.58512,10,-10,-8.19881,0,75.1146,0,368.93,0,101.269,0,352.86,49.8835,3.41165,47.2141,16.4569,49.7883,4.59664,47.4495,15.7654,-44.021,-139.691,8.18157,148.012,-44.6511,-121.987,13.2148,127.316,10,6.95271e-310,-1396.91,6.68183e-310,1480.12,1.4822e-323,-1219.87,5.23261e-310,1273.16,49.8835,-1393.5,47.2141,1496.58,49.7883,-1215.27,47.4495,1288.92,154.864,204.748,-216.714,-169.5,131.915,181.703,-190.037,-142.588,
1.50478,1.23494,1.47623,1.25168,0,200,0,9.00914,10,-10,-9.83835,7.42879,10,-10,-8.04394,0,72.6231,0,369.444,0,104.024,0,351.028,49.8911,3.29865,47.2064,16.479,49.7766,4.72133,47.4757,15.6864,-43.7479,-141.09,7.49145,149.248,-44.5547,-119.888,13.7773,125.247,10,6.95271e-310,-1410.9,6.68183e-310,1492.48,1.4822e-323,-1198.88,5.23261e-310,1252.47,49.8911,-1407.6,47.2064,1508.96,49.7766,-1194.16,47.4757,1268.15,156.681,206.572,-218.308,-171.102,129.196,178.973,-187.37,-139.895,
1.50627,1.23472,1.47369,1.25393,0,200,0,9.0653,10,-10,-9.90411,7.25963,10,-10,-7.84744,0,70.9754,0,369.681,0,106.819,0,348.549,49.896,3.22391,47.2028,16.4891,49.7644,4.84778,47.5109,15.5794,-43.3163,-141.841,7.01875,150.132,-44.2255,-117.616,14.1522,122.622,10,6.95271e-310,-1418.41,6.68183e-310,1501.32,1.4822e-323,-1176.16,5.23261e-310,1226.22,49.896,-1415.19,47.2028,1517.81,49.7644,-1171.31,47.5109,1241.8,157.657,207.553,-219.448,-172.245,126.254,176.019,-183.988,-136.477,
1.50759,1.23479,1.47003,1.25655,0,200,0,9.10971,10,-10,-9.94039,7.02992,9.89033,-10,-7.59981,0,69.5252,0,369.602,0,110.84,0,345.675,49.9002,3.15813,47.204,16.4858,49.7464,5.02964,47.5514,15.4552,-42.6595,-142.435,6.39387,150.622,-43.7157,-114.531,14.7284,119.313,10,6.95271e-310,-1424.35,6.68183e-310,1506.22,1.4822e-323,-1145.31,5.23261e-310,1193.13,49.9002,-1421.19,47.204,1522.71,49.7464,-1140.28,47.5514,1208.58,158.43,208.33,-220.08,-172.876,122.259,172.006,-179.722,-132.171,
1.50857,1.23524,1.46692,1.25967,0,200,0,9.12,10,-10,-9.96074,6.80907,9.66857,-10,-7.33889,0,68.4443,0,369.114,0,114.267,0,342.235,49.9032,3.1091,47.2113,16.4648,49.7305,5.18462,47.5995,15.3064,-41.9243,-142.57,5.94258,150.901,-43.0607,-111.563,15.0677,115.83,10,6.95271e-310,-1425.7,6.68183e-310,1509.01,1.4822e-323,-1115.63,5.23261e-310,1158.3,49.9032,-1422.59,47.2113,1525.48,49.7305,-1110.45,47.5995,1173.6,158.609,208.512,-220.442,-173.23,118.419,168.149,-175.232,-127.633,
1.50931,1.23632,1.46299,1.26317,0,200,0,9.10576,10,-10,-9.9324,6.53544,9.39375,-9.78015,-7.04011,0,67.6401,0,367.928,0,118.591,0,338.385,49.9055,3.07261,47.2291,16.4139,49.7097,5.38007,47.6528,15.1397,-40.9345,-142.375,5.34525,150.531,-42.1929,-107.887,15.5642,111.84,10,6.95271e-310,-1423.75,6.68183e-310,1505.31,1.4822e-323,-1078.87,5.23261e-310,1118.4,49.9055,-1420.68,47.2291,1521.73,49.7097,-1073.49,47.6528,1133.54,158.361,208.267,-219.967,-172.737,113.66,163.37,-170.09,-122.437,
1.5097,1.23831,1.45861,1.26709,0,200,0,9.05405,10,-10,-9.84182,6.22052,9.07745,-9.45864,-6.71522,0,67.2051,0,365.739,0,123.403,0,334.075,49.9067,3.05288,47.2616,16.3199,49.6857,5.59745,47.7118,14.9528,-39.6747,-141.677,4.64245,149.333,-41.0859,-103.655,16.1422,107.502,10,6.95271e-310,-1416.77,6.68183e-310,1493.33,1.4822e-323,-1036.55,5.23261e-310,1075.02,49.9067,-1413.72,47.2616,1509.65,49.6857,-1030.95,47.7118,1089.98,157.462,207.369,-218.424,-171.162,108.183,157.869,-164.498,-116.786,
1.50988,1.24091,1.45323,1.27135,0,200,0,8.98103,10,-10,-9.70241,5.84494,8.70009,-9.09545,-6.34839,0,67.0074,0,362.879,0,129.322,0,329.395,49.9073,3.04391,47.3039,16.1969,49.6549,5.86473,47.7749,14.7497,-38.1656,-140.692,3.73163,147.482,-39.7846,-98.6074,16.9159,102.603,10,6.95271e-310,-1406.92,6.68183e-310,1474.82,1.4822e-323,-986.074,5.23261e-310,1026.03,49.9073,-1403.88,47.3039,1491.02,49.6549,-980.209,47.7749,1040.78,156.192,206.099,-216.041,-168.737,101.651,151.306,-158.182,-110.407,
1.50975,1.24396,1.44858,1.27616,0,200,0,8.87072,10,-10,-9.54605,5.48282,8.33638,-8.72391,-5.97279,0,67.1524,0,359.517,0,134.437,0,324.095,49.9069,3.05049,47.3532,16.0523,49.6271,6.09555,47.8455,14.5194,-36.6002,-139.206,3.00945,145.408,-38.3577,-93.739,17.4021,97.591,10,6.95271e-310,-1392.06,6.68183e-310,1454.08,1.4822e-323,-937.39,5.23261e-310,975.91,49.9069,-1389.01,47.3532,1470.14,49.6271,-931.294,47.8455,990.43,154.273,204.18,-213.371,-166.018,95.3534,144.98,-151.72,-103.875,
1.50937,1.24735,1.44239,1.28131,0,200,0,8.74601,10,-10,-9.35016,5.04064,7.89197,-8.28952,-5.53415,0,67.5742,0,355.786,0,141.252,0,318.44,49.9057,3.06962,47.4074,15.8916,49.5883,6.40291,47.9195,14.2732,-34.8006,-137.526,2.01297,142.805,-36.755,-87.7948,18.1454,91.7322,10,6.95271e-310,-1375.26,6.68183e-310,1428.05,1.4822e-323,-877.948,5.23261e-310,917.322,49.9057,-1372.2,47.4074,1443.94,49.5883,-871.545,47.9195,931.595,152.105,202.01,-210.019,-162.612,87.6633,137.252,-144.166,-96.2461,
1.50839,1.2512,1.43655,1.28693,0,200,0,8.57434,10,-10,-9.12373,4.59868,7.44781,-7.83754,-5.07761,0,68.642,0,351.555,0,147.672,0,312.257,49.9027,3.11807,47.4681,15.7091,49.5501,6.69222,47.9989,14.0037,-32.9197,-135.216,1.1832,139.795,-35.0023,-81.8521,18.6482,85.6365,10,6.95271e-310,-1352.16,6.68183e-310,1397.95,1.4822e-323,-818.521,5.23261e-310,856.365,49.9027,-1349.04,47.4681,1413.66,49.5501,-811.828,47.9989,870.369,149.119,199.022,-206.142,-158.674,79.977,129.527,-136.305,-88.3062,
1.50682,1.25542,1.43106,1.29295,0,200,0,8.35784,10,-10,-8.86984,4.15898,7.00596,-7.37062,-4.60587,0,70.3689,0,346.915,0,153.71,0,305.626,49.8977,3.1964,47.534,15.5087,49.5126,6.96409,48.0825,13.7141,-30.9869,-132.304,0.526904,136.419,-33.1267,-75.9384,18.9115,79.3397,10,6.95271e-310,-1323.04,6.68183e-310,1364.19,1.4822e-323,-759.384,5.23261e-310,793.397,49.8977,-1319.85,47.534,1379.69,49.5126,-752.42,48.0825,807.111,145.354,195.252,-201.792,-154.258,72.3301,121.843,-128.185,-80.1021,
1.50496,1.25948,1.42417,1.29926,0,200,0,8.13366,10,-10,-8.60568,3.65375,6.4979,-6.83801,-4.06835,0,72.4254,0,342.446,0,161.29,0,298.692,49.8917,3.28969,47.5966,15.3155,49.4635,7.3051,48.168,13.4107,-28.9661,-129.29,-0.324203,132.902,-31.1615,-69.1439,19.2915,72.1583,10,6.95271e-310,-1292.9,6.68183e-310,1329.02,1.4822e-323,-691.439,5.23261e-310,721.583,49.8917,-1289.61,47.5966,1344.33,49.4635,-684.134,48.168,734.994,141.455,191.347,-197.261,-149.664,63.5436,113.007,-118.922,-70.7539,
1.50219,1.26477,1.41858,1.30648,0,200,0,7.81894,10,-10,-8.27459,3.16808,6.00984,-6.30095,-3.52579,0,75.4706,0,336.632,0,167.433,0,290.743,49.8824,3.42779,47.6769,15.0637,49.4219,7.58123,48.2636,13.0623,-26.7969,-125.058,-0.817932,128.495,-28.9408,-62.6093,19.1808,64.9175,10,6.95271e-310,-1250.58,6.68183e-310,1284.95,1.4822e-323,-626.093,5.23261e-310,649.175,49.8824,-1247.15,47.6769,1300.02,49.4219,-618.512,48.2636,662.237,135.981,185.864,-191.583,-143.906,55.097,104.519,-109.582,-61.3181,
1.49949,1.26985,1.41157,1.31294,0,200,0,7.52883,10,-10,-7.9282,2.6394,5.47804,-5.76263,-2.98267,0,78.4367,0,331.043,0,175.145,0,283.638,49.8729,3.56228,47.7528,14.8213,49.3675,7.92752,48.347,12.7502,-24.662,-121.158,-1.75936,123.88,-26.8599,-55.4972,19.4487,57.6607,10,6.95271e-310,-1211.58,6.68183e-310,1238.8,1.4822e-323,-554.972,5.23261e-310,576.607,49.8729,-1208.01,47.7528,1253.63,49.3675,-547.045,48.347,589.357,130.936,180.809,-185.635,-137.882,45.9027,95.2702,-100.22,-51.8726,
1.49621,1.27521,1.40575,1.32039,0,200,0,7.18305,10,-10,-7.5794,2.13521,4.97114,-5.20033,-2.415,0,82.0488,0,325.15,0,181.551,0,275.451,49.861,3.72603,47.8315,14.5653,49.3205,8.21492,48.4405,12.3901,-22.5715,-116.509,-2.26807,119.235,-24.6569,-48.7121,19.1386,50.0817,10,6.95271e-310,-1165.09,6.68183e-310,1192.35,1.4822e-323,-487.121,5.23261e-310,500.817,49.861,-1161.36,47.8315,1206.92,49.3205,-478.906,48.4405,513.207,124.923,174.784,-179.647,-131.816,37.1341,86.4546,-90.4405,-42,
1.49206,1.28074,1.39856,1.32888,0,200,0,6.78359,9.64968,-9.95281,-7.1979,1.544,4.37646,-4.52733,-1.73604,0,86.6099,0,319.06,0,189.461,0,266.105,49.8451,3.93275,47.9114,14.3002,49.2602,8.56935,48.5441,11.978,-20.3268,-111.139,-2.83805,114.151,-22.1965,-40.7556,18.6487,41.0119,10,6.95271e-310,-1111.39,6.68183e-310,1141.51,1.4822e-323,-407.556,5.23261e-310,410.119,49.8451,-1107.46,47.9114,1155.81,49.2602,-398.987,48.5441,422.097,117.975,167.821,-173.092,-125.181,26.8521,76.1123,-78.7361,-30.1921,
1.48838,1.28642,1.39193,1.33597,0,200,0,6.41714,9.28238,-9.56316,-6.80363,1.00617,3.83531,-3.96262,-1.16653,0,90.657,0,312.811,0,196.751,0,258.314,49.8303,4.11611,47.9919,14.0278,49.2023,8.89562,48.6277,11.6339,-18.2878,-106.213,-3.67151,108.895,-20.0868,-33.5169,18.4047,33.4027,10,6.95271e-310,-1062.13,6.68183e-310,1088.95,1.4822e-323,-335.169,5.23261e-310,334.027,49.8303,-1058.01,47.9919,1102.98,49.2023,-326.274,48.6277,345.661,111.602,161.433,-166.316,-118.324,17.4987,66.701,-68.9152,-20.2875,
1.48349,1.29245,1.38512,1.34474,0,200,0,5.96184,8.82589,-9.14458,-6.38024,0.41538,3.24097,-3.28649,-0.484642,0,96.0355,0,306.18,0,204.239,0,248.664,49.8096,4.35971,48.0756,13.7383,49.1406,9.23033,48.7279,11.2069,-16.1569,-100.092,-4.17617,103.25,-17.654,-25.5636,17.5397,24.2935,10,6.95271e-310,-1000.92,6.68183e-310,1032.5,1.4822e-323,-255.636,5.23261e-310,242.935,49.8096,-996.564,48.0756,1046.24,49.1406,-246.406,48.7279,254.142,103.684,153.494,-159.036,-110.961,7.224,56.3646,-57.1564,-8.42856,
1.47858,1.29877,1.37819,1.35196,0,200,0,5.51798,8.38076,-8.68141,-5.91213,-0.14699,2.67485,-2.70148,0.104952,0,101.44,0,299.233,0,211.872,0,240.715,49.7875,4.6044,48.1614,13.4344,49.0754,9.57109,48.8076,10.8545,-14.1257,-94.1259,-5.05208,97.0044,-15.4879,-17.9927,17.0246,16.4129,10,6.95271e-310,-941.259,6.68183e-310,970.044,1.4822e-323,-179.927,5.23261e-310,164.129,49.7875,-936.655,48.1614,983.478,49.0754,-170.355,48.8076,174.984,95.9649,145.752,-150.981,-102.82,-2.55634,46.519,-46.9823,1.82526,
1.47339,1.30577,1.37191,1.36094,0,200,0,5.01625,7.87763,-8.20647,-5.43185,-0.739055,2.07927,-2.04497,0.766951,0,107.149,0,291.534,0,218.779,0,230.841,49.763,4.86269,48.2542,13.097,49.0143,9.87907,48.903,10.4159,-12.0802,-87.3798,-5.67428,90.6008,-13.1615,-10.0198,15.919,7.57118,10,6.95271e-310,-873.798,6.68183e-310,906.008,1.4822e-323,-100.198,5.23261e-310,75.7118,49.763,-868.935,48.2542,919.105,49.0143,-90.3188,48.903,86.1277,87.2392,137.002,-142.721,-94.467,-12.8531,36.1612,-35.5648,13.3383,
1.4677,1.31288,1.36397,1.36856,0,200,0,4.51072,7.37046,-7.67095,-4.89105,-1.36784,1.44589,-1.41184,1.40457,0,113.41,0,283.704,0,227.506,0,222.457,49.7345,5.14588,48.3462,12.7531,48.9344,10.2676,48.981,10.0429,-10.0225,-80.5834,-6.91709,83.3816,-10.9792,-1.55277,15.2503,-0.955314,10,6.95271e-310,-805.834,6.68183e-310,833.816,1.4822e-323,-15.5277,5.23261e-310,-9.55314,49.7345,-800.688,48.3462,846.57,48.9344,-5.26007,48.981,0.489758,78.4473,128.182,-133.408,-85.0617,-23.7885,25.1459,-24.5537,24.4273,
1.46151,1.3197,1.35651,1.37708,0,200,0,3.97329,6.83114,-7.15756,-4.37272,-1.99654,0.812707,-0.732933,2.08829,0,120.213,0,276.203,0,235.719,0,213.084,49.7017,5.45334,48.4321,12.4232,48.8564,10.6327,49.0648,9.62519,-8.14643,-73.3578,-7.84965,76.4618,-8.77653,6.91471,14.0154,-10.0965,10,6.95271e-310,-733.578,6.68183e-310,764.618,1.4822e-323,69.1471,5.23261e-310,-100.965,49.7017,-728.125,48.4321,777.041,48.8564,79.7798,49.0648,-91.3395,69.1007,118.802,-124.479,-76.0473,-34.7224,14.134,-12.7467,36.3181,
1.45493,1.32834,1.3488,1.3866,0,200,0,3.35761,6.21333,-6.54229,-3.75138,-2.69054,0.113908,-0.016523,2.80984,0,127.45,0,266.698,0,244.195,0,202.617,49.6648,5.78022,48.5376,12.0042,48.773,11.0088,49.1542,9.15788,-6.09024,-65.0778,-9.11716,68.17,-6.48787,16.2634,12.6338,-19.7403,10,6.95271e-310,-650.778,6.68183e-310,681.7,1.4822e-323,162.634,5.23261e-310,-197.403,49.6648,-644.998,48.5376,693.704,48.773,173.643,49.1542,-188.245,58.3932,108.058,-113.779,-65.2414,-46.792,1.98101,-0.287356,48.8668,
1.4478,1.33666,1.34097,1.39446,0,200,0,2.74287,5.59615,-5.90281,-3.10626,-3.33753,-0.538118,0.618853,3.44927,0,135.293,0,257.549,0,252.804,0,193.969,49.6223,6.13421,48.6358,11.6001,48.6854,11.3902,49.2247,8.77117,-4.21,-56.8111,-10.5904,59.5533,-4.45501,24.9795,11.4207,-28.2927,10,6.95271e-310,-568.111,6.68183e-310,595.533,1.4822e-323,249.795,5.23261e-310,-282.927,49.6223,-561.977,48.6358,607.133,48.6854,261.185,49.2247,-274.156,47.702,97.3243,-102.658,-54.0219,-58.0439,-9.35857,10.7627,59.9873,
1.44048,1.34559,1.33344,1.40398,0,200,0,2.07887,4.9295,-5.25225,-2.44985,-4.02915,-1.23476,1.32881,4.1639,0,143.348,0,247.728,0,261.095,0,183.502,49.576,6.4974,48.7374,11.1654,48.5981,11.7568,49.3059,8.30238,-2.42384,-47.8801,-11.9767,50.7889,-2.3912,34.2985,9.63521,-37.8463,10,6.95271e-310,-478.801,6.68183e-310,507.889,1.4822e-323,342.985,5.23261e-310,-378.463,49.576,-472.303,48.7374,519.054,48.5981,354.742,49.3059,-370.161,36.1543,85.7304,-91.3435,-42.6061,-70.0722,-21.4741,23.1098,72.4156,
1.433,1.35478,1.32613,1.4126,0,200,0,1.40829,4.25604,-4.57207,-1.76389,-4.68981,-1.90043,1.97673,4.81583,0,151.574,0,237.617,0,269.137,0,174.011,49.5261,6.86795,48.838,10.717,48.5109,12.1118,49.3757,7.87664,-0.756517,-38.8595,-13.579,41.6272,-0.55877,43.2013,7.93978,-46.5637,10,6.95271e-310,-388.595,6.68183e-310,416.272,1.4822e-323,432.013,5.23261e-310,-465.637,49.5261,-381.727,48.838,426.989,48.5109,444.125,49.3757,-457.76,24.4921,74.0181,-79.5143,-30.6763,-81.5619,-33.051,34.378,83.7537,
1.42526,1.36384,1.31934,1.42093,0,200,0,0.728482,3.57309,-3.89275,-1.0791,-5.31704,-2.53246,2.59304,5.43582,0,160.09,0,227.651,0,276.598,0,164.849,49.4714,7.25116,48.9331,10.2741,48.4276,12.4406,49.4396,7.46512,0.71791,-29.714,-15.1166,32.4786,1.10495,51.6547,6.0544,-54.854,10,6.95271e-310,-297.14,6.68183e-310,324.786,1.4822e-323,516.547,5.23261e-310,-548.54,49.4714,-289.888,48.9331,335.06,48.4276,528.988,49.4396,-541.075,12.6692,62.1407,-67.7,-18.767,-92.4703,-44.0427,45.0964,94.5359,
1.41721,1.37273,1.31292,1.42895,0,200,0,0.0394527,2.88061,-3.21291,-0.394121,-5.91689,-3.13696,3.18317,6.02929,0,168.949,0,217.87,0,283.664,0,156.03,49.4114,7.64933,49.0225,9.83854,48.3467,12.7514,49.4978,7.06851,2.01562,-20.4436,-16.6203,23.3244,2.61733,59.7399,3.99217,-62.7908,10,6.95271e-310,-204.436,6.68183e-310,233.244,1.4822e-323,597.399,5.23261e-310,-627.908,49.4114,-196.787,49.0225,243.083,48.3467,610.151,49.4978,-620.839,0.686133,50.0975,-55.8768,-6.85429,-102.902,-54.5558,55.3594,104.857,
1.40897,1.38127,1.30658,1.43661,0,200,0,-0.645579,2.19186,-2.54416,0.279361,-6.49781,-3.72258,3.75487,6.60402,0,178.005,0,208.483,0,290.638,0,147.606,49.3468,8.05588,49.1046,9.41989,48.2649,13.0576,49.5505,6.68925,3.13902,-11.2262,-18.1578,14.3208,3.98023,67.5708,1.80216,-70.4788,10,6.95271e-310,-112.262,6.68183e-310,143.208,1.4822e-323,675.708,5.23261e-310,-704.788,49.3468,-104.206,49.1046,152.627,48.2649,688.765,49.5505,-698.099,-11.2275,38.1193,-44.2462,4.85845,-113.005,-64.7405,65.3021,114.853,
1.40046,1.39006,1.30082,1.44387,0,200,0,-1.34878,1.48462,-1.85269,0.975477,-7.04476,-4.2739,4.28185,7.13372,0,187.365,0,198.808,0,296.979,0,139.617,49.2764,8.47547,49.1856,8.98759,48.1888,13.3356,49.5978,6.32922,4.15407,-1.76302,-19.7098,5.01293,5.18341,74.9444,-0.477103,-77.5639,10,6.95271e-310,-17.6302,6.68183e-310,50.1293,1.4822e-323,749.444,5.23261e-310,-775.639,49.2764,-9.15471,49.1856,59.1168,48.1888,762.779,49.5978,-769.31,-23.457,25.8195,-32.2208,16.9648,-122.518,-74.3288,74.4669,124.065,
1.39191,1.39891,1.2953,1.45064,0,200,0,-2.05173,0.777391,-1.15393,1.67871,-7.56653,-4.79995,4.7709,7.62517,0,196.777,0,189.079,0,303.043,0,132.169,49.2021,8.8968,49.2632,8.55223,48.1146,13.6011,49.6395,5.99324,5.06384,7.69826,-21.3777,-4.39178,6.21368,81.9792,-2.75316,-84.1381,10,6.95271e-310,76.9826,6.68183e-310,-43.9178,1.4822e-323,819.792,5.23261e-310,-841.381,49.2021,85.8793,49.2632,-35.3656,48.1146,833.393,49.6395,-835.388,-35.6823,13.5198,-20.0683,29.1949,-131.592,-83.4773,82.9722,132.612,
1.38314,1.40775,1.29031,1.45692,0,200,0,-2.76125,0.0632741,-0.447204,2.38967,-8.05016,-5.28752,5.21567,8.07205,0,206.427,0,179.35,0,308.54,0,125.261,49.1222,9.32807,49.3369,8.1162,48.046,13.8414,49.6762,5.6814,5.86074,17.2492,-23.0354,-13.9021,7.09072,88.5002,-5.09552,-90.1158,10,6.95271e-310,172.492,6.68183e-310,-139.021,1.4822e-323,885.002,5.23261e-310,-901.158,49.1222,181.82,49.3369,-130.905,48.046,898.843,49.6762,-895.476,-48.0217,1.10042,-7.77747,41.5594,-140.003,-91.9568,90.7072,140.383,
1.37454,1.41758,1.28572,1.46277,0,200,0,-3.48834,-0.668531,0.306919,3.14824,-8.51453,-5.75556,5.60684,8.46508,0,215.879,0,168.54,0,313.589,0,118.828,49.0402,9.74981,49.4143,7.63097,47.9819,14.0617,49.7085,5.39079,6.65774,27.0387,-25.0181,-24.0479,7.73635,94.7618,-7.24127,-95.3716,10,6.95271e-310,270.387,6.68183e-310,-240.479,1.4822e-323,947.618,5.23261e-310,-953.716,49.0402,280.137,49.4143,-232.848,47.9819,961.68,49.7085,-948.326,-60.6668,-11.6266,5.33773,54.752,-148.079,-100.097,97.5103,147.219,
1.36589,1.42566,1.28151,1.46807,0,200,0,-4.16281,-1.34796,0.97228,3.81705,-8.92425,-6.16872,5.97809,8.83794,0,225.397,0,159.655,0,318.216,0,113.002,48.954,10.1738,49.4743,7.2316,47.9224,14.2635,49.7364,5.1274,7.19368,36.1204,-26.6055,-32.9991,8.32454,100.287,-9.6409,-100.36,10,6.95271e-310,361.204,6.68183e-310,-329.991,1.4822e-323,1002.87,5.23261e-310,-1003.6,48.954,371.378,49.4743,-322.759,47.9224,1017.14,49.7364,-998.472,-72.3967,-23.4427,16.9092,66.3835,-155.204,-107.282,103.967,153.703,
1.35724,1.43481,1.27767,1.47279,0,200,0,-4.8644,-2.05471,1.69743,4.54589,-9.31148,-6.55911,6.29024,9.15144,0,234.915,0,149.583,0,322.434,0,107.808,48.8641,10.597,49.5384,6.77831,47.8673,14.4471,49.7601,4.8925,7.76933,45.5691,-28.5424,-42.7524,8.69671,105.509,-11.8142,-104.553,10,6.95271e-310,455.691,6.68183e-310,-427.524,1.4822e-323,1055.09,5.23261e-310,-1045.53,48.8641,466.288,49.5384,-420.746,47.8673,1069.54,49.7601,-1040.63,-84.5982,-35.7341,29.5206,79.059,-161.939,-114.072,109.395,159.155,
1.34793,1.44496,1.27388,1.47748,0,200,0,-5.62584,-2.82194,2.49308,5.34534,-9.70348,-6.95429,6.58888,9.45137,0,245.158,0,138.418,0,326.613,0,102.653,48.7633,11.0515,49.6047,6.27512,47.8121,14.6289,49.7824,4.65929,8.32622,55.8255,-30.7777,-53.4517,8.91909,110.796,-14.1068,-108.563,10,6.95271e-310,558.255,6.68183e-310,-534.517,1.4822e-323,1107.96,5.23261e-310,-1085.63,48.7633,569.307,49.6047,-528.241,47.8121,1122.59,49.7824,-1080.97,-97.8406,-49.0773,43.3579,92.9625,-168.756,-120.944,114.589,164.372,
1.34052,1.45369,1.27124,1.48057,0,200,0,-6.24636,-3.44725,3.16255,6.01786,-9.98418,-7.23721,6.7712,9.63451,0,253.305,0,128.821,0,329.513,0,99.2522,48.6802,11.4124,49.6575,5.84212,47.7734,14.7549,49.7966,4.50534,8.78373,64.1852,-32.7865,-62.4522,8.91193,114.582,-15.7319,-111.011,10,6.95271e-310,641.852,6.68183e-310,-624.522,1.4822e-323,1145.82,5.23261e-310,-1110.11,48.6802,653.265,49.6575,-618.68,47.7734,1160.57,49.7966,-1105.6,-108.632,-59.9521,55.0009,104.658,-173.638,-125.865,117.76,167.557,
1.33213,1.46184,1.26845,1.48457,0,200,0,-6.90219,-4.10868,3.82123,6.67918,-10,-7.54581,7.0182,9.88252,0,262.532,0,119.857,0,332.585,0,94.8491,48.5827,11.8203,49.7035,5.43726,47.732,14.8882,49.8142,4.30598,9.03221,73.0216,-34.5406,-71.3073,8.9667,118.712,-18.0784,-114.327,10,6.95271e-310,730.216,6.68183e-310,-713.073,1.4822e-323,1187.12,5.23261e-310,-1143.27,48.5827,742.037,49.7035,-707.636,47.732,1202.01,49.8142,-1138.96,-120.038,-71.4553,66.4561,116.16,-178.963,-131.232,122.056,171.87,
1.32493,1.46907,1.26623,1.48745,0,200,0,-7.4676,-4.67906,4.403,7.26314,-10,-7.78678,7.19101,10,0,270.455,0,111.894,0,335.024,0,91.6853,48.4963,12.1699,49.7415,5.07734,47.6988,14.994,49.8264,4.16269,9.2512,80.641,-36.2075,-79.1274,8.89199,121.936,-19.9524,-116.646,10,6.95271e-310,806.41,6.68183e-310,-791.274,1.4822e-323,1219.36,5.23261e-310,-1166.46,48.4963,818.58,49.7415,-786.196,47.6988,1234.36,49.8264,-1162.3,-129.871,-81.375,76.5739,126.315,-183.121,-135.422,125.061,174.887,
1.31879,1.47598,1.26444,1.48959,0,200,0,-7.96955,-5.18536,4.93734,7.79943,-10,-7.98411,7.30937,10,0,277.205,0,104.301,0,336.988,0,89.3256,48.4207,12.4673,49.7754,4.73386,47.672,15.0792,49.8352,4.05579,9.46731,87.4059,-37.9019,-86.3081,8.68607,124.577,-21.3912,-118.234,10,6.95271e-310,874.059,6.68183e-310,-863.081,1.4822e-323,1245.77,5.23261e-310,-1182.34,48.4207,886.526,49.7754,-858.347,47.672,1260.85,49.8352,-1178.29,-138.601,-90.1801,85.8668,135.642,-186.526,-138.854,127.119,176.955,
1.31245,1.48224,1.26319,1.4916,0,200,0,-8.4604,-5.68081,5.44357,8.30731,-10,-8.14699,7.41199,10,0,284.178,0,97.4065,0,338.372,0,87.1109,48.3407,12.774,49.8041,4.42178,47.653,15.1391,49.8433,3.95545,9.59565,94.022,-39.2817,-93.1112,8.49523,126.759,-23.0225,-119.611,10,6.95271e-310,940.22,6.68183e-310,-931.112,1.4822e-323,1267.59,5.23261e-310,-1196.11,48.3407,952.994,49.8041,-926.69,47.653,1282.73,49.8433,-1192.15,-147.137,-98.7966,94.6709,144.475,-189.34,-141.687,128.904,178.747,
1.30636,1.48787,1.26196,1.49315,0,200,0,-8.91564,-6.14058,5.9129,8.77802,-10,-8.28748,7.49533,10,0,290.875,0,91.2238,0,339.717,0,85.4103,48.2621,13.068,49.8282,4.14179,47.6344,15.1974,49.8494,3.87839,9.70549,100.159,-40.6005,-99.4182,8.29593,128.639,-24.5619,-120.728,10,6.95271e-310,1001.59,6.68183e-310,-994.182,1.4822e-323,1286.39,5.23261e-310,-1207.28,48.2621,1014.66,49.8282,-990.04,47.6344,1301.59,49.8494,-1203.41,-155.055,-106.793,102.833,152.661,-191.765,-144.13,130.354,180.203,
1.30074,1.49302,1.26129,1.49428,0,200,0,-9.3326,-6.5618,6.34481,9.21111,-10,-8.38699,7.54186,10,0,297.058,0,85.5553,0,340.455,0,84.1711,48.1878,13.3391,49.8488,3.88496,47.6242,15.2293,49.8537,3.82223,9.7959,105.781,-41.7293,-105.222,8.06677,129.973,-25.9533,-121.352,10,6.95271e-310,1057.81,6.68183e-310,-1052.22,1.4822e-323,1299.73,5.23261e-310,-1213.52,48.1878,1071.14,49.8488,-1048.33,47.6242,1314.96,49.8537,-1209.69,-162.306,-114.118,110.344,160.193,-193.485,-145.861,131.163,181.017,
1.29553,1.49779,1.26082,1.49502,0,200,0,-9.71641,-6.94965,6.7468,9.61414,-10,-8.46249,7.56432,10,0,302.792,0,80.3087,0,340.969,0,83.3538,48.1177,13.5901,49.8668,3.64715,47.6171,15.2516,49.8565,3.78518,9.88635,110.956,-42.7965,-110.623,7.81425,130.986,-27.1858,-121.652,10,6.95271e-310,1109.56,6.68183e-310,-1106.23,1.4822e-323,1309.86,5.23261e-310,-1216.52,48.1177,1123.15,49.8668,-1102.58,47.6171,1325.11,49.8565,-1212.73,-168.981,-120.863,117.336,167.202,-194.791,-147.174,131.553,181.41,
1.29088,1.5021,1.26058,1.49561,0,200,0,-10,-7.29705,7.10764,9.97586,-10,-8.51993,7.57376,10,0,307.907,0,75.563,0,341.233,0,82.7078,48.0539,13.8137,49.8821,3.43198,47.6134,15.263,49.8587,3.75591,9.95515,115.591,-43.7419,-115.471,7.5537,131.758,-28.2837,-121.777,10,6.95271e-310,1155.91,6.68183e-310,-1154.71,1.4822e-323,1317.58,5.23261e-310,-1217.77,48.0539,1169.72,49.8821,-1151.28,47.6134,1332.84,49.8587,-1214.01,-174.959,-126.905,123.611,173.493,-195.786,-148.173,131.718,181.576,
1.2867,1.50549,1.26064,1.49585,0,200,0,-10,-7.59174,7.40976,10,-10,-8.54614,7.56407,10,0,312.508,0,71.8322,0,341.167,0,82.4443,47.9957,14.0146,49.8934,3.26278,47.6144,15.2602,49.8596,3.74396,10.0088,119.52,-44.4117,-119.531,7.35045,132.112,-29.2853,-121.645,10,6.95271e-310,1195.2,6.68183e-310,-1195.31,1.4822e-323,1321.12,5.23261e-310,-1216.45,47.9957,1209.22,49.8934,-1192.04,47.6144,1336.38,49.8596,-1212.71,-180.026,-132.03,128.865,178.759,-196.243,-148.629,131.549,181.409,
1.283,1.50908,1.26106,1.49575,0,200,0,-10,-7.86889,7.70755,10,-10,-8.54834,7.52107,10,0,316.581,0,67.8905,0,340.706,0,82.5497,47.9435,14.1922,49.9048,3.08397,47.6208,15.2402,49.8593,3.74874,10.0904,123.218,-45.1118,-123.531,7.07372,132.146,-30.0282,-121.066,10,6.95271e-310,1232.18,6.68183e-310,-1235.31,1.4822e-323,1321.46,5.23261e-310,-1210.66,47.9435,1246.37,49.9048,-1232.23,47.6208,1336.7,49.8593,-1206.91,-184.794,-136.85,134.044,183.949,-196.288,-148.667,130.801,180.66,
1.27982,1.51153,1.26197,1.49528,0,200,0,-10,-8.08419,7.93481,10,-10,-8.50894,7.45367,10,0,320.075,0,65.1882,0,339.704,0,83.0639,47.8982,14.3444,49.9122,2.96137,47.6346,15.1968,49.8575,3.77204,10.1571,126.087,-45.3995,-126.585,6.89081,131.624,-30.6787,-120.16,10,6.95271e-310,1260.87,6.68183e-310,-1265.85,1.4822e-323,1316.24,5.23261e-310,-1201.6,47.8982,1275.21,49.9122,-1262.88,47.6346,1331.44,49.8575,-1197.82,-188.493,-140.595,137.997,187.909,-195.616,-147.982,129.629,179.487,
1.27706,1.51412,1.26354,1.49431,0,200,0,-10,-8.2817,8.15793,10,-10,-8.42664,7.33583,10,0,323.107,0,62.3407,0,337.977,0,84.1317,47.8585,14.4764,49.9197,2.83215,47.6584,15.122,49.8538,3.82044,10.2603,128.72,-45.6056,-129.582,6.64746,130.532,-31.0616,-118.575,10,6.95271e-310,1287.2,6.68183e-310,-1295.82,1.4822e-323,1305.32,5.23261e-310,-1185.75,47.8585,1301.68,49.9197,-1292.99,47.6584,1320.44,49.8538,-1181.93,-191.888,-144.03,141.877,191.797,-194.209,-146.55,127.58,177.433,
1.27476,1.51596,1.26565,1.49254,0,200,0,-10,-8.42863,8.33635,10,-10,-8.29009,7.16628,10,0,325.638,0,60.3238,0,335.656,0,86.0826,47.825,14.5865,49.9248,2.74062,47.6902,15.0214,49.847,3.90885,10.4112,130.677,-45.548,-131.979,6.44936,128.714,-31.1916,-116.296,10,6.95271e-310,1306.77,6.68183e-310,-1319.79,1.4822e-323,1287.14,5.23261e-310,-1162.96,47.825,1321.36,49.9248,-1317.05,47.6902,1302.16,49.847,-1159.05,-194.41,-146.585,144.98,194.905,-191.866,-144.176,124.631,174.478,
1.27277,1.51719,1.26816,1.49021,0,200,0,-10,-8.53825,8.48013,10,-10,-8.11465,6.96122,9.82689,0,327.826,0,58.9659,0,332.901,0,88.64,47.7959,14.6816,49.9282,2.67899,47.7277,14.902,49.8378,4.02473,10.5893,132.134,-45.2778,-133.913,6.29153,126.376,-31.1657,-113.54,10,6.95271e-310,1321.34,6.68183e-310,-1339.13,1.4822e-323,1263.76,5.23261e-310,-1135.4,47.7959,1336.02,49.9282,-1336.45,47.7277,1278.66,49.8378,-1131.37,-196.287,-148.491,147.481,197.409,-188.852,-141.124,121.065,170.902,
1.27115,1.51826,1.27139,1.48733,0,200,0,-10,-8.62209,8.60735,10,-10,-7.88891,6.70372,9.56871,0,329.606,0,57.7927,0,329.342,0,91.8171,47.7721,14.7589,49.931,2.62573,47.7757,14.7474,49.8259,4.16866,10.7918,133.247,-44.8155,-135.623,6.1132,123.367,-30.9248,-110.079,10,6.95271e-310,1332.47,6.68183e-310,-1356.23,1.4822e-323,1233.67,5.23261e-310,-1100.79,47.7721,1347.22,49.931,-1353.6,47.7757,1248.42,49.8259,-1096.62,-197.721,-149.949,149.693,199.624,-184.974,-137.198,116.586,166.412,
1.26988,1.51884,1.27434,1.48399,0,200,0,-10,-8.67069,8.70592,10,-10,-7.65851,6.43674,9.30092,0,331.003,0,57.1468,0,326.099,0,95.4819,47.7533,14.8196,49.9325,2.59641,47.8189,14.6065,49.8118,4.33464,11.0345,133.888,-44.4039,-136.949,5.95926,120.293,-30.4896,-106.492,10,6.95271e-310,1338.88,6.68183e-310,-1369.49,1.4822e-323,1202.93,5.23261e-310,-1064.92,47.7533,1353.7,49.9325,-1366.9,47.8189,1217.53,49.8118,-1060.58,-198.548,-150.795,151.407,201.34,-181.01,-133.191,111.943,161.755,
1.26891,1.51917,1.27803,1.48029,0,200,0,-10,-8.69517,8.78333,10,-10,-7.38254,6.12772,8.99095,0,332.071,0,56.7907,0,322.039,0,99.5553,47.7389,14.8659,49.9334,2.58025,47.8725,14.4299,49.7954,4.51907,11.2682,134.208,-43.7366,-137.991,5.80291,116.611,-29.9447,-102.339,10,6.95271e-310,1342.08,6.68183e-310,-1379.91,1.4822e-323,1166.11,5.23261e-310,-1023.39,47.7389,1356.95,49.9334,-1377.33,47.8725,1180.54,49.7954,-1018.87,-198.959,-151.22,152.754,202.687,-176.265,-128.392,106.569,156.364,
1.26825,1.51913,1.28207,1.47624,0,200,0,-10,-8.69148,8.8356,10,-9.83424,-7.07824,5.79171,8.65387,0,332.796,0,56.8303,0,317.596,0,104.011,47.7291,14.8974,49.9333,2.58205,47.9304,14.2365,49.7766,4.72073,11.4995,134.151,-42.9215,-138.696,5.65483,112.552,-29.2831,-97.8227,10,6.95271e-310,1341.51,6.68183e-310,-1386.96,1.4822e-323,1125.52,5.23261e-310,-978.227,47.7291,1356.41,49.9333,-1384.38,47.9304,1139.75,49.7766,-973.507,-198.885,-151.156,153.663,203.596,-171.03,-123.1,100.725,150.502,
1.26795,1.51868,1.2869,1.47177,0,200,0,-10,-8.65559,8.85721,10,-9.48348,-6.72356,5.41075,8.27166,0,333.126,0,57.3313,0,312.284,0,108.928,47.7246,14.9117,49.9321,2.60479,47.9986,14.0048,49.755,4.94319,11.7077,133.664,-41.8055,-138.989,5.51375,107.821,-28.5168,-92.7019,10,6.95271e-310,1336.64,6.68183e-310,-1389.89,1.4822e-323,1078.21,5.23261e-310,-927.019,47.7246,1351.56,49.9321,-1387.29,47.9986,1092.21,49.755,-922.076,-198.257,-150.532,154.038,203.971,-164.93,-116.932,94.1,143.855,
1.26791,1.51753,1.29118,1.46653,0,200,0,-10,-8.57757,8.84763,10,-9.12739,-6.36405,5.01438,7.87376,0,333.178,0,58.5968,0,307.578,0,114.689,47.7239,14.914,49.9291,2.66223,48.0581,13.7993,49.7285,5.20369,11.9761,132.612,-40.8121,-138.864,5.39706,103.019,-27.5136,-87.3752,10,6.95271e-310,1326.12,6.68183e-310,-1388.64,1.4822e-323,1030.19,5.23261e-310,-873.752,47.7239,1341.04,49.9291,-1385.98,48.0581,1043.99,49.7285,-868.549,-196.899,-149.175,153.872,203.801,-158.737,-110.679,87.2065,136.935,
1.26831,1.51551,1.29618,1.46178,0,200,0,-10,-8.45732,8.7715,10,-8.74888,-5.98161,4.62608,7.48401,0,332.73,0,60.8115,0,302.08,0,119.922,47.73,14.8945,49.9236,2.76275,48.1264,13.559,49.7032,5.44023,12.1143,130.996,-39.2745,-137.846,5.37563,97.9148,-26.7018,-82.1555,10,6.95271e-310,1309.96,6.68183e-310,-1378.46,1.4822e-323,979.148,5.23261e-310,-821.555,47.73,1324.85,49.9236,-1375.7,48.1264,992.707,49.7032,-816.114,-194.814,-147.084,152.548,202.472,-152.154,-104.028,80.4535,130.157,
1.26905,1.5128,1.30206,1.45641,0,200,0,-10,-8.29584,8.65315,10,-8.30771,-5.5359,4.18276,7.03897,0,331.926,0,63.7907,0,295.608,0,125.828,47.7409,14.8596,49.9159,2.89795,48.2054,13.2756,49.6732,5.707,12.2089,128.827,-37.362,-136.262,5.36769,91.9664,-25.8118,-76.1954,10,6.95271e-310,1288.27,6.68183e-310,-1362.62,1.4822e-323,919.664,5.23261e-310,-761.954,47.7409,1303.13,49.9159,-1359.72,48.2054,932.939,49.6732,-756.247,-192.016,-144.275,150.49,200.405,-144.482,-96.2766,72.7436,122.417,
1.27062,1.50964,1.30719,1.44971,0,200,0,-10,-8.06734,8.50353,10,-7.85576,-5.08007,3.69466,6.54861,0,330.199,0,67.2711,0,289.965,0,133.197,47.7642,14.7846,49.9065,3.05587,48.2728,13.0281,49.6339,6.03964,12.4028,125.764,-35.8445,-134.257,5.26633,85.8735,-24.279,-69.6347,10,6.95271e-310,1257.64,6.68183e-310,-1342.57,1.4822e-323,858.735,5.23261e-310,-696.347,47.7642,1272.42,49.9065,-1339.52,48.2728,871.763,49.6339,-690.307,-188.066,-140.302,147.888,197.794,-136.622,-88.3491,64.255,113.889,
1.27295,1.50595,1.31378,1.4439,0,200,0,-10,-7.79982,8.28335,10,-7.36401,-4.58345,3.20582,6.0577,0,327.628,0,71.3313,0,282.715,0,139.591,47.7986,14.673,49.8949,3.24006,48.3577,12.7097,49.5979,6.32803,12.3689,122.183,-33.6235,-131.303,5.20808,79.2445,-23.0029,-63.0609,10,6.95271e-310,1221.83,6.68183e-310,-1313.03,1.4822e-323,792.445,5.23261e-310,-630.609,47.7986,1236.5,49.8949,-1309.79,48.3577,805.155,49.5979,-624.281,-183.448,-135.649,144.058,193.953,-128.07,-79.7121,55.7534,105.351,
1.27536,1.50197,1.32019,1.43694,0,200,0,-10,-7.50703,8.06005,10,-6.84292,-4.05772,2.66454,5.51383,0,324.979,0,75.7079,0,275.662,0,147.237,47.8338,14.5578,49.8816,3.43855,48.4382,12.3994,49.5528,6.67262,12.361,118.262,-31.6009,-128.308,5.05218,72.2209,-21.4599,-55.7824,10,6.95271e-310,1182.62,6.68183e-310,-1283.08,1.4822e-323,722.209,5.23261e-310,-557.824,47.8338,1197.17,49.8816,-1279.65,48.4382,734.608,49.5528,-551.151,-178.391,-130.557,140.175,190.056,-119.007,-70.5691,46.3399,95.8927,
1.27845,1.49755,1.32643,1.42968,0,200,0,-9.91847,-7.16545,7.79548,10,-6.31758,-3.528,2.11217,4.9586,0,321.577,0,80.5723,0,268.807,0,155.226,47.8786,14.4098,49.8659,3.6591,48.5145,12.0973,49.503,7.03232,12.2973,113.69,-29.6373,-124.758,4.83547,65.141,-19.7,-48.3541,10,6.95271e-310,1136.9,6.68183e-310,-1247.58,1.4822e-323,651.41,5.23261e-310,-483.541,47.8786,1151.31,49.8659,-1243.93,48.5145,663.507,49.503,-476.508,-172.495,-124.617,135.574,185.439,-109.871,-61.3565,36.7335,86.2365,
1.28189,1.49279,1.33383,1.42202,0,200,0,-9.55143,-6.79558,7.4995,10,-5.72667,-2.93201,1.50048,4.34372,0,317.794,0,85.8058,0,260.66,0,163.649,47.9278,14.2451,49.848,3.89631,48.6028,11.7376,49.4477,7.41119,12.0836,108.74,-27.3442,-120.786,4.53472,57.1782,-17.9711,-40.1259,10,6.95271e-310,1087.4,6.68183e-310,-1207.86,1.4822e-323,571.782,5.23261e-310,-401.259,47.9278,1101.65,49.848,-1203.96,48.6028,583.519,49.4477,-393.848,-166.112,-118.184,130.426,180.274,-99.5942,-50.9915,26.0953,75.543,
1.28581,1.4877,1.34227,1.41403,0,200,0,-9.15124,-6.3922,7.16686,10,-5.07827,-2.27802,0.836377,3.67612,0,313.483,0,91.4085,0,251.38,0,172.442,47.9833,14.0571,49.8275,4.15015,48.7001,11.3272,49.3869,7.80622,11.7025,103.344,-24.7904,-116.32,4.13465,48.4423,-16.2561,-31.1909,10,6.95271e-310,1033.44,6.68183e-310,-1163.2,1.4822e-323,484.423,5.23261e-310,-311.909,47.9833,1047.49,49.8275,-1159.05,48.7001,495.75,49.3869,-304.103,-159.152,-111.169,124.641,174.469,-88.3177,-39.6177,14.5457,63.9326,
1.29052,1.48221,1.35012,1.40589,0,200,0,-8.70047,-5.93766,6.79091,9.65464,-4.44959,-1.64431,0.181056,3.01705,0,308.303,0,97.4461,0,242.745,0,181.393,48.049,13.831,49.8039,4.42358,48.7875,10.9445,49.3217,8.20783,11.241,97.2652,-22.4554,-111.271,3.64031,39.9731,-14.3195,-22.3733,10,6.95271e-310,972.652,6.68183e-310,-1112.71,1.4822e-323,399.731,5.23261e-310,-223.733,48.049,986.483,49.8039,-1108.29,48.7875,410.676,49.3217,-215.525,-151.313,-103.264,118.103,167.907,-77.3841,-28.5967,3.1488,52.4705,
1.29485,1.47614,1.3572,1.39756,0,200,0,-8.24302,-5.47679,6.40277,9.2649,-3.8434,-1.03373,-0.45205,2.37992,0,303.544,0,104.123,0,234.954,0,190.555,48.1084,13.623,49.7762,4.72579,48.8638,10.5987,49.2516,8.61834,10.7116,91.0972,-20.2455,-106.059,3.11217,31.8077,-12.531,-13.854,10,6.95271e-310,910.972,6.68183e-310,-1060.59,1.4822e-323,318.077,5.23261e-310,-138.54,48.1084,924.595,49.7762,-1055.87,48.8638,328.676,49.2516,-129.922,-143.357,-95.2485,111.353,161.129,-66.8417,-17.9779,-7.86175,41.3899,
1.29993,1.4697,1.36549,1.38822,0,200,0,-7.7317,-4.96153,5.97416,8.83448,-3.1529,-0.338274,-1.1827,1.64451,0,297.954,0,111.209,0,225.832,0,200.838,48.177,13.3784,49.7447,5.04634,48.95,10.1931,49.1689,9.07834,9.97277,84.2035,-17.8861,-100.302,2.35773,22.5081,-10.5638,-4.02,10,6.95271e-310,842.035,6.68183e-310,-1003.02,1.4822e-323,225.081,5.23261e-310,-40.2,48.177,855.413,49.7447,-997.973,48.95,235.275,49.1689,-31.1217,-134.464,-86.2874,103.898,153.643,-54.833,-5.88302,-20.5688,28.6002,
1.30595,1.46261,1.37314,1.37974,0,200,0,-7.16824,-4.39349,5.47092,8.32911,-2.51268,0.306346,-1.8454,0.97729,0,291.336,0,119,0,217.421,0,210.158,48.2566,13.0883,49.7077,5.39853,49.0265,9.81856,49.0902,9.49462,9.07755,76.6072,-15.5516,-93.54,1.59049,13.8869,-8.62799,4.90084,10,6.95271e-310,766.072,6.68183e-310,-935.4,1.4822e-323,138.869,5.23261e-310,49.0084,48.2566,779.16,49.7077,-930.002,49.0265,148.687,49.0902,58.503,-124.665,-76.4085,95.1464,144.854,-43.6987,5.32776,-32.0939,16.9963,
1.31195,1.4549,1.38086,1.37145,0,200,0,-6.58846,-3.80924,4.92849,7.7842,-1.86831,0.954982,-2.49361,0.324451,0,284.732,0,127.489,0,208.932,0,219.28,48.3343,12.7983,49.6646,5.78201,49.1008,9.4399,49.0098,9.90139,7.99887,68.7916,-13.0768,-86.2506,0.769862,5.21108,-6.95393,13.6281,10,6.95271e-310,687.916,6.68183e-310,-862.506,1.4822e-323,52.1108,5.23261e-310,136.281,48.3343,700.715,49.6646,-856.724,49.1008,61.5507,49.0098,146.183,-114.582,-66.2477,85.7128,135.377,-32.4924,16.6084,-43.3672,5.64263,
1.31824,1.44687,1.38847,1.36401,0,200,0,-5.99811,-3.21431,4.34516,7.19811,-1.25016,1.57719,-3.09024,-0.276489,0,277.811,0,136.322,0,200.561,0,227.467,48.4139,12.494,49.6165,6.18059,49.1712,9.06597,48.9348,10.2659,6.75872,60.8343,-10.533,-78.4097,-0.0671523,-3.11047,-5.53649,21.6622,10,6.95271e-310,608.343,6.68183e-310,-784.097,1.4822e-323,-31.1047,5.23261e-310,216.622,48.4139,620.837,49.6165,-777.916,49.1712,-22.0388,48.9348,226.888,-104.315,-55.901,75.568,125.185,-21.7419,27.4293,-53.7433,-4.8085,
1.32483,1.43844,1.39599,1.35593,0,200,0,-5.37511,-2.58664,3.73728,6.58713,-0.615409,2.21578,-3.71777,-0.90888,0,270.561,0,145.589,0,192.282,0,236.352,48.4951,12.1746,49.5627,6.59838,49.2381,8.69565,48.8503,10.6608,5.36398,52.4378,-8.14383,-70.2374,-1.10428,-11.6547,-4.02798,30.1135,10,6.95271e-310,524.378,6.68183e-310,-702.374,1.4822e-323,-116.547,5.23261e-310,301.135,48.4951,536.552,49.5627,-695.775,49.2381,-107.851,48.8503,311.796,-93.4801,-44.985,64.9961,114.559,-10.7028,38.5353,-64.6569,-15.8066,
1.33201,1.43001,1.40352,1.34678,0,200,0,-4.71255,-1.91912,3.12253,5.96908,0.0453795,2.88025,-4.41256,-1.6094,0,262.664,0,154.87,0,184.003,0,246.423,48.5813,11.8261,49.5053,7.0163,49.3021,8.32484,48.7506,11.1076,3.80705,43.5091,-6.11473,-61.9712,-2.45974,-20.5487,-2.21701,39.472,10,6.95271e-310,435.091,6.68183e-310,-619.712,1.4822e-323,-205.487,5.23261e-310,394.72,48.5813,446.917,49.5053,-612.696,49.3021,-197.162,48.7506,405.828,-81.9574,-33.3761,54.3049,103.81,0.789208,50.0913,-76.7402,-27.9896,
1.33939,1.42111,1.41117,1.33931,0,200,0,-4.0527,-1.25433,2.4468,5.28966,0.669855,3.5083,-5.01163,-2.21332,0,254.544,0,164.651,0,175.593,0,254.636,48.6673,11.4672,49.4409,7.45623,49.3643,7.94764,48.6663,11.4713,2.05668,34.6181,-3.79733,-52.8826,-3.72901,-28.9519,-0.949574,47.5428,10,6.95271e-310,346.181,6.68183e-310,-528.826,1.4822e-323,-289.519,5.23261e-310,475.428,48.6673,357.648,49.4409,-521.37,49.3643,-281.572,48.6663,486.899,-70.4818,-21.8145,42.5531,91.994,11.6497,61.014,-87.1588,-38.4925,
1.34649,1.41205,1.41867,1.33049,0,200,0,-3.38317,-0.580197,1.78998,4.62884,1.32475,4.16655,-5.67902,-2.88663,0,246.74,0,174.617,0,167.34,0,264.338,48.7474,11.1216,49.3713,7.90386,49.4225,7.57708,48.5632,11.9001,0.14168,25.5975,-1.7844,-44.0477,-5.30728,-37.7643,0.418494,56.535,10,6.95271e-310,255.975,6.68183e-310,-440.477,1.4822e-323,-377.643,5.23261e-310,565.35,48.7474,267.097,49.3713,-432.573,49.4225,-370.066,48.5632,577.251,-58.8378,-10.0904,31.1302,80.5015,23.0391,72.4617,-98.7656,-50.2023,
1.3554,1.40284,1.42628,1.32284,0,200,0,-2.64842,0.16015,1.04353,3.87807,1.94772,4.79275,-6.29821,-3.51114,0,236.932,0,184.755,0,158.97,0,272.749,48.8446,10.6865,49.2964,8.35852,49.4788,7.20076,48.4708,12.271,-1.97513,15.7001,0.106139,-34.0031,-6.99854,-46.145,1.85884,64.8794,10,6.95271e-310,157.001,6.68183e-310,-340.031,1.4822e-323,-461.45,5.23261e-310,648.794,48.8446,167.688,49.2964,-331.673,49.4788,-454.249,48.4708,661.065,-46.0594,2.78522,18.1483,67.4447,33.8734,83.3522,-109.534,-61.0633,
1.36364,1.39372,1.43368,1.31634,0,200,0,-1.96491,0.84862,0.305341,3.13538,2.53219,5.38021,-6.84065,-4.05823,0,227.875,0,194.787,0,150.823,0,279.907,48.931,10.284,49.2181,8.80775,49.5307,6.83411,48.39,12.5862,-4.14946,6.49441,2.05083,-24.0683,-8.61806,-54.0061,2.78235,72.1904,10,6.95271e-310,64.9441,6.68183e-310,-240.683,1.4822e-323,-540.061,5.23261e-310,721.904,48.931,75.2282,49.2181,-231.875,49.5307,-533.226,48.39,734.49,-34.1723,14.7586,5.31027,54.5284,44.038,93.5688,-118.968,-70.5779,
1.37092,1.38473,1.4407,1.30862,0,200,0,-1.31063,1.50713,-0.374678,2.4507,3.1293,5.98,-7.43358,-4.65683,0,219.86,0,204.674,0,143.111,0,288.397,49.0046,9.92723,49.137,9.24976,49.5774,6.4867,48.2914,12.9593,-6.42058,-2.31695,3.67609,-14.9155,-10.4843,-62.0375,3.68719,80.1829,10,6.95271e-310,-23.1695,6.68183e-310,-149.155,1.4822e-323,-620.375,5.23261e-310,801.829,49.0046,-13.2422,49.137,-139.906,49.5774,-613.888,48.2914,814.789,-22.7936,26.211,-6.51614,42.6208,54.4226,104,-129.28,-80.9883,
1.37997,1.37554,1.44727,1.30212,0,200,0,-0.591798,2.23102,-1.14012,1.68025,3.66965,6.52274,-7.95728,-5.18543,0,209.907,0,214.785,0,135.874,0,295.542,49.0924,9.48344,49.0499,9.70103,49.619,6.16038,48.2062,13.2727,-8.79845,-11.9952,5.05044,-4.61016,-12.4279,-69.3039,4.73681,87.2432,10,6.95271e-310,-119.952,6.68183e-310,-46.1016,1.4822e-323,-693.039,5.23261e-310,872.432,49.0924,-110.469,49.0499,-36.4006,49.619,-686.879,48.2062,885.705,-10.2921,38.8003,-19.8281,29.2218,63.82,113.439,-138.388,-90.1814,
1.38799,1.36591,1.45345,1.29602,0,200,0,0.0860227,2.91312,-1.90168,0.913187,4.18998,7.0452,-8.42769,-5.66054,0,201.088,0,225.37,0,129.084,0,302.252,49.1669,9.08954,48.9542,10.1726,49.6561,5.85402,48.1243,13.5665,-11.2531,-21.1205,6.53585,5.64434,-14.3567,-76.3007,5.35721,93.5858,10,6.95271e-310,-211.205,6.68183e-310,56.4434,1.4822e-323,-763.007,5.23261e-310,935.858,49.1669,-202.116,48.9542,66.616,49.6561,-757.153,48.1243,949.424,1.49605,50.6629,-33.0727,15.8815,72.8692,122.525,-146.568,-98.4442,
1.39621,1.35576,1.45902,1.29101,0,200,0,0.769938,3.60123,-2.71401,0.0947734,4.66142,7.51848,-8.80907,-6.04586,0,192.045,0,236.536,0,122.954,0,307.762,49.2399,8.68503,48.8485,10.669,49.688,5.57721,48.0558,13.8074,-13.7638,-30.3264,8.03231,16.5845,-16.2545,-82.6396,5.76781,98.7286,10,6.95271e-310,-303.264,6.68183e-310,165.845,1.4822e-323,-826.396,5.23261e-310,987.286,49.2399,-294.579,48.8485,176.514,49.688,-820.819,48.0558,1001.09,13.3902,62.6301,-47.2002,1.64823,81.0681,130.756,-153.201,-105.145,
1.40342,1.3454,1.46408,1.28548,0,200,0,1.42102,4.25584,-3.49524,-0.692959,5.12844,7.98709,-9.19047,-6.4317,0,184.109,0,247.939,0,117.391,0,313.852,49.3013,8.32956,48.7352,11.1748,49.7155,5.32585,47.9786,14.0732,-16.354,-39.09,9.43873,27.1073,-18.2833,-88.9199,6.03759,103.873,10,6.95271e-310,-390.9,6.68183e-310,271.073,1.4822e-323,-889.199,5.23261e-310,1038.73,49.3013,-382.571,48.7352,282.248,49.7155,-883.873,47.9786,1052.8,24.7133,74.0146,-60.7867,-12.0515,89.1903,138.906,-159.834,-111.856,
1.41226,1.33526,1.46865,1.28102,0,200,0,2.11938,4.95833,-4.32888,-1.53326,5.53591,8.39592,-9.51477,-6.75964,0,174.393,0,259.092,0,112.356,0,318.756,49.3729,7.8938,48.6194,11.6683,49.7394,5.0982,47.9154,14.287,-18.9497,-48.487,10.4372,38.3389,-20.3921,-94.3983,6.52357,108.247,10,6.95271e-310,-484.87,6.68183e-310,383.389,1.4822e-323,-943.983,5.23261e-310,1082.47,49.3729,-476.976,48.6194,395.058,49.7394,-938.884,47.9154,1096.75,36.8588,86.2317,-75.2849,-26.6655,96.2767,146.016,-165.474,-117.559,
1.42009,1.32556,1.47278,1.27733,0,200,0,2.74846,5.59087,-5.1156,-2.32661,5.90273,8.76393,-9.77592,-7.02384,0,165.772,0,269.756,0,107.821,0,322.817,49.4333,7.50659,48.504,12.1391,49.76,4.8931,47.8623,14.4638,-21.4259,-56.9505,11.4156,48.9401,-22.3715,-99.3299,6.7171,111.769,10,6.95271e-310,-569.505,6.68183e-310,489.401,1.4822e-323,-993.299,5.23261e-310,1117.69,49.4333,-561.998,48.504,501.54,49.76,-988.406,47.8623,1132.16,47.7993,97.2326,-88.9669,-40.4628,102.656,152.416,-170.016,-122.154,
1.42784,1.31653,1.47638,1.27342,0,200,0,3.35846,6.20413,-5.85254,-3.06998,6.24122,9.10342,-10,-7.29526,0,157.256,0,279.696,0,103.853,0,327.114,49.4899,7.12367,48.3924,12.5769,49.7773,4.71357,47.8054,14.6506,-23.8387,-65.1559,12.0162,58.8724,-24.4413,-103.881,7.0657,115.387,10,6.95271e-310,-651.559,6.68183e-310,588.724,1.4822e-323,-1038.81,5.23261e-310,1153.87,49.4899,-644.435,48.3924,601.301,49.7773,-1034.1,47.8054,1168.52,58.4079,107.898,-101.783,-53.391,108.543,158.32,-174.679,-126.874,
1.43557,1.30793,1.4796,1.27051,0,200,0,3.94028,6.78903,-6.57656,-3.80032,6.53176,9.39482,-10,-7.50232,0,148.753,0,289.148,0,100.32,0,330.317,49.5435,6.74091,48.2825,12.9923,49.7922,4.55368,47.7626,14.7898,-26.122,-72.9803,12.4906,68.6319,-26.3952,-107.787,7.30901,118.147,10,6.95271e-310,-729.803,6.68183e-310,686.319,1.4822e-323,-1077.87,5.23261e-310,1181.47,49.5435,-723.062,48.2825,699.312,49.7922,-1073.31,47.7626,1196.26,68.5266,118.07,-114.375,-66.0925,113.596,163.388,-178.238,-130.475,
1.44304,1.29994,1.48228,1.26823,0,200,0,4.48635,7.33792,-7.26314,-4.49296,6.7759,9.63965,-10,-7.66287,0,140.527,0,297.941,0,97.367,0,332.822,49.5925,6.37023,48.1771,13.3778,49.8043,4.42,47.7288,14.8985,-28.2379,-80.3223,12.7886,77.8881,-28.2389,-111.069,7.52606,120.287,10,6.95271e-310,-803.223,6.68183e-310,778.881,1.4822e-323,-1110.69,5.23261e-310,1202.87,49.5925,-796.853,48.1771,792.259,49.8043,-1106.27,47.7288,1217.77,78.0234,127.616,-126.316,-78.1384,117.842,167.646,-180.996,-133.267,
1.45028,1.2921,1.48451,1.26643,0,200,0,5.01048,7.86463,-7.93661,-5.17254,6.98693,9.85123,-10,-7.78081,0,132.565,0,306.562,0,94.915,0,334.8,49.6374,6.01109,48.0708,13.755,49.814,4.30897,47.7019,14.9843,-30.2667,-87.3682,13.0064,86.9688,-30.0212,-113.905,7.68081,121.858,10,6.95271e-310,-873.682,6.68183e-310,869.688,1.4822e-323,-1139.05,5.23261e-310,1218.58,49.6374,-867.671,48.0708,883.443,49.814,-1134.75,47.7019,1233.56,87.1388,136.776,-138.028,-89.9572,121.512,171.326,-183.02,-135.318,
1.45698,1.28449,1.48636,1.26513,0,200,0,5.49718,8.35358,-8.58479,-5.82682,7.16897,10,-10,-7.8553,0,125.196,0,314.933,0,92.8849,0,336.237,49.6765,5.67843,47.9647,14.1204,49.8218,4.21702,47.6823,15.0466,-32.1824,-93.9099,13.2182,95.7097,-31.6961,-116.353,7.71533,122.848,10,6.95271e-310,-939.099,6.68183e-310,957.097,1.4822e-323,-1163.53,5.23261e-310,1228.48,49.6765,-933.421,47.9647,971.217,49.8218,-1159.31,47.6823,1243.53,95.6032,145.28,-149.301,-101.336,124.678,174.5,-184.296,-136.614,
1.46324,1.27716,1.48779,1.26419,0,200,0,5.95187,8.81026,-9.20537,-6.45343,7.32259,10,-10,-7.89484,0,118.314,0,323.001,0,91.3029,0,337.265,49.7111,5.36755,47.8599,14.4718,49.8279,4.14537,47.6682,15.0912,-33.982,-100.021,13.3841,104.08,-33.2797,-118.419,7.69272,123.371,10,6.95271e-310,-1000.21,6.68183e-310,1040.8,1.4822e-323,-1184.19,5.23261e-310,1233.71,49.7111,-994.839,47.8599,1055.27,49.8279,-1180.04,47.6682,1248.8,103.511,153.222,-160.093,-112.234,127.349,177.177,-184.97,-137.302,
1.46916,1.26944,1.4889,1.26357,0,200,0,6.39505,9.25521,-9.84065,-7.09521,7.46166,10,-10,-7.89456,0,111.802,0,331.491,0,90.0902,0,337.95,49.742,5.07316,47.7468,14.8407,49.8324,4.09043,47.6588,15.1209,-35.7935,-105.976,13.621,112.649,-34.8543,-120.289,7.54351,123.361,10,6.95271e-310,-1059.76,6.68183e-310,1126.49,1.4822e-323,-1202.89,5.23261e-310,1233.61,49.742,-1054.69,47.7468,1141.33,49.8324,-1198.8,47.6588,1248.73,111.218,160.96,-171.142,-123.395,129.768,179.6,-184.955,-137.297,
1.47458,1.26388,1.48965,1.26317,0,200,0,6.76352,9.62522,-10,-7.5916,7.55116,10,-10,-7.90318,0,105.843,0,337.608,0,89.2596,0,338.385,49.7687,4.80364,47.6635,15.106,49.8355,4.05281,47.6528,15.1397,-37.1646,-110.926,13.4777,119.281,-36.1492,-121.493,7.61334,123.473,10,6.95271e-310,-1109.26,6.68183e-310,1192.81,1.4822e-323,-1214.93,5.23261e-310,1234.73,49.7687,-1104.46,47.6635,1207.91,49.8355,-1210.88,47.6528,1249.87,117.626,167.395,-179.691,-132.028,131.325,181.16,-185.099,-137.447,
1.47969,1.25808,1.49013,1.26299,0,200,0,7.12097,9.98404,-10,-8.09427,7.62876,10,-10,-7.88273,0,100.214,0,343.988,0,88.7324,0,338.583,49.7926,4.5489,47.5751,15.3822,49.8374,4.02892,47.6501,15.1483,-38.5269,-115.728,13.3912,125.994,-37.4208,-122.537,7.5991,123.195,10,6.95271e-310,-1157.28,6.68183e-310,1259.94,1.4822e-323,-1225.37,5.23261e-310,1231.95,49.7926,-1152.73,47.5751,1275.32,49.8374,-1221.34,47.6501,1247.1,123.843,173.636,-188.345,-140.77,132.674,182.512,-184.741,-137.091,
1.48431,1.25203,1.49035,1.2631,0,200,0,7.45709,10,-10,-8.59977,7.69523,10,-10,-7.82652,0,95.1391,0,350.645,0,88.495,0,338.464,49.8131,4.31912,47.4811,15.6699,49.8383,4.01816,47.6517,15.1431,-39.8672,-120.243,13.4253,132.742,-38.6351,-123.432,7.45277,122.439,10,6.95271e-310,-1202.43,6.68183e-310,1327.42,1.4822e-323,-1234.32,5.23261e-310,1224.39,49.8131,-1198.11,47.4811,1343.09,49.8383,-1230.31,47.6517,1239.53,129.688,179.502,-197.042,-149.561,133.83,183.668,-183.765,-136.113,
1.48857,1.24741,1.49025,1.26353,0,200,0,7.74239,10,-10,-9.00966,7.72124,10,-10,-7.76379,0,90.4461,0,355.721,0,88.6006,0,337.99,49.8311,4.10656,47.4083,15.8888,49.8379,4.02295,47.6582,15.1226,-40.8706,-124.074,13.2443,138.216,-39.5998,-123.783,7.44551,121.598,10,6.95271e-310,-1240.74,6.68183e-310,1382.16,1.4822e-323,-1237.83,5.23261e-310,1215.98,49.8311,-1236.63,47.4083,1398.05,49.8379,-1233.81,47.6582,1231.1,134.65,184.481,-204.098,-156.69,134.282,184.12,-182.681,-135.022,
1.4924,1.24291,1.48983,1.26447,0,200,0,7.99924,10,-10,-9.40548,7.72299,10,-10,-7.65801,0,86.2409,0,360.677,0,89.0619,0,336.962,49.8464,3.91603,47.3362,16.1022,49.8362,4.04385,47.6724,15.078,-41.7508,-127.523,13.1419,143.502,-40.4144,-123.808,7.34966,120.182,10,6.95271e-310,-1275.23,6.68183e-310,1435.02,1.4822e-323,-1238.08,5.23261e-310,1201.82,49.8464,-1271.31,47.3362,1451.12,49.8362,-1234.04,47.6724,1216.9,139.117,188.964,-210.91,-163.574,134.313,184.149,-180.855,-133.183,
1.49585,1.23855,1.48892,1.26612,0,200,0,8.22823,10,-10,-9.78913,7.68712,10,-10,-7.49292,0,82.4443,0,365.476,0,90.0639,0,335.142,49.8596,3.74396,47.2655,16.3086,49.8325,4.08924,47.6972,14.9992,-42.4613,-130.597,13.0994,148.625,-41.0328,-123.328,7.18312,117.974,10,6.95271e-310,-1305.97,6.68183e-310,1486.25,1.4822e-323,-1233.28,5.23261e-310,1179.74,49.8596,-1302.23,47.2655,1502.56,49.8325,-1229.19,47.6972,1194.74,143.1,192.959,-217.511,-170.246,133.689,183.522,-178.009,-130.312,
1.49883,1.23524,1.48727,1.26848,0,200,0,8.40837,10,-10,-10,7.58932,10,-10,-7.27772,0,79.1617,0,369.114,0,91.883,0,332.545,49.8706,3.59515,47.2113,16.4648,49.8257,4.17165,47.7325,14.8865,-42.7966,-133.015,12.9508,152.762,-41.3132,-122.015,7.1214,115.099,10,6.95271e-310,-1330.15,6.68183e-310,1527.62,1.4822e-323,-1220.15,5.23261e-310,1150.99,49.8706,-1326.55,47.2113,1544.09,49.8257,-1215.98,47.7325,1165.87,146.233,196.103,-222.843,-175.631,131.988,181.814,-174.301,-126.569,
1.50142,1.23241,1.48506,1.27111,0,200,0,8.56047,10,-10,-10,7.45624,10,-9.78172,-7.03487,0,76.3143,0,372.225,0,94.3087,0,329.658,49.8797,3.46605,47.1646,16.5983,49.8163,4.28151,47.7714,14.7612,-42.9382,-135.055,12.7525,156.331,-41.4213,-120.229,7.13185,111.853,10,6.95271e-310,-1350.55,6.68183e-310,1563.31,1.4822e-323,-1202.29,5.23261e-310,1118.53,49.8797,-1347.09,47.1646,1579.91,49.8163,-1198.01,47.7714,1133.29,148.878,198.757,-227.441,-180.277,129.674,179.49,-170.117,-122.346,
1.50362,1.23012,1.48247,1.27482,0,200,0,8.67078,10,-10,-10,7.2756,10,-9.4708,-6.72081,0,73.8887,0,374.743,0,97.156,0,325.572,49.8872,3.35605,47.1265,16.7062,49.8051,4.41044,47.8259,14.5836,-42.8138,-136.534,12.6282,159.519,-41.2084,-117.803,7.02335,107.659,10,6.95271e-310,-1365.34,6.68183e-310,1595.19,1.4822e-323,-1178.03,5.23261e-310,1076.59,49.8872,-1361.98,47.1265,1611.9,49.8051,-1173.62,47.8259,1091.17,150.796,200.683,-231.55,-184.423,126.532,176.337,-164.71,-116.884,
1.50543,1.22763,1.47938,1.27858,0,200,0,8.77007,10,-10,-10,7.07688,9.93987,-9.13401,-6.38089,0,71.8981,0,377.485,0,100.557,0,321.433,49.8932,3.26577,47.0847,16.8236,49.7912,4.56442,47.8805,14.4035,-42.6612,-137.865,12.546,162.651,-40.9521,-115.135,6.91249,103.117,10,6.95271e-310,-1378.65,6.68183e-310,1626.51,1.4822e-323,-1151.35,5.23261e-310,1031.17,49.8932,-1375.39,47.0847,1643.33,49.7912,-1146.78,47.8805,1045.57,152.523,202.416,-235.585,-188.501,123.076,172.867,-158.852,-110.972,
1.50688,1.2259,1.47599,1.28277,0,200,0,8.83348,10,-10,-10,6.84537,9.70746,-8.77357,-6.017,0,70.3031,0,379.383,0,104.288,0,316.832,49.8979,3.19342,47.0556,16.9048,49.7755,4.73326,47.9403,14.2031,-42.2853,-138.715,12.4225,165.073,-40.4714,-112.025,6.82184,98.2553,10,6.95271e-310,-1387.15,6.68183e-310,1650.73,1.4822e-323,-1120.25,5.23261e-310,982.553,49.8979,-1383.95,47.0556,1667.63,49.7755,-1115.52,47.9403,996.756,153.626,203.524,-238.706,-191.65,119.05,168.825,-152.584,-104.644,
1.50796,1.22452,1.47231,1.28738,0,200,0,8.86881,10,-10,-10,6.5876,9.44867,-8.38131,-5.62101,0,69.1166,0,380.899,0,108.335,0,311.756,49.9013,3.1396,47.0322,16.9697,49.7577,4.91636,48.0053,13.9818,-41.7714,-139.187,12.3311,167.126,-39.8201,-108.562,6.67965,92.9653,10,6.95271e-310,-1391.87,6.68183e-310,1671.26,1.4822e-323,-1085.62,5.23261e-310,929.653,49.9013,-1388.73,47.0322,1688.23,49.7577,-1080.71,48.0053,943.634,154.24,204.142,-241.353,-194.32,114.567,164.325,-145.762,-97.7566,
1.50874,1.22346,1.46837,1.2924,0,200,0,8.88027,10,-10,-10,6.30493,9.16486,-7.95958,-5.19527,0,68.2597,0,382.073,0,112.672,0,306.233,49.9038,3.10072,47.0141,17.0198,49.7379,5.1125,48.0749,13.7406,-41.1405,-139.338,12.2591,168.866,-39.0195,-104.764,6.48558,87.2782,10,6.95271e-310,-1393.38,6.68183e-310,1688.66,1.4822e-323,-1047.64,5.23261e-310,872.782,49.9038,-1390.28,47.0141,1705.68,49.7379,-1042.53,48.0749,886.522,154.44,204.343,-243.595,-196.581,109.651,159.389,-138.427,-90.3525,
1.50925,1.22288,1.46403,1.29782,0,200,0,8.86646,10,-10,-10,5.98846,8.84709,-7.5088,-4.74025,0,67.706,0,382.705,0,117.444,0,300.274,49.9053,3.0756,47.0043,17.0469,49.7153,5.32823,48.1486,13.48,-40.3515,-139.15,12.1465,170.128,-38.0472,-100.511,6.29606,81.1999,10,6.95271e-310,-1391.5,6.68183e-310,1701.28,1.4822e-323,-1005.11,5.23261e-310,811.999,49.9053,-1388.43,47.0043,1718.32,49.7153,-999.786,48.1486,825.479,154.199,204.105,-245.221,-198.217,104.147,153.862,-130.588,-82.4391,
1.50947,1.22252,1.45922,1.30356,0,200,0,8.83432,10,-10,-10,5.64072,8.49785,-7.02599,-4.25304,0,67.4556,0,383.101,0,122.73,0,293.96,49.906,3.06424,46.9982,17.0638,49.6891,5.56709,48.2252,13.2033,-39.4635,-138.716,12.0106,171.106,-36.9529,-95.8384,6.09354,74.6905,10,6.95271e-310,-1387.16,6.68183e-310,1711.06,1.4822e-323,-958.384,5.23261e-310,746.905,49.906,-1384.1,46.9982,1728.13,49.6891,-952.816,48.2252,760.109,153.64,203.546,-246.483,-199.485,98.0995,147.789,-122.191,-73.9659,
1.5094,1.22243,1.45397,1.30964,0,200,0,8.7814,10,-10,-10,5.26166,8.11707,-6.51173,-3.73422,0,67.5346,0,383.206,0,128.504,0,287.276,49.9058,3.06783,46.9965,17.0683,49.6592,5.82783,48.3046,12.9101,-38.475,-138.003,11.8507,171.76,-35.7303,-90.7438,5.86526,67.7578,10,6.95271e-310,-1380.03,6.68183e-310,1717.6,1.4822e-323,-907.438,5.23261e-310,677.578,49.9058,-1376.96,46.9965,1734.67,49.6592,-901.61,48.3046,690.488,152.72,202.626,-247.327,-200.33,91.5072,141.166,-113.247,-64.9429,
1.50903,1.22271,1.44833,1.31605,0,200,0,8.70487,10,-10,-10,4.85122,7.70469,-5.96963,-3.18741,0,67.9434,0,382.89,0,134.713,0,280.224,49.9047,3.08637,47.0014,17.0548,49.6255,6.10804,48.3863,12.6001,-37.3761,-136.973,11.6519,171.998,-34.3704,-85.2267,5.61059,60.4505,10,6.95271e-310,-1369.73,6.68183e-310,1719.98,1.4822e-323,-852.267,5.23261e-310,604.505,49.9047,-1366.65,47.0014,1737.04,49.6255,-846.159,48.3863,617.105,151.389,201.294,-247.635,-200.633,84.369,133.995,-103.82,-55.4332,
1.50823,1.22339,1.44224,1.32295,0,200,0,8.59671,10,-10,-10,4.40393,7.2552,-5.38771,-2.60056,0,68.8265,0,382.152,0,141.41,0,272.63,49.9022,3.12644,47.0129,17.0232,49.5874,6.41005,48.4722,12.2658,-36.1553,-135.518,11.4525,171.8,-32.8359,-79.2134,5.2743,52.6074,10,6.95271e-310,-1355.18,6.68183e-310,1718,1.4822e-323,-792.134,5.23261e-310,526.074,49.9022,-1352.06,47.0129,1735.02,49.5874,-785.724,48.4722,538.34,149.508,199.41,-247.38,-200.367,76.59,126.177,-93.6993,-45.2272,
1.50664,1.22481,1.43525,1.33019,0,200,0,8.4382,10,-10,-10,3.89961,6.74824,-4.76391,-1.97172,0,70.5666,0,380.583,0,149.096,0,264.668,49.8971,3.20537,47.0371,16.9562,49.5414,6.75634,48.5597,11.9146,-34.7014,-133.388,11.1691,170.618,-31.047,-72.4329,4.97385,44.2008,10,6.95271e-310,-1333.88,6.68183e-310,1706.18,1.4822e-323,-724.329,5.23261e-310,442.008,49.8971,-1330.67,47.0371,1723.14,49.5414,-717.572,48.5597,453.923,146.751,196.649,-245.859,-198.822,67.8193,117.361,-82.8505,-34.2909,
1.5048,1.22697,1.42932,1.33756,0,200,0,8.24432,10,-10,-10,3.42612,6.27239,-4.17518,-1.37802,0,72.5968,0,378.21,0,155.621,0,256.561,49.8911,3.29746,47.0736,16.8546,49.5005,7.05011,48.6462,11.5564,-33.2561,-130.782,11.0261,168.936,-29.1976,-66.0645,4.43964,36.2681,10,6.95271e-310,-1307.82,6.68183e-310,1689.36,1.4822e-323,-660.645,5.23261e-310,362.681,49.8911,-1304.52,47.0736,1706.21,49.5005,-653.595,48.6462,374.237,143.38,193.271,-243.693,-196.62,59.5847,109.085,-72.6118,-23.9656,
1.50231,1.22971,1.42282,1.34516,0,200,0,8.00853,10,-10,-10,2.91366,5.75724,-3.55939,-0.757272,0,75.3387,0,375.191,0,162.779,0,248.203,49.8828,3.42181,47.1196,16.7254,49.4535,7.37208,48.7326,11.1865,-31.6714,-127.613,10.8295,166.483,-27.1814,-59.1715,3.88417,27.9719,10,6.95271e-310,-1276.13,6.68183e-310,1664.83,1.4822e-323,-591.715,5.23261e-310,279.719,49.8828,-1272.71,47.1196,1681.55,49.4535,-584.343,48.7326,290.906,139.279,189.162,-240.534,-193.414,50.6724,100.126,-61.9025,-13.1699,
1.49931,1.23251,1.41553,1.35282,0,200,0,7.75135,10,-10,-10,2.36511,5.20553,-2.91186,-0.104891,0,78.6344,0,372.12,0,170.794,0,239.779,49.8723,3.57125,47.1662,16.5938,49.3985,7.73222,48.8168,10.8129,-30.0555,-124.157,10.5469,163.679,-25.1073,-51.7928,3.30671,19.249,10,6.95271e-310,-1241.57,6.68183e-310,1636.79,1.4822e-323,-517.928,5.23261e-310,192.49,49.8723,-1238,47.1662,1653.39,49.3985,-510.195,48.8168,203.303,134.806,184.678,-236.923,-189.757,41.1324,90.5309,-50.641,-1.82419,
1.49593,1.2364,1.40952,1.36071,0,200,0,7.44272,10,-10,-10,1.84856,4.68625,-2.30652,0.505273,0,82.352,0,367.835,0,177.399,0,231.092,49.8599,3.73978,47.2304,16.4099,49.3512,8.02867,48.9007,10.4271,-28.4034,-120.01,10.4414,160.084,-22.9322,-44.8418,2.473,11.0961,10,6.95271e-310,-1200.1,6.68183e-310,1600.84,1.4822e-323,-448.418,5.23261e-310,110.961,49.8599,-1196.36,47.2304,1617.25,49.3512,-440.389,48.9007,121.388,129.439,179.299,-232.293,-185.063,32.1488,81.5,-40.1133,8.78735,
1.49178,1.24043,1.40213,1.36889,0,200,0,7.0987,9.96473,-10,-10,1.26308,4.09728,-1.63701,1.17958,0,86.9132,0,363.406,0,185.533,0,222.101,49.844,3.94649,47.2961,16.2196,49.2905,8.39337,48.9843,10.0271,-26.6505,-115.387,10.176,155.921,-20.6236,-36.9635,1.62134,2.07997,10,6.95271e-310,-1153.87,6.68183e-310,1559.21,1.4822e-323,-369.635,5.23261e-310,20.7997,49.844,-1149.93,47.2961,1575.43,49.2905,-361.242,48.9843,30.8267,123.456,173.3,-226.929,-179.633,21.9666,71.2571,-28.4698,20.5145,
1.48806,1.24495,1.39602,1.37739,0,200,0,6.75168,9.61685,-10,-10,0.711082,3.54228,-1.00311,1.81828,0,91.013,0,358.436,0,192.256,0,212.742,49.829,4.13224,47.3689,16.0058,49.2383,8.69447,49.0678,9.6099,-25.0218,-110.723,9.99595,151.784,-18.396,-29.5334,0.530348,-6.45453,10,6.95271e-310,-1107.23,6.68183e-310,1517.84,1.4822e-323,-295.334,5.23261e-310,-64.5453,49.829,-1103.1,47.3689,1533.84,49.2383,-286.64,49.0678,-54.9354,117.421,167.25,-221.6,-174.231,12.3666,61.6049,-17.4455,31.6223,
1.4836,1.24971,1.38841,1.38623,0,200,0,6.36779,9.23187,-10,-9.6586,0.0814086,2.90872,-0.301753,2.52442,0,95.9169,0,353.189,0,200.627,0,203.026,49.81,4.35433,47.4447,15.7796,49.1707,9.06892,49.1508,9.17614,-23.2895,-105.564,9.57937,146.988,-16.0432,-21.0578,-0.579886,-15.8964,10,6.95271e-310,-1055.64,6.68183e-310,1469.88,1.4822e-323,-210.578,5.23261e-310,-158.964,49.81,-1051.28,47.4447,1485.66,49.1707,-201.509,49.1508,-149.788,110.744,160.554,-215.42,-167.976,1.4158,50.5865,-5.24787,43.9029,
1.47828,1.25496,1.38127,1.39587,0,200,0,5.92,8.78271,-10,-9.26266,-0.556875,2.26664,0.428896,3.26002,0,101.77,0,347.415,0,208.483,0,192.414,49.7862,4.61931,47.5269,15.5304,49.1046,9.41989,49.237,8.70155,-21.594,-99.5454,9.42285,141.708,-13.5541,-12.4643,-2.16972,-25.7303,10,6.95271e-310,-995.454,6.68183e-310,1417.08,1.4822e-323,-124.643,5.23261e-310,-257.303,49.7862,-990.835,47.5269,1432.61,49.1046,-115.223,49.237,-248.601,102.957,152.743,-208.617,-161.09,-9.68479,39.4199,7.45906,56.6961,
1.47365,1.26051,1.37416,1.40374,0,200,0,5.51866,8.38011,-10,-8.83927,-1.15478,1.66481,1.04546,3.88043,0,106.858,0,341.312,0,216.301,0,183.766,49.7643,4.84957,47.6124,15.2664,49.0365,9.76862,49.3039,8.3142,-19.969,-94.1506,8.76169,136.061,-11.4242,-4.41402,-3.19991,-34.0276,10,6.95271e-310,-941.506,6.68183e-310,1360.61,1.4822e-323,-44.1402,5.23261e-310,-340.276,49.7643,-936.656,47.6124,1375.88,49.0365,-34.3716,49.3039,-331.962,95.9767,145.741,-201.339,-153.727,-20.0832,28.9533,18.1819,67.4858,
1.46812,1.2663,1.36696,1.41238,0,200,0,5.05929,7.91915,-10,-8.38588,-1.78067,1.03481,1.71142,4.55042,0,112.949,0,334.945,0,224.224,0,174.261,49.7366,5.12502,47.6999,14.9906,48.9648,10.1215,49.3739,7.88788,-18.3808,-87.9759,8.26092,130.012,-9.17311,4.01432,-4.6645,-42.9881,10,6.95271e-310,-879.759,6.68183e-310,1300.12,1.4822e-323,40.1432,5.23261e-310,-429.881,49.7366,-874.634,47.6999,1315.11,48.9648,50.2648,49.3739,-421.994,87.9877,137.724,-193.541,-145.841,-30.9682,17.9966,29.7638,79.1377,
1.46208,1.27229,1.36015,1.42087,0,200,0,4.57094,7.42897,-10,-7.90685,-2.38842,0.423033,2.35597,5.19872,0,119.593,0,328.353,0,231.711,0,164.915,49.7048,5.42534,47.7889,14.7045,48.8948,10.4546,49.4391,7.46808,-16.8809,-81.4115,7.83707,123.618,-6.9759,12.1995,-6.3146,-51.6589,10,6.95271e-310,-814.115,6.68183e-310,1236.18,1.4822e-323,121.995,5.23261e-310,-516.589,49.7048,-808.689,47.7889,1250.89,48.8948,132.45,49.4391,-509.12,79.4946,129.199,-185.299,-137.51,-41.5377,7.3571,40.9734,90.4125,
1.45491,1.27838,1.35163,1.42975,0,200,0,4.02961,6.88533,-10,-7.37565,-3.08105,-0.274825,3.08326,5.92972,0,127.476,0,321.657,0,241.084,0,155.147,49.6646,5.78141,47.8775,14.4133,48.8039,10.8709,49.5035,7.02876,-15.3403,-74.1353,7.14179,116.522,-4.67122,21.5286,-8.18358,-61.4425,10,6.95271e-310,-741.353,6.68183e-310,1165.22,1.4822e-323,215.286,5.23261e-310,-614.425,49.6646,-735.572,47.8775,1179.63,48.8039,226.157,49.5035,-607.397,70.0802,119.745,-176.15,-128.272,-53.5835,-4.77956,53.622,103.125,
1.44881,1.28473,1.34458,1.43675,0,200,0,3.54598,6.39962,-9.60509,-6.84692,-3.6652,-0.863451,3.64446,6.49367,0,134.186,0,314.67,0,248.836,0,147.448,49.6284,6.08425,47.9681,14.1089,48.7261,11.2145,49.5515,6.68212,-13.9275,-67.6331,6.22157,109.461,-2.7899,29.3977,-9.54268,-68.9904,10,6.95271e-310,-676.331,6.68183e-310,1094.61,1.4822e-323,293.977,5.23261e-310,-689.904,49.6284,-670.247,47.9681,1108.72,48.7261,305.192,49.5515,-683.222,61.6693,111.298,-167.045,-119.077,-63.7427,-15.0165,63.3819,112.933,
1.44169,1.29134,1.33613,1.444,0,200,0,3.00998,5.86105,-9.02596,-6.2625,-4.31869,-1.52248,4.26814,7.12006,0,142.017,0,307.406,0,258.129,0,139.472,49.5839,6.43738,48.0602,13.7918,48.6296,11.6258,49.5986,6.32268,-12.4659,-60.4268,5.00817,101.652,-0.82692,38.2019,-11.0937,-77.3788,10,6.95271e-310,-604.268,6.68183e-310,1016.52,1.4822e-323,382.019,5.23261e-310,-773.788,49.5839,-597.83,48.0602,1030.31,48.6296,393.644,49.5986,-767.466,52.3474,101.931,-156.973,-108.913,-75.1076,-26.478,74.2285,123.827,
1.43368,1.29819,1.32893,1.45131,0,200,0,2.42075,5.26877,-8.41927,-5.65044,-4.92105,-2.12973,4.85559,7.71009,0,150.823,0,299.866,0,266.052,0,131.431,49.5307,6.83411,48.1536,13.4621,48.5446,11.9757,49.6435,5.95993,-11.1343,-52.5041,4.17459,93.4714,1.11232,46.3185,-13.0828,-85.2777,10,6.95271e-310,-525.041,6.68183e-310,934.714,1.4822e-323,463.185,5.23261e-310,-852.777,49.5307,-518.207,48.1536,948.176,48.5446,475.161,49.6435,-846.817,42.1,91.6307,-146.422,-98.2685,-85.5834,-37.0388,84.445,134.089,
1.42622,1.30545,1.32218,1.45755,0,200,0,1.85511,4.70012,-7.79408,-5.0197,-5.48081,-2.6942,5.35744,8.21402,0,159.035,0,291.877,0,273.474,0,124.576,49.4783,7.20373,48.2501,13.112,48.4627,12.303,49.6797,5.65045,-9.81675,-44.8969,3.03015,85.0426,2.80779,53.8621,-14.7122,-92.0249,10,6.95271e-310,-448.969,6.68183e-310,850.426,1.4822e-323,538.621,5.23261e-310,-920.249,49.4783,-441.765,48.2501,863.538,48.4627,550.924,49.6797,-914.598,32.2628,81.7411,-135.549,-87.2991,-95.3183,-46.8556,93.1728,142.853,
1.41874,1.3131,1.31571,1.46299,0,200,0,1.2852,4.12703,-7.13846,-4.35839,-6.01074,-3.22877,5.80086,8.65917,0,167.261,0,283.466,0,280.593,0,118.591,49.4231,7.57353,48.349,12.7427,48.3821,12.6163,49.7097,5.38007,-8.49581,-37.231,1.67967,76.2045,4.35148,61.0046,-16.1622,-97.9861,10,6.95271e-310,-372.31,6.68183e-310,762.045,1.4822e-323,610.046,5.23261e-310,-979.861,49.4231,-364.737,48.349,774.787,48.3821,622.662,49.7097,-974.48,22.3513,71.7744,-124.147,-75.7981,-104.535,-56.1524,100.885,150.594,
1.41107,1.32112,1.30958,1.46895,0,200,0,0.688456,3.52686,-6.46737,-3.68151,-6.54744,-3.76998,6.25507,9.11518,0,175.698,0,274.647,0,287.342,0,112.026,49.3635,7.95237,48.4496,12.3547,48.3038,12.913,49.7409,5.0833,-7.26438,-29.2028,0.337297,67.1592,5.84158,68.2391,-17.8819,-104.09,10,6.95271e-310,-292.028,6.68183e-310,671.592,1.4822e-323,682.391,5.23261e-310,-1040.9,49.3635,-284.076,48.4496,683.946,48.3038,695.304,49.7409,-1035.82,11.9732,61.3367,-112.476,-64.0263,-113.869,-65.5648,108.784,158.525,
1.4038,1.3294,1.30386,1.4734,0,200,0,0.115516,2.95052,-5.7774,-2.98576,-7.0242,-4.25102,6.60739,9.46876,0,183.7,0,265.538,0,293.63,0,107.135,49.3044,8.31125,48.5502,11.953,48.2292,13.1889,49.763,4.86209,-5.99754,-21.4935,-1.31138,57.8608,7.0881,74.6663,-19.1126,-108.825,10,6.95271e-310,-214.935,6.68183e-310,578.608,1.4822e-323,746.663,5.23261e-310,-1088.25,49.3044,-206.624,48.5502,590.561,48.2292,759.852,49.763,-1083.39,2.00897,51.3134,-100.477,-51.9263,-122.16,-73.9308,114.911,164.674,
1.39476,1.33817,1.29861,1.47798,0,200,0,-0.554547,2.27602,-5.01255,-2.21499,-7.48472,-4.71557,6.95576,9.81839,0,193.64,0,255.888,0,299.404,0,102.1,49.2273,8.75642,48.6532,11.5267,48.1593,13.4419,49.7848,4.63423,-4.74914,-12.4769,-2.70057,47.5546,8.40236,80.8752,-20.8792,-113.507,10,6.95271e-310,-124.769,6.68183e-310,475.546,1.4822e-323,808.752,5.23261e-310,-1135.07,49.2273,-116.012,48.6532,487.073,48.1593,822.194,49.7848,-1130.43,-9.64429,39.583,-87.1747,-38.5215,-130.169,-82.0098,120.97,170.755,
1.38744,1.34745,1.29381,1.48192,0,200,0,-1.15806,1.66874,-4.26985,-1.46626,-7.9189,-5.15349,7.23549,10,0,201.694,0,245.685,0,304.69,0,97.7625,49.1618,9.11665,48.758,11.0749,48.0941,13.6731,49.8027,4.4379,-3.51947,-4.35318,-4.57881,37.549,9.39574,86.7292,-22.0314,-117.264,10,6.95271e-310,-43.5318,6.68183e-310,375.49,1.4822e-323,867.292,5.23261e-310,-1172.64,49.1618,-34.4152,48.758,386.564,48.0941,880.965,49.8027,-1168.2,-20.1403,29.0216,-74.2583,-25.5003,-137.72,-89.6258,125.835,175.637,
1.37837,1.35694,1.28942,1.48556,0,200,0,-1.84647,0.975462,-3.46213,-0.652621,-8.32126,-5.55932,7.49422,10,0,211.674,0,235.244,0,309.515,0,93.7549,49.0771,9.56226,48.861,10.6116,48.0337,13.884,49.8185,4.25643,-2.31233,4.91363,-6.2316,26.6687,10.4099,92.1547,-23.6378,-120.739,10,6.95271e-310,49.1363,6.68183e-310,266.687,1.4822e-323,921.547,5.23261e-310,-1207.39,49.0771,58.6986,48.861,277.298,48.0337,935.431,49.8185,-1203.14,-32.1126,16.9646,-60.2109,-11.3499,-144.718,-96.6839,130.334,180.153,
1.37094,1.36636,1.2854,1.48812,0,200,0,-2.45238,0.365388,-2.7016,0.113528,-8.67648,-5.91777,7.67369,10,0,219.847,0,224.883,0,313.931,0,90.947,49.0047,9.92665,48.9588,10.1509,47.9776,14.0767,49.8292,4.12925,-1.13621,13.0719,-8.28451,16.4263,11.106,96.9448,-24.568,-123.15,10,6.95271e-310,130.719,6.68183e-310,164.263,1.4822e-323,969.448,5.23261e-310,-1231.5,49.0047,140.645,48.9588,174.414,47.9776,983.525,49.8292,-1227.37,-42.6501,6.35457,-46.9844,1.9744,-150.895,-102.918,133.456,183.285,
1.36142,1.37553,1.2818,1.49072,0,200,0,-3.14801,-0.335793,-1.8956,0.924765,-9.00431,-6.24854,7.85873,10,0,230.314,0,214.798,0,317.899,0,88.0864,48.908,10.3925,49.0498,9.70162,47.9265,14.2497,49.8398,3.99965,-0.058285,22.4385,-9.92518,5.57239,11.8697,101.366,-26.2518,-125.635,10,6.95271e-310,224.385,6.68183e-310,55.7239,1.4822e-323,1013.66,5.23261e-310,-1256.35,48.908,234.778,49.0498,65.4255,47.9265,1027.91,49.8398,-1252.35,-54.7479,-5.83988,-32.9669,16.0829,-156.597,-108.67,136.674,186.513,
1.35278,1.38455,1.27861,1.49268,0,200,0,-3.79749,-0.990548,-1.12293,1.70235,-9.29365,-6.54051,7.99292,10,0,239.819,0,204.872,0,321.406,0,85.9245,48.8164,10.8147,49.1353,9.2586,47.8808,14.4024,49.8475,3.90169,0.964325,31.1858,-11.734,-4.83061,12.4225,105.268,-27.6194,-127.437,10,6.95271e-310,311.858,6.68183e-310,-48.3061,1.4822e-323,1052.68,5.23261e-310,-1274.37,48.8164,322.672,49.1353,-39.0475,47.8808,1067.08,49.8475,-1270.47,-66.0433,-17.2269,-19.5293,29.606,-161.629,-113.748,139.007,188.855,
1.34499,1.39401,1.27592,1.49407,0,200,0,-4.41934,-1.61733,-0.353085,2.4771,-9.5493,-6.79838,8.06969,10,0,248.387,0,194.47,0,324.359,0,84.3952,48.7307,11.1946,49.2207,8.79359,47.842,14.5309,49.8529,3.83238,1.98899,39.5624,-13.7987,-15.1934,12.7628,108.716,-28.5846,-128.467,10,6.95271e-310,395.624,6.68183e-310,-151.934,1.4822e-323,1087.16,5.23261e-310,-1284.67,48.7307,406.819,49.2207,-143.14,47.842,1101.69,49.8529,-1280.83,-76.8581,-28.1274,-6.14061,43.08,-166.075,-118.233,140.342,190.195,
1.33603,1.40342,1.27367,1.49521,0,200,0,-5.0926,-2.29646,0.44954,3.28437,-9.77298,-7.02395,8.12659,10,0,258.248,0,184.109,0,326.837,0,83.1429,48.6284,11.631,49.3013,8.32956,47.8091,14.6386,49.8572,3.77563,2.96319,48.6327,-15.6947,-25.9962,13.0724,111.733,-29.9275,-129.23,10,6.95271e-310,486.327,6.68183e-310,-259.962,1.4822e-323,1117.33,5.23261e-310,-1292.3,48.6284,497.958,49.3013,-251.633,47.8091,1131.97,49.8572,-1288.52,-88.5669,-39.9385,7.81809,57.1194,-169.965,-122.156,141.332,191.189,
1.32816,1.41275,1.27171,1.49585,0,200,0,-5.71251,-2.92173,1.2125,4.05166,-9.96822,-7.22085,8.14324,10,0,266.896,0,173.853,0,328.999,0,82.4443,48.5354,12.0129,49.3768,7.86954,47.7802,14.7325,49.8596,3.74396,3.88987,56.986,-17.7949,-36.2628,13.1838,114.366,-30.8769,-129.452,10,6.95271e-310,569.86,6.68183e-310,-362.628,1.4822e-323,1143.66,5.23261e-310,-1294.52,48.5354,581.873,49.3768,-354.759,47.7802,1158.39,49.8596,-1290.77,-99.3481,-50.8126,21.0869,70.4637,-173.36,-125.58,141.622,191.481,
1.32067,1.42182,1.27018,1.49623,0,200,0,-6.30923,-3.52369,1.94678,4.78993,-10,-7.38635,8.13391,10,0,275.135,0,163.873,0,330.674,0,82.0224,48.4441,12.3761,49.4462,7.42127,47.7578,14.8053,49.8611,3.72484,4.73689,65.0277,-19.8563,-46.1417,13.1769,116.581,-31.7605,-129.325,10,6.95271e-310,650.277,6.68183e-310,-461.417,1.4822e-323,1165.81,5.23261e-310,-1293.25,48.4441,662.653,49.4462,-453.996,47.7578,1180.61,49.8611,-1289.52,-109.726,-61.2816,33.857,83.3032,-176.216,-128.458,141.459,191.32,
1.31327,1.43066,1.26908,1.49642,0,200,0,-6.89624,-4.11605,2.66271,5.50953,-10,-7.5231,8.10373,10,0,283.282,0,154.145,0,331.886,0,81.8114,48.3511,12.7346,49.5099,6.98367,47.7414,14.8579,49.8618,3.71527,5.50952,72.9398,-21.8403,-55.7722,13.0803,118.412,-32.6766,-128.917,10,6.95271e-310,729.398,6.68183e-310,-557.722,1.4822e-323,1184.12,5.23261e-310,-1289.17,48.3511,742.133,49.5099,-550.738,47.7414,1198.98,49.8618,-1285.46,-119.935,-71.5835,46.3081,95.8179,-178.578,-130.837,140.934,190.796,
1.30695,1.43977,1.26825,1.49624,0,200,0,-7.44256,-4.66705,3.35672,6.20707,-10,-7.6392,8.03704,10,0,290.229,0,144.126,0,332.796,0,82.0092,48.2697,13.0397,49.5714,6.53245,47.7291,14.8974,49.8611,3.72424,6.26305,80.3043,-24.0616,-65.1049,12.8017,119.968,-33.149,-128.019,10,6.95271e-310,803.043,6.68183e-310,-651.049,1.4822e-323,1199.68,5.23261e-310,-1280.19,48.2697,816.082,49.5714,-644.516,47.7291,1214.58,49.8611,-1276.46,-129.436,-81.1661,58.3777,107.949,-180.585,-132.856,139.775,189.636,
1.29961,1.44873,1.26772,1.49572,0,200,0,-8.02802,-5.2581,4.07527,6.92887,-10,-7.72582,7.951,10,0,298.31,0,134.278,0,333.389,0,82.5893,48.1726,13.394,49.6279,6.08841,47.7211,14.9231,49.8591,3.75053,6.98309,88.1975,-26.1632,-74.7672,12.4973,121.13,-33.9415,-126.861,10,6.95271e-310,881.975,6.68183e-310,-747.672,1.4822e-323,1211.3,5.23261e-310,-1268.61,48.1726,895.369,49.6279,-741.583,47.7211,1226.22,49.8591,-1264.86,-139.618,-91.4452,70.8742,120.502,-182.083,-134.362,138.278,188.137,
1.29345,1.45723,1.26742,1.49456,0,200,0,-8.54481,-5.77969,4.73486,7.59134,-10,-7.77795,7.82594,10,0,305.086,0,124.919,0,333.719,0,83.8547,48.0892,13.6904,49.6779,5.66592,47.7166,14.9374,49.8548,3.80789,7.67158,95.1656,-28.3374,-83.6344,12.0646,121.83,-34.2796,-125.18,10,6.95271e-310,951.656,6.68183e-310,-836.344,1.4822e-323,1218.3,5.23261e-310,-1251.8,48.0892,965.347,49.6779,-830.678,47.7166,1233.23,49.8548,-1247.99,-148.605,-100.516,82.3453,132.023,-182.985,-135.269,136.103,185.958,
1.28828,1.46487,1.26739,1.49285,0,200,0,-8.98834,-6.22731,5.31898,8.17787,-10,-7.79145,7.67015,10,0,310.768,0,116.521,0,333.745,0,85.7398,48.0179,13.9386,49.7197,5.28653,47.7162,14.9386,49.8482,3.89332,8.30927,101.146,-30.3924,-91.4857,11.5739,122.011,-34.3005,-123.086,10,6.95271e-310,1011.46,6.68183e-310,-914.857,1.4822e-323,1220.11,5.23261e-310,-1230.86,48.0179,1025.4,49.7197,-909.57,47.7162,1235.05,49.8482,-1226.96,-156.319,-108.301,92.504,142.224,-183.22,-135.503,133.394,183.242,
1.28237,1.47175,1.26769,1.49005,0,200,0,-9.43211,-6.67587,5.89775,8.75866,-10,-7.74632,7.46192,10,0,317.267,0,108.954,0,333.415,0,88.8247,47.9347,14.2221,49.7549,4.94438,47.7207,14.9243,49.8371,4.0331,8.98134,107.132,-32.258,-99.2659,11.0971,121.406,-34.4055,-120.289,10,6.95271e-310,1071.32,6.68183e-310,-992.659,1.4822e-323,1214.06,5.23261e-310,-1202.89,47.9347,1085.54,49.7549,-987.715,47.7207,1228.99,49.8371,-1198.86,-164.037,-116.102,102.57,152.325,-182.439,-134.719,129.773,179.61,
1.27741,1.47779,1.26841,1.48717,0,200,0,-9.8094,-7.05725,6.39956,9.26214,-10,-7.6733,7.24229,10,0,322.724,0,102.311,0,332.624,0,91.9885,47.8635,14.4598,49.7839,4.64378,47.7314,14.8899,49.8253,4.17642,9.56597,112.221,-33.8646,-106.011,10.6064,120.43,-34.3548,-117.338,10,6.95271e-310,1122.21,6.68183e-310,-1060.11,1.4822e-323,1204.3,5.23261e-310,-1173.38,47.8635,1136.67,49.7839,-1055.46,47.7314,1219.19,49.8253,-1169.21,-170.598,-122.735,111.297,161.081,-181.18,-133.449,125.953,175.778,
1.27293,1.48314,1.26984,1.4832,0,200,0,-10,-7.38759,6.85949,9.72345,-10,-7.52882,6.95044,9.81442,0,327.655,0,96.4178,0,331.056,0,96.3519,47.7982,14.6741,49.808,4.37702,47.7526,14.8218,49.8083,4.37404,10.1792,116.626,-35.2551,-112.192,10.0818,118.497,-33.9817,-113.418,10,6.95271e-310,1166.26,6.68183e-310,-1121.92,1.4822e-323,1184.97,5.23261e-310,-1134.18,47.7982,1180.94,49.808,-1117.55,47.7526,1199.8,49.8083,-1129.81,-176.278,-128.48,119.295,169.104,-178.689,-130.936,120.877,170.686,
1.26885,1.48826,1.27192,1.47915,0,200,0,-10,-7.69282,7.29094,10,-10,-7.35104,6.63355,9.49649,0,332.137,0,90.7889,0,328.762,0,100.808,47.738,14.8688,49.8298,4.12208,47.7834,14.7222,49.7902,4.57575,10.7331,120.697,-36.4234,-117.99,9.521,116.123,-33.555,-109.16,10,6.95271e-310,1206.97,6.68183e-310,-1179.9,1.4822e-323,1161.23,5.23261e-310,-1091.6,47.738,1221.84,49.8298,-1175.78,47.7834,1175.95,49.7902,-1087.02,-181.526,-133.788,126.799,176.629,-175.628,-127.844,115.366,165.156,
1.26528,1.49298,1.2744,1.47477,0,200,0,-10,-7.96096,7.68748,10,-9.89208,-7.14244,6.28879,9.15055,0,336.065,0,85.5949,0,326.033,0,105.633,47.6846,15.0392,49.8487,3.88675,47.8198,14.6037,49.7696,4.7941,11.2586,124.274,-37.4525,-123.319,8.93315,113.337,-32.9674,-104.527,10,6.95271e-310,1242.74,6.68183e-310,-1233.19,1.4822e-323,1133.37,5.23261e-310,-1045.27,47.6846,1257.78,49.8487,-1229.3,47.8198,1147.98,49.7696,-1040.48,-186.136,-138.451,133.695,183.544,-172.036,-124.216,109.37,159.14,
1.26213,1.497,1.27733,1.47,0,200,0,-10,-8.18521,8.03702,10,-9.64891,-6.89683,5.91605,8.77646,0,339.532,0,81.1787,0,322.817,0,110.879,47.637,15.1894,49.8639,3.68659,47.8623,14.4638,49.7462,5.03143,11.7493,127.263,-38.2247,-128.016,8.35829,110.058,-32.2827,-99.5179,10,6.95271e-310,1272.63,6.68183e-310,-1280.16,1.4822e-323,1100.58,5.23261e-310,-995.179,47.637,1287.82,49.8639,-1276.47,47.8623,1115.04,49.7462,-990.148,-189.988,-142.351,139.774,189.638,-167.807,-119.945,102.888,152.634,
1.25966,1.50052,1.28065,1.46541,0,200,0,-10,-8.36601,8.33539,10,-9.39114,-6.63631,5.54168,8.40073,0,342.248,0,77.3031,0,319.165,0,115.928,47.5993,15.3069,49.8766,3.51088,47.91,14.3048,49.7226,5.25971,12.1582,129.673,-38.7494,-132.025,7.79303,106.581,-31.5435,-94.4856,10,6.95271e-310,1296.73,6.68183e-310,-1320.25,1.4822e-323,1065.81,5.23261e-310,-944.856,47.5993,1312.04,49.8766,-1316.74,47.91,1080.11,49.7226,-939.597,-193.095,-145.496,144.963,194.84,-163.324,-115.414,96.377,146.1,
1.2571,1.5039,1.28422,1.45941,0,200,0,-10,-8.53265,8.64569,10,-9.07809,-6.32034,5.0884,7.94558,0,345.069,0,73.5855,0,315.237,0,122.52,47.5599,15.429,49.8882,3.3423,47.9608,14.1336,49.6902,5.55756,12.6535,131.892,-39.3825,-136.195,7.14882,102.359,-30.4917,-88.3935,10,6.95271e-310,1318.92,6.68183e-310,-1361.95,1.4822e-323,1023.59,5.23261e-310,-883.935,47.5599,1334.35,49.8882,-1358.6,47.9608,1037.72,49.6902,-878.377,-195.954,-148.394,150.36,200.248,-157.88,-109.919,88.4939,138.184,
1.2551,1.50648,1.28822,1.4537,0,200,0,-10,-8.65173,8.89237,10,-8.74942,-5.98844,4.64101,7.49632,0,347.27,0,70.7513,0,310.834,0,128.808,47.529,15.5241,49.8966,3.21375,48.017,13.9415,49.6576,5.84152,13.0445,133.475,-39.6314,-139.51,6.56131,97.9263,-29.5088,-82.3792,10,6.95271e-310,1334.75,6.68183e-310,-1395.1,1.4822e-323,979.263,5.23261e-310,-823.792,47.529,1350.28,49.8966,-1391.89,48.017,993.204,49.6576,-817.951,-197.994,-150.465,154.65,204.547,-152.164,-104.147,80.7132,130.371,
1.25351,1.50842,1.29252,1.44762,0,200,0,-10,-8.72824,9.09711,10,-8.39261,-5.62821,4.16955,7.02277,0,349.011,0,68.6157,0,306.101,0,135.491,47.5043,15.5993,49.9028,3.11687,48.0766,13.7348,49.6212,6.14313,13.3997,134.49,-39.6826,-142.262,5.9858,93.1146,-28.4225,-76.0409,10,6.95271e-310,1344.9,6.68183e-310,-1422.62,1.4822e-323,931.146,5.23261e-310,-760.409,47.5043,1360.49,49.9028,-1419.51,48.0766,944.881,49.6212,-754.265,-199.3,-151.796,158.211,208.113,-145.958,-97.8819,72.514,122.135,
1.25232,1.51029,1.29717,1.44121,0,200,0,-10,-8.78189,9.28856,10,-8.01125,-5.2432,3.66682,6.51771,0,350.329,0,66.5592,0,300.986,0,142.544,47.4856,15.6562,49.9085,3.02357,48.1399,13.5111,49.5808,6.46115,13.7218,135.2,-39.6961,-144.836,5.35339,87.9724,-27.1857,-69.281,10,6.95271e-310,1352,6.68183e-310,-1448.36,1.4822e-323,879.724,5.23261e-310,-692.81,47.4856,1367.65,49.9085,-1445.33,48.1399,893.235,49.5808,-686.349,-200.214,-152.728,161.54,211.449,-139.326,-91.1862,63.7708,113.352,
1.25146,1.51141,1.30223,1.43418,0,200,0,-10,-8.78958,9.43814,10,-7.58852,-4.81658,3.12365,5.97186,0,351.265,0,65.32,0,295.423,0,150.282,47.4723,15.6966,49.9119,2.96735,48.2076,13.2675,49.5341,6.80978,14.0087,135.294,-39.4825,-146.847,4.72435,82.2728,-25.8316,-61.9768,10,6.95271e-310,1352.94,6.68183e-310,-1468.47,1.4822e-323,822.728,5.23261e-310,-619.768,47.4723,1368.64,49.9119,-1465.51,48.2076,835.996,49.5341,-612.958,-200.334,-152.862,164.142,214.053,-131.974,-83.7666,54.3243,103.858,
1.2509,1.5123,1.30762,1.42673,0,200,0,-10,-8.77189,9.57038,10,-7.13854,-4.36253,2.54753,5.39275,0,351.884,0,64.3445,0,289.491,0,158.469,47.4634,15.7233,49.9145,2.92308,48.2785,13.0073,49.482,7.17823,14.2486,135.05,-39.1939,-148.626,4.04703,76.2064,-24.3784,-54.2284,10,6.95271e-310,1350.5,6.68183e-310,-1486.26,1.4822e-323,762.064,5.23261e-310,-542.284,47.4634,1366.22,49.9145,-1483.34,48.2785,775.072,49.482,-535.105,-200.018,-152.555,166.441,216.356,-124.148,-75.87,44.3048,93.7869,
1.25061,1.51285,1.31338,1.41886,0,200,0,-10,-8.72582,9.68114,10,-6.65899,-3.87872,1.93726,4.77914,0,352.201,0,63.738,0,283.163,0,167.13,47.4589,15.737,49.9161,2.89556,48.3525,12.7294,49.424,7.56761,14.4304,134.426,-38.799,-150.117,3.32547,69.7421,-22.8482,-46.0195,10,6.95271e-310,1344.26,6.68183e-310,-1501.17,1.4822e-323,697.421,5.23261e-310,-460.195,47.4589,1359.99,49.9161,-1498.27,48.3525,710.15,49.424,-452.627,-199.212,-151.753,168.368,218.284,-115.809,-67.456,33.6915,83.1155,
1.25067,1.51309,1.32015,1.41064,0,200,0,-10,-8.65112,9.76491,10,-6.12425,-3.33909,1.27491,4.11312,0,352.135,0,63.4745,0,275.715,0,176.173,47.4598,15.7341,49.9168,2.8836,48.4376,12.4017,49.3601,7.97367,14.4957,133.419,-38.0898,-151.245,2.54575,62.5346,-21.3271,-37.108,10,6.95271e-310,1334.19,6.68183e-310,-1512.45,1.4822e-323,625.346,5.23261e-310,-371.08,47.4598,1349.93,49.9168,-1509.57,48.4376,637.747,49.3601,-363.107,-197.914,-150.454,169.825,219.741,-106.509,-58.0712,22.1724,71.5325,
1.25109,1.51291,1.32616,1.4022,0,200,0,-10,-8.54137,9.8229,10,-5.61463,-2.82523,0.625974,3.46021,0,351.673,0,63.6722,0,269.097,0,185.453,47.4664,15.7142,49.9163,2.89257,48.5113,12.1101,49.2911,8.38983,14.5385,131.945,-37.5805,-152.027,1.74929,55.6663,-19.6544,-28.3763,10,6.95271e-310,1319.45,6.68183e-310,-1520.27,1.4822e-323,556.663,5.23261e-310,-283.763,47.4664,1335.16,49.9163,-1517.38,48.5113,568.773,49.2911,-275.373,-196.012,-148.546,170.833,220.749,-97.6457,-49.1344,10.8865,60.1776,
1.2521,1.51227,1.33322,1.39342,0,200,0,-10,-8.38732,9.83792,10,-5.04808,-2.25384,-0.0759451,2.75395,0,350.566,0,64.384,0,261.333,0,195.116,47.4822,15.6664,49.9144,2.92487,48.5956,11.7673,49.2155,8.82249,14.4355,129.879,-36.7228,-152.232,0.893334,48.0319,-17.9523,-18.9296,10,6.95271e-310,1298.79,6.68183e-310,-1522.32,1.4822e-323,480.319,5.23261e-310,-189.296,47.4822,1314.46,49.9144,-1519.4,48.5956,492.086,49.2155,-180.474,-193.349,-145.866,171.094,221.009,-87.7928,-39.1972,-1.32078,47.8947,
1.25385,1.5108,1.34044,1.38459,0,200,0,-10,-8.17261,9.78787,10,-4.46919,-1.67013,-0.782905,2.04239,0,348.642,0,65.9923,0,253.397,0,204.832,47.5096,15.5833,49.91,2.99785,48.6792,11.4164,49.1356,9.25683,14.2118,127.004,-35.6452,-151.563,0.0478002,40.232,-16.1883,-9.41354,10,6.95271e-310,1270.04,6.68183e-310,-1515.63,1.4822e-323,402.32,5.23261e-310,-94.1354,47.5096,1285.63,49.91,-1512.64,48.6792,413.737,49.1356,-84.8786,-189.642,-142.132,170.224,220.134,-77.725,-29.0458,-13.6157,35.5199,
1.25622,1.50855,1.34785,1.37575,0,200,0,-10,-7.90411,9.67655,10,-3.87719,-1.07334,-1.49341,1.32708,0,346.031,0,68.4706,0,245.237,0,214.547,47.5464,15.4706,49.9032,3.11029,48.7626,11.055,49.052,9.69044,13.8565,123.411,-34.3313,-150.072,-0.789006,32.2568,-14.4265,0.151833,10,6.95271e-310,1234.11,6.68183e-310,-1500.72,1.4822e-323,322.568,5.23261e-310,1.51833,47.5464,1249.58,49.9032,-1497.61,48.7626,333.623,49.052,11.2088,-185.009,-137.463,168.288,218.191,-67.4293,-18.6668,-25.9723,23.0797,
1.25913,1.50569,1.35613,1.36704,0,200,0,-10,-7.59486,9.50963,10,-3.24769,-0.438678,-2.22344,0.592085,0,342.828,0,71.6213,0,236.128,0,224.131,47.5913,15.332,49.8941,3.25321,48.8524,10.6508,48.9657,10.1174,13.3109,119.274,-32.6278,-147.833,-1.64093,23.7778,-12.8133,9.98218,10,6.95271e-310,1192.74,6.68183e-310,-1478.33,1.4822e-323,237.778,5.23261e-310,99.8218,47.5913,1208.07,49.8941,-1475.07,48.8524,248.429,48.9657,109.939,-179.676,-132.085,165.385,215.279,-56.4816,-7.62918,-38.6685,10.2971,
1.26241,1.50239,1.36276,1.3585,0,200,0,-9.99173,-7.25236,9.31583,10,-2.69422,0.118788,-2.89104,-0.0805828,0,339.229,0,75.2465,0,228.838,0,233.531,47.6412,15.1762,49.8831,3.41763,48.9219,10.3268,48.8774,10.5355,12.7811,114.693,-31.3178,-145.233,-2.47628,16.3235,-11.0121,18.9726,10,6.95271e-310,1146.93,6.68183e-310,-1452.33,1.4822e-323,163.235,5.23261e-310,189.726,47.6412,1162.1,49.8831,-1448.91,48.9219,173.562,48.8774,200.261,-173.769,-126.128,162.015,211.898,-46.8561,2.06588,-50.2789,-1.40144,
1.26603,1.49872,1.3706,1.3497,0,200,0,-9.62423,-6.88172,9.08707,10,-2.07944,0.73814,-3.61126,-0.806246,0,335.248,0,79.2804,0,220.216,0,243.207,47.6958,15.0037,49.8702,3.60053,49.0014,9.94309,48.7829,10.965,12.0382,109.735,-29.6617,-142.163,-3.4062,8.04488,-9.36812,28.6737,10,6.95271e-310,1097.35,6.68183e-310,-1421.63,1.4822e-323,80.4488,5.23261e-310,286.737,47.6958,1112.36,49.8702,-1418.03,49.0014,90.3919,48.7829,297.702,-167.378,-119.682,158.036,207.906,-36.1642,12.8372,-62.8045,-14.0217,
1.27044,1.4946,1.37708,1.34081,0,200,0,-9.20148,-6.45519,8.81828,10,-1.52138,1.29985,-4.29698,-1.49769,0,330.395,0,83.8152,0,213.084,0,252.988,47.7615,14.7932,49.8549,3.8061,49.0648,9.62519,48.6834,11.3984,11.2788,104.033,-28.3689,-138.555,-4.3783,0.530426,-7.36182,37.9112,10,6.95271e-310,1040.33,6.68183e-310,-1385.55,1.4822e-323,5.30426,5.23261e-310,379.112,47.7615,1055.12,49.8549,-1381.74,49.0648,14.9294,48.6834,390.51,-160.026,-112.264,153.361,203.216,-26.4588,22.606,-74.7301,-26.0467,
1.27474,1.49014,1.38505,1.33179,0,200,0,-8.77478,-6.02486,8.52681,10,-0.893041,1.93251,-5.03323,-2.23995,0,325.664,0,88.7191,0,204.318,0,262.901,47.8247,14.5876,49.8375,4.02832,49.14,9.23386,48.5787,11.8366,10.2659,98.278,-26.6357,-134.641,-5.44102,-7.92848,-5.77104,47.8313,10,6.95271e-310,982.78,6.68183e-310,-1346.41,1.4822e-323,-79.2848,5.23261e-310,478.313,47.8247,997.368,49.8375,-1342.39,49.14,-70.051,48.5787,490.15,-152.605,-104.78,148.292,198.13,-15.5311,33.6088,-87.5345,-38.9557,
1.27906,1.48523,1.39228,1.32302,0,200,0,-8.33273,-5.5792,8.21139,10,-0.301962,2.52735,-5.7287,-2.9415,0,320.905,0,94.124,0,196.369,0,272.551,47.8874,14.3806,49.8171,4.27315,49.2054,8.87851,48.473,12.2623,9.19127,92.3163,-24.9863,-130.407,-6.49723,-15.885,-4.25862,57.2034,10,6.95271e-310,923.163,6.68183e-310,-1304.07,1.4822e-323,-158.85,5.23261e-310,572.034,47.8874,937.543,49.8171,-1299.79,49.2054,-149.972,48.473,584.297,-144.917,-97.0296,142.807,192.624,-5.25151,43.9539,-99.6296,-51.1566,
1.28466,1.48052,1.39868,1.31484,0,200,0,-7.8473,-5.0892,7.86066,10,0.23006,3.06258,-6.38093,-3.59959,0,314.749,0,99.3049,0,189.329,0,281.555,47.9671,14.1123,49.7964,4.50773,49.2612,8.56344,48.371,12.6587,8.07576,85.7695,-23.6794,-125.695,-7.60691,-23.0459,-2.38471,65.9941,10,6.95271e-310,857.695,6.68183e-310,-1256.95,1.4822e-323,-230.459,5.23261e-310,659.941,47.9671,871.808,49.7964,-1252.44,49.2612,-221.895,48.371,672.6,-136.475,-88.5078,136.707,186.504,4.00104,53.2623,-110.973,-62.6016,
1.28968,1.47416,1.40656,1.3072,0,200,0,-7.34832,-4.58618,7.42253,10,0.830997,3.66731,-7.02055,-4.24485,0,309.225,0,106.305,0,180.655,0,289.952,48.0373,13.8713,49.7667,4.82452,49.3272,8.17472,48.273,13.0276,6.65893,79.041,-21.3843,-119.81,-8.59205,-31.1322,-1.404,74.6163,10,6.95271e-310,790.41,6.68183e-310,-1198.1,1.4822e-323,-311.322,5.23261e-310,746.163,48.0373,804.282,49.7667,-1193.27,49.3272,-303.147,48.273,759.19,-127.797,-79.7596,129.087,178.854,14.4521,63.7793,-122.097,-73.8235,
1.29619,1.46773,1.41282,1.29982,0,200,0,-6.78148,-4.01421,6.93863,9.79838,1.3482,4.1874,-7.60951,-4.83942,0,302.067,0,113.371,0,173.774,0,298.073,48.1266,13.5584,49.7347,5.14409,49.3774,7.86599,48.1755,13.3836,5.26249,71.3977,-19.6475,-113.307,-9.65387,-38.0918,0.210266,82.5566,10,6.95271e-310,713.977,6.68183e-310,-1133.07,1.4822e-323,-380.918,5.23261e-310,825.566,48.1266,727.536,49.7347,-1127.93,49.3774,-373.052,48.1755,838.949,-117.939,-69.8123,120.672,170.407,23.447,72.8244,-132.339,-84.1638,
1.3018,1.46059,1.42054,1.29197,0,200,0,-6.23056,-3.45895,6.43979,9.29735,1.951,4.7936,-8.25209,-5.48813,0,295.898,0,121.228,0,165.284,0,306.707,48.2019,13.2883,49.6967,5.4992,49.4366,7.48467,48.069,13.7613,3.56681,63.97,-17.4121,-106.605,-10.8284,-46.2012,1.15215,91.221,10,6.95271e-310,639.7,6.68183e-310,-1066.05,1.4822e-323,-462.012,5.23261e-310,912.21,48.2019,652.988,49.6967,-1060.55,49.4366,-454.527,48.069,925.971,-108.357,-60.1556,111.996,161.693,33.9304,83.367,-143.515,-95.4457,
1.30845,1.45311,1.42751,1.28534,0,200,0,-5.64128,-2.86465,5.87322,8.72834,2.49038,5.33592,-8.80637,-6.04771,0,288.581,0,129.454,0,157.612,0,313.997,48.2892,12.9674,49.6542,5.87068,49.4876,7.13968,47.9767,14.0796,1.83579,56.0258,-15.227,-98.9889,-11.927,-53.4565,2.17546,98.6956,10,6.95271e-310,560.258,6.68183e-310,-989.889,1.4822e-323,-534.565,5.23261e-310,986.956,48.2892,573.225,49.6542,-984.018,49.4876,-527.425,47.9767,1001.04,-98.1091,-49.8199,102.143,151.797,43.311,92.7987,-153.154,-105.178,
1.31611,1.44499,1.4336,1.2799,0,200,0,-5.00504,-2.22278,5.22512,8.0774,2.9649,5.81288,-9.26508,-6.51086,0,280.158,0,138.391,0,150.915,0,319.982,48.3871,12.5972,49.6048,6.27394,49.5302,6.83827,47.8994,14.3404,0.0832557,47.4495,-13.0428,-90.2749,-12.9302,-59.8384,3.28142,104.882,10,6.95271e-310,474.495,6.68183e-310,-902.749,1.4822e-323,-598.384,5.23261e-310,1048.82,48.3871,487.092,49.6048,-896.475,49.5302,-591.546,47.8994,1063.16,-87.0441,-38.657,90.8717,140.477,51.5634,101.094,-161.132,-113.232,
1.32253,1.4367,1.44084,1.27389,0,200,0,-4.41587,-1.62901,4.60467,7.45386,3.51006,6.36082,-9.77646,-7.02725,0,273.092,0,147.501,0,142.953,0,326.6,48.467,12.2861,49.5512,6.6845,49.5784,6.47957,47.8123,14.6283,-1.90795,39.5086,-10.6272,-81.9324,-14.0936,-67.1691,3.7679,111.78,10,6.95271e-310,395.086,6.68183e-310,-819.324,1.4822e-323,-671.691,5.23261e-310,1117.8,48.467,407.372,49.5512,-812.64,49.5784,-665.212,47.8123,1132.42,-76.7977,-28.3307,80.0811,129.632,61.0446,110.623,-170.025,-122.213,
1.33085,1.42812,1.44706,1.26891,0,200,0,-3.75007,-0.957439,3.89515,6.74093,3.9817,6.83472,-10,-7.46564,0,263.943,0,156.939,0,136.111,0,332.071,48.5675,11.8826,49.492,7.10943,49.6177,6.17108,47.7389,14.8659,-3.91096,30.5363,-8.49559,-72.3889,-15.262,-73.5104,4.69932,117.636,10,6.95271e-310,305.363,6.68183e-310,-723.889,1.4822e-323,-735.104,5.23261e-310,1176.36,48.5675,317.245,49.492,-716.779,49.6177,-728.933,47.7389,1191.23,-65.2186,-16.6511,67.7417,117.234,69.247,118.865,-177.576,-129.837,
1.33891,1.4194,1.45267,1.26486,0,200,0,-3.10527,-0.307219,3.17333,6.01544,4.40635,7.26131,-10,-7.8252,0,255.071,0,166.536,0,129.941,0,336.527,48.6618,11.4905,49.4281,7.54095,49.6515,5.8927,47.6783,15.0592,-5.87926,21.8482,-6.38673,-62.6784,-16.3472,-79.2191,5.41184,122.439,10,6.95271e-310,218.482,6.68183e-310,-626.784,1.4822e-323,-792.191,5.23261e-310,1224.39,48.6618,229.972,49.4281,-619.243,49.6515,-786.299,47.6783,1239.45,-54.0047,-5.34294,55.1883,104.616,76.6321,126.284,-183.769,-136.09,
1.34649,1.41039,1.45783,1.26055,0,200,0,-2.46987,0.333101,2.45696,5.29505,4.82155,7.67822,-10,-8.17696,0,246.74,0,176.45,0,124.26,0,341.272,48.7474,11.1216,49.3581,7.98609,49.6813,5.63616,47.6129,15.2647,-7.9143,13.2878,-4.38912,-53.0404,-17.5331,-84.8012,6.01914,127.135,10,6.95271e-310,132.878,6.68183e-310,-530.404,1.4822e-323,-848.012,5.23261e-310,1271.35,48.7474,144,49.3581,-522.418,49.6813,-842.376,47.6129,1286.61,-42.9543,5.79306,42.7298,92.0879,83.853,133.534,-189.821,-142.208,
1.35597,1.40214,1.46194,1.25756,0,200,0,-1.79262,1.01629,1.70669,4.5409,5.14155,7.99953,-10,-8.45018,0,236.312,0,185.519,0,119.738,0,344.555,48.8506,10.659,49.2906,8.39278,49.7041,5.43189,47.5671,15.4067,-9.80022,4.16584,-2.97713,-42.9426,-18.7062,-89.1027,7.15387,130.785,10,6.95271e-310,41.6584,6.68183e-310,-429.426,1.4822e-323,-891.027,5.23261e-310,1307.85,48.8506,52.3174,49.2906,-421.033,49.7041,-885.595,47.5671,1323.26,-31.176,17.6747,29.6815,78.9721,89.4183,139.122,-194.527,-146.96,
1.36369,1.39196,1.46645,1.2545,0,200,0,-1.13988,1.67368,0.900632,3.72978,5.5122,8.37157,-10,-8.68853,0,227.822,0,196.725,0,114.781,0,347.93,48.9315,10.2817,49.2025,8.89444,49.728,5.20787,47.5196,15.5526,-11.9513,-4.62552,-0.825078,-32.0944,-19.8693,-94.0853,7.42758,133.965,10,6.95271e-310,-46.2552,6.68183e-310,-320.944,1.4822e-323,-940.853,5.23261e-310,1339.65,48.9315,-35.9735,49.2025,-312.049,49.728,-935.645,47.5196,1355.2,-19.824,29.1075,15.6632,64.8657,95.8644,145.592,-198.624,-151.105,
1.37288,1.3826,1.47009,1.25245,0,200,0,-0.461789,2.35708,0.0817574,2.90599,5.80429,8.66472,-10,-8.86892,0,217.711,0,207.02,0,110.774,0,350.184,49.0239,9.83149,49.1171,9.35456,49.7467,5.02667,47.4877,15.6499,-13.9624,-13.7558,0.748238,-21.0703,-21.0555,-98.0112,8.12738,136.374,10,6.95271e-310,-137.558,6.68183e-310,-210.703,1.4822e-323,-980.112,5.23261e-310,1363.74,49.0239,-127.726,49.1171,-201.348,49.7467,-975.085,47.4877,1379.39,-8.03112,40.9928,1.42187,50.539,100.944,150.691,-201.73,-154.242,
1.38028,1.37265,1.47328,1.2504,0,200,0,0.153794,2.97678,-0.711093,2.10765,6.09076,8.9521,-10,-9.00514,0,209.565,0,217.962,0,107.267,0,352.438,49.0954,9.46814,49.0217,9.84265,49.7625,4.86805,47.4555,15.7472,-15.9895,-22.0441,2.54488,-10.3959,-22.2022,-101.863,8.34317,138.188,10,6.95271e-310,-220.441,6.68183e-310,-103.959,1.4822e-323,-1018.63,5.23261e-310,1381.88,49.0954,-210.973,49.0217,-94.1159,49.7625,-1013.76,47.4555,1397.63,2.67467,51.77,-12.3668,36.6548,105.926,155.689,-204.067,-156.611,
1.3895,1.36228,1.47599,1.24909,0,200,0,0.846885,3.67477,-1.59552,1.2172,6.33647,9.19856,-10,-9.09483,0,199.427,0,229.365,0,104.288,0,353.875,49.1805,9.01529,48.917,10.3503,49.7755,4.73326,47.4349,15.8092,-18.0903,-31.3735,4.06295,1.51451,-23.4688,-105.166,8.86539,139.383,10,6.95271e-310,-313.735,6.68183e-310,15.1451,1.4822e-323,-1051.66,5.23261e-310,1393.83,49.1805,-304.72,48.917,25.4954,49.7755,-1046.93,47.4349,1409.64,14.7284,63.909,-27.7482,21.1688,110.2,159.975,-205.606,-158.171,
1.39767,1.35162,1.47823,1.24811,0,200,0,1.4957,4.32772,-2.46732,0.338898,6.56284,9.42553,-10,-9.13301,0,190.436,0,241.097,0,101.823,0,354.956,49.2526,8.61303,48.8038,10.8714,49.7859,4.6217,47.4193,15.8558,-20.1749,-40.1061,5.66108,13.2566,-24.7051,-108.21,9.08423,139.886,10,6.95271e-310,-401.061,6.68183e-310,132.566,1.4822e-323,-1082.1,5.23261e-310,1398.86,49.2526,-392.448,48.8038,143.437,49.7859,-1077.48,47.4193,1414.72,26.0121,75.2647,-42.9099,5.89387,114.136,163.922,-206.254,-158.835,
1.40491,1.34136,1.48008,1.24743,0,200,0,2.08565,4.92118,-3.29011,-0.490446,6.76429,9.62747,-10,-9.13623,0,182.474,0,252.382,0,99.7925,0,355.707,49.3136,8.25629,48.6897,11.3715,49.7944,4.52981,47.4085,15.8882,-22.1601,-48.0456,7.17092,24.3405,-25.8973,-110.919,9.12075,139.922,10,6.95271e-310,-480.456,6.68183e-310,243.405,1.4822e-323,-1109.19,5.23261e-310,1399.22,49.3136,-472.2,48.6897,254.776,49.7944,-1104.66,47.4085,1415.11,36.2722,85.5858,-57.2192,-8.5295,117.64,167.434,-206.299,-158.891,
1.41352,1.33134,1.48154,1.24701,0,200,0,2.72318,5.56269,-4.14409,-1.35112,6.93251,9.79606,-10,-9.13113,0,173.009,0,263.402,0,98.1844,0,356.169,49.3828,7.83166,48.5733,11.8587,49.801,4.457,47.4018,15.9081,-24.1666,-56.6227,8.21984,35.8471,-27.2524,-113.182,9.48098,139.849,10,6.95271e-310,-566.227,6.68183e-310,358.471,1.4822e-323,-1131.82,5.23261e-310,1398.49,49.3828,-558.396,48.5733,370.33,49.801,-1127.36,47.4018,1414.4,47.3596,96.7425,-72.0711,-23.4978,120.565,170.366,-206.204,-158.802,
1.42103,1.32125,1.48262,1.24686,0,200,0,3.30835,6.15117,-4.97077,-2.18482,7.08427,9.9481,-10,-9.08307,0,164.744,0,274.502,0,96.9979,0,356.327,49.4403,7.46038,48.4512,12.3483,49.8057,4.40328,47.3995,15.9149,-26.1219,-64.495,9.34435,46.9876,-28.5548,-115.224,9.57551,139.2,10,6.95271e-310,-644.95,6.68183e-310,469.876,1.4822e-323,-1152.24,5.23261e-310,1392,49.4403,-637.49,48.4512,482.224,49.8057,-1147.83,47.3995,1407.91,57.5366,106.977,-86.4481,-37.9969,123.205,173.01,-205.366,-157.967,
1.42851,1.31135,1.4834,1.24703,0,200,0,3.87975,6.7257,-5.78893,-3.01015,7.21357,10,-10,-9.0092,0,156.518,0,285.391,0,96.141,0,356.142,49.4947,7.09045,48.3266,12.8273,49.8091,4.36448,47.4022,15.9069,-28.0377,-72.1805,10.3099,58.0155,-29.8795,-116.964,9.64959,138.206,10,6.95271e-310,-721.805,6.68183e-310,580.155,1.4822e-323,-1169.64,5.23261e-310,1382.06,49.4947,-714.715,48.3266,592.982,49.8091,-1165.27,47.4022,1397.97,67.4739,116.969,-100.677,-52.3505,125.453,175.263,-204.084,-156.682,
1.43585,1.30189,1.4839,1.24758,0,200,0,4.42595,7.27481,-6.58206,-3.81037,7.31686,10,-10,-8.90927,0,148.437,0,295.792,0,95.5873,0,355.536,49.5455,6.72666,48.2032,13.2837,49.8113,4.33941,47.411,15.8808,-29.8597,-79.5256,11.0992,68.7076,-31.18,-118.354,9.69885,136.865,10,6.95271e-310,-795.256,6.68183e-310,687.076,1.4822e-323,-1183.54,5.23261e-310,1368.65,49.5455,-788.529,48.2032,700.359,49.8113,-1179.2,47.411,1384.53,76.973,126.518,-114.471,-66.2674,127.25,177.061,-202.355,-154.944,
1.44291,1.29225,1.4842,1.24867,0,200,0,4.95301,7.80453,-7.38618,-4.62199,7.40405,10,-10,-8.76287,0,140.672,0,306.404,0,95.2578,0,354.336,49.5917,6.37677,48.0728,13.7481,49.8126,4.32449,47.4283,15.8291,-31.6659,-86.6124,11.9274,79.5498,-32.4533,-119.529,9.56636,134.904,10,6.95271e-310,-866.124,6.68183e-310,795.498,1.4822e-323,-1195.29,5.23261e-310,1349.04,49.5917,-859.748,48.0728,809.246,49.8126,-1190.96,47.4283,1364.87,86.1393,135.731,-128.455,-80.3825,128.766,178.579,-199.826,-152.398,
1.4496,1.28484,1.4842,1.25049,0,200,0,5.39742,8.25133,-8.05704,-5.29878,7.43183,10,-10,-8.59841,0,133.316,0,314.551,0,95.2578,0,352.333,49.6332,6.045,47.9696,14.1037,49.8126,4.32449,47.457,15.7427,-33.016,-92.5852,12.313,88.5962,-33.4391,-119.903,9.55031,132.707,10,6.95271e-310,-925.852,6.68183e-310,885.962,1.4822e-323,-1199.03,5.23261e-310,1327.07,49.6332,-919.807,47.9696,900.066,49.8126,-1194.71,47.457,1342.81,93.8681,143.501,-140.122,-92.1527,129.249,179.062,-196.995,-149.538,
1.45588,1.27602,1.48389,1.25281,0,200,0,5.84875,8.70479,-8.80538,-6.05438,7.45798,10,-10,-8.36436,0,126.408,0,324.254,0,95.6006,0,349.788,49.6702,5.73319,47.8434,14.5263,49.8113,4.34001,47.4933,15.6329,-34.5246,-98.6516,13.0165,98.6892,-34.4708,-120.256,9.20919,129.577,10,6.95271e-310,-986.516,6.68183e-310,986.892,1.4822e-323,-1202.56,5.23261e-310,1295.77,49.6702,-980.782,47.8434,1001.42,49.8113,-1198.22,47.4933,1311.41,101.717,151.388,-153.137,-105.294,129.704,179.515,-192.96,-145.467,
1.4617,1.26893,1.48319,1.25567,0,200,0,6.23141,9.08932,-9.44348,-6.69848,7.43226,10,-10,-8.1112,0,120.002,0,332.058,0,96.3651,0,346.638,49.7028,5.4438,47.7391,14.8653,49.8083,4.37463,47.5379,15.4968,-35.6469,-103.793,13.4025,107.296,-35.2391,-119.912,8.96326,126.196,10,6.95271e-310,-1037.93,6.68183e-310,1072.96,1.4822e-323,-1199.12,5.23261e-310,1261.96,49.7028,-1032.48,47.7391,1087.83,49.8083,-1194.75,47.5379,1277.46,108.372,158.075,-164.234,-116.495,129.257,179.065,-188.602,-141.064,
1.46699,1.2611,1.48185,1.25889,0,200,0,6.6032,9.46272,-10,-7.37045,7.38363,10,-10,-7.79771,0,114.188,0,340.666,0,97.8416,0,343.092,49.7308,5.18105,47.6213,15.2385,49.8023,4.44148,47.5876,15.3434,-36.7837,-108.788,13.9261,116.27,-35.9824,-119.261,8.56705,122.005,10,6.95271e-310,-1087.88,6.68183e-310,1162.7,1.4822e-323,-1192.61,5.23261e-310,1220.05,49.7308,-1082.7,47.6213,1177.94,49.8023,-1188.17,47.5876,1235.4,114.838,164.569,-175.803,-128.182,128.411,178.213,-183.2,-135.612,
1.47172,1.25295,1.47992,1.26254,0,200,0,6.95241,9.81332,-10,-8.0475,7.30787,10,-10,-7.42921,0,108.981,0,349.63,0,99.9639,0,339.084,49.7548,4.94558,47.4955,15.626,49.7937,4.53756,47.6432,15.17,-37.8716,-113.481,14.5248,125.308,-36.6564,-118.246,8.04595,117.078,10,6.95271e-310,-1134.81,6.68183e-310,1253.08,1.4822e-323,-1182.46,5.23261e-310,1170.78,49.7548,-1129.86,47.4955,1268.71,49.7937,-1177.92,47.6432,1185.95,120.912,170.666,-187.452,-139.956,127.093,176.887,-176.847,-129.204,
1.476,1.24673,1.4775,1.2666,0,200,0,7.23393,10,-10,-8.59587,7.17453,10,-9.79389,-7.05089,0,104.275,0,356.472,0,102.627,0,334.615,49.7755,4.73266,47.3974,15.9211,49.7825,4.6581,47.7044,14.9763,-38.5228,-117.262,14.7815,132.632,-37.0145,-116.457,7.70738,112.022,10,6.95271e-310,-1172.62,6.68183e-310,1326.32,1.4822e-323,-1164.57,5.23261e-310,1120.22,49.7755,-1167.89,47.3974,1342.24,49.7825,-1159.91,47.7044,1135.19,125.807,175.583,-196.891,-149.493,124.774,174.557,-170.329,-122.624,
1.47979,1.24064,1.47467,1.27113,0,200,0,7.48492,10,-10,-9.12586,7.01342,9.87515,-9.37608,-6.6292,0,100.109,0,363.169,0,105.738,0,329.632,49.7931,4.54413,47.2996,16.2094,49.7692,4.79887,47.7718,14.76,-39.0606,-120.633,15.0732,139.708,-37.2379,-114.294,7.26577,106.386,10,6.95271e-310,-1206.33,6.68183e-310,1397.08,1.4822e-323,-1142.94,5.23261e-310,1063.86,49.7931,-1201.79,47.2996,1413.29,49.7692,-1138.14,47.7718,1078.62,130.173,179.966,-206.01,-158.711,121.973,171.742,-163.062,-115.29,
1.48318,1.23535,1.47152,1.27602,0,200,0,7.69708,10,-10,-9.59871,6.81976,9.68061,-8.93743,-6.18644,0,96.3783,0,368.995,0,109.205,0,324.254,49.8082,4.37523,47.2131,16.4597,49.7538,4.95572,47.8434,14.5263,-39.3915,-123.481,15.265,146.023,-37.2764,-111.694,6.83052,100.469,10,6.95271e-310,-1234.81,6.68183e-310,1460.23,1.4822e-323,-1116.94,5.23261e-310,1004.69,49.8082,-1230.44,47.2131,1476.69,49.7538,-1111.98,47.8434,1019.22,133.862,183.671,-214.147,-166.934,118.605,168.358,-155.434,-107.59,
1.48609,1.23038,1.4679,1.28133,0,200,0,7.87675,10,-10,-10,6.59304,9.45284,-8.461,-5.70561,0,93.1749,0,374.453,0,113.186,0,318.414,49.8207,4.23016,47.1309,16.6938,49.7355,5.13575,47.9198,14.2721,-39.5753,-125.893,15.4479,151.906,-37.1524,-108.649,6.34109,94.0434,10,6.95271e-310,-1258.93,6.68183e-310,1519.06,1.4822e-323,-1086.49,5.23261e-310,940.434,49.8207,-1254.7,47.1309,1535.75,49.7355,-1081.35,47.9198,954.706,136.987,186.808,-221.727,-174.596,114.662,164.397,-147.148,-99.2279,
1.48857,1.22597,1.46403,1.28696,0,200,0,8.02189,10,-10,-10,6.34116,9.19979,-7.96338,-5.20342,0,90.4461,0,379.304,0,117.444,0,312.218,49.8311,4.10656,47.0568,16.9015,49.7153,5.32823,47.9994,14.0019,-39.6108,-127.841,15.6022,157.208,-36.8682,-105.265,5.80354,87.3326,10,6.95271e-310,-1278.41,6.68183e-310,1572.08,1.4822e-323,-1052.65,5.23261e-310,873.326,49.8311,-1274.31,47.0568,1588.98,49.7153,-1047.32,47.9994,887.328,139.511,189.342,-228.558,-181.502,110.281,159.996,-138.494,-90.4942,
1.49066,1.22201,1.45968,1.2931,0,200,0,8.13552,10,-10,-10,6.05084,8.90811,-7.42589,-4.66104,0,88.1524,0,383.668,0,122.229,0,305.468,49.8395,4.00264,46.9894,17.088,49.6916,5.54446,48.0844,13.7072,-39.484,-129.366,15.7238,162.037,-36.3976,-101.365,5.21702,80.0847,10,6.95271e-310,-1293.66,6.68183e-310,1620.37,1.4822e-323,-1013.65,5.23261e-310,800.847,49.8395,-1289.65,46.9894,1637.46,49.6916,-1008.1,48.0844,814.554,141.487,191.327,-234.78,-187.791,105.232,154.924,-129.146,-81.0616,
1.49237,1.21816,1.45494,1.29897,0,200,0,8.23577,10,-10,-10,5.74936,8.60508,-6.89066,-4.12122,0,86.2672,0,387.899,0,127.437,0,299.009,49.8463,3.91722,46.9233,17.2686,49.6648,5.77963,48.1641,13.4245,-39.3349,-130.711,15.7806,166.496,-35.9184,-97.3144,4.67539,72.8681,10,6.95271e-310,-1307.11,6.68183e-310,1664.96,1.4822e-323,-973.144,5.23261e-310,728.681,49.8463,-1303.19,46.9233,1682.23,49.6648,-967.365,48.1641,742.105,143.231,193.077,-240.523,-193.6,99.9888,149.654,-119.838,-71.6734,
1.49371,1.21546,1.44972,1.30657,0,200,0,8.27458,10,-10,-10,5.36724,8.22119,-6.25723,-3.48201,0,84.7907,0,390.865,0,133.184,0,290.651,49.8515,3.85031,46.8765,17.3951,49.634,6.03905,48.2647,13.0582,-38.8104,-131.229,15.8363,170.2,-34.9594,-92.1781,3.91314,64.3282,10,6.95271e-310,-1312.29,6.68183e-310,1702,1.4822e-323,-921.781,5.23261e-310,643.282,49.8515,-1308.44,46.8765,1719.4,49.634,-915.742,48.2647,656.341,143.906,193.757,-245.296,-198.419,93.3433,142.977,-108.821,-60.5567,
1.49473,1.21286,1.44425,1.31395,0,200,0,8.30148,10,-10,-10,4.97839,7.8304,-5.62797,-2.84728,0,83.6702,0,393.726,0,139.195,0,282.53,49.8554,3.79953,46.8312,17.5169,49.6002,6.31019,48.3598,12.7016,-38.2983,-131.588,15.8505,173.602,-34.0032,-86.9511,3.14292,55.8457,10,6.95271e-310,-1315.88,6.68183e-310,1736.02,1.4822e-323,-869.511,5.23261e-310,558.457,49.8554,-1312.09,46.8312,1753.54,49.6002,-863.201,48.3598,571.158,144.374,194.229,-249.679,-202.848,86.5807,136.181,-97.8778,-49.518,
1.4954,1.21043,1.43838,1.3217,0,200,0,8.30663,10,-10,-10,4.5599,7.40973,-4.96477,-2.1785,0,82.9319,0,396.402,0,145.655,0,274.001,49.858,3.76606,46.7884,17.6308,49.5623,6.60135,48.4568,12.3262,-37.7301,-131.656,15.8565,176.749,-32.9362,-81.3251,2.26832,46.9068,10,6.95271e-310,-1316.56,6.68183e-310,1767.49,1.4822e-323,-813.251,5.23261e-310,469.068,49.858,-1312.79,46.7884,1785.12,49.5623,-806.649,48.4568,481.395,144.463,194.321,-253.732,-206.943,79.3026,128.865,-86.3439,-37.887,
1.4958,1.20875,1.43232,1.32976,0,200,0,8.28165,10,-10,-10,4.11278,6.96025,-4.28998,-1.49809,0,82.497,0,398.248,0,152.325,0,265.143,49.8595,3.74635,46.7588,17.7093,49.5214,6.90177,48.5545,11.9356,-37.0307,-131.317,15.7776,179.197,-31.7113,-75.3128,1.35832,37.813,10,6.95271e-310,-1313.17,6.68183e-310,1791.97,1.4822e-323,-753.128,5.23261e-310,378.13,49.8595,-1309.43,46.7588,1809.68,49.5214,-746.226,48.5545,390.066,144.029,193.888,-256.887,-210.128,71.5265,121.048,-74.6083,-26.0538,
1.49593,1.20717,1.426,1.33804,0,200,0,8.2414,10,-10,-10,3.64649,6.4914,-3.59426,-0.796788,0,82.352,0,399.99,0,159.273,0,256.033,49.8599,3.73978,46.7306,17.7833,49.4768,7.2144,48.6517,11.5331,-36.3335,-130.774,15.6884,181.47,-30.4333,-69.042,0.333753,28.4385,10,6.95271e-310,-1307.74,6.68183e-310,1814.7,1.4822e-323,-690.42,5.23261e-310,284.385,49.8599,-1304,46.7306,1832.48,49.4768,-683.206,48.6517,295.918,143.329,193.189,-259.815,-213.084,63.4172,112.894,-62.5089,-13.8572,
1.49576,1.20616,1.41968,1.34661,0,200,0,8.17273,10,-10,-10,3.16204,6.00427,-2.89016,-0.0871115,0,82.5365,0,401.095,0,166.233,0,246.608,49.8593,3.74814,46.7128,17.8303,49.4301,7.52733,48.7487,11.1158,-35.5696,-129.849,15.5807,183.204,-29.0368,-62.5257,-0.799232,18.9527,10,6.95271e-310,-1298.49,6.68183e-310,1832.04,1.4822e-323,-625.257,5.23261e-310,189.527,49.8593,-1294.75,46.7128,1849.87,49.4301,-617.729,48.7487,200.642,142.134,191.994,-262.05,-215.337,54.9919,104.422,-50.2637,-1.51498,
1.49525,1.20536,1.4134,1.3552,0,200,0,8.08408,10,-10,-10,2.6752,5.51466,-2.18755,0.620888,0,83.1033,0,401.978,0,173.141,0,237.156,49.8574,3.77383,46.6984,17.8678,49.3819,7.83758,48.8425,10.6965,-34.8302,-128.656,15.506,184.642,-27.6112,-55.9763,-2.05655,9.48831,10,6.95271e-310,-1286.56,6.68183e-310,1846.42,1.4822e-323,-559.763,5.23261e-310,94.8831,49.8574,-1282.79,46.6984,1864.28,49.3819,-551.926,48.8425,105.58,140.593,190.45,-263.902,-217.204,46.5253,95.9072,-38.0444,10.7981,
1.49424,1.20493,1.40695,1.364,0,200,0,7.96444,10,-10,-10,2.16972,5.00621,-1.47126,1.34248,0,84.2107,0,402.453,0,180.233,0,227.48,49.8536,3.82402,46.6907,17.8879,49.3303,8.15581,48.9347,10.2664,-34.0533,-127.047,15.4526,185.593,-26.0827,-49.1751,-3.4433,-0.158803,10,6.95271e-310,-1270.47,6.68183e-310,1855.93,1.4822e-323,-491.751,5.23261e-310,-1.58803,49.8536,-1266.65,46.6907,1873.82,49.3303,-483.595,48.9347,8.67841,138.512,188.366,-265.129,-218.438,37.7342,87.0646,-25.5871,23.3475,
1.4926,1.2048,1.40031,1.3731,0,200,0,7.80737,10,-10,-10,1.64336,4.47668,-0.732041,2.08696,0,86.0168,0,402.598,0,187.536,0,217.461,49.8472,3.90587,46.6883,17.8941,49.2751,8.48314,49.0261,9.82033,-33.2495,-124.936,15.4728,186.084,-24.4331,-42.092,-5.02788,-10.113,10,6.95271e-310,-1249.36,6.68183e-310,1860.84,1.4822e-323,-420.92,5.23261e-310,-101.13,49.8472,-1245.46,46.6883,1878.74,49.2751,-412.437,49.0261,-91.3098,135.78,185.627,-265.762,-219.073,28.5801,77.8552,-12.7311,36.295,
1.49045,1.20501,1.39374,1.38232,0,200,0,7.61935,10,-10,-10,1.11125,3.9413,0.00767634,2.83176,0,88.3765,0,402.361,0,194.76,0,207.324,49.8387,4.01279,46.6922,17.884,49.2183,8.80657,49.1145,9.3681,-32.4498,-122.409,15.5582,186.118,-22.716,-34.9304,-6.7766,-20.0722,10,6.95271e-310,-1224.09,6.68183e-310,1861.18,1.4822e-323,-349.304,5.23261e-310,-200.722,49.8387,-1220.08,46.6922,1879.07,49.2183,-340.498,49.1145,-191.354,132.51,182.349,-265.806,-219.114,19.326,68.5443,0.133502,49.248,
1.48787,1.20564,1.38697,1.39137,0,200,0,7.4069,10,-10,-10,0.567588,3.39415,0.739453,3.5683,0,91.2238,0,401.675,0,202.209,0,197.371,49.8282,4.14179,46.7033,17.8549,49.1576,9.13962,49.1973,8.92333,-31.6262,-119.555,15.5899,185.559,-20.9562,-27.6126,-8.55043,-29.9228,10,6.95271e-310,-1195.55,6.68183e-310,1855.59,1.4822e-323,-276.126,5.23261e-310,-299.228,49.8282,-1191.4,46.7033,1873.44,49.1576,-266.987,49.1973,-290.305,128.816,178.644,-265.086,-218.383,9.87109,59.0287,12.8601,62.0574,
1.48494,1.20676,1.38,1.40056,0,200,0,7.16899,10,-10,-10,0.00133606,2.82416,1.47768,4.31112,0,94.4405,0,400.436,0,209.881,0,187.259,49.8158,4.28748,46.7234,17.8023,49.0926,9.48226,49.2772,8.47074,-30.7674,-116.358,15.5556,184.436,-19.1228,-19.9896,-10.4032,-39.8586,10,6.95271e-310,-1163.58,6.68183e-310,1844.36,1.4822e-323,-199.896,5.23261e-310,-398.586,49.8158,-1159.29,46.7234,1862.16,49.0926,-190.414,49.2772,-390.115,124.678,174.494,-263.641,-216.918,0.0232359,49.1159,25.6988,74.976,
1.48163,1.20893,1.373,1.40945,0,200,0,6.89747,9.76105,-10,-10,-0.575833,2.24311,2.18355,5.02121,0,98.0788,0,398.05,0,217.58,0,177.478,49.8014,4.45222,46.7619,17.7009,49.0251,9.82562,49.3506,8.03222,-29.7821,-112.709,15.3785,182.218,-17.203,-12.2185,-12.1513,-49.357,10,6.95271e-310,-1127.09,6.68183e-310,1822.18,1.4822e-323,-122.185,5.23261e-310,-493.57,49.8014,-1122.64,46.7619,1839.88,49.0251,-112.36,49.3506,-485.538,119.956,169.757,-260.785,-214.023,-10.0145,39.0106,37.9747,87.3253,
1.47794,1.2115,1.36602,1.41832,0,200,0,6.60105,9.46367,-10,-10,-1.1588,1.65613,2.88171,5.72336,0,102.139,0,395.229,0,225.252,0,167.723,49.7846,4.63602,46.8072,17.5809,48.9553,10.1673,49.4199,7.59426,-28.8008,-108.726,15.1899,179.509,-15.2575,-4.36833,-13.9927,-58.7501,10,6.95271e-310,-1087.26,6.68183e-310,1795.09,1.4822e-323,-43.6833,5.23261e-310,-587.501,49.7846,-1082.62,46.8072,1812.67,48.9553,-33.516,49.4199,-579.907,114.801,164.586,-257.296,-210.489,-20.153,28.8023,50.1168,99.5367,
1.47386,1.21466,1.3586,1.42679,0,200,0,6.28137,9.14287,-10,-10,-1.76018,1.05033,3.56398,6.40922,0,106.634,0,391.749,0,233.412,0,158.403,49.7652,4.83943,46.8626,17.4327,48.8786,10.5302,49.4825,7.17526,-27.7409,-104.43,14.7988,175.981,-13.2845,3.73075,-15.7223,-67.9282,10,6.95271e-310,-1044.3,6.68183e-310,1759.81,1.4822e-323,37.3075,5.23261e-310,-679.282,49.7652,-1039.46,46.8626,1777.24,48.8786,47.8377,49.4825,-672.106,109.241,159.006,-252.753,-205.89,-30.6119,18.2667,61.9822,111.465,
1.469,1.21815,1.3509,1.43494,0,200,0,5.92495,8.78507,-10,-10,-2.36837,0.437394,4.23758,7.08609,0,111.973,0,387.913,0,241.888,0,149.438,49.7412,5.08091,46.9231,17.2692,48.796,10.9065,49.5393,6.77178,-26.6503,-99.6408,14.3746,171.765,-11.2725,11.9225,-17.5112,-76.9888,10,6.95271e-310,-996.408,6.68183e-310,1717.65,1.4822e-323,119.225,5.23261e-310,-769.888,49.7412,-991.327,46.9231,1734.92,48.796,130.131,49.5393,-763.117,103.043,152.784,-247.323,-200.399,-41.1891,7.60686,73.697,123.236,
1.46451,1.22207,1.34319,1.4427,0,200,0,5.58015,8.43893,-10,-10,-2.97633,-0.175479,4.87719,7.72863,0,116.917,0,383.602,0,250.365,0,140.909,49.7178,5.3044,46.9904,17.0852,48.7105,11.2822,49.5903,6.38747,-25.5696,-95.0068,13.6758,167.236,-9.3666,20.1123,-19.1293,-85.591,10,6.95271e-310,-950.068,6.68183e-310,1672.36,1.4822e-323,201.123,5.23261e-310,-855.91,49.7178,-944.764,46.9904,1689.45,48.7105,212.405,49.5903,-849.522,97.0461,146.764,-241.489,-194.498,-51.7623,-3.05182,84.8206,134.411,
1.45909,1.22629,1.33551,1.44966,0,200,0,5.19544,8.05252,-10,-10,-3.56169,-0.765902,5.4755,8.32944,0,122.875,0,378.962,0,258.815,0,133.25,49.6884,5.57364,47.062,16.8868,48.6224,11.6561,49.6336,6.04202,-24.4451,-89.837,13.0029,161.939,-7.4546,27.9986,-20.7391,-93.6375,10,6.95271e-310,-898.37,6.68183e-310,1619.39,1.4822e-323,279.986,5.23261e-310,-936.375,49.6884,-892.797,47.062,1636.28,48.6224,291.642,49.6336,-930.333,90.3554,140.044,-234.664,-187.602,-61.9424,-13.32,95.2261,144.86,
1.4534,1.23103,1.32762,1.45613,0,200,0,4.79234,7.64755,-10,-10,-4.15014,-1.35973,6.04646,8.90258,0,129.137,0,373.741,0,267.489,0,126.131,49.6558,5.8564,47.1417,16.6633,48.529,12.0391,49.6717,5.72069,-23.2544,-84.4197,12.1179,155.967,-5.55903,35.9278,-22.2307,-101.316,10,6.95271e-310,-844.197,6.68183e-310,1559.67,1.4822e-323,359.278,5.23261e-310,-1013.16,49.6558,-838.34,47.1417,1576.33,48.529,371.317,49.6717,-1007.44,83.345,133.001,-226.969,-179.827,-72.1764,-23.6474,105.156,154.828,
1.44669,1.2356,1.32143,1.46224,0,200,0,4.34447,7.19735,-10,-9.8881,-4.64852,-1.86245,6.55285,9.41093,0,136.519,0,368.719,0,274.304,0,119.408,49.6154,6.18951,47.2172,16.4478,48.4534,12.3396,49.7057,5.417,-22.2084,-78.4008,11.8636,149.926,-3.71305,42.6444,-24.1338,-108.124,10,6.95271e-310,-784.008,6.68183e-310,1499.26,1.4822e-323,426.444,5.23261e-310,-1081.24,49.6154,-777.818,47.2172,1515.71,48.4534,438.783,49.7057,-1075.82,75.556,125.171,-219.184,-171.967,-80.8439,-32.3905,113.963,163.668,
1.44092,1.24177,1.31499,1.46803,0,200,0,3.9081,6.75889,-10,-9.35736,-5.17996,-2.39852,7.01438,9.87421,0,142.86,0,361.93,0,281.384,0,113.041,49.5789,6.47541,47.3179,16.1561,48.373,12.6511,49.7362,5.1292,-20.9505,-72.5338,10.9271,142.841,-1.91985,49.8072,-25.4795,-114.327,10,6.95271e-310,-725.338,6.68183e-310,1428.41,1.4822e-323,498.072,5.23261e-310,-1143.27,49.5789,-718.863,47.3179,1444.57,48.373,510.724,49.7362,-1138.14,67.967,117.546,-210.055,-162.737,-90.0863,-41.7133,121.989,171.725,
1.4342,1.24714,1.30828,1.47329,0,200,0,3.4509,6.29912,-10,-8.8371,-5.6904,-2.9139,7.47667,10,0,150.256,0,356.024,0,288.766,0,107.254,49.5343,6.80859,47.4039,15.9018,48.287,12.9755,49.7625,4.86746,-19.8095,-66.3875,10.1291,135.888,-0.18821,56.6879,-27.0785,-120.542,10,6.95271e-310,-663.875,6.68183e-310,1358.88,1.4822e-323,566.879,5.23261e-310,-1205.42,49.5343,-657.066,47.4039,1374.78,48.287,579.855,49.7625,-1200.56,60.0156,109.55,-201.093,-153.689,-98.9635,-50.6765,130.029,179.792,
1.42676,1.25408,1.30307,1.47811,0,200,0,2.92573,5.77096,-10,-8.21004,-6.14633,-3.37376,7.84609,10,0,158.442,0,348.391,0,294.5,0,101.955,49.4822,7.17704,47.5131,15.5725,48.2187,13.227,49.7854,4.62767,-18.4852,-59.3258,9.52259,127.511,1.59781,62.8344,-28.6229,-125.506,10,6.95271e-310,-593.258,6.68183e-310,1275.11,1.4822e-323,628.344,5.23261e-310,-1255.06,49.4822,-586.081,47.5131,1290.68,48.2187,641.571,49.7854,-1250.43,50.8823,100.364,-190.296,-142.783,-106.893,-58.6741,136.454,186.239,
1.42053,1.26075,1.29712,1.4824,0,200,0,2.46609,5.30869,-10,-7.61992,-6.6187,-3.85069,8.20558,10,0,165.297,0,341.048,0,301.039,0,97.2351,49.4365,7.48526,47.616,15.255,48.1393,13.5134,49.8048,4.41402,-17.2308,-53.1437,8.31754,119.629,3.14055,69.2032,-29.7644,-130.338,10,6.95271e-310,-531.437,6.68183e-310,1196.29,1.4822e-323,692.032,5.23261e-310,-1303.38,49.4365,-523.952,47.616,1211.55,48.1393,705.546,49.8048,-1298.96,42.8884,92.325,-180.136,-132.52,-115.108,-66.9685,142.706,192.511,
1.41248,1.2677,1.29204,1.48638,0,200,0,1.91829,4.75734,-9.70853,-6.96458,-7.04174,-4.27772,8.52898,10,0,174.143,0,333.402,0,306.628,0,92.8585,49.3747,7.88256,47.7209,14.9237,48.07,13.7578,49.822,4.21583,-15.9405,-45.7762,7.5949,110.87,4.77244,74.9076,-31.3377,-134.683,10,6.95271e-310,-457.762,6.68183e-310,1108.7,1.4822e-323,749.076,5.23261e-310,-1346.83,49.3747,-449.88,47.7209,1123.62,48.07,762.833,49.822,-1342.62,33.3616,82.7364,-168.844,-121.123,-122.465,-74.3951,148.33,198.152,
1.4058,1.27459,1.28785,1.48927,0,200,0,1.43934,4.2753,-9.09751,-6.34771,-7.39704,-4.63636,8.75725,10,0,181.499,0,325.822,0,311.242,0,89.6815,49.3209,8.21255,47.8226,14.5945,48.0118,13.9594,49.8339,4.07192,-14.7025,-39.3329,6.65575,102.628,6.10449,79.6987,-32.3605,-137.75,10,6.95271e-310,-393.329,6.68183e-310,1026.28,1.4822e-323,796.987,5.23261e-310,-1377.5,49.3209,-385.117,47.8226,1040.87,48.0118,810.946,49.8339,-1373.43,25.032,74.353,-158.218,-110.395,-128.644,-80.6323,152.3,202.134,
1.39812,1.28156,1.28321,1.49188,0,200,0,0.916138,3.74838,-8.44474,-5.68916,-7.76016,-5.00323,8.99125,10,0,189.949,0,318.163,0,316.344,0,86.8076,49.2564,8.59119,47.9231,14.2612,47.9466,14.1819,49.8444,3.94171,-13.4191,-32.2939,5.64963,93.8241,7.4674,84.5959,-33.5598,-140.895,10,6.95271e-310,-322.939,6.68183e-310,938.241,1.4822e-323,845.959,5.23261e-310,-1408.95,49.2564,-314.348,47.9231,952.502,47.9466,860.141,49.8444,-1405.01,15.9328,65.1892,-146.865,-98.942,-134.959,-87.0127,156.37,206.214,
1.38939,1.28874,1.27986,1.49394,0,200,0,0.342446,3.17027,-7.75307,-4.99167,-8.0505,-5.29632,9.15805,10,0,199.546,0,310.267,0,320.035,0,84.5403,49.1796,9.02059,48.0242,13.9168,47.8987,14.3427,49.8524,3.83896,-12.1135,-24.5747,5.06211,84.4968,8.8057,88.5117,-34.9711,-143.136,10,6.95271e-310,-245.747,6.68183e-310,844.968,1.4822e-323,885.117,5.23261e-310,-1431.36,49.1796,-236.727,48.0242,858.885,47.8987,899.459,49.8524,-1427.52,5.95559,55.1351,-134.836,-86.8117,-140.009,-92.1099,159.27,209.123,
1.38215,1.29624,1.27612,1.49554,0,200,0,-0.170149,2.65385,-7.07849,-4.31118,-8.35259,-5.60152,9.29779,10,0,207.508,0,302.014,0,324.148,0,82.7869,49.113,9.37634,48.1272,13.5561,47.8448,14.5217,49.8585,3.75949,-10.7941,-17.6756,3.83182,75.4009,9.92974,92.5864,-35.8036,-145.014,10,6.95271e-310,-176.756,6.68183e-310,754.009,1.4822e-323,925.864,5.23261e-310,-1450.14,49.113,-167.38,48.1272,767.565,47.8448,940.386,49.8585,-1446.38,-2.95911,46.1539,-123.104,-74.977,-145.263,-97.4178,161.701,211.559,
1.37309,1.30337,1.27343,1.49679,0,200,0,-0.754555,2.06444,-6.37579,-3.60298,-8.5868,-5.83798,9.40271,10,0,217.474,0,294.171,0,327.101,0,81.4028,49.026,9.82091,48.2227,13.2126,47.8056,14.6501,49.8632,3.69675,-9.51247,-9.80958,3.24365,65.927,11.0887,95.7455,-37.2273,-146.424,10,6.95271e-310,-98.0958,6.68183e-310,659.27,1.4822e-323,957.455,5.23261e-310,-1464.24,49.026,-88.2748,48.2227,672.482,47.8056,972.105,49.8632,-1460.54,-13.1227,35.9033,-110.883,-62.6606,-149.336,-101.53,163.525,213.389,
1.36528,1.31255,1.2707,1.49779,0,200,0,-1.33562,1.47888,-5.58952,-2.80985,-8.84894,-6.10243,9.45668,10,0,226.069,0,284.073,0,330.107,0,80.3087,48.9478,10.2037,48.3419,12.7694,47.7654,14.7806,49.8668,3.64715,-8.01492,-1.98583,1.80215,55.3275,12.0995,99.2811,-37.8959,-147.148,10,6.95271e-310,-19.8583,6.68183e-310,553.275,1.4822e-323,992.811,5.23261e-310,-1471.48,48.9478,-9.6546,48.3419,566.045,47.7654,1007.59,49.8668,-1467.83,-23.2281,25.7196,-97.209,-48.867,-153.895,-106.129,164.464,214.331,
1.35549,1.32132,1.26858,1.49858,0,200,0,-1.99502,0.813602,-4.76966,-1.98367,-9.06538,-6.32068,9.49799,10,0,236.839,0,274.423,0,332.44,0,79.4386,48.8455,10.6824,48.4521,12.3448,47.7339,14.8819,49.8697,3.60771,-6.55871,6.89346,0.867305,44.2771,13.1421,102.2,-39.2481,-147.702,10,6.95271e-310,68.9346,6.68183e-310,442.771,1.4822e-323,1022,5.23261e-310,-1477.02,48.8455,79.617,48.4521,455.116,47.7339,1036.89,49.8697,-1473.41,-34.6959,14.1496,-82.9507,-34.4986,-157.659,-109.925,165.182,215.052,
1.34672,1.33038,1.26701,1.49899,0,200,0,-2.6173,0.185817,-3.96615,-1.17384,-9.2521,-6.50875,9.49077,10,0,246.489,0,264.457,0,334.167,0,78.9904,48.7499,11.1105,48.562,11.9053,47.7105,14.9569,49.8711,3.58739,-5.13575,15.2751,-0.303858,33.4485,13.9768,104.719,-40.2316,-147.603,10,6.95271e-310,152.751,6.68183e-310,334.485,1.4822e-323,1047.19,5.23261e-310,-1476.03,48.7499,163.861,48.562,346.391,47.7105,1062.14,49.8711,-1472.44,-45.5183,3.2316,-68.9766,-20.4146,-160.906,-113.196,165.057,214.928,
1.33877,1.33993,1.26547,1.49913,0,200,0,-3.21723,-0.419273,-3.15942,-0.3607,-9.43668,-6.69465,9.45689,10,0,255.229,0,253.951,0,335.854,0,78.8322,48.6601,11.4975,48.6735,11.4409,47.6875,15.03,49.8717,3.58021,-3.71364,23.3571,-1.87494,22.5785,14.6407,107.208,-40.8571,-147.146,10,6.95271e-310,233.571,6.68183e-310,225.785,1.4822e-323,1072.08,5.23261e-310,-1471.46,48.6601,245.069,48.6735,237.226,47.6875,1087.11,49.8717,-1467.88,-55.9518,-7.2917,-54.9465,-6.27305,-164.116,-116.429,164.468,214.339,
1.32958,1.34996,1.26456,1.49899,0,200,0,-3.88588,-1.09412,-2.28979,0.515388,-9.58701,-6.84577,9.38818,10,0,265.34,0,242.917,0,336.856,0,78.9904,48.5524,11.9443,48.7858,10.9521,47.6738,15.0734,49.8711,3.58739,-2.24921,32.3665,-3.31978,10.8627,15.2618,109.235,-41.7876,-146.22,10,6.95271e-310,323.665,6.68183e-310,108.627,1.4822e-323,1092.35,5.23261e-310,-1462.2,48.5524,335.609,48.7858,119.58,47.6738,1107.43,49.8711,-1458.61,-67.5806,-19.0282,-39.8225,8.96327,-166.731,-119.057,163.273,213.144,
1.32221,1.35973,1.26386,1.49851,0,200,0,-4.46885,-1.68223,-1.49286,1.31834,-9.71672,-6.97609,9.28974,10,0,273.448,0,232.173,0,337.634,0,79.5177,48.463,12.3018,48.8904,10.4751,47.6631,15.1071,49.8694,3.61129,-0.909997,40.2227,-5.07283,0.128625,15.6374,110.984,-42.1655,-144.895,10,6.95271e-310,402.227,6.68183e-310,1.28625,1.4822e-323,1109.84,5.23261e-310,-1448.95,48.463,414.529,48.8904,11.7614,47.6631,1124.95,49.8694,-1445.34,-77.7192,-29.2561,-25.9628,22.9276,-168.986,-121.323,161.561,211.43,
1.31344,1.36947,1.26348,1.49735,0,200,0,-5.10908,-2.32876,-0.64925,2.16768,-9.80479,-7.06448,9.1542,10,0,283.093,0,221.455,0,338.043,0,80.7964,48.3533,12.7263,48.9901,9.99829,47.6575,15.1249,49.8652,3.66926,0.474739,48.852,-6.70663,-11.2327,15.9728,112.172,-42.8481,-143.072,10,6.95271e-310,488.52,6.68183e-310,-112.327,1.4822e-323,1121.72,5.23261e-310,-1430.72,48.3533,501.246,48.9901,-102.329,47.6575,1136.84,49.8652,-1427.05,-88.8535,-40.5002,-11.2913,37.6988,-170.518,-122.86,159.203,209.069,
1.30569,1.37869,1.2634,1.49513,0,200,0,-5.68393,-2.90936,0.140991,2.9631,-9.84051,-7.10028,8.95885,10,0,291.613,0,211.318,0,338.135,0,83.2353,48.2533,13.1004,49.0802,9.54638,47.6562,15.1289,49.8569,3.77981,1.82242,56.6012,-8.49502,-21.8735,16.1197,112.653,-43.0301,-140.447,10,6.95271e-310,566.012,6.68183e-310,-218.735,1.4822e-323,1126.53,5.23261e-310,-1404.47,48.2533,579.113,49.0802,-209.189,47.6562,1141.66,49.8569,-1400.69,-98.8509,-50.5976,2.45202,51.5322,-171.139,-123.483,155.806,205.663,
1.29829,1.38771,1.26366,1.49271,0,200,0,-6.23978,-3.47088,0.907062,3.73401,-9.85135,-7.11088,8.74294,10,0,299.76,0,201.391,0,337.845,0,85.8981,48.1549,13.4574,49.1644,9.1031,47.6602,15.1163,49.8476,3.90049,3.09458,64.0957,-10.2908,-32.1871,16.1483,112.799,-43.1492,-137.546,10,6.95271e-310,640.957,6.68183e-310,-321.871,1.4822e-323,1127.99,5.23261e-310,-1375.46,48.1549,654.414,49.1644,-312.768,47.6602,1143.11,49.8476,-1371.56,-108.518,-60.3631,15.775,64.9393,-171.328,-123.668,152.051,201.899,
1.29116,1.39662,1.26434,1.48914,0,200,0,-6.77269,-4.00937,1.66694,4.49844,-9.80557,-7.06453,8.45677,10,0,307.604,0,191.597,0,337.107,0,89.8265,48.0577,13.8005,49.2435,8.66496,47.6704,15.0843,49.8334,4.07849,4.4018,71.2816,-12.2004,-42.4158,16.0339,112.181,-42.9063,-133.701,10,6.95271e-310,712.816,6.68183e-310,-424.158,1.4822e-323,1121.81,5.23261e-310,-1337.01,48.0577,726.617,49.2435,-415.493,47.6704,1136.9,49.8334,-1332.93,-117.786,-69.7281,28.9903,78.2337,-170.532,-122.861,147.074,196.908,
1.28418,1.40547,1.26568,1.4855,0,200,0,-7.29991,-4.54219,2.41275,5.24855,-9.72707,-6.98486,8.14548,10,0,315.276,0,181.855,0,335.63,0,93.8209,47.9603,14.1353,49.3183,8.22852,47.6906,15.0203,49.8182,4.25942,5.6224,78.3919,-13.9931,-52.4534,15.8115,111.122,-42.7052,-129.517,10,6.95271e-310,783.919,6.68183e-310,-524.534,1.4822e-323,1111.22,5.23261e-310,-1295.17,47.9603,798.054,49.3183,-516.305,47.6906,1126.24,49.8182,-1290.91,-126.955,-78.9946,41.9609,91.2792,-169.166,-121.476,141.66,191.479,
1.27757,1.41435,1.26752,1.48148,0,200,0,-7.81136,-5.05908,3.14743,5.98732,-9.61369,-6.8699,7.79592,10,0,322.553,0,172.086,0,333.6,0,98.2502,47.8658,14.4523,49.3894,7.79023,47.7182,14.9323,49.8007,4.45998,6.79465,85.2904,-15.8116,-62.3392,15.4616,109.592,-42.3463,-124.819,10,6.95271e-310,852.904,6.68183e-310,-623.392,1.4822e-323,1095.92,5.23261e-310,-1248.19,47.8658,867.356,49.3894,-615.602,47.7182,1110.85,49.8007,-1243.73,-135.85,-87.9841,54.7378,104.127,-167.195,-119.476,135.581,185.382,
1.2713,1.42327,1.27038,1.47702,0,200,0,-8.30818,-5.56116,3.86942,6.71319,-9.44261,-6.69638,7.38968,10,0,329.447,0,162.278,0,330.463,0,103.154,47.7742,14.752,49.4569,7.34956,47.7606,14.7961,49.7803,4.68196,7.89852,91.9921,-17.4854,-72.0526,14.9742,107.283,-41.86,-119.358,10,6.95271e-310,919.921,6.68183e-310,-720.526,1.4822e-323,1072.83,5.23261e-310,-1193.58,47.7742,934.673,49.4569,-713.176,47.7606,1087.63,49.7803,-1188.9,-144.49,-96.7159,67.2943,116.751,-164.219,-116.459,128.516,178.296,
1.2713,1.42327,1.27038,1.47702,0,200,0,-8.30818,-5.56116,3.86942,6.71319,-9.44261,-6.69638,7.38968,10,0,329.447,0,162.278,0,330.463,0,103.154,47.7742,14.752,49.4569,7.34956,47.7606,14.7961,49.7803,4.68196,7.89852,91.9921,-17.4854,-72.0526,14.9742,107.283,-41.86,-119.358,10,6.95271e-310,919.921,6.68183e-310,-720.526,1.4822e-323,1072.83,5.23261e-310,-1193.58,47.7742,934.673,49.4569,-713.176,47.7606,1087.63,49.7803,-1188.9,-144.49,-96.7159,67.2943,116.751,-164.219,-116.459,128.516,178.296,
1.24159,1.46731,1.29458,1.44152,0,200,0,-10,-7.88919,7.47372,10,-7.72613,-4.96011,4.35758,7.20859,0,362.127,0,113.832,0,303.834,0,142.201,47.315,16.1646,49.7325,5.16496,48.1048,13.6357,49.5828,6.4457,12.9462,123.051,-25.9009,-120.521,10.337,84.1306,-36.8854,-78.5904,10,6.95271e-310,1230.51,6.68183e-310,-1205.21,1.4822e-323,841.306,5.23261e-310,-785.904,47.315,1246.67,49.7325,-1200.04,48.1048,854.942,49.5828,-779.459,-184.518,-137.203,129.978,179.71,-134.367,-86.2627,75.7839,125.367,
1.24057,1.46949,1.29617,1.43944,0,200,0,-10,-7.98239,7.6381,10,-7.61463,-4.84737,4.17532,7.02555,0,363.248,0,111.433,0,302.094,0,144.495,47.2985,16.2128,49.7437,5.05647,48.1263,13.5596,49.5692,6.54908,13.1267,124.296,-26.343,-122.73,10.0036,82.6271,-36.4795,-76.139,10,6.95271e-310,1242.96,6.68183e-310,-1227.3,1.4822e-323,826.271,5.23261e-310,-761.39,47.2985,1259.17,49.7437,-1222.24,48.1263,839.83,49.5692,-754.841,-186.123,-138.824,132.836,182.58,-132.428,-84.302,72.6142,122.183,
1.23761,1.47382,1.30153,1.43232,0,200,0,-10,-8.18014,8.02123,10,-7.20555,-4.43414,3.59082,6.4383,0,366.504,0,106.674,0,296.188,0,152.325,47.2503,16.3527,49.7651,4.84122,48.1984,13.301,49.5214,6.90177,13.5939,126.928,-26.9146,-127.88,9.10807,77.1113,-35.3958,-68.2777,10,6.95271e-310,1269.28,6.68183e-310,-1278.8,1.4822e-323,771.113,5.23261e-310,-682.777,47.2503,1285.64,49.7651,-1273.96,48.1984,784.414,49.5214,-675.876,-189.514,-142.263,139.5,189.265,-125.314,-77.1155,62.4491,111.97,
1.23506,1.47804,1.30729,1.42461,0,200,0,-10,-8.35012,8.39102,10,-6.76247,-3.98671,2.96109,5.80542,0,369.312,0,102.034,0,289.86,0,160.802,47.2084,16.4733,49.7851,4.63125,48.2741,13.0235,49.4667,7.28317,14.0045,129.191,-27.4977,-132.851,8.11505,71.1377,-34.1183,-59.807,10,6.95271e-310,1291.91,6.68183e-310,-1328.51,1.4822e-323,711.377,5.23261e-310,-598.07,47.2084,1308.38,49.7851,-1323.88,48.2741,724.401,49.4667,-590.787,-192.428,-145.22,145.931,195.716,-117.608,-69.334,51.4972,100.964,
1.23288,1.48199,1.31345,1.41639,0,200,0,-10,-8.48945,8.7397,10,-6.28538,-3.50506,2.29077,5.13156,0,371.711,0,97.6833,0,283.084,0,169.845,47.1723,16.5762,49.803,4.43432,48.3534,12.7259,49.4052,7.6896,14.3381,131.045,-28.0226,-137.538,7.03974,64.7065,-32.7171,-50.789,10,6.95271e-310,1310.45,6.68183e-310,-1375.38,1.4822e-323,647.065,5.23261e-310,-507.89,47.1723,1327.02,49.803,-1370.95,48.3534,659.791,49.4052,-500.201,-194.815,-147.643,151.995,201.798,-109.311,-60.9576,39.8394,89.2446,
1.23114,1.48562,1.31997,1.40785,0,200,0,-10,-8.5948,9.05972,10,-5.78197,-2.99694,1.59142,4.42834,0,373.623,0,93.6891,0,275.913,0,179.244,47.1435,16.6582,49.8188,4.25345,48.4353,12.4104,49.3377,8.11147,14.5724,132.445,-28.4604,-141.839,5.89845,57.9212,-31.2337,-41.3791,10,6.95271e-310,1324.45,6.68183e-310,-1418.39,1.4822e-323,579.212,5.23261e-310,-413.791,47.1435,1341.11,49.8188,-1414.14,48.4353,591.622,49.3377,-405.68,-196.618,-149.475,157.56,207.379,-100.556,-52.1206,27.677,77.0146,
1.22986,1.48831,1.32687,1.3996,0,200,0,-10,-8.65315,9.31052,10,-5.26372,-2.47383,0.903119,3.73609,0,375.033,0,90.7362,0,268.32,0,188.314,47.1221,16.7186,49.83,4.1197,48.5199,12.0758,49.2691,8.51798,14.6545,133.217,-28.4913,-145.211,4.80851,50.9368,-29.9307,-32.116,10,6.95271e-310,1332.17,6.68183e-310,-1452.11,1.4822e-323,509.368,5.23261e-310,-321.16,47.1221,1348.89,49.83,-1447.99,48.5199,521.444,49.2691,-312.642,-197.612,-150.49,161.922,211.752,-91.543,-43.0231,15.7064,64.9755,
1.22889,1.49059,1.33423,1.38952,0,200,0,-10,-8.66217,9.55292,10,-4.67112,-1.87619,0.103336,2.93123,0,376.101,0,88.2314,0,260.225,0,199.401,47.1058,16.7644,49.8392,4.00622,48.6074,11.7184,49.1807,9.01411,14.6939,133.328,-28.6253,-148.47,3.52132,42.9513,-28.2199,-21.3517,10,6.95271e-310,1333.28,6.68183e-310,-1484.7,1.4822e-323,429.513,5.23261e-310,-213.517,47.1058,1350.04,49.8392,-1480.7,48.6074,441.232,49.1807,-204.503,-197.752,-150.646,166.138,215.977,-81.2368,-32.6294,1.79715,50.9779,
1.22826,1.49271,1.34183,1.38034,0,200,0,-10,-8.66039,9.76266,10,-4.09528,-1.29532,-0.658678,2.16434,0,376.786,0,85.8981,0,251.868,0,209.499,47.0953,16.7937,49.8476,3.90049,48.695,11.3488,49.0959,9.4652,14.5666,133.297,-28.5628,-151.29,2.25998,35.1931,-26.7868,-11.0934,10,6.95271e-310,1332.97,6.68183e-310,-1512.9,1.4822e-323,351.931,5.23261e-310,-110.934,47.0953,1349.76,49.8476,-1509,48.695,363.28,49.0959,-101.468,-197.711,-150.615,169.785,219.633,-71.2223,-22.5273,-11.4553,37.6407,
1.22792,1.49443,1.34951,1.37115,0,200,0,-10,-8.63216,9.9431,10,-3.51444,-0.709543,-1.42288,1.39502,0,377.169,0,83.9997,0,243.418,0,219.61,47.0895,16.8101,49.8543,3.81446,48.7808,10.9744,49.0069,9.91608,14.3269,132.913,-28.418,-153.716,0.973383,27.3685,-25.4185,-0.803832,10,6.95271e-310,1329.13,6.68183e-310,-1537.16,1.4822e-323,273.685,5.23261e-310,-8.03832,47.0895,1345.94,49.8543,-1533.34,48.7808,284.66,49.0069,1.87776,-197.214,-150.124,172.924,222.778,-61.1207,-12.3399,-24.7457,24.2611,
1.22792,1.49532,1.35791,1.36215,0,200,0,-10,-8.56462,10,10,-2.90208,-0.091979,-2.19291,0.619734,0,377.169,0,83.0243,0,234.176,0,229.51,47.0895,16.8101,49.8576,3.77025,48.8712,10.5642,48.9156,10.3567,13.9075,132.002,-27.8204,-155.323,-0.282491,19.1209,-24.2963,9.56619,10,6.95271e-310,1320.02,6.68183e-310,-1553.23,1.4822e-323,191.209,5.23261e-310,95.6619,47.0895,1336.83,49.8576,-1549.46,48.8712,201.773,48.9156,106.019,-196.039,-148.95,175.002,224.859,-50.4709,-1.59963,-38.1376,10.778,
1.22825,1.49586,1.36455,1.35333,0,200,0,-10,-8.46739,10,10,-2.37215,0.441915,-2.89679,-0.0894994,0,376.8,0,82.431,0,226.873,0,239.212,47.0951,16.7943,49.8597,3.74336,48.9403,10.2395,48.8224,10.7878,13.526,130.696,-27.6577,-156.66,-1.50507,11.9842,-22.9613,19.0462,10,6.95271e-310,1306.96,6.68183e-310,-1566.6,1.4822e-323,119.842,5.23261e-310,190.462,47.0951,1323.75,49.8597,-1562.85,48.9403,130.081,48.8224,201.25,-194.354,-147.259,176.729,226.589,-41.2548,7.68547,-50.3789,-1.55651,
1.22907,1.49607,1.37273,1.34458,0,200,0,-10,-8.34256,10,10,-1.77554,1.04325,-3.64655,-0.844801,0,375.903,0,82.1938,0,217.87,0,248.836,47.1088,16.7559,49.8605,3.73261,49.0225,9.83854,48.7261,11.2145,12.9035,129.022,-27.0056,-157.42,-2.77941,3.95115,-21.8596,29.1464,10,6.95271e-310,1290.22,6.68183e-310,-1574.2,1.4822e-323,39.5115,5.23261e-310,291.464,47.1088,1306.98,49.8605,-1570.47,49.0225,49.35,48.7261,302.678,-192.197,-145.088,177.711,227.572,-30.879,18.1435,-63.4183,-14.6922,
1.23055,1.49603,1.3791,1.33552,0,200,0,-10,-8.16902,10,10,-1.25245,1.56989,-4.35973,-1.56394,0,374.269,0,82.2465,0,210.87,0,258.802,47.1337,16.6859,49.8603,3.735,49.0841,9.52638,48.6225,11.6555,12.3313,126.7,-26.9154,-157.927,-4.09049,-3.09188,-20.2565,38.7548,10,6.95271e-310,1267,6.68183e-310,-1579.27,1.4822e-323,-30.9188,5.23261e-310,387.548,47.1337,1283.69,49.8603,-1575.53,49.0841,-21.3924,48.6225,399.204,-189.204,-142.07,178.364,228.224,-21.7817,27.3024,-75.8214,-27.1989,
1.23275,1.49562,1.38625,1.32609,0,200,0,-10,-7.94855,10,10,-0.684855,2.14133,-5.12154,-2.33219,0,371.856,0,82.6947,0,202.999,0,269.176,47.1701,16.5825,49.8588,3.75531,49.151,9.17496,48.5104,12.1135,11.5648,123.753,-26.6337,-157.882,-5.50093,-10.7329,-18.5894,49.0203,10,6.95271e-310,1237.53,6.68183e-310,-1578.82,1.4822e-323,-107.329,5.23261e-310,490.203,47.1701,1254.11,49.8588,-1575.06,49.151,-98.1536,48.5104,502.317,-185.406,-138.236,178.305,228.164,-11.9105,37.2405,-89.0703,-40.5598,
1.23553,1.49479,1.39347,1.31683,0,200,0,-10,-7.69005,10,10,-0.118947,2.71097,-5.87744,-3.09466,0,368.798,0,83.6043,0,195.064,0,279.367,47.2161,16.4512,49.8557,3.79654,49.2159,8.82013,48.3961,12.5624,10.6676,120.3,-26.2446,-157.256,-6.91929,-18.35,-16.9166,59.2079,10,6.95271e-310,1203,6.68183e-310,-1572.56,1.4822e-323,-183.5,5.23261e-310,592.079,47.2161,1219.45,49.8557,-1568.76,49.2159,-174.68,48.3961,604.642,-180.956,-133.74,177.493,227.349,-2.06865,47.1473,-102.216,-53.8202,
1.23877,1.49278,1.4006,1.30816,0,200,0,-10,-7.38067,10,10,0.435796,3.26925,-6.58707,-3.81065,0,365.225,0,85.819,0,187.22,0,288.898,47.2692,16.2978,49.8479,3.89691,49.2775,8.46897,48.2855,12.9813,9.65168,116.166,-25.4376,-155.501,-8.20292,-25.8157,-15.4374,68.7734,10,6.95271e-310,1161.66,6.68183e-310,-1555.01,1.4822e-323,-258.157,5.23261e-310,687.734,47.2692,1177.95,49.8479,-1551.11,49.2775,-249.688,48.2855,700.716,-175.629,-128.36,175.219,225.067,7.57906,56.8566,-114.558,-66.2722,
1.2424,1.49021,1.40777,1.29993,0,200,0,-9.76414,-7.04278,9.89646,10,0.984071,3.82095,-7.27127,-4.5011,0,361.231,0,88.64,0,179.324,0,297.954,47.3281,16.1261,49.8378,4.02473,49.3371,8.11501,48.177,13.3784,8.52223,111.651,-24.4259,-153.102,-9.43914,-33.1932,-14.0884,77.9977,10,6.95271e-310,1116.51,6.68183e-310,-1531.02,1.4822e-323,-331.932,5.23261e-310,779.977,47.3281,1132.64,49.8378,-1526.99,49.3371,-323.817,48.177,793.355,-169.811,-122.483,172.112,221.95,17.1143,66.4514,-126.457,-78.28,
1.2465,1.48757,1.41453,1.29206,0,200,0,-9.41039,-6.68525,9.69528,10,1.50228,4.34225,-7.92679,-5.16275,0,356.722,0,91.5535,0,171.888,0,306.615,47.3938,15.9319,49.8269,4.15672,49.3908,7.78135,48.0701,13.7573,7.33911,106.877,-23.5086,-150.399,-10.6705,-40.1652,-12.6717,86.8364,10,6.95271e-310,1068.77,6.68183e-310,-1503.99,1.4822e-323,-401.652,5.23261e-310,868.364,47.3938,1084.71,49.8269,-1499.83,49.3908,-393.871,48.0701,882.121,-163.659,-116.265,168.614,218.44,26.1266,75.5174,-137.857,-89.787,
1.25099,1.48385,1.4221,1.28455,0,200,0,-9.01492,-6.2857,9.41416,10,2.0556,4.89887,-8.57529,-5.81727,0,351.792,0,95.64,0,163.57,0,314.867,47.4647,15.7194,49.8111,4.3418,49.4482,7.40764,47.9656,14.1175,5.95256,101.541,-22.0413,-146.623,-11.8391,-47.6079,-11.5808,95.5816,10,6.95271e-310,1015.41,6.68183e-310,-1466.23,1.4822e-323,-476.079,5.23261e-310,955.816,47.4647,1031.13,49.8111,-1461.88,49.4482,-468.671,47.9656,969.933,-156.781,-109.316,163.725,213.536,35.7496,85.1978,-149.135,-101.17,
1.25595,1.47991,1.42806,1.27766,0,200,0,-8.59549,-5.86182,9.10742,10,2.52196,5.36772,-9.14296,-6.3906,0,346.335,0,99.9772,0,157.005,0,322.447,47.5421,15.4837,49.7936,4.53816,49.4916,7.1124,47.8671,14.4477,4.65713,95.8814,-20.863,-142.501,-12.9183,-53.8809,-10.2252,103.238,10,6.95271e-310,958.814,6.68183e-310,-1425.01,1.4822e-323,-538.809,5.23261e-310,1032.38,47.5421,974.297,49.7936,-1420.47,49.4916,-531.696,47.8671,1046.83,-149.487,-101.945,158.39,208.184,43.8602,93.3517,-159.008,-111.141,
1.26127,1.4755,1.43546,1.27117,0,200,0,-8.15817,-5.4198,8.74593,10,3.04613,5.89484,-9.72808,-6.98117,0,340.481,0,104.828,0,148.872,0,329.592,47.6239,15.2305,49.7731,4.75772,49.5428,6.74625,47.7723,14.7583,3.11024,89.9806,-19.2024,-137.643,-14.0082,-60.929,-9.2729,111.13,10,6.95271e-310,899.806,6.68183e-310,-1376.43,1.4822e-323,-609.29,5.23261e-310,1111.3,47.6239,915.037,49.7731,-1371.67,49.5428,-602.544,47.7723,1126.06,-141.881,-94.2573,152.103,201.876,52.9762,102.519,-169.184,-121.412,
1.26688,1.47045,1.441,1.26528,0,200,0,-7.69161,-4.94837,8.34591,10,3.47662,6.32743,-10,-7.47493,0,334.312,0,110.378,0,142.781,0,336.065,47.7085,14.9631,49.7485,5.00878,49.5794,6.47185,47.6846,15.0392,1.69868,83.6862,-17.7341,-132.267,-14.961,-66.7179,-8.08268,117.723,10,6.95271e-310,836.862,6.68183e-310,-1322.67,1.4822e-323,-667.179,5.23261e-310,1177.23,47.7085,851.825,49.7485,-1317.66,49.5794,-660.707,47.6846,1192.27,-133.767,-86.0586,145.146,194.895,60.4629,110.042,-177.683,-129.999,
1.27276,1.46567,1.4469,1.2599,0,200,0,-7.23189,-4.48364,7.9381,10,3.90785,6.76082,-10,-7.95712,0,327.839,0,115.638,0,136.282,0,341.984,47.7958,14.6822,49.724,5.2466,49.6168,6.17881,47.603,15.2955,0.204022,77.4843,-16.2617,-126.785,-15.9296,-72.5154,-7.02342,124.165,10,6.95271e-310,774.843,6.68183e-310,-1267.85,1.4822e-323,-725.154,5.23261e-310,1241.65,47.7958,789.525,49.724,-1262.6,49.6168,-718.976,47.603,1256.94,-125.772,-77.9763,138.054,187.778,67.9627,117.579,-185.988,-138.385,
1.27885,1.45908,1.4524,1.25506,0,200,0,-6.7154,-3.96206,7.42154,10,4.32676,7.18163,-10,-8.37114,0,321.142,0,122.889,0,130.231,0,347.31,47.8843,14.3909,49.6883,5.57424,49.65,5.90578,47.5284,15.5258,-1.36641,70.5177,-14.2647,-119.841,-16.7408,-78.1471,-6.17449,129.693,10,6.95271e-310,705.177,6.68183e-310,-1198.41,1.4822e-323,-781.471,5.23261e-310,1296.93,47.8843,719.568,49.6883,-1192.84,49.65,-775.566,47.5284,1312.46,-116.79,-68.9054,129.07,178.759,75.248,124.898,-193.113,-145.585,
1.28543,1.4531,1.45738,1.25061,0,200,0,-6.20239,-3.44366,6.91721,9.77232,4.70426,7.56079,-10,-8.76043,0,313.905,0,129.467,0,124.761,0,352.201,47.9779,14.0755,49.6541,5.87128,49.6787,5.65878,47.4589,15.737,-2.90491,63.5984,-12.628,-113.06,-17.594,-83.2216,-5.11574,134.892,10,6.95271e-310,635.984,6.68183e-310,-1130.6,1.4822e-323,-832.216,5.23261e-310,1348.92,47.9779,650.059,49.6541,-1124.73,49.6787,-826.557,47.4589,1364.66,-107.868,-59.8897,120.299,169.953,81.8132,131.492,-199.814,-152.355,
1.29244,1.44547,1.46212,1.24662,0,200,0,-5.62828,-2.86395,6.30321,9.15566,5.07832,7.93636,-10,-9.09559,0,306.193,0,137.864,0,119.54,0,356.591,48.0754,13.7388,49.6078,6.25016,49.705,5.42296,47.3957,15.9263,-4.5598,55.8564,-10.5355,-104.804,-18.3588,-88.2499,-4.1982,139.366,10,6.95271e-310,558.564,6.68183e-310,-1048.04,1.4822e-323,-882.499,5.23261e-310,1393.66,48.0754,572.302,49.6078,-1041.79,49.705,-877.076,47.3957,1409.59,-97.8832,-49.8078,109.621,159.229,88.3186,138.024,-205.58,-158.184,
1.30029,1.43796,1.46557,1.24324,0,200,0,-5.0284,-2.25795,5.66806,8.51774,5.37567,8.23477,-10,-9.36762,0,297.559,0,146.116,0,115.744,0,360.308,48.1818,13.361,49.5595,6.62214,49.7235,5.25137,47.3416,16.0863,-6.10591,47.7675,-8.81456,-96.2622,-19.099,-92.2477,-2.87061,142.995,10,6.95271e-310,477.675,6.68183e-310,-962.622,1.4822e-323,-922.477,5.23261e-310,1429.95,48.1818,491.036,49.5595,-956,49.7235,-917.226,47.3416,1446.04,-87.4504,-39.2686,98.575,148.135,93.49,143.213,-210.257,-162.915,
1.30698,1.43044,1.46905,1.24028,0,200,0,-4.4858,-1.71027,5.06002,7.90675,5.66814,8.52827,-10,-9.60191,0,290.203,0,154.395,0,111.921,0,363.564,48.27,13.0385,49.5083,6.99494,49.7414,5.07853,47.2938,16.2264,-7.62897,40.4523,-6.9687,-88.0842,-19.7883,-96.1793,-2.03633,146.121,10,6.95271e-310,404.523,6.68183e-310,-880.842,1.4822e-323,-961.793,5.23261e-310,1461.21,48.27,417.562,49.5083,-873.847,49.7414,-956.714,47.2938,1477.43,-78.0139,-29.7439,88.0003,137.509,98.5763,148.318,-214.283,-166.99,
1.31469,1.42267,1.47233,1.23793,0,200,0,-3.90334,-1.12211,4.39472,7.23823,5.93844,8.79951,-10,-9.80107,0,281.713,0,162.938,0,108.309,0,366.148,48.3692,12.6656,49.4525,7.3792,49.7578,4.91516,47.2556,16.3375,-9.2006,32.6006,-5.17401,-79.1339,-20.4834,-99.8125,-1.03557,148.779,10,6.95271e-310,326.006,6.68183e-310,-791.339,1.4822e-323,-998.125,5.23261e-310,1487.79,48.3692,338.672,49.4525,-783.96,49.7578,-993.21,47.2556,1504.13,-67.8842,-19.515,76.4298,125.882,103.277,153.035,-217.709,-170.453,
1.32344,1.41453,1.4746,1.23601,0,200,0,-3.26966,-0.482162,3.67612,6.51609,6.15385,9.01556,-10,-9.95111,0,272.09,0,171.888,0,105.817,0,368.27,48.4782,12.242,49.3908,7.78135,49.7688,4.80245,47.2239,16.4286,-10.7413,24.0598,-3.60883,-69.4648,-21.1952,-102.709,0.338021,150.78,10,6.95271e-310,240.598,6.68183e-310,-694.648,1.4822e-323,-1027.09,5.23261e-310,1507.8,48.4782,252.84,49.3908,-686.867,49.7688,-1022.29,47.2239,1524.23,-56.8636,-8.38542,63.9325,113.323,107.023,156.792,-220.287,-173.063,
1.33099,1.40621,1.47692,1.23441,0,200,0,-2.68925,0.103482,2.97733,5.81347,6.37091,9.23325,-10,-10,0,263.785,0,181.05,0,103.26,0,370.024,48.5692,11.8756,49.3243,8.19246,49.7799,4.68673,47.1977,16.5039,-12.2743,16.2383,-1.86704,-60.0616,-21.8642,-105.627,1.21373,152.304,10,6.95271e-310,162.383,6.68183e-310,-600.616,1.4822e-323,-1056.27,5.23261e-310,1523.04,48.5692,174.258,49.3243,-592.424,49.7799,-1051.58,47.1977,1539.55,-46.7695,1.79969,51.7796,101.104,110.798,160.578,-222.25,-175.053,
1.34052,1.39766,1.47847,1.23318,0,200,0,-2.02203,0.777075,2.20214,5.03416,6.54003,9.40278,-10,-10,0,253.305,0,190.45,0,101.559,0,371.381,48.6802,11.4124,49.2525,8.61362,49.787,4.60977,47.1773,16.5621,-13.8466,7.2487,-0.509133,-49.6277,-22.6454,-107.902,2.68414,153.489,10,6.95271e-310,72.487,6.68183e-310,-496.277,1.4822e-323,-1079.02,5.23261e-310,1534.89,48.6802,83.8994,49.2525,-487.663,49.787,-1074.41,47.1773,1551.45,-35.1658,13.5144,38.2981,87.5506,113.74,163.527,-223.776,-176.598,
1.34852,1.38882,1.47988,1.23231,0,200,0,-1.4189,1.38537,1.45229,4.27982,6.70432,9.56745,-10,-10,0,244.499,0,200.178,0,100.004,0,372.331,48.77,11.0223,49.1744,9.04888,49.7935,4.53936,47.163,16.6028,-15.3777,-0.876218,1.07147,-39.5343,-23.3496,-110.111,3.60699,154.014,10,6.95271e-310,-8.76218,6.68183e-310,-395.343,1.4822e-323,-1101.11,5.23261e-310,1540.14,48.77,2.26011,49.1744,-386.294,49.7935,-1096.58,47.163,1556.74,-24.6766,24.0934,25.2573,74.4316,116.597,166.39,-224.451,-177.288,
1.35827,1.37974,1.48071,1.23175,0,200,0,-0.738791,2.07152,0.632782,3.45547,6.83122,9.69456,-10,-10,0,233.781,0,210.158,0,99.0939,0,372.95,48.875,10.5466,49.0902,9.49462,49.7973,4.49818,47.1536,16.6294,-16.9716,-10.0361,2.29338,-28.5007,-24.1914,-111.819,4.99237,154.281,10,6.95271e-310,-100.361,6.68183e-310,-285.007,1.4822e-323,-1118.19,5.23261e-310,1542.81,48.875,-89.8146,49.0902,-275.513,49.7973,-1113.69,47.1536,1559.44,-12.8485,36.0265,11.0049,60.0951,118.804,168.601,-224.795,-177.641,
1.36608,1.37001,1.48142,1.23153,0,200,0,-0.130895,2.68407,-0.168946,2.6483,6.96168,9.8252,-10,-10,0,225.186,0,220.862,0,98.3161,0,373.188,48.956,10.1644,48.9955,9.97187,49.8004,4.46297,47.15,16.6395,-18.5523,-18.2226,3.90744,-17.7059,-24.9367,-113.575,5.70222,153.758,10,6.95271e-310,-182.226,6.68183e-310,-177.059,1.4822e-323,-1135.75,5.23261e-310,1537.58,48.956,-172.062,48.9955,-167.087,49.8004,-1131.29,47.15,1554.22,-2.27644,46.6795,-2.93818,46.0573,121.073,170.873,-224.119,-176.969,
1.37457,1.36023,1.48179,1.23164,0,200,0,0.500686,3.32051,-0.999159,1.81234,7.06807,9.93169,-10,-10,0,215.853,0,231.619,0,97.9074,0,373.069,49.0404,9.74864,48.8957,10.4505,49.8021,4.44446,47.1518,16.6344,-20.1599,-26.7264,5.30358,-6.5252,-25.7642,-115.008,6.54349,152.923,10,6.95271e-310,-267.264,6.68183e-310,-65.252,1.4822e-323,-1150.08,5.23261e-310,1529.23,49.0404,-257.515,48.8957,-54.8014,49.8021,-1145.64,47.1518,1545.86,8.70758,57.748,-17.3767,31.519,122.923,172.725,-223.042,-175.891,
1.38358,1.35013,1.48191,1.23222,0,200,0,1.15446,3.97922,-1.87199,0.933294,7.15529,10,-10,-10,0,205.939,0,242.732,0,97.7756,0,372.436,49.1263,9.30629,48.7876,10.944,49.8026,4.4385,47.1614,16.6073,-21.8166,-35.5271,6.60118,5.23162,-26.6549,-116.183,7.38917,151.605,10,6.95271e-310,-355.271,6.68183e-310,52.3162,1.4822e-323,-1161.83,5.23261e-310,1516.05,49.1263,-345.965,48.7876,63.2601,49.8026,-1157.39,47.1614,1532.66,20.0775,69.2038,-32.5564,16.2312,124.44,174.242,-221.343,-174.182,
1.39178,1.34108,1.48175,1.23327,0,200,0,1.73537,4.56442,-2.66584,0.13364,7.20959,10,-10,-9.88749,0,196.922,0,252.685,0,97.947,0,371.276,49.2009,8.90328,48.6866,11.3849,49.8019,4.44626,47.1789,16.5576,-23.2706,-43.3454,7.6632,15.9263,-27.4498,-116.916,8.08567,149.892,10,6.95271e-310,-433.454,6.68183e-310,159.263,1.4822e-323,-1169.16,5.23261e-310,1498.92,49.2009,-424.551,48.6866,170.648,49.8019,-1164.71,47.1789,1515.48,30.1803,79.3812,-46.3624,2.32418,125.384,175.186,-219.135,-171.956,
1.39973,1.32995,1.48125,1.23542,0,200,0,2.34189,5.17493,-3.58987,-0.797853,7.2552,10,-10,-9.64286,0,188.169,0,264.932,0,98.5006,0,368.916,49.2702,8.51149,48.5568,11.9263,49.7997,4.47132,47.2143,16.4563,-24.8858,-51.508,9.28834,28.3768,-28.198,-117.532,8.30392,146.619,10,6.95271e-310,-515.08,6.68183e-310,283.768,1.4822e-323,-1175.32,5.23261e-310,1466.19,49.2702,-506.568,48.5568,295.694,49.7997,-1170.85,47.2143,1482.64,40.7285,89.9987,-62.4325,-13.8757,126.177,175.977,-214.916,-167.702,
1.40745,1.31988,1.48026,1.23801,0,200,0,2.90207,5.7388,-4.44935,-1.66438,7.25607,10,-10,-9.37153,0,179.679,0,276.005,0,99.5948,0,366.069,49.3344,8.13098,48.4343,12.4145,49.7952,4.52085,47.2567,16.3341,-26.2992,-59.0451,10.5372,39.9598,-28.8852,-117.547,8.57554,142.99,10,6.95271e-310,-590.451,6.68183e-310,399.598,1.4822e-323,-1175.47,5.23261e-310,1429.9,49.3344,-582.32,48.4343,412.012,49.7952,-1170.95,47.2567,1446.24,50.4708,99.8052,-77.38,-28.9457,126.192,175.988,-210.24,-162.983,
1.41429,1.31007,1.47855,1.24073,0,200,0,3.41627,6.25613,-5.26342,-2.48559,7.22336,10,-10,-9.0649,0,172.152,0,286.802,0,101.467,0,363.076,49.3889,7.79319,48.3101,12.8892,49.7874,4.60559,47.301,16.2054,-27.5877,-65.9629,11.6678,50.9327,-29.5218,-117.112,8.77099,138.888,10,6.95271e-310,-659.629,6.68183e-310,509.327,1.4822e-323,-1171.12,5.23261e-310,1388.88,49.3889,-651.835,48.3101,522.216,49.7874,-1166.51,47.301,1405.08,59.4133,108.802,-91.5377,-43.2276,125.624,175.411,-204.951,-157.65,
1.42213,1.30065,1.47634,1.24445,0,200,0,3.94811,6.79139,-6.09818,-3.32745,7.13522,9.99741,-10,-8.69981,0,163.531,0,297.163,0,103.906,0,358.977,49.4485,7.40587,48.1866,13.3437,49.7771,4.71596,47.3611,16.029,-28.7567,-73.1155,12.4476,62.1862,-30.1127,-115.931,9.11057,134.008,10,6.95271e-310,-731.155,6.68183e-310,621.862,1.4822e-323,-1159.31,5.23261e-310,1340.08,49.4485,-723.749,48.1866,635.206,49.7771,-1154.59,47.3611,1356.11,68.6627,118.111,-106.055,-57.8688,124.091,173.868,-198.662,-151.301,
1.42931,1.29185,1.47372,1.24823,0,200,0,4.43471,7.28099,-6.87321,-4.10933,7.02273,9.88419,-10,-8.32278,0,155.634,0,306.839,0,106.779,0,354.824,49.5004,7.05071,48.0673,13.7671,49.7646,4.84599,47.4212,15.8501,-29.7964,-79.6587,13.0374,72.6361,-30.6579,-114.423,9.40387,128.967,10,6.95271e-310,-796.587,6.68183e-310,726.361,1.4822e-323,-1144.23,5.23261e-310,1289.67,49.5004,-789.536,48.0673,740.128,49.7646,-1139.38,47.4212,1305.52,77.1255,126.626,-119.534,-71.4667,122.134,171.899,-192.165,-144.744,
1.43545,1.28367,1.47105,1.25192,0,200,0,4.85991,7.70862,-7.5789,-4.8216,6.90639,9.7671,-10,-7.94693,0,148.885,0,315.843,0,109.719,0,350.764,49.5427,6.74685,47.953,14.16,49.7515,4.97897,47.4794,15.675,-30.733,-85.3756,13.5863,82.1525,-31.1415,-112.863,9.52664,123.942,10,6.95271e-310,-853.756,6.68183e-310,821.525,1.4822e-323,-1128.63,5.23261e-310,1239.42,49.5427,-847.01,47.953,835.685,49.7515,-1123.65,47.4794,1255.09,84.5202,134.063,-131.807,-83.8538,120.111,169.863,-185.687,-138.207,
1.44267,1.27555,1.46737,1.25677,0,200,0,5.31769,8.16912,-8.32243,-5.57183,6.71179,9.57143,-10,-7.48478,0,140.936,0,324.768,0,113.766,0,345.425,49.5902,6.38866,47.8366,14.5486,49.7328,5.16198,47.5549,15.4444,-31.5275,-91.5282,13.7697,92.1804,-31.5438,-110.251,9.83022,117.765,10,6.95271e-310,-915.282,6.68183e-310,921.804,1.4822e-323,-1102.51,5.23261e-310,1177.65,49.5902,-908.894,47.8366,936.352,49.7328,-1097.35,47.5549,1193.09,92.4815,142.072,-144.738,-96.9014,116.727,166.46,-177.725,-130.17,
1.44887,1.26722,1.46371,1.26169,0,200,0,5.73173,8.58538,-9.04935,-6.30581,6.52542,9.38395,-9.74136,-7.00262,0,134.12,0,333.93,0,117.8,0,340.02,49.6288,6.08128,47.7137,14.9466,49.7136,5.34432,47.6302,15.2105,-32.3495,-97.093,14.1305,101.986,-31.9255,-107.75,9.80727,111.319,10,6.95271e-310,-970.93,6.68183e-310,1019.86,1.4822e-323,-1077.5,5.23261e-310,1113.19,49.6288,-964.849,47.7137,1034.8,49.7136,-1072.15,47.6302,1128.4,99.6822,149.311,-157.38,-109.666,113.486,163.199,-169.415,-121.785,
1.45454,1.25909,1.45957,1.26707,0,200,0,6.11137,8.96696,-9.75233,-7.01588,6.3078,9.16503,-9.21869,-6.47528,0,127.885,0,342.881,0,122.348,0,334.101,49.6625,5.79986,47.5905,15.3343,49.691,5.54982,47.7114,14.954,-33.0653,-102.195,14.4505,111.47,-32.1996,-104.828,9.6493,104.268,10,6.95271e-310,-1021.95,6.68183e-310,1114.7,1.4822e-323,-1048.28,5.23261e-310,1042.68,49.6625,-1016.15,47.5905,1130.03,49.691,-1042.73,47.7114,1057.64,106.285,155.947,-169.606,-122.015,109.701,159.392,-160.325,-112.614,
1.4598,1.25146,1.45506,1.27282,0,200,0,6.45585,9.31315,-10,-7.68511,6.05959,8.91536,-8.6671,-5.9188,0,122.098,0,351.265,0,127.305,0,327.773,49.6923,5.5385,47.4723,15.6966,49.6655,5.77367,47.7966,14.6793,-33.6484,-106.823,14.6489,120.408,-32.3611,-101.495,9.41822,96.8284,10,6.95271e-310,-1068.23,6.68183e-310,1204.08,1.4822e-323,-1014.95,5.23261e-310,968.284,49.6923,-1062.69,47.4723,1219.77,49.6655,-1009.18,47.7966,982.963,112.276,161.968,-181.126,-133.654,105.384,155.05,-150.732,-102.936,
1.46441,1.24454,1.45013,1.27843,0,200,0,6.75905,9.61779,-10,-8.28528,5.78853,8.64262,-8.11605,-5.36305,0,117.022,0,358.884,0,132.736,0,321.604,49.7173,5.30917,47.3624,16.0251,49.6364,6.01882,47.8782,14.411,-34.093,-110.897,14.6796,128.422,-32.4364,-97.8553,9.21642,89.3963,10,6.95271e-310,-1108.97,6.68183e-310,1284.22,1.4822e-323,-978.553,5.23261e-310,893.963,49.7173,-1103.66,47.3624,1300.24,49.6364,-972.534,47.8782,908.374,117.549,167.266,-191.454,-144.092,100.67,150.306,-141.149,-93.2705,
1.46864,1.2385,1.44479,1.28573,0,200,0,7.002,9.86202,-10,-8.84561,5.44845,8.30066,-7.46478,-4.70581,0,112.369,0,365.528,0,138.602,0,313.576,49.7393,5.0988,47.2648,16.3108,49.6036,6.28345,47.9821,14.0612,-34.2241,-114.159,14.7051,135.907,-32.1191,-93.2854,8.72038,80.6131,10,6.95271e-310,-1141.59,6.68183e-310,1359.07,1.4822e-323,-932.854,5.23261e-310,806.131,49.7393,-1136.49,47.2648,1375.39,49.6036,-926.57,47.9821,820.192,121.774,171.513,-201.101,-153.837,94.7557,144.359,-129.822,-81.8402,
1.47221,1.23284,1.43909,1.29206,0,200,0,7.22266,10,-10,-9.34099,5.11201,7.96211,-6.85916,-4.09513,0,108.44,0,371.751,0,144.877,0,306.615,49.7572,4.92113,47.1717,16.5779,49.567,6.56631,48.0701,13.7573,-34.3496,-117.122,14.5491,142.522,-31.8694,-88.7648,8.3702,72.4467,10,6.95271e-310,-1171.22,6.68183e-310,1425.22,1.4822e-323,-887.648,5.23261e-310,724.467,49.7572,-1166.3,47.1717,1441.79,49.567,-881.082,48.0701,738.224,125.612,175.369,-209.624,-162.452,88.9045,138.471,-119.29,-71.2196,
1.47533,1.2277,1.43313,1.30013,0,200,0,7.38729,10,-10,-9.81966,4.71598,7.56378,-6.14743,-3.3771,0,105.013,0,377.406,0,151.429,0,297.73,49.7723,4.76607,47.0859,16.8202,49.527,6.86142,48.1797,13.3686,-34.256,-119.331,14.5183,148.916,-31.258,-83.441,7.59163,62.8502,10,6.95271e-310,-1193.31,6.68183e-310,1489.16,1.4822e-323,-834.41,5.23261e-310,628.502,49.7723,-1188.55,47.0859,1505.98,49.527,-827.549,48.1797,641.87,128.475,178.247,-217.863,-170.777,82.017,131.544,-106.912,-58.7321,
1.47804,1.22301,1.42707,1.30777,0,200,0,7.53064,10,-10,-10,4.31963,7.16499,-5.46268,-2.68656,0,102.034,0,382.56,0,158.099,0,289.333,49.7851,4.63125,47.0065,17.0407,49.4845,7.16162,48.2803,13.0004,-34.1463,-121.255,14.365,154.645,-30.6544,-78.1125,6.84109,53.6188,10,6.95271e-310,-1212.55,6.68183e-310,1546.45,1.4822e-323,-781.125,5.23261e-310,536.188,49.7851,-1207.92,47.0065,1563.5,49.4845,-773.964,48.2803,549.188,130.968,180.753,-225.245,-178.238,75.1241,124.609,-95.0031,-46.7228,
1.4801,1.21857,1.42085,1.31612,0,200,0,7.63006,10,-10,-10,3.89705,6.73979,-4.72912,-1.94685,0,99.7662,0,387.451,0,164.941,0,280.144,49.7945,4.52861,46.9303,17.2495,49.439,7.46926,48.3872,12.5966,-33.9643,-122.588,14.3277,160.07,-29.8717,-72.43,5.78302,43.7306,10,6.95271e-310,-1225.88,6.68183e-310,1600.7,1.4822e-323,-724.3,5.23261e-310,437.306,49.7945,-1221.35,46.9303,1617.95,49.439,-716.83,48.3872,449.902,132.697,182.491,-232.233,-185.303,67.7748,117.214,-82.2455,-33.8583,
1.48223,1.21539,1.41457,1.32477,0,200,0,7.70326,10,-10,-10,3.44102,6.28101,-4.00123,-1.2128,0,97.4197,0,390.945,0,171.849,0,270.626,49.804,4.42238,46.8753,17.3985,49.3911,7.77958,48.4944,12.1775,-33.6004,-123.568,14.0266,164.526,-28.9357,-66.296,4.77904,33.9203,10,6.95271e-310,-1235.68,6.68183e-310,1645.26,1.4822e-323,-662.96,5.23261e-310,339.203,49.804,-1231.26,46.8753,1662.66,49.3911,-655.18,48.4944,351.38,133.97,183.774,-237.974,-191.099,59.8439,109.235,-69.5866,-21.0922,
1.48373,1.21222,1.40819,1.33267,0,200,0,7.75873,10,-10,-10,3.00195,5.83903,-3.30814,-0.514271,0,95.7718,0,394.438,0,178.862,0,261.939,49.8106,4.34777,46.8198,17.5472,49.3405,8.09432,48.5891,11.7941,-33.3059,-124.311,13.7222,168.533,-28.0695,-60.39,3.77826,24.5803,10,6.95271e-310,-1243.11,6.68183e-310,1685.33,1.4822e-323,-603.9,5.23261e-310,245.803,49.8106,-1238.76,46.8198,1702.87,49.3405,-595.806,48.5891,257.597,134.934,184.745,-243.135,-196.316,52.2079,101.548,-57.5329,-8.94383,
1.48493,1.20948,1.40159,1.34239,0,200,0,7.76817,10,-10,-10,2.49768,5.33162,-2.50948,0.290849,0,94.4536,0,397.444,0,186.126,0,251.248,49.8158,4.28807,46.7717,17.6751,49.2859,8.41995,48.7014,11.3213,-32.8875,-124.434,13.5364,172.441,-26.8903,-53.6047,2.2809,13.8195,10,6.95271e-310,-1244.34,6.68183e-310,1724.41,1.4822e-323,-536.047,5.23261e-310,138.195,49.8158,-1240.05,46.7717,1742.08,49.2859,-527.627,48.7014,149.517,135.099,184.914,-248.171,-201.399,43.4379,92.7239,-43.6432,5.05825,
1.48578,1.20714,1.39512,1.35139,0,200,0,7.76381,10,-10,-10,2.01098,4.84173,-1.76122,1.04486,0,93.5177,0,400.027,0,193.244,0,241.348,49.8194,4.24569,46.73,17.7849,49.2304,8.73872,48.8013,10.8826,-32.5064,-124.372,13.2716,175.737,-25.7746,-47.0551,0.845165,3.73942,10,6.95271e-310,-1243.72,6.68183e-310,1757.37,1.4822e-323,-470.551,5.23261e-310,37.3942,49.8194,-1239.48,46.73,1775.15,49.2304,-461.812,48.8013,48.2768,135.023,184.842,-252.417,-205.687,34.9735,84.2039,-30.6299,18.1714,
1.48638,1.20513,1.38846,1.36043,0,200,0,7.74208,10,-10,-10,1.50809,4.33542,-1.01039,1.80123,0,92.8585,0,402.229,0,200.574,0,231.408,49.822,4.21583,46.6944,17.8784,49.1711,9.06656,48.8977,10.4411,-32.1125,-124.077,12.9287,178.612,-24.6168,-40.2868,-0.649454,-6.37372,10,6.95271e-310,-1240.77,6.68183e-310,1786.12,1.4822e-323,-402.868,5.23261e-310,-63.7372,49.822,-1236.56,46.6944,1804,49.1711,-393.802,48.8977,-53.2961,134.645,184.467,-256.121,-209.427,26.2276,75.3987,-17.5719,31.3257,
1.48672,1.20358,1.38164,1.36971,0,200,0,7.6976,10,-10,-10,0.983055,3.80677,-0.247649,2.56942,0,92.4894,0,403.943,0,208.075,0,221.192,49.8234,4.19911,46.6664,17.9511,49.1081,9.40165,48.9925,9.98654,-31.6886,-123.477,12.5294,181.038,-23.3797,-33.2194,-2.25604,-16.6454,10,6.95271e-310,-1234.77,6.68183e-310,1810.38,1.4822e-323,-332.194,5.23261e-310,-166.454,49.8234,-1230.57,46.6664,1828.33,49.1081,-322.793,48.9925,-156.467,133.871,183.695,-259.247,-212.58,17.0966,66.2047,-4.30693,44.6856,
1.48672,1.20239,1.37464,1.37833,0,200,0,7.64064,10,-10,-10,0.461997,3.28186,0.477949,3.29986,0,92.4894,0,405.248,0,215.774,0,211.713,49.8234,4.19911,46.6451,18.0065,49.0411,9.74511,49.0768,9.56403,-31.2583,-122.709,11.9942,182.83,-22.1727,-26.2049,-3.74034,-26.4156,10,6.95271e-310,-1227.09,6.68183e-310,1828.3,1.4822e-323,-262.049,5.23261e-310,-264.156,49.8234,-1222.89,46.6451,1846.31,49.0411,-252.304,49.0768,-254.592,132.881,182.704,-261.556,-214.911,8.03472,57.0759,8.31216,57.3889,
1.48639,1.20174,1.36747,1.3888,0,200,0,7.53594,10,-10,-10,-0.128392,2.68739,1.30378,4.1313,0,92.8454,0,405.96,0,223.657,0,200.192,49.822,4.21524,46.6334,18.0367,48.97,10.0963,49.1743,9.04947,-30.7754,-121.299,11.5782,184.433,-20.6913,-18.255,-5.78927,-37.5326,10,6.95271e-310,-1212.99,6.68183e-310,1844.33,1.4822e-323,-182.55,5.23261e-310,-375.326,49.822,-1208.77,46.6334,1862.37,48.97,-172.454,49.1743,-366.277,131.06,180.882,-263.622,-216.989,-2.2329,46.7371,22.6744,71.8486,
1.48566,1.20131,1.35997,1.39828,0,200,0,7.42328,10,-10,-10,-0.709516,2.10183,2.08254,4.91487,0,93.6495,0,406.434,0,231.909,0,189.764,49.8189,4.25165,46.6257,18.0568,48.8929,10.4634,49.2578,8.58292,-30.3116,-119.783,10.9905,185.405,-19.2862,-10.4293,-7.6474,-48.0147,10,6.95271e-310,-1197.83,6.68183e-310,1854.05,1.4822e-323,-104.293,5.23261e-310,-480.147,49.8189,-1193.58,46.6257,1872.1,48.8929,-93.8296,49.2578,-471.564,129.101,178.919,-264.875,-218.249,-12.3394,36.5535,36.2181,85.4759,
1.48427,1.20113,1.35212,1.40758,0,200,0,7.27976,10,-10,-10,-1.30359,1.50294,2.86205,5.69885,0,95.1787,0,406.632,0,240.544,0,179.534,49.8129,4.32091,46.6224,18.0652,48.8093,10.8469,49.3355,8.12447,-29.8402,-117.853,10.3749,185.807,-17.8254,-2.42812,-9.58682,-58.5055,10,6.95271e-310,-1178.53,6.68183e-310,1858.07,1.4822e-323,-24.2812,5.23261e-310,-585.055,49.8129,-1174.21,46.6224,1876.14,48.8093,-13.4343,49.3355,-576.93,126.605,176.418,-265.393,-218.771,-22.6712,26.1381,49.7749,99.1104,
1.48222,1.20131,1.34405,1.41678,0,200,0,7.10171,9.96544,-10,-10,-1.9088,0.892611,3.64006,6.48102,0,97.4329,0,406.434,0,249.416,0,169.423,49.804,4.42298,46.6257,18.0568,48.7202,11.2402,49.4081,7.67065,-29.3516,-115.46,9.75266,185.59,-16.2945,5.72422,-11.6333,-68.9744,10,6.95271e-310,-1154.6,6.68183e-310,1855.9,1.4822e-323,57.2422,5.23261e-310,-689.744,49.804,-1150.18,46.6257,1873.96,48.7202,68.4823,49.4081,-682.073,123.508,173.312,-265.114,-218.488,-33.1965,15.5237,63.3053,112.713,
1.47963,1.20183,1.33603,1.42578,0,200,0,6.89502,9.75808,-10,-10,-2.51216,0.283976,4.40294,7.24776,0,100.28,0,405.867,0,258.248,0,159.523,49.7924,4.55189,46.635,18.0328,48.6284,11.631,49.4751,7.22566,-28.8702,-112.683,9.15057,184.842,-14.732,13.8529,-13.7785,-79.2382,10,6.95271e-310,-1126.83,6.68183e-310,1848.42,1.4822e-323,138.529,5.23261e-310,-792.382,49.7924,-1122.27,46.635,1866.45,48.6284,150.16,49.4751,-785.156,119.913,169.706,-264.15,-217.515,-43.6897,4.93871,76.5729,126.048,
1.47662,1.20311,1.32815,1.43416,0,200,0,6.6613,9.52357,-10,-10,-3.10405,-0.31327,5.11593,7.96414,0,103.589,0,404.457,0,266.909,0,150.295,49.7785,4.70164,46.658,17.9729,48.5353,12.0135,49.534,6.81037,-28.3073,-109.542,8.46321,183.184,-13.1401,21.8284,-15.7999,-88.8293,10,6.95271e-310,-1095.42,6.68183e-310,1831.84,1.4822e-323,218.284,5.23261e-310,-888.293,49.7785,-1090.72,46.658,1849.82,48.5353,230.298,49.534,-881.483,115.849,165.627,-262.015,-215.357,-53.9835,-5.44817,88.9727,138.507,
1.47318,1.20491,1.32069,1.44193,0,200,0,6.40389,9.2652,-10,-10,-3.66866,-0.883112,5.77504,8.6262,0,107.373,0,402.479,0,275.122,0,141.753,49.762,4.87283,46.6903,17.889,48.4443,12.3756,49.5854,6.42549,-27.7115,-106.083,7.80136,180.861,-11.5556,29.4374,-17.7582,-97.6944,10,6.95271e-310,-1060.83,6.68183e-310,1808.61,1.4822e-323,294.374,5.23261e-310,-976.944,49.762,-1055.96,46.6903,1826.5,48.4443,306.75,49.5854,-970.519,111.372,161.134,-259.023,-212.333,-63.8027,-15.3585,100.436,150.021,
1.46971,1.20776,1.31364,1.44887,0,200,0,6.13223,8.99255,-10,-10,-4.21034,-1.42988,6.35704,9.2107,0,111.196,0,399.342,0,282.873,0,134.12,49.7448,5.04574,46.7411,17.7558,48.3558,12.7166,49.6288,6.08128,-26.9754,-102.432,6.96856,177.545,-9.97725,36.7385,-19.3934,-105.521,10,6.95271e-310,-1024.32,6.68183e-310,1775.45,1.4822e-323,367.385,5.23261e-310,-1055.21,49.7448,-1019.28,46.7411,1793.21,48.3558,380.102,49.6288,-1049.13,106.647,156.392,-254.752,-208.011,-73.2233,-24.8675,110.557,160.186,
1.465,1.21049,1.3069,1.45524,0,200,0,5.81196,8.67088,-10,-10,-4.71492,-1.93945,6.91025,9.76608,0,116.376,0,396.336,0,290.282,0,127.107,49.7204,5.27997,46.7895,17.628,48.2691,13.042,49.6666,5.76475,-26.261,-98.1297,6.44565,173.785,-8.36028,43.5404,-21.2289,-112.96,10,6.95271e-310,-981.297,6.68183e-310,1737.85,1.4822e-323,435.404,5.23261e-310,-1129.6,49.7204,-976.017,46.7895,1755.48,48.2691,448.446,49.6666,-1123.84,101.078,150.798,-249.908,-203.119,-81.9986,-33.7295,120.178,169.845,
1.46034,1.21409,1.3003,1.46137,0,200,0,5.47869,8.33617,-10,-10,-5.22291,-2.45245,7.42925,10,0,121.504,0,392.381,0,297.545,0,120.371,49.6953,5.5117,46.8525,17.4597,48.1819,13.3605,49.7009,5.46048,-25.4425,-93.6514,5.7325,169.3,-6.72906,50.3893,-22.8979,-119.938,10,6.95271e-310,-936.514,6.68183e-310,1693,1.4822e-323,503.893,5.23261e-310,-1199.38,49.6953,-931.002,46.8525,1710.46,48.1819,517.253,49.7009,-1193.92,95.2816,144.977,-244.131,-197.279,-90.8333,-42.6514,129.204,178.905,
1.45523,1.21842,1.29416,1.4673,0,200,0,5.11058,7.9664,-10,-10,-5.71733,-2.95164,7.91273,10,0,127.12,0,387.609,0,304.295,0,113.845,49.6665,5.76534,46.9278,17.2563,48.099,13.6559,49.7325,5.16555,-24.5404,-88.704,5.07285,164.07,-5.05476,57.0557,-24.5703,-126.438,10,6.95271e-310,-887.04,6.68183e-310,1640.7,1.4822e-323,570.557,5.23261e-310,-1264.38,49.6665,-881.274,46.9278,1657.96,48.099,584.213,49.7325,-1259.21,88.8796,138.546,-237.394,-190.466,-99.4318,-51.3328,137.613,187.345,
1.44974,1.2228,1.28815,1.47255,0,200,0,4.73072,7.58468,-10,-10,-6.18556,-3.42464,8.35768,10,0,133.158,0,382.798,0,310.913,0,108.071,49.6341,6.03786,47.0029,17.0508,48.016,13.945,49.7589,4.90443,-23.6312,-83.5989,4.40563,158.541,-3.43034,63.3699,-26.17,-132.419,10,6.95271e-310,-835.989,6.68183e-310,1585.41,1.4822e-323,633.699,5.23261e-310,-1324.19,49.6341,-829.951,47.0029,1602.46,48.016,647.644,49.7589,-1319.29,82.2734,131.908,-230.27,-183.267,-107.575,-59.559,145.351,195.11,
1.44382,1.22711,1.28256,1.47707,0,200,0,4.33868,7.19054,-10,-10,-6.61087,-3.85447,8.75361,10,0,139.67,0,378.052,0,317.056,0,103.101,49.5975,6.3316,47.076,16.8479,47.9374,14.2129,49.7805,4.67957,-22.7287,-78.33,3.8491,152.81,-1.8684,69.1059,-27.7324,-137.741,10,6.95271e-310,-783.3,6.68183e-310,1528.1,1.4822e-323,691.059,5.23261e-310,-1377.41,49.5975,-776.969,47.076,1544.94,47.9374,705.272,49.7805,-1372.73,75.4553,125.053,-222.886,-175.81,-114.972,-67.0342,152.237,202.017,
1.43775,1.23284,1.27681,1.48117,0,200,0,3.91351,6.7631,-10,-9.5818,-7.05454,-4.30288,9.11076,10,0,146.354,0,371.751,0,323.383,0,98.593,49.5581,6.63283,47.1717,16.5779,47.8548,14.4884,49.7993,4.4755,-21.5779,-72.6143,2.9253,145.767,-0.229154,75.0903,-28.9671,-142.542,10,6.95271e-310,-726.143,6.68183e-310,1457.67,1.4822e-323,750.903,5.23261e-310,-1425.42,49.5581,-719.511,47.1717,1474.25,47.8548,765.392,49.7993,-1420.94,68.061,117.619,-213.812,-166.64,-122.688,-74.8328,158.448,208.247,
1.43138,1.2378,1.27234,1.48486,0,200,0,3.49212,6.33923,-10,-9.10092,-7.4176,-4.6697,9.41806,10,0,153.354,0,366.293,0,328.301,0,94.5328,49.5149,6.94807,47.2534,16.3437,47.7896,14.7022,49.8155,4.29166,-20.6088,-66.9495,2.49916,139.341,1.2473,79.9876,-30.4315,-146.672,10,6.95271e-310,-669.495,6.68183e-310,1393.41,1.4822e-323,799.876,5.23261e-310,-1466.72,49.5149,-662.547,47.2534,1409.75,47.7896,814.579,49.8155,-1462.43,60.7325,110.247,-205.53,-158.277,-129.002,-81.2121,163.792,213.608,
1.42498,1.24449,1.26776,1.48799,0,200,0,3.03622,5.88071,-10,-8.50556,-7.79698,-5.05298,9.67218,10,0,160.393,0,358.937,0,333.336,0,91.092,49.4694,7.26479,47.3616,16.0273,47.7218,14.9208,49.8287,4.13582,-19.3326,-60.8189,1.60875,131.39,2.78766,85.1054,-31.4269,-150.086,10,6.95271e-310,-608.189,6.68183e-310,1313.9,1.4822e-323,851.054,5.23261e-310,-1500.86,49.4694,-600.924,47.3616,1329.93,47.7218,865.975,49.8287,-1496.73,52.8039,102.273,-195.284,-147.923,-135.6,-87.8778,168.212,218.04,
1.41821,1.25052,1.26303,1.49059,0,200,0,2.58195,5.42355,-10,-7.93051,-8.15402,-5.41411,9.91676,10,0,167.841,0,352.306,0,338.544,0,88.2314,49.4191,7.59959,47.4574,15.7415,47.6506,15.1466,49.8392,4.00622,-18.1405,-54.71,0.737783,123.705,4.24402,89.9227,-32.5017,-153.374,10,6.95271e-310,-547.1,6.68183e-310,1237.05,1.4822e-323,899.227,5.23261e-310,-1533.74,49.4191,-539.501,47.4574,1252.79,47.6506,914.373,49.8392,-1529.73,44.9035,94.3226,-185.379,-137.922,-141.809,-94.1584,172.465,222.305,
1.41126,1.25824,1.25937,1.49279,0,200,0,2.08167,4.92016,-9.99061,-7.25491,-8.48025,-5.74354,10,10,0,175.487,0,343.817,0,342.564,0,85.8058,49.3651,7.9429,47.5775,15.3748,47.5949,15.3206,49.848,3.89631,-16.7064,-47.9805,-0.183229,114.682,5.70623,94.3239,-33.2857,-155.57,10,6.95271e-310,-479.805,6.68183e-310,1146.82,1.4822e-323,943.239,5.23261e-310,-1555.7,49.3651,-471.862,47.5775,1162.2,47.5949,958.56,49.848,-1551.81,36.2029,85.568,-173.75,-126.172,-147.483,-99.8876,175.309,225.157,
1.40404,1.26535,1.25534,1.49461,0,200,0,1.58467,4.41979,-9.34066,-6.59873,-8.79945,-6.06632,10,10,0,183.436,0,335.986,0,347.007,0,83.802,49.3064,8.29943,47.6857,15.0357,47.5327,15.5127,49.855,3.8055,-15.3518,-41.2948,-1.18881,105.914,7.08973,98.6311,-34.1511,-157.817,10,6.95271e-310,-412.948,6.68183e-310,1059.14,1.4822e-323,986.311,5.23261e-310,-1578.17,49.3064,-404.648,47.6857,1074.18,47.5327,1001.82,49.855,-1574.36,27.5595,76.8659,-162.446,-114.761,-153.034,-105.501,178.216,228.071,
1.39659,1.27172,1.25238,1.49611,0,200,0,1.0953,3.92678,-8.73524,-5.98787,-9.04959,-6.31912,10,10,0,191.623,0,328.986,0,350.263,0,82.1542,49.2433,8.66614,47.7804,14.732,47.4865,15.6534,49.8606,3.73081,-14.1438,-34.7111,-1.7526,97.7478,8.33309,102.006,-35.223,-159.533,10,6.95271e-310,-347.111,6.68183e-310,977.478,1.4822e-323,1020.06,5.23261e-310,-1595.33,49.2433,-338.445,47.7804,992.21,47.4865,1035.72,49.8606,-1591.6,19.0486,68.2919,-151.917,-104.137,-157.384,-109.898,180.438,230.299,
1.38892,1.27978,1.2496,1.49725,0,200,0,0.556757,3.38434,-8.02065,-5.26653,-9.30692,-6.57895,10,10,0,200.06,0,320.114,0,353.321,0,80.9019,49.1753,9.04358,47.8977,14.3461,47.4428,15.7853,49.8648,3.67405,-12.6756,-27.4639,-2.68834,88.1094,9.59354,105.478,-35.9713,-160.59,10,6.95271e-310,-274.639,6.68183e-310,881.094,1.4822e-323,1054.78,5.23261e-310,-1605.9,49.1753,-265.596,47.8977,895.44,47.4428,1070.57,49.8648,-1602.23,9.68272,58.8581,-139.489,-91.5918,-161.859,-114.417,181.807,231.672,
1.3811,1.28708,1.24725,1.49805,0,200,0,0.0300199,2.85345,-7.34628,-4.58621,-9.52207,-6.79625,10,10,0,208.668,0,312.086,0,355.905,0,80.0186,49.1031,9.42813,48.0011,13.9962,47.4056,15.8967,49.8678,3.634,-11.3324,-20.3749,-3.41509,79.015,10.7325,108.382,-36.8699,-161.392,10,6.95271e-310,-203.749,6.68183e-310,790.15,1.4822e-323,1083.82,5.23261e-310,-1613.92,49.1031,-194.321,48.0011,804.146,47.4056,1099.71,49.8678,-1610.29,0.522086,49.6251,-127.761,-79.7602,-165.601,-118.196,182.845,232.713,
1.37218,1.29476,1.2453,1.49857,0,200,0,-0.553922,2.26456,-6.61655,-3.85039,-9.71298,-6.98894,10,10,0,218.476,0,303.636,0,358.041,0,79.4518,49.017,9.86557,48.1072,13.627,47.3747,15.9887,49.8696,3.6083,-9.91072,-12.5148,-4.00195,69.1753,11.8844,110.958,-37.9798,-161.828,10,6.95271e-310,-125.148,6.68183e-310,691.753,1.4822e-323,1109.58,5.23261e-310,-1618.28,49.017,-115.282,48.1072,705.38,47.3747,1125.56,49.8696,-1614.67,-9.63342,39.3836,-115.07,-66.9632,-168.921,-121.547,183.41,233.28,
1.36455,1.30287,1.24369,1.49875,0,200,0,-1.09148,1.72258,-5.90114,-3.12872,-9.88903,-7.16648,10,10,0,226.873,0,294.724,0,359.82,0,79.254,48.9403,10.2395,48.216,13.2369,47.3488,16.0654,49.8703,3.59934,-8.49428,-5.27702,-4.95784,59.5297,12.8329,113.333,-38.6114,-161.692,10,6.95271e-310,-52.7702,6.68183e-310,595.297,1.4822e-323,1133.33,5.23261e-310,-1616.92,48.9403,-42.5307,48.216,608.534,47.3488,1149.39,49.8703,-1613.32,-18.9823,29.958,-102.628,-54.4124,-171.983,-124.634,183.235,233.105,
1.35568,1.31143,1.24268,1.49863,0,200,0,-1.69542,1.11331,-5.12286,-2.34402,-10,-7.31048,10,10,0,236.628,0,285.299,0,360.928,0,79.3858,48.8476,10.6731,48.3277,12.8232,47.3326,16.113,49.8698,3.60531,-6.99568,2.85564,-5.72134,49.038,13.7807,115.263,-39.4991,-161.088,10,6.95271e-310,28.5564,6.68183e-310,490.38,1.4822e-323,1152.63,5.23261e-310,-1610.88,48.8476,39.2294,48.3277,503.203,47.3326,1168.74,49.8698,-1607.28,-29.4857,19.3619,-89.0933,-40.7656,-174.471,-127.139,182.456,232.326,
1.3469,1.32052,1.24183,1.49812,0,200,0,-2.30832,0.494917,-4.31496,-1.52954,-10,-7.44221,10,10,0,246.291,0,275.306,0,361.864,0,79.9396,48.7519,11.1018,48.4422,12.3837,47.3188,16.1533,49.868,3.63042,-5.44635,11.1106,-6.73393,38.1485,14.6197,117.029,-40.2102,-160.043,10,6.95271e-310,111.106,6.68183e-310,381.485,1.4822e-323,1170.29,5.23261e-310,-1600.43,48.7519,122.208,48.4422,393.869,47.3188,1186.44,49.868,-1596.79,-40.1447,8.60725,-75.0429,-26.6007,-176.749,-129.43,181.104,230.972,
1.33807,1.32999,1.24134,1.497,0,200,0,-2.93051,-0.133018,-3.48026,-0.688222,-10,-7.54246,10,10,0,255.994,0,264.892,0,362.404,0,81.1787,48.6521,11.5313,48.5572,11.9245,47.3109,16.1765,49.8639,3.68659,-3.84476,19.4924,-7.90838,26.8995,15.3368,118.375,-40.7351,-158.344,10,6.95271e-310,194.924,6.68183e-310,268.995,1.4822e-323,1183.75,5.23261e-310,-1583.44,48.6521,206.455,48.5572,280.92,47.3109,1199.92,49.8639,-1579.75,-50.9655,-2.31336,-60.5263,-11.9691,-178.484,-131.173,178.907,228.771,
1.32877,1.33979,1.24112,1.4948,0,200,0,-3.57614,-0.784935,-2.60134,0.197285,-10,-7.59874,10,10,0,266.224,0,254.109,0,362.641,0,83.5911,48.5428,11.9833,48.6718,11.4479,47.3074,16.1867,49.8557,3.79594,-2.13599,28.1915,-9.25632,15.0565,15.9481,119.131,-41.0678,-155.777,10,6.95271e-310,281.915,6.68183e-310,150.565,1.4822e-323,1191.31,5.23261e-310,-1557.77,48.5428,293.899,48.6718,162.013,47.3074,1207.49,49.8557,-1553.98,-62.1938,-13.651,-45.2408,3.43105,-179.459,-132.152,175.586,225.441,
1.32146,1.34983,1.24116,1.49241,0,200,0,-4.14384,-1.35774,-1.77361,1.03149,-10,-7.6434,9.87214,10,0,274.265,0,243.062,0,362.602,0,86.2276,48.4539,12.3378,48.7843,10.9586,47.308,16.185,49.8465,3.91543,-0.526718,35.8421,-11.0474,3.90534,16.2994,119.733,-40.7527,-152.766,10,6.95271e-310,358.421,6.68183e-310,39.0534,1.4822e-323,1197.33,5.23261e-310,-1527.66,48.4539,370.759,48.7843,50.0119,47.308,1213.52,49.8465,-1523.75,-72.0668,-23.6129,-30.8453,17.939,-180.237,-132.929,171.689,221.536,
1.31341,1.35969,1.24151,1.48929,0,200,0,-4.7359,-1.95561,-0.92799,1.88319,-10,-7.64538,9.60868,10,0,283.124,0,232.212,0,362.22,0,89.6551,48.3529,12.7276,48.89,10.4769,47.3136,16.1686,49.834,4.07072,1.09604,43.8222,-12.7822,-7.48489,16.5696,119.764,-40.5411,-149.226,10,6.95271e-310,438.222,6.68183e-310,-74.8489,1.4822e-323,1197.64,5.23261e-310,-1492.26,48.3529,450.949,48.89,-64.372,47.3136,1213.8,49.834,-1488.19,-82.3635,-34.0105,-16.1389,32.7511,-180.277,-132.963,167.107,216.941,
1.30489,1.36916,1.24248,1.4854,0,200,0,-5.33347,-2.55951,-0.086198,2.73056,-10,-7.58743,9.29379,10,0,292.497,0,221.798,0,361.152,0,93.9395,48.2427,13.1392,48.987,10.0136,47.3293,16.1226,49.8178,4.26479,2.69906,51.8779,-14.3501,-18.822,16.7297,118.993,-40.3935,-144.995,10,6.95271e-310,518.779,6.68183e-310,-188.22,1.4822e-323,1189.93,5.23261e-310,-1449.95,48.2427,531.918,48.987,-178.207,47.3293,1206.05,49.8178,-1445.68,-92.7559,-44.5132,-1.4991,47.4879,-179.284,-131.955,161.631,211.449,
1.29802,1.37827,1.24403,1.48178,0,200,0,-5.85528,-3.08658,0.672733,3.49461,-10,-7.50926,8.96971,10,0,300.05,0,211.779,0,359.438,0,97.9207,48.1514,13.4701,49.0762,9.56697,47.3543,16.0489,49.802,4.44506,4.09816,58.9134,-15.9159,-29.041,16.6933,117.957,-39.9663,-140.639,10,6.95271e-310,589.134,6.68183e-310,-290.41,1.4822e-323,1179.57,5.23261e-310,-1406.39,48.1514,602.604,49.0762,-280.843,47.3543,1195.62,49.802,-1401.94,-101.831,-53.6796,11.6997,60.7759,-177.95,-130.596,155.995,205.797,
1.29005,1.38698,1.24656,1.47738,0,200,0,-6.40916,-3.64672,1.44704,4.2736,-10,-7.35553,8.5859,10,0,308.817,0,202.195,0,356.656,0,102.759,48.0425,13.8535,49.1577,9.13903,47.3948,15.9291,49.782,4.66406,5.49745,66.3825,-17.0935,-39.466,16.5843,115.912,-39.8393,-135.48,10,6.95271e-310,663.825,6.68183e-310,-394.66,1.4822e-323,1159.12,5.23261e-310,-1354.8,48.0425,677.679,49.1577,-385.521,47.3948,1175.05,49.782,-1350.14,-111.464,-63.4211,25.1658,74.3235,-175.317,-127.922,149.32,199.102,
1.28312,1.39608,1.24936,1.47262,0,200,0,-6.92858,-4.17174,2.2102,5.04143,-9.9118,-7.18405,8.16443,10,0,316.449,0,192.19,0,353.585,0,107.992,47.9452,14.1865,49.2388,8.69152,47.4391,15.7967,49.7592,4.90086,6.84941,73.3879,-18.577,-49.7389,16.2954,113.632,-39.2758,-129.814,10,6.95271e-310,733.879,6.68183e-310,-497.389,1.4822e-323,1136.32,5.23261e-310,-1298.14,47.9452,748.065,49.2388,-488.697,47.4391,1152.11,49.7592,-1293.24,-120.497,-72.5519,38.4383,87.6771,-172.379,-124.94,141.99,191.749,
1.27715,1.40517,1.25257,1.46755,0,200,0,-7.40578,-4.65384,2.94126,5.77691,-9.71499,-6.98435,7.70833,10,0,323.014,0,182.184,0,350.052,0,113.568,47.8597,14.4724,49.3158,8.24329,47.4896,15.6443,49.7338,5.15304,8.10996,79.8241,-20.1709,-59.5772,15.8463,110.975,-38.3811,-123.682,10,6.95271e-310,798.241,6.68183e-310,-595.772,1.4822e-323,1109.75,5.23261e-310,-1236.82,47.8597,812.713,49.3158,-587.529,47.4896,1125.39,49.7338,-1231.67,-128.796,-80.9364,51.1523,100.468,-168.956,-121.467,134.058,183.792,
1.27008,1.41401,1.25607,1.46158,0,200,0,-7.91571,-5.16973,3.70159,6.54133,-9.47171,-6.73793,7.20602,10,0,330.792,0,172.469,0,346.203,0,120.133,47.7562,14.8104,49.3867,7.8074,47.544,15.478,49.7021,5.44976,9.39544,86.7034,-21.6968,-69.8091,15.3244,107.691,-37.7133,-116.929,10,6.95271e-310,867.034,6.68183e-310,-698.091,1.4822e-323,1076.91,5.23261e-310,-1169.29,47.7562,881.845,49.3867,-690.284,47.544,1092.39,49.7021,-1163.84,-137.664,-89.9083,64.3755,113.762,-164.725,-117.181,125.322,175.024,
1.26452,1.42216,1.25952,1.45638,0,200,0,-8.34943,-5.60823,4.36464,7.20793,-9.24744,-6.51061,6.74556,9.60176,0,336.909,0,163.504,0,342.406,0,125.855,47.6731,15.0757,49.4487,7.40468,47.5971,15.3138,49.6731,5.70819,10.441,92.5549,-23.1788,-78.7295,14.7256,104.664,-36.9526,-110.738,10,6.95271e-310,925.549,6.68183e-310,-787.295,1.4822e-323,1046.64,5.23261e-310,-1107.38,47.6731,940.625,49.4487,-779.891,47.5971,1061.96,49.6731,-1101.67,-145.207,-97.5344,75.9067,125.355,-160.825,-113.228,117.314,166.987,
1.2582,1.43002,1.26404,1.44961,0,200,0,-8.79318,-6.0575,5.04966,7.89622,-8.92388,-6.1831,6.17716,9.03108,0,343.856,0,154.856,0,337.436,0,133.303,47.5769,15.3765,49.5054,7.0157,47.6658,15.0986,49.6333,6.0444,11.5283,98.543,-24.4444,-87.9456,13.991,100.298,-36.1592,-103.095,10,6.95271e-310,985.43,6.68183e-310,-879.456,1.4822e-323,1002.98,5.23261e-310,-1030.95,47.5769,1000.81,49.5054,-872.44,47.6658,1018.08,49.6333,-1024.9,-152.925,-105.348,87.8203,137.326,-155.198,-107.532,107.429,157.062,
1.25278,1.43771,1.2684,1.44309,0,200,0,-9.19623,-6.46539,5.69269,8.54227,-8.61365,-5.8691,5.62359,8.47517,0,349.815,0,146.393,0,332.638,0,140.474,47.4929,15.634,49.5579,6.63461,47.7313,14.8905,49.5928,6.36785,12.4812,103.982,-25.8538,-96.5947,13.1695,96.1121,-35.2263,-95.6502,10,6.95271e-310,1039.82,6.68183e-310,-965.947,1.4822e-323,961.121,5.23261e-310,-956.502,47.4929,1055.46,49.5579,-959.312,47.7313,976.011,49.5928,-950.134,-159.935,-112.442,99.0033,148.561,-149.803,-102.071,97.8015,147.394,
1.24781,1.44507,1.27305,1.43623,0,200,0,-9.56714,-6.8408,6.30517,9.15747,-8.27706,-5.52856,5.04405,7.89305,0,355.285,0,138.299,0,327.523,0,148.028,47.4146,15.87,49.6053,6.26977,47.8,14.6684,49.548,6.70825,13.3434,108.988,-27.2334,-104.832,12.254,91.5711,-34.1832,-87.8556,10,6.95271e-310,1089.88,6.68183e-310,-1048.32,1.4822e-323,915.711,5.23261e-310,-878.556,47.4146,1105.75,49.6053,-1042.05,47.8,930.379,49.548,-871.848,-166.385,-118.97,109.655,159.26,-143.949,-96.1489,87.7226,137.271,
1.24333,1.45148,1.27807,1.42898,0,200,0,-9.88433,-7.16211,6.85412,9.70868,-7.90354,-5.15084,4.44151,7.28765,0,360.216,0,131.246,0,321.999,0,156.003,47.343,16.0824,49.6445,5.9516,47.873,14.4282,49.498,7.06731,14.0868,113.27,-28.3571,-112.214,11.2925,86.5324,-33.1007,-79.7511,10,6.95271e-310,1132.7,6.68183e-310,-1122.14,1.4822e-323,865.324,5.23261e-310,-797.511,47.343,1148.78,49.6445,-1116.19,47.873,879.752,49.498,-790.443,-171.901,-124.558,119.202,168.847,-137.453,-89.5799,77.2437,126.742,
1.23936,1.45734,1.28343,1.4222,0,200,0,-10,-7.44935,7.3485,10,-7.52523,-4.76812,3.85665,6.69997,0,364.579,0,124.8,0,316.107,0,163.452,47.2788,16.27,49.6785,5.66057,47.9496,14.1715,49.449,7.40231,14.6719,117.098,-29.2232,-118.862,10.3172,81.4293,-32.1715,-71.8826,10,6.95271e-310,1170.98,6.68183e-310,-1188.62,1.4822e-323,814.293,5.23261e-310,-718.826,47.2788,1187.25,49.6785,-1182.95,47.9496,828.465,49.449,-711.424,-176.833,-129.554,127.8,177.479,-130.874,-82.9239,67.0721,116.521,
1.23605,1.46263,1.28905,1.41332,0,200,0,-10,-7.66604,7.81832,10,-7.06823,-4.30659,3.15487,5.99429,0,368.218,0,118.987,0,309.924,0,173.22,47.2247,16.4263,49.7078,5.39794,48.0285,13.9018,49.3813,7.84113,15.264,119.982,-30.2567,-125.179,9.1651,75.2662,-30.5563,-62.4415,10,6.95271e-310,1199.82,6.68183e-310,-1251.79,1.4822e-323,752.662,5.23261e-310,-624.415,47.2247,1216.24,49.7078,-1246.39,48.0285,766.564,49.3813,-616.574,-180.547,-133.322,135.971,185.679,-122.926,-74.8972,54.8672,104.249,
1.23321,1.46714,1.29502,1.40496,0,200,0,-10,-7.84349,8.22432,10,-6.60581,-3.83945,2.47449,5.31005,0,371.342,0,114.017,0,303.359,0,182.421,47.1779,16.5604,49.7316,5.1733,48.1106,13.6149,49.314,8.25393,15.6849,122.342,-30.9347,-130.638,8.02866,69.0304,-29.1609,-53.2864,10,6.95271e-310,1223.42,6.68183e-310,-1306.38,1.4822e-323,690.304,5.23261e-310,-532.864,47.1779,1239.98,49.7316,-1301.21,48.1106,703.919,49.314,-524.61,-183.586,-136.409,143.032,192.763,-114.884,-66.773,43.0346,92.3486,
1.23077,1.47109,1.30127,1.39681,0,200,0,-10,-7.98738,8.58328,10,-6.1335,-3.3623,1.79977,4.63137,0,374.031,0,109.68,0,296.478,0,191.386,47.1373,16.6757,49.7517,4.97718,48.1949,13.3137,49.2451,8.65553,15.972,124.254,-31.3756,-135.464,6.88529,62.6621,-27.8842,-44.2058,10,6.95271e-310,1242.54,6.68183e-310,-1354.64,1.4822e-323,626.621,5.23261e-310,-442.058,47.1373,1259.22,49.7517,-1349.66,48.1949,639.934,49.2451,-433.403,-186.048,-138.911,149.274,199.026,-106.67,-58.4747,31.3004,80.5455,
1.22878,1.47454,1.30786,1.38662,0,200,0,-10,-8.07019,8.92875,10,-5.58531,-2.80912,1.00649,3.83287,0,376.219,0,105.883,0,289.227,0,202.591,47.104,16.7694,49.7685,4.80544,48.2816,12.9957,49.1544,9.15671,16.2228,125.348,-31.9655,-140.11,5.5393,55.2715,-26.0554,-33.5287,10,6.95271e-310,1253.48,6.68183e-310,-1401.1,1.4822e-323,552.715,5.23261e-310,-335.287,47.104,1270.25,49.7685,-1396.29,48.2816,565.711,49.1544,-326.13,-187.455,-140.351,155.283,205.051,-97.1358,-48.8542,17.5041,66.6585,
1.22726,1.4774,1.31461,1.3772,0,200,0,-10,-8.12154,9.21785,10,-5.04991,-2.26874,0.251574,3.07287,0,377.894,0,102.732,0,281.805,0,212.952,47.0784,16.8411,49.7821,4.66287,48.3682,12.6697,49.066,9.61931,16.3048,126.023,-32.2678,-143.997,4.23257,48.0543,-24.4765,-23.3658,10,6.95271e-310,1260.23,6.68183e-310,-1439.97,1.4822e-323,480.543,5.23261e-310,-233.658,47.0784,1277.07,49.7821,-1435.31,48.3682,493.213,49.066,-224.038,-188.323,-141.244,160.31,210.092,-87.8245,-39.4563,4.37519,53.4412,
1.22613,1.47967,1.32176,1.36768,0,200,0,-10,-8.13404,9.46307,10,-4.49102,-1.70471,-0.519373,2.29652,0,379.133,0,100.241,0,273.935,0,223.433,47.0594,16.8941,49.7925,4.55009,48.4576,12.3233,48.9721,10.0863,16.2451,126.179,-32.3351,-147.295,2.89059,40.5215,-22.9594,-12.9851,10,6.95271e-310,1261.79,6.68183e-310,-1472.95,1.4822e-323,405.215,5.23261e-310,-129.851,47.0594,1278.68,49.7925,-1468.4,48.4576,417.539,48.9721,-119.764,-188.521,-141.462,164.575,214.368,-78.1047,-29.6472,-9.03258,39.9395,
1.22533,1.48148,1.32933,1.35929,0,200,0,-10,-8.13187,9.65624,10,-3.94462,-1.15304,-1.23925,1.57168,0,380.016,0,98.2502,0,265.617,0,232.66,47.0458,16.9319,49.8007,4.45998,48.5494,11.9565,48.8858,10.4968,16.0173,126.141,-31.9986,-149.893,1.62991,33.1581,-21.8535,-3.28994,10,6.95271e-310,1261.41,6.68183e-310,-1498.93,1.4822e-323,331.581,5.23261e-310,-32.8994,47.0458,1278.34,49.8007,-1494.47,48.5494,343.538,48.8858,-22.4026,-188.47,-141.424,167.935,217.735,-68.6022,-20.0528,-21.5522,27.3335,
1.22482,1.48295,1.33733,1.34863,0,200,0,-10,-8.0748,9.85244,10,-3.31625,-0.519242,-2.0976,0.706743,0,380.57,0,96.6288,0,256.811,0,244.38,47.0373,16.9556,49.8072,4.38657,48.6435,11.5675,48.7712,11.017,15.6925,125.366,-31.88,-152.533,0.0868768,24.6911,-20.2537,8.27145,10,6.95271e-310,1253.66,6.68183e-310,-1525.33,1.4822e-323,246.911,5.23261e-310,82.7145,47.0373,1270.61,49.8072,-1520.94,48.6435,258.479,48.7712,93.7315,-187.469,-140.431,171.347,221.154,-57.6738,-9.0303,-36.48,12.2912,
1.22454,1.48404,1.34537,1.33875,0,200,0,-10,-8.00419,10,10,-2.70734,0.0949219,-2.91358,-0.115643,0,380.886,0,95.4292,0,247.966,0,255.256,47.0324,16.9691,49.812,4.33225,48.735,11.1759,48.6598,11.4987,15.2283,124.411,-31.5611,-154.667,-1.40798,16.4878,-18.9551,19.2645,10,6.95271e-310,1244.11,6.68183e-310,-1546.67,1.4822e-323,164.878,5.23261e-310,192.645,47.0324,1261.08,49.812,-1542.34,48.735,176.054,48.6598,204.143,-186.236,-139.203,174.106,223.918,-47.0842,1.65082,-50.671,-2.01117,
1.2246,1.48483,1.35327,1.32901,0,200,0,-10,-7.90861,10,10,-2.10974,0.697512,-3.71701,-0.925635,0,380.82,0,94.5591,0,239.278,0,265.96,47.0334,16.9663,49.8154,4.29285,48.8217,10.7907,48.5456,11.9716,14.6507,123.123,-31.2344,-156.428,-2.91829,8.4381,-17.7018,30.0902,10,6.95271e-310,1231.23,6.68183e-310,-1564.28,1.4822e-323,84.381,5.23261e-310,300.902,47.0334,1248.2,49.8154,-1559.99,48.8217,95.1717,48.5456,312.874,-184.574,-137.541,176.382,226.197,-36.6911,12.1306,-64.6436,-16.098,
1.225,1.48519,1.36092,1.31932,0,200,0,-10,-7.782,10,10,-1.52375,1.28816,-4.50936,-1.72479,0,380.372,0,94.1636,0,230.868,0,276.625,47.0404,16.9471,49.8169,4.27494,48.9028,10.4171,48.4273,12.4417,13.9695,121.421,-30.9015,-157.759,-4.439,0.545926,-16.4553,40.7686,10,6.95271e-310,1214.21,6.68183e-310,-1577.59,1.4822e-323,5.45926,5.23261e-310,407.686,47.0404,1231.16,49.8169,-1573.31,48.9028,15.8764,48.4273,420.128,-182.379,-135.339,178.099,227.916,-26.5,22.4028,-78.4237,-29.9964,
1.22585,1.48529,1.36823,1.30985,0,200,0,-10,-7.62817,10,10,-0.959813,1.8564,-5.28033,-2.50266,0,379.436,0,94.0581,0,222.826,0,287.039,47.0548,16.9071,49.8173,4.27016,48.9776,10.0593,48.3073,12.8997,13.1949,119.358,-30.6096,-158.7,-5.95823,-7.04816,-15.185,51.1606,10,6.95271e-310,1193.58,6.68183e-310,-1587,1.4822e-323,-70.4816,5.23261e-310,511.606,47.0548,1210.48,49.8173,-1582.73,48.9776,-60.4222,48.3073,524.506,-179.719,-132.664,179.314,229.132,-16.6924,32.2852,-91.8318,-43.5245,
1.22742,1.48503,1.37548,1.30038,0,200,0,-10,-7.42972,10,10,-0.399231,2.4211,-6.05248,-3.28196,0,377.709,0,94.3481,0,214.851,0,297.453,47.0812,16.8332,49.8162,4.2833,49.0493,9.70397,48.183,13.3564,12.2871,116.7,-30.298,-159.088,-7.50938,-14.5961,-13.7926,61.5704,10,6.95271e-310,1167,6.68183e-310,-1590.88,1.4822e-323,-145.961,5.23261e-310,615.704,47.0812,1183.84,49.8162,-1586.6,49.0493,-136.257,48.183,629.06,-176.294,-129.213,179.814,229.63,-6.94315,42.1061,-105.261,-57.0776,
1.22973,1.48435,1.38258,1.29116,0,200,0,-9.89762,-7.18822,10,10,0.148691,2.97292,-6.80929,-4.04597,0,375.178,0,95.0864,0,207.033,0,307.604,47.1198,16.7248,49.8133,4.31673,49.117,9.35515,48.0577,13.8005,11.257,113.471,-29.929,-158.843,-9.0523,-21.9725,-12.319,71.7749,10,6.95271e-310,1134.71,6.68183e-310,-1588.43,1.4822e-323,-219.725,5.23261e-310,717.749,47.1198,1151.44,49.8133,-1584.11,49.117,-210.369,48.0577,731.55,-172.132,-125.013,179.495,229.308,2.58593,51.7029,-118.422,-70.3647,
1.23254,1.48296,1.38945,1.28255,0,200,0,-9.62134,-6.90925,10,10,0.673912,3.50177,-7.51953,-4.76314,0,372.08,0,96.6155,0,199.48,0,317.069,47.1668,16.5921,49.8073,4.38597,49.1801,9.01765,47.9372,14.2135,10.1362,109.743,-29.3338,-157.774,-10.4931,-29.0422,-10.9369,81.3531,10,6.95271e-310,1097.43,6.68183e-310,-1577.74,1.4822e-323,-290.422,5.23261e-310,813.531,47.1668,1114.02,49.8073,-1573.36,49.1801,-281.404,47.9372,827.744,-167.328,-120.161,178.11,227.917,11.7202,60.9003,-130.774,-82.8371,
1.23574,1.48077,1.39616,1.27452,0,200,0,-9.31106,-6.59593,10,10,1.18303,4.0143,-8.1857,-5.43597,0,368.56,0,99.0281,0,192.097,0,325.901,47.2196,16.4411,49.7975,4.4952,49.2395,8.68739,47.8215,14.5979,8.9298,105.555,-28.4595,-155.879,-11.8283,-35.8942,-9.69624,90.3384,10,6.95271e-310,1055.55,6.68183e-310,-1558.79,1.4822e-323,-358.942,5.23261e-310,903.384,47.2196,1071.99,49.7975,-1554.3,49.2395,-350.255,47.8215,917.982,-161.931,-114.712,175.656,225.453,20.5744,69.8139,-142.36,-94.5385,
1.23938,1.47795,1.40263,1.267,0,200,0,-8.96904,-6.25049,9.90617,10,1.67281,4.50725,-8.81211,-6.06877,0,364.553,0,102.126,0,184.979,0,334.18,47.2792,16.2689,49.7847,4.63542,49.2947,8.36856,47.7103,14.9574,7.65097,100.939,-27.4085,-153.273,-13.0817,-42.4851,-8.51218,98.7884,10,6.95271e-310,1009.39,6.68183e-310,-1532.73,1.4822e-323,-424.851,5.23261e-310,987.884,47.2792,1025.66,49.7847,-1528.1,49.2947,-416.482,47.7103,1002.84,-155.983,-108.704,172.281,222.066,29.0923,78.387,-153.254,-105.544,
1.24354,1.47435,1.40895,1.26019,0,200,0,-8.59129,-5.86887,9.64387,10,2.14427,4.9817,-9.38667,-6.64924,0,359.978,0,106.094,0,178.032,0,341.668,47.3464,16.0722,49.7676,4.81498,49.3466,8.05706,47.6074,15.2818,6.29978,95.8417,-26.066,-149.749,-14.2116,-48.8286,-7.43138,106.54,10,6.95271e-310,958.417,6.68183e-310,-1497.49,1.4822e-323,-488.286,5.23261e-310,1065.4,47.3464,974.489,49.7676,-1492.68,49.3466,-480.228,47.6074,1080.68,-149.414,-102.067,167.72,217.487,37.2917,86.6383,-163.246,-115.639,
1.24812,1.47094,1.41505,1.25367,0,200,0,-8.20619,-5.47957,9.37446,10,2.59496,5.43516,-9.94592,-7.21428,0,354.943,0,109.838,0,171.322,0,348.839,47.4195,15.8552,49.7509,4.98433,49.3948,7.7559,47.5068,15.5919,4.89984,90.6446,-24.8741,-146.128,-15.3628,-54.8916,-6.27095,114.086,10,6.95271e-310,906.446,6.68183e-310,-1461.28,1.4822e-323,-548.916,5.23261e-310,1140.86,47.4195,922.302,49.7509,-1456.3,49.3948,-541.161,47.5068,1156.45,-142.716,-95.2969,163.034,212.785,45.1298,94.5246,-172.973,-125.466,
1.25313,1.46622,1.42105,1.24765,0,200,0,-7.77,-5.03885,9.01434,10,3.04168,5.88451,-10,-7.73244,0,349.432,0,115.032,0,164.717,0,355.457,47.4984,15.6175,49.7269,5.21919,49.4405,7.45919,47.4121,15.8774,3.40504,84.7587,-23.2353,-141.289,-16.389,-60.9006,-5.25834,121.004,10,6.95271e-310,847.587,6.68183e-310,-1412.89,1.4822e-323,-609.006,5.23261e-310,1210.04,47.4984,863.205,49.7269,-1407.67,49.4405,-601.547,47.4121,1225.92,-135.13,-87.6321,156.771,206.498,52.8988,102.339,-181.889,-134.477,
1.25851,1.46132,1.42683,1.24199,0,200,0,-7.31812,-4.58217,8.62739,10,3.4705,6.31575,-10,-8.22481,0,343.513,0,120.423,0,158.363,0,361.692,47.5817,15.3617,49.7007,5.46286,49.4827,7.17349,47.3213,16.1459,1.86186,78.6614,-21.6107,-136.087,-17.4018,-66.6682,-4.22656,127.579,10,6.95271e-310,786.614,6.68183e-310,-1360.87,1.4822e-323,-666.682,5.23261e-310,1275.79,47.5817,801.976,49.7007,-1355.41,49.4827,-659.508,47.3213,1291.93,-127.272,-79.6899,150.042,199.742,60.3564,109.839,-190.362,-143.04,
1.26417,1.45655,1.43231,1.23693,0,200,0,-6.86858,-4.12768,8.22933,10,3.86937,6.71685,-10,-8.67705,0,337.291,0,125.67,0,152.339,0,367.255,47.6678,15.0923,49.6741,5.69986,49.5213,6.90237,47.2391,16.385,0.323338,72.596,-20.0702,-130.736,-18.371,-72.0321,-3.20278,133.618,10,6.95271e-310,725.96,6.68183e-310,-1307.36,1.4822e-323,-720.321,5.23261e-310,1336.18,47.6678,741.053,49.6741,-1301.66,49.5213,-713.419,47.2391,1352.57,-119.454,-71.7858,143.119,192.793,67.2934,116.815,-198.144,-150.905,
1.27012,1.45007,1.43744,1.23241,0,200,0,-6.36238,-3.61636,7.72376,10,4.25852,7.10799,-10,-9.06429,0,330.739,0,132.802,0,146.697,0,372.225,47.7569,14.8081,49.6361,6.0218,49.556,6.64828,47.1646,16.5983,-1.28993,65.7672,-18.0125,-123.939,-19.1935,-77.2652,-2.34655,138.787,10,6.95271e-310,657.672,6.68183e-310,-1239.39,1.4822e-323,-772.652,5.23261e-310,1387.87,47.7569,672.48,49.6361,-1233.37,49.556,-766.004,47.1646,1404.47,-110.65,-62.8932,134.326,183.962,74.0612,123.617,-204.804,-157.64,
1.27648,1.44447,1.44209,1.22837,0,200,0,-5.8742,-3.12282,7.24624,10,4.6045,7.45572,-10,-9.42646,0,323.753,0,138.958,0,141.582,0,376.668,47.85,14.5045,49.6016,6.2995,49.5864,6.41777,47.0972,16.7886,-2.84744,59.1816,-16.3789,-117.517,-20.0402,-81.9171,-1.29999,143.624,10,6.95271e-310,591.816,6.68183e-310,-1175.17,1.4822e-323,-819.171,5.23261e-310,1436.24,47.85,606.321,49.6016,-1168.87,49.5864,-812.754,47.0972,1453.02,-102.16,-54.3099,126.022,175.623,80.0782,129.665,-211.036,-163.938,
1.28296,1.43721,1.44624,1.2252,0,200,0,-5.34373,-2.58701,6.66386,9.51325,4.92838,7.78111,-10,-9.69798,0,316.621,0,146.947,0,137.007,0,380.161,47.943,14.1939,49.5545,6.65956,49.6127,6.21151,47.0436,16.9381,-4.42545,52.0269,-14.2188,-109.686,-20.6956,-86.2721,-0.482213,147.248,10,6.95271e-310,520.269,6.68183e-310,-1096.86,1.4822e-323,-862.721,5.23261e-310,1472.48,47.943,534.463,49.5545,-1090.2,49.6127,-856.509,47.0436,1489.41,-92.9345,-44.9915,115.893,165.448,85.711,135.324,-215.704,-168.661,
1.28985,1.43107,1.44983,1.22185,0,200,0,-4.82633,-2.06405,6.13401,8.98099,5.21545,8.06944,-10,-9.98495,0,309.041,0,153.697,0,133.066,0,383.839,48.0397,13.8632,49.5127,6.9635,49.6346,6.0337,46.9867,17.0953,-5.96311,45.0489,-12.7032,-102.558,-21.4909,-90.132,0.699804,151.078,10,6.95271e-310,450.489,6.68183e-310,-1025.58,1.4822e-323,-901.32,5.23261e-310,1510.78,48.0397,464.352,49.5127,-1018.62,49.6346,-895.286,46.9867,1527.87,-83.9362,-35.8965,106.678,156.191,90.7034,140.338,-220.638,-173.651,
1.29698,1.42404,1.45318,1.21936,0,200,0,-4.28681,-1.51891,5.534,8.37809,5.48409,8.33923,-10,-10,0,301.197,0,161.435,0,129.374,0,386.581,48.1373,13.5203,49.4625,7.31162,49.6546,5.86711,46.9439,17.2124,-7.51349,37.7735,-10.8846,-94.4866,-22.1635,-93.7438,1.71278,153.978,10,6.95271e-310,377.735,6.68183e-310,-944.866,1.4822e-323,-937.438,5.23261e-310,1539.78,48.1373,391.255,49.4625,-937.554,49.6546,-931.571,46.9439,1556.99,-74.5532,-26.4159,96.2435,145.706,95.3754,145.03,-224.374,-177.43,
1.30444,1.41572,1.45552,1.21733,0,200,0,-3.7005,-0.926891,4.85322,7.69372,5.7113,8.56722,-10,-10,0,292.997,0,170.583,0,126.804,0,388.809,48.2368,13.1611,49.4,7.72275,49.6682,5.75105,46.909,17.3074,-9.05817,29.8685,-8.90066,-85.3277,-22.7525,-96.8,2.80224,155.876,10,6.95271e-310,298.685,6.68183e-310,-853.277,1.4822e-323,-968,5.23261e-310,1558.76,48.2368,311.846,49.4,-845.554,49.6682,-962.249,46.909,1576.07,-64.3566,-16.1198,84.4038,133.804,99.327,148.995,-226.818,-179.909,
1.31202,1.40895,1.45769,1.21563,0,200,0,-3.16092,-0.381643,4.24617,7.0836,5.90508,8.76171,-10,-10,0,284.653,0,178.032,0,124.418,0,390.681,48.3352,12.7948,49.3466,8.05706,49.6805,5.6433,46.8795,17.3872,-10.4914,22.5943,-7.489,-77.1585,-23.4003,-99.4057,4.03381,157.797,10,6.95271e-310,225.943,6.68183e-310,-771.585,1.4822e-323,-994.057,5.23261e-310,1577.97,48.3352,238.738,49.3466,-763.528,49.6805,-988.414,46.8795,1595.36,-54.9725,-6.63728,73.8464,123.193,102.697,152.378,-229.292,-182.413,
1.31988,1.40032,1.45941,1.2143,0,200,0,-2.56116,0.223813,3.52434,6.35767,6.09295,8.95014,-10,-10,0,276.005,0,187.523,0,122.52,0,392.144,48.4343,12.4145,49.2752,8.48255,49.6902,5.55756,46.8563,17.4496,-12.0474,14.5102,-5.63764,-67.4444,-24.012,-101.933,5.1347,158.877,10,6.95271e-310,145.102,6.68183e-310,-674.444,1.4822e-323,-1019.33,5.23261e-310,1588.77,48.4343,157.517,49.2752,-665.962,49.6902,-1013.77,46.8563,1606.22,-44.5419,3.89239,61.2929,110.568,105.964,155.655,-230.682,-183.826,
1.32788,1.39226,1.46079,1.21338,0,200,0,-1.97958,0.811011,2.82333,5.65262,6.2494,9.10702,-10,-10,0,267.212,0,196.395,0,121.004,0,393.159,48.532,12.0269,49.2052,8.87969,49.6978,5.48907,46.8402,17.4928,-13.5301,6.67244,-4.07489,-58.0085,-24.6341,-104.038,6.29792,159.628,10,6.95271e-310,66.7244,6.68183e-310,-580.085,1.4822e-323,-1040.38,5.23261e-310,1596.28,48.532,78.7513,49.2052,-571.205,49.6978,-1034.89,46.8402,1613.77,-34.4275,14.1045,49.1013,98.3065,108.685,158.383,-231.648,-184.808,
1.33607,1.38399,1.46166,1.21279,0,200,0,-1.3886,1.40757,2.10176,4.92674,6.37747,9.23537,-10,-10,0,258.195,0,205.491,0,120.054,0,393.805,48.6289,11.6287,49.1301,9.28627,49.7025,5.44619,46.8299,17.5203,-14.9936,-1.29073,-2.62053,-48.2946,-25.263,-105.762,7.51108,159.885,10,6.95271e-310,-12.9073,6.68183e-310,-482.946,1.4822e-323,-1057.62,5.23261e-310,1598.85,48.6289,-1.27863,49.1301,-473.66,49.7025,-1052.17,46.8299,1616.38,-24.1495,24.4795,36.5523,85.6824,110.913,160.615,-231.979,-185.15,
1.34459,1.37523,1.46233,1.21248,0,200,0,-0.775719,2.02604,1.33759,4.15778,6.49637,9.35448,-10,-10,0,248.822,0,215.128,0,119.316,0,394.148,48.7263,11.2139,49.0468,9.71631,49.7061,5.41283,46.8244,17.5349,-16.5226,-9.54748,-1.16023,-38.0057,-25.9416,-107.362,8.69803,159.775,10,6.95271e-310,-95.4748,6.68183e-310,-380.057,1.4822e-323,-1073.62,5.23261e-310,1597.75,48.7263,-84.2609,49.0468,-370.34,49.7061,-1068.21,46.8244,1615.29,-13.4908,35.2355,23.2624,72.3093,112.98,162.687,-231.836,-185.012,
1.35302,1.3659,1.46266,1.21252,0,200,0,-0.157797,2.6493,0.540145,3.35501,6.60081,9.45902,-10,-10,0,239.555,0,225.384,0,118.947,0,394.108,48.819,10.803,48.9541,10.1732,49.708,5.39615,46.8251,17.5332,-18.08,-17.8708,0.358924,-27.2673,-26.6336,-108.769,9.75781,159.096,10,6.95271e-310,-178.708,6.68183e-310,-272.673,1.4822e-323,-1087.69,5.23261e-310,1590.96,48.819,-167.905,48.9541,-262.499,49.708,-1082.29,46.8251,1608.49,-2.7443,46.0747,9.39383,58.348,114.797,164.505,-230.96,-184.134,
1.36126,1.35619,1.46277,1.21295,0,200,0,0.454632,3.26675,-0.280085,2.52897,6.69304,9.55128,-10,-10,0,230.485,0,236.062,0,118.828,0,393.634,48.9064,10.4001,48.8531,10.6479,49.7085,5.39079,46.8326,17.513,-19.6547,-26.1189,1.91929,-16.2203,-27.337,-110.012,10.6539,157.872,10,6.95271e-310,-261.189,6.68183e-310,-162.203,1.4822e-323,-1100.12,5.23261e-310,1578.72,48.9064,-250.789,48.8531,-151.555,49.7085,-1094.73,46.8326,1596.23,7.90665,56.8131,-4.87105,43.982,116.401,166.109,-229.382,-182.549,
1.36916,1.34626,1.46253,1.21403,0,200,0,1.04607,3.86282,-1.11242,1.69041,6.76149,9.61966,-10,-10,0,221.798,0,246.99,0,119.092,0,392.447,48.987,10.0136,48.7449,11.1327,49.7073,5.4027,46.8515,17.4625,-21.1765,-34.083,3.51809,-5.00848,-27.9873,-110.935,11.3507,155.857,10,6.95271e-310,-340.83,6.68183e-310,-50.0848,1.4822e-323,-1109.35,5.23261e-310,1558.57,48.987,-330.816,48.7449,-38.9521,49.7073,-1103.95,46.8515,1576.04,18.1925,67.1795,-19.3464,29.3985,117.591,167.298,-226.785,-179.934,
1.37747,1.33679,1.46198,1.21591,0,200,0,1.62761,4.44905,-1.94396,0.852688,6.792,9.65,-10,-10,0,212.662,0,257.404,0,119.698,0,390.378,49.0685,9.60637,48.6373,11.5937,49.7043,5.4301,46.8843,17.3743,-22.5915,-41.912,4.86599,6.19482,-28.5927,-111.348,12.0795,153.223,10,6.95271e-310,-419.12,6.68183e-310,61.9482,1.4822e-323,-1113.48,5.23261e-310,1532.23,49.0685,-409.514,48.6373,73.5419,49.7043,-1108.05,46.8843,1549.6,28.3063,77.3748,-33.8079,14.8294,118.122,167.826,-223.39,-176.506,
1.38413,1.32744,1.46057,1.21874,0,200,0,2.1213,4.94635,-2.72678,0.0635152,6.77036,9.62791,-10,-9.85021,0,205.333,0,267.687,0,121.254,0,387.267,49.1314,9.2792,48.5268,12.0478,49.6965,5.50039,46.9332,17.2416,-23.7244,-48.5577,6.33939,16.7433,-28.9332,-111.06,12.4153,149.226,10,6.95271e-310,-485.577,6.68183e-310,167.433,1.4822e-323,-1110.6,5.23261e-310,1492.26,49.1314,-476.298,48.5268,179.481,49.6965,-1105.1,46.9332,1509.5,36.8921,86.0236,-47.4222,1.10461,117.745,167.442,-218.241,-171.308,
1.39146,1.3181,1.4586,1.22147,0,200,0,2.64573,5.47462,-3.52457,-0.740877,6.72323,9.58015,-10,-9.54832,0,197.265,0,277.969,0,123.416,0,384.261,49.1982,8.91861,48.4121,12.5009,49.6856,5.59805,46.9801,17.1133,-24.9014,-55.6159,7.45818,27.4953,-29.405,-110.43,13.003,145.188,10,6.95271e-310,-556.159,6.68183e-310,274.953,1.4822e-323,-1104.3,5.23261e-310,1451.88,49.1982,-547.241,48.4121,287.454,49.6856,-1098.71,46.9801,1469,46.0126,95.2108,-61.2969,-12.8848,116.926,166.611,-213.038,-166.058,
1.39846,1.30882,1.45607,1.2248,0,200,0,3.14421,5.97662,-4.31383,-1.53692,6.63946,9.49557,-10,-9.18936,0,189.566,0,288.173,0,126.197,0,380.596,49.2594,8.57407,48.294,12.9494,49.6713,5.72367,47.0369,16.9567,-25.9648,-62.3238,8.49156,38.134,-29.792,-109.308,13.4876,140.388,10,6.95271e-310,-623.238,6.68183e-310,381.34,1.4822e-323,-1093.08,5.23261e-310,1403.88,49.2594,-614.664,48.294,394.29,49.6713,-1087.36,47.0369,1420.83,54.6819,103.941,-75.0231,-26.7291,115.469,165.14,-206.852,-159.815,
1.40521,1.29976,1.45339,1.22899,0,200,0,3.61041,6.44609,-5.09787,-2.32783,6.5292,9.38441,-10,-8.77238,0,182.145,0,298.139,0,129.15,0,375.982,49.3161,8.24151,48.1747,13.3864,49.6558,5.85699,47.1076,16.7593,-26.9168,-68.5962,9.50842,48.7041,-30.0667,-107.83,13.7531,134.815,10,6.95271e-310,-685.962,6.68183e-310,487.041,1.4822e-323,-1078.3,5.23261e-310,1348.15,49.3161,-677.721,48.1747,500.428,49.6558,-1072.44,47.1076,1364.91,62.7898,112.106,-88.6587,-40.484,113.551,163.207,-199.671,-152.563,
1.41219,1.29106,1.44966,1.23271,0,200,0,4.08866,6.92757,-5.84822,-3.08498,6.37627,9.2302,-10,-8.36294,0,174.472,0,307.709,0,133.25,0,371.896,49.3724,7.89735,48.0564,13.8051,49.6336,6.04202,47.1695,16.5841,-27.8231,-75.0295,10.0042,58.8215,-30.4418,-105.778,14.3847,129.338,10,6.95271e-310,-750.295,6.68183e-310,588.215,1.4822e-323,-1057.78,5.23261e-310,1293.38,49.3724,-742.398,48.0564,602.02,49.6336,-1051.74,47.1695,1309.96,71.1071,120.479,-101.708,-53.6518,110.892,160.525,-192.612,-145.442,
1.41829,1.28277,1.4458,1.23722,0,200,0,4.50448,7.34611,-6.56136,-3.80479,6.19945,9.05202,-10,-7.8968,0,167.762,0,316.832,0,137.495,0,366.939,49.4196,7.59603,47.9403,14.2031,49.6099,6.23351,47.2438,16.3714,-28.5581,-80.6223,10.5688,68.4386,-30.6318,-103.405,14.6864,123.105,10,6.95271e-310,-806.223,6.68183e-310,684.386,1.4822e-323,-1034.05,5.23261e-310,1231.05,49.4196,-798.626,47.9403,698.589,49.6099,-1027.82,47.2438,1247.42,78.3388,127.758,-114.111,-66.1703,107.816,157.426,-184.579,-137.336,
1.42344,1.27488,1.44197,1.24267,0,200,0,4.85182,7.69567,-7.23993,-4.48989,6.00218,8.85335,-10,-7.3685,0,162.094,0,325.506,0,141.713,0,360.941,49.4581,7.34126,47.8268,14.5807,49.5856,6.42372,47.3324,16.1136,-29.1172,-85.2933,11.286,77.5908,-30.6028,-100.756,14.5765,116.044,10,6.95271e-310,-852.933,6.68183e-310,775.908,1.4822e-323,-1007.56,5.23261e-310,1160.44,49.4581,-845.592,47.8268,790.488,49.5856,-1001.13,47.3324,1176.56,84.3796,133.838,-125.912,-78.0851,104.386,153.971,-175.48,-128.148,
1.42945,1.26708,1.43693,1.24741,0,200,0,5.2508,8.09713,-7.91291,-5.1695,5.76135,8.61062,-9.58549,-6.85952,0,155.476,0,334.088,0,147.25,0,355.721,49.5014,7.04359,47.7116,14.9534,49.5527,6.67322,47.4083,15.8888,-29.722,-90.6577,11.3594,86.6687,-30.7625,-97.5219,15.0056,109.236,10,6.95271e-310,-906.577,6.68183e-310,866.687,1.4822e-323,-975.219,5.23261e-310,1092.36,49.5014,-899.534,47.7116,881.641,49.5527,-968.546,47.4083,1108.25,91.3182,140.82,-137.616,-89.9043,100.197,149.75,-166.704,-119.296,
1.43409,1.25943,1.4319,1.25368,0,200,0,5.55969,8.40787,-8.56351,-5.82675,5.49192,8.33924,-8.97479,-6.24314,0,150.374,0,342.498,0,152.787,0,348.826,49.5335,6.81393,47.5959,15.3178,49.5185,6.92255,47.507,15.5913,-30.1069,-94.8106,11.8209,95.446,-30.5734,-93.9022,14.777,100.996,10,6.95271e-310,-948.106,6.68183e-310,954.46,1.4822e-323,-939.022,5.23261e-310,1009.96,49.5335,-941.292,47.5959,969.778,49.5185,-932.1,47.507,1025.56,96.6903,146.224,-148.931,-101.335,95.5117,145.03,-156.083,-108.576,
1.43937,1.25186,1.4267,1.25905,0,200,0,5.90779,8.758,-9.21015,-6.48013,5.23058,8.07578,-8.42128,-5.68486,0,144.574,0,350.83,0,158.508,0,342.92,49.5688,6.55264,47.4785,15.6778,49.4818,7.18,47.59,15.336,-30.656,-99.49,11.8698,104.171,-30.6459,-90.3913,14.8313,93.5295,10,6.95271e-310,-994.9,6.68183e-310,1041.71,1.4822e-323,-903.913,5.23261e-310,935.295,49.5688,-988.347,47.4785,1057.39,49.4818,-896.733,47.59,950.631,102.744,152.313,-160.176,-112.698,90.9666,140.448,-146.457,-98.8671,
1.44337,1.24492,1.42131,1.26618,0,200,0,6.15776,9.00945,-9.81125,-7.08755,4.91749,7.76043,-7.75267,-5.01002,0,140.171,0,358.463,0,164.44,0,335.076,49.5946,6.35418,47.3685,16.0069,49.4423,7.44675,47.6981,14.9963,-30.881,-102.849,12.1876,112.283,-30.2765,-86.1828,14.295,84.5098,10,6.95271e-310,-1028.49,6.68183e-310,1122.83,1.4822e-323,-861.828,5.23261e-310,845.098,49.5946,-1022.14,47.3685,1138.83,49.4423,-854.381,47.6981,860.094,107.092,156.686,-170.63,-123.262,85.5216,134.964,-134.829,-87.1309,
1.44763,1.23888,1.41632,1.27296,0,200,0,6.40176,9.25498,-10,-7.64598,4.61364,7.45441,-7.13656,-4.38813,0,135.478,0,365.107,0,169.924,0,327.615,49.6213,6.14254,47.271,16.2927,49.4046,7.69315,47.7987,14.6724,-31.1037,-106.127,12.2202,119.743,-29.9798,-82.0975,13.8373,76.1992,10,6.95271e-310,-1061.27,6.68183e-310,1197.43,1.4822e-323,-820.975,5.23261e-310,761.992,49.6213,-1055.13,47.271,1213.72,49.4046,-813.282,47.7987,776.664,111.335,160.956,-180.245,-132.974,80.2373,129.642,-124.114,-76.3153,
1.45109,1.23352,1.40996,1.2794,0,200,0,6.60616,9.46058,-10,-8.11581,4.25063,7.08852,-6.50286,-3.74906,0,131.681,0,370.999,0,176.924,0,320.536,49.6422,5.97123,47.183,16.5457,49.3547,8.00738,47.8922,14.3645,-31.1093,-108.873,11.8956,126.016,-29.524,-77.2168,13.6098,67.6526,10,6.95271e-310,-1088.73,6.68183e-310,1260.16,1.4822e-323,-772.168,5.23261e-310,676.526,49.6422,-1082.76,47.183,1276.7,49.3547,-764.161,47.8922,690.891,114.89,164.532,-188.328,-141.145,73.924,123.279,-113.093,-65.2011,
1.45382,1.22866,1.40399,1.28784,0,200,0,6.73566,9.59101,-10,-8.57534,3.85193,6.68702,-5.76305,-3.00238,0,128.676,0,376.351,0,183.489,0,311.255,49.6583,5.83557,47.102,16.7751,49.306,8.3018,48.0117,13.9599,-30.9156,-110.611,11.925,132.155,-28.6966,-71.8535,12.6714,57.6754,10,6.95271e-310,-1106.11,6.68183e-310,1321.55,1.4822e-323,-718.535,5.23261e-310,576.754,49.6583,-1100.28,47.102,1338.33,49.306,-710.234,48.0117,590.714,117.142,166.8,-196.238,-149.136,66.9901,116.296,-100.227,-52.2153,
1.45662,1.22422,1.39784,1.29599,0,200,0,6.86424,9.72052,-10,-9.00226,3.44288,6.27498,-5.04437,-2.27725,0,125.591,0,381.229,0,190.252,0,302.291,49.6745,5.69629,47.0271,16.9838,49.254,8.60476,48.1238,13.5682,-30.7299,-112.336,11.7116,137.859,-27.9077,-66.3504,11.8172,47.9846,10,6.95271e-310,-1123.36,6.68183e-310,1378.59,1.4822e-323,-663.504,5.23261e-310,479.846,49.6745,-1117.67,47.0271,1395.58,49.254,-654.899,48.1238,493.414,119.378,169.053,-203.588,-156.561,59.8761,109.13,-87.7282,-39.6044,
1.45872,1.22031,1.39151,1.30451,0,200,0,6.94585,9.80281,-10,-9.38096,3.01025,5.83916,-4.30071,-1.52704,0,123.284,0,385.54,0,197.212,0,292.918,49.6863,5.5921,46.9602,17.1679,49.1986,8.91625,48.2377,13.1577,-30.4381,-113.431,11.5194,142.919,-26.9571,-60.529,10.7508,37.9582,10,6.95271e-310,-1134.31,6.68183e-310,1429.19,1.4822e-323,-605.29,5.23261e-310,379.582,49.6863,-1128.71,46.9602,1446.36,49.1986,-596.373,48.2377,392.739,120.797,170.484,-210.107,-163.147,52.3521,101.551,-74.7949,-26.5572,
1.46047,1.2167,1.38504,1.31334,0,200,0,7.00174,9.85926,-10,-9.73348,2.55796,5.3835,-3.53745,-0.757204,0,121.359,0,389.508,0,204.331,0,283.203,49.696,5.50515,46.898,17.3372,49.1399,9.23445,48.352,12.7311,-30.1147,-114.179,11.3016,147.63,-25.9228,-54.442,9.51299,27.6691,10,6.95271e-310,-1141.79,6.68183e-310,1476.3,1.4822e-323,-544.42,5.23261e-310,276.691,49.696,-1136.28,46.898,1493.63,49.1399,-535.186,48.352,289.422,121.769,171.465,-216.176,-169.278,44.4863,93.6262,-61.5208,-13.1688,
1.46182,1.21365,1.37833,1.32252,0,200,0,7.02478,9.88273,-10,-10,2.07665,4.89856,-2.75396,0.0328815,0,119.87,0,392.856,0,211.713,0,273.105,49.7034,5.43785,46.845,17.4799,49.0768,9.56403,48.4669,12.2867,-29.7083,-114.486,11.0092,151.757,-24.7593,-47.9633,8.13659,17.1091,10,6.95271e-310,-1144.86,6.68183e-310,1517.57,1.4822e-323,-479.633,5.23261e-310,171.091,49.7034,-1139.42,46.845,1535.05,49.0768,-470.069,48.4669,183.377,122.17,171.874,-221.493,-174.648,36.1156,85.1924,-47.895,0.571852,
1.46289,1.21117,1.37144,1.33188,0,200,0,7.02221,9.88049,-10,-10,1.5722,4.39026,-1.96338,0.829955,0,118.697,0,395.585,0,219.293,0,262.809,49.7092,5.38483,46.8015,17.596,49.0097,9.90198,48.5797,11.8325,-29.2464,-114.448,10.6114,155.31,-23.5083,-41.172,6.67075,6.45504,10,6.95271e-310,-1144.48,6.68183e-310,1553.1,1.4822e-323,-411.72,5.23261e-310,64.5504,49.7092,-1139.09,46.8015,1570.7,49.0097,-401.818,48.5797,76.383,122.125,171.835,-226.071,-179.27,27.3426,76.3523,-34.1457,14.434,
1.46366,1.20915,1.36443,1.34044,0,200,0,7.00898,9.8675,-10,-10,1.07505,3.88904,-1.22222,1.57683,0,117.853,0,397.813,0,227.005,0,253.397,49.7133,5.3467,46.7658,17.6908,48.9391,10.2453,48.6792,11.4164,-28.7934,-114.267,10.0317,158.149,-22.3077,-34.4782,5.35572,-3.53139,10,6.95271e-310,-1142.67,6.68183e-310,1581.49,1.4822e-323,-344.782,5.23261e-310,-35.3139,49.7133,-1137.33,46.7658,1599.18,48.9391,-334.537,48.6792,-23.8975,121.895,171.609,-229.729,-182.963,18.6965,67.6355,-21.2561,27.4231,
1.46411,1.20737,1.35683,1.35089,0,200,0,6.95371,9.81237,-10,-10,0.496568,3.30601,-0.357275,2.44849,0,117.352,0,399.764,0,235.363,0,241.902,49.7157,5.32407,46.7343,17.7737,48.8598,10.6169,48.7958,10.9071,-28.2592,-113.521,9.5053,160.996,-20.8229,-26.6877,3.4828,-15.1837,10,6.95271e-310,-1135.21,6.68183e-310,1609.96,1.4822e-323,-266.877,5.23261e-310,-151.837,49.7157,-1129.89,46.7343,1627.74,48.8598,-256.261,48.7958,-140.929,120.934,170.65,-233.398,-186.663,8.63597,57.4958,-6.21348,42.5824,
1.46441,1.20603,1.34892,1.36008,0,200,0,6.90155,9.7603,-10,-10,-0.0707557,2.73377,0.437109,3.24852,0,117.022,0,401.24,0,244.063,0,231.79,49.7173,5.30917,46.7104,17.8364,48.7743,11.003,48.894,10.4581,-27.7527,-112.817,8.6591,163.066,-19.451,-19.0467,1.93779,-25.8837,10,6.95271e-310,-1128.17,6.68183e-310,1630.66,1.4822e-323,-190.467,5.23261e-310,-258.837,49.7173,-1122.86,46.7104,1648.5,48.7743,-179.464,48.894,-248.379,120.027,169.744,-236.064,-189.354,-1.23053,47.5438,7.60189,56.4959,
1.4644,1.205,1.34071,1.36944,0,200,0,6.82828,9.68702,-10,-10,-0.661801,2.13743,1.24599,4.06291,0,117.036,0,402.374,0,253.094,0,221.495,49.7173,5.30976,46.692,17.8846,48.6823,11.403,48.9898,10,-27.2439,-111.83,7.71936,164.735,-18.019,-11.0848,0.265766,-36.7774,10,6.95271e-310,-1118.3,6.68183e-310,1647.35,1.4822e-323,-110.848,5.23261e-310,-367.774,49.7173,-1112.99,46.692,1665.23,48.6823,-99.4448,48.9898,-357.774,118.753,168.47,-238.215,-191.523,-11.5096,37.1728,21.6694,70.6592,
1.46406,1.20431,1.33256,1.37887,0,200,0,6.73286,9.5915,-10,-10,-1.25909,1.53471,2.05187,4.87408,0,117.405,0,403.139,0,262.058,0,211.12,49.7155,5.32645,46.6796,17.917,48.5878,11.7994,49.0819,9.53756,-26.7582,-110.545,6.76868,166.015,-16.5603,-3.03733,-1.56116,-47.6286,10,6.95271e-310,-1105.45,6.68183e-310,1660.15,1.4822e-323,-30.3733,5.23261e-310,-476.286,49.7155,-1100.12,46.6796,1678.07,48.5878,-18.574,49.0819,-466.749,117.093,166.809,-239.865,-193.185,-21.8973,26.6905,35.6847,84.7666,
1.46331,1.20392,1.32458,1.38738,0,200,0,6.62382,9.48223,-10,-10,-1.82881,0.959485,2.79701,5.62378,0,118.235,0,403.56,0,270.837,0,201.76,49.7114,5.36398,46.6727,17.9349,48.4921,12.1868,49.1613,9.11959,-26.2998,-109.077,5.75808,166.684,-15.168,4.63981,-3.27263,-57.6607,10,6.95271e-310,-1090.77,6.68183e-310,1666.84,1.4822e-323,46.3981,5.23261e-310,-576.607,49.7114,-1085.41,46.6727,1684.77,48.4921,58.5849,49.1613,-567.488,115.197,164.908,-240.726,-194.053,-31.8054,16.6867,48.6436,97.8049,
1.46208,1.20385,1.31701,1.39761,0,200,0,6.46414,9.32217,-10,-10,-2.43644,0.346466,3.62117,6.45316,0,119.593,0,403.639,0,279.169,0,190.502,49.7048,5.42534,46.6714,17.9383,48.3984,12.5537,49.2521,8.61598,-25.8858,-106.929,5.06729,167.352,-13.6067,12.8293,-5.72282,-68.7538,10,6.95271e-310,-1069.29,6.68183e-310,1673.52,1.4822e-323,128.293,5.23261e-310,-687.538,49.7048,-1063.86,46.6714,1691.46,48.3984,140.846,49.2521,-678.922,112.42,162.125,-241.588,-194.917,-42.3729,6.02549,62.9768,112.229,
1.45974,1.20414,1.30946,1.40644,0,200,0,6.26558,9.12287,-10,-10,-3.00618,-0.228807,4.36814,7.2044,0,122.163,0,403.323,0,287.474,0,180.787,49.692,5.54148,46.6765,17.9248,48.3022,12.9188,49.3262,8.18064,-25.4335,-104.259,4.39882,166.982,-12.0533,20.5092,-8.0062,-78.8069,10,6.95271e-310,-1042.59,6.68183e-310,1669.82,1.4822e-323,205.092,5.23261e-310,-788.069,49.692,-1037.05,46.6765,1687.74,48.3022,218.01,49.3262,-779.888,108.967,158.659,-241.112,-194.435,-52.2815,-3.97925,75.9676,125.294,
1.45701,1.20487,1.3021,1.41528,0,200,0,6.04032,8.89672,-10,-10,-3.57625,-0.804412,5.10167,7.94197,0,125.169,0,402.519,0,295.568,0,171.071,49.6766,5.67724,46.6896,17.8907,48.2059,13.2738,49.3966,7.74465,-24.9806,-101.23,3.76182,166.114,-10.4705,28.1945,-10.418,-88.6773,10,6.95271e-310,-1012.3,6.68183e-310,1661.14,1.4822e-323,281.945,5.23261e-310,-886.773,49.6766,-1006.63,46.6896,1679.03,48.2059,295.219,49.3966,-879.028,105.049,154.726,-239.994,-193.305,-62.1956,-13.9898,88.7247,138.121,
1.45382,1.20633,1.29499,1.4235,0,200,0,5.7872,8.64255,-10,-10,-4.13073,-1.36438,5.78231,8.62618,0,128.676,0,400.911,0,303.385,0,162.028,49.6583,5.83557,46.7157,17.8224,48.1103,13.6161,49.4586,7.3383,-24.4531,-97.8275,3.07834,164.369,-8.86947,35.6707,-12.7203,-97.8346,10,6.95271e-310,-978.275,6.68183e-310,1643.69,1.4822e-323,356.707,5.23261e-310,-978.346,49.6583,-972.44,46.7157,1661.51,48.1103,370.323,49.4586,-971.007,100.647,150.305,-237.747,-191.031,-71.8387,-23.7284,100.562,150.021,
1.45018,1.20851,1.2882,1.431,0,200,0,5.50726,8.36137,-10,-10,-4.66328,-1.90232,6.40311,9.25007,0,132.683,0,398.511,0,310.86,0,153.776,49.6367,6.01644,46.7545,17.7205,48.0167,13.9427,49.5122,6.96705,-23.8396,-94.0641,2.35833,161.748,-7.25924,42.8522,-14.8725,-106.186,10,6.95271e-310,-940.641,6.68183e-310,1617.48,1.4822e-323,428.522,5.23261e-310,-1061.86,49.6367,-934.625,46.7545,1635.2,48.0167,442.464,49.5122,-1054.89,95.7784,145.415,-234.37,-187.616,-81.1005,-33.0838,111.358,160.871,
1.44658,1.21117,1.28151,1.43777,0,200,0,5.22816,8.08101,-10,-10,-5.17968,-2.42415,6.97019,9.81979,0,136.638,0,395.585,0,318.216,0,146.327,49.6148,6.19486,46.8015,17.596,47.9224,14.2635,49.5583,6.63165,-23.1866,-90.3117,1.45209,158.608,-5.70921,49.8168,-16.7714,-113.813,10,6.95271e-310,-903.117,6.68183e-310,1586.08,1.4822e-323,498.168,5.23261e-310,-1138.13,49.6148,-896.923,46.8015,1603.68,47.9224,512.432,49.5583,-1131.5,90.9246,140.539,-230.327,-183.525,-90.0814,-42.1591,121.221,170.779,
1.44167,1.21464,1.27507,1.44406,0,200,0,4.87817,7.72923,-10,-10,-5.68088,-2.93068,7.49964,10,0,142.043,0,391.775,0,325.295,0,139.406,49.5837,6.43857,46.8621,17.4339,47.8296,14.5716,49.599,6.31971,-22.3745,-85.6068,0.71193,154.243,-4.01625,56.5773,-18.7479,-120.934,10,6.95271e-310,-856.068,6.68183e-310,1542.43,1.4822e-323,565.773,5.23261e-310,-1209.34,49.5837,-849.629,46.8621,1559.87,47.8296,580.345,49.599,-1203.02,84.8378,134.421,-224.704,-177.842,-98.798,-50.9684,130.429,180.028,
1.43691,1.21796,1.26879,1.44952,0,200,0,4.54692,7.39619,-10,-9.90088,-6.14948,-3.40459,7.97843,10,0,147.276,0,388.123,0,332.203,0,133.408,49.5525,6.6744,46.9198,17.2782,47.7371,14.8716,49.6327,6.04916,-21.6158,-81.1537,-0.136612,149.9,-2.46125,62.899,-20.5156,-127.373,10,6.95271e-310,-811.537,6.68183e-310,1499,1.4822e-323,628.99,5.23261e-310,-1273.73,49.5525,-804.862,46.9198,1516.28,47.7371,643.861,49.6327,-1267.68,79.0769,128.629,-219.109,-172.189,-106.947,-59.2103,138.755,188.388,
1.43174,1.22238,1.26268,1.45551,0,200,0,4.16767,7.01492,-10,-9.50715,-6.64642,-3.90681,8.46341,10,0,152.958,0,383.259,0,338.926,0,126.817,49.5174,6.93026,46.9957,17.0705,47.6454,15.1631,49.6681,5.75165,-20.7372,-76.054,-1.02707,144.644,-0.793229,69.6033,-22.438,-133.894,10,6.95271e-310,-760.54,6.68183e-310,1446.44,1.4822e-323,696.033,5.23261e-310,-1338.94,49.5174,-753.61,46.9957,1463.51,47.6454,711.196,49.6681,-1333.18,72.4813,121.999,-212.337,-165.342,-115.59,-67.9446,147.19,196.858,
1.42651,1.22648,1.25683,1.4604,0,200,0,3.80301,6.64813,-10,-9.11714,-7.0935,-4.35904,8.88592,10,0,158.719,0,378.751,0,345.359,0,121.438,49.4804,7.18949,47.0653,16.8778,47.5559,15.4415,49.6956,5.50872,-19.9062,-71.1506,-1.93237,139.433,0.73248,75.636,-24.1422,-139.575,10,6.95271e-310,-711.506,6.68183e-310,1394.33,1.4822e-323,756.36,5.23261e-310,-1395.75,49.4804,-704.316,47.0653,1411.21,47.5559,771.802,49.6956,-1390.24,66.1393,115.62,-205.624,-158.559,-123.365,-75.8094,154.538,204.233,
1.42097,1.23132,1.2512,1.46468,0,200,0,3.41461,6.2574,-10,-8.66692,-7.52515,-4.79573,9.25836,10,0,164.809,0,373.425,0,351.555,0,116.732,49.4398,7.46334,47.1464,16.6497,47.4681,15.7091,49.7187,5.29606,-18.9458,-65.9273,-2.95625,133.419,2.26544,81.4611,-25.6403,-144.582,10,6.95271e-310,-659.273,6.68183e-310,1334.19,1.4822e-323,814.611,5.23261e-310,-1445.82,49.4398,-651.809,47.1464,1350.84,47.4681,830.32,49.7187,-1440.53,59.3845,108.824,-197.876,-150.729,-130.872,-83.404,161.015,210.734,
1.41522,1.23653,1.24605,1.46826,0,200,0,3.01415,5.85443,-10,-8.18326,-7.92126,-5.19653,9.57354,10,0,171.137,0,367.69,0,357.223,0,112.791,49.3961,7.74761,47.2326,16.4037,47.3866,15.9535,49.7374,5.11787,-17.9195,-60.5413,-3.97609,126.958,3.74354,86.8072,-26.966,-148.82,10,6.95271e-310,-605.413,6.68183e-310,1269.58,1.4822e-323,868.072,5.23261e-310,-1488.2,49.3961,-597.665,47.2326,1285.99,47.3866,884.025,49.7374,-1483.08,52.4201,101.816,-189.55,-142.318,-137.761,-90.3745,166.496,216.234,
1.40981,1.24214,1.2413,1.47213,0,200,0,2.61558,5.45341,-10,-7.69521,-8.31765,-5.59731,9.88001,10,0,177.082,0,361.521,0,362.444,0,108.533,49.3535,8.01448,47.3239,16.1385,47.3103,16.1782,49.7568,4.9253,-16.9193,-55.1794,-5.04622,120.442,5.14257,92.1569,-28.3108,-152.939,10,6.95271e-310,-551.794,6.68183e-310,1204.42,1.4822e-323,921.569,5.23261e-310,-1529.39,49.3535,-543.78,47.3239,1220.56,47.3103,937.748,49.7568,-1524.46,45.4884,94.8419,-181.154,-133.83,-144.655,-97.3445,171.826,221.583,
1.40296,1.24896,1.23701,1.47522,0,200,0,2.13167,4.96627,-9.81321,-7.08582,-8.68622,-5.96989,10,10,0,184.623,0,354.02,0,367.163,0,105.132,49.2974,8.35261,47.4328,15.8155,47.2405,16.3811,49.7718,4.77143,-15.6467,-48.6692,-6.02559,112.303,6.66241,97.1314,-29.5956,-156.197,10,6.95271e-310,-486.692,6.68183e-310,1123.03,1.4822e-323,971.314,5.23261e-310,-1561.97,49.2974,-478.339,47.4328,1138.85,47.2405,987.695,49.7718,-1557.19,37.0725,86.3699,-170.665,-123.232,-151.065,-103.824,176.042,225.814,
1.39659,1.25536,1.23315,1.47786,0,200,0,1.68131,4.5128,-9.24778,-6.51463,-9.01697,-6.3043,10,10,0,191.623,0,346.98,0,371.408,0,102.231,49.2433,8.66614,47.533,15.5116,47.1769,16.5632,49.7842,4.6402,-14.4786,-42.6096,-7.00653,104.674,7.99874,101.596,-30.7488,-158.977,10,6.95271e-310,-426.096,6.68183e-310,1046.74,1.4822e-323,1015.96,5.23261e-310,-1589.77,49.2433,-417.429,47.533,1062.25,47.1769,1032.52,49.7842,-1585.13,29.2402,78.4835,-160.831,-113.298,-156.817,-109.64,179.641,229.425,
1.38994,1.26151,1.22945,1.47994,0,200,0,1.22778,4.05589,-8.68273,-5.94415,-9.31869,-6.60957,10,10,0,198.939,0,340.218,0,375.481,0,99.9376,49.1845,8.99348,47.6275,15.2191,47.1152,16.7378,49.7938,4.53637,-13.3285,-36.5068,-7.95149,97.0506,9.26636,105.669,-31.8835,-161.38,10,6.95271e-310,-365.068,6.68183e-310,970.506,1.4822e-323,1056.69,5.23261e-310,-1613.8,49.1845,-356.074,47.6275,985.725,47.1152,1073.43,49.7938,-1609.27,21.3528,70.5373,-151.004,-103.377,-162.064,-114.949,182.751,232.544,
1.38327,1.26929,1.22696,1.48165,0,200,0,0.73599,3.56058,-8.02892,-5.28361,-9.58375,-6.87703,10,10,0,206.282,0,331.662,0,378.223,0,98.0657,49.1234,9.3216,47.7444,14.8482,47.0734,16.8552,49.8014,4.45163,-11.9563,-29.8873,-8.92641,88.2301,10.4722,109.246,-32.6944,-162.644,10,6.95271e-310,-298.873,6.68183e-310,882.301,1.4822e-323,1092.46,5.23261e-310,-1626.44,49.1234,-289.552,47.7444,897.149,47.0734,1109.31,49.8014,-1621.99,12.7998,61.9232,-139.633,-91.8889,-166.674,-119.6,184.389,234.19,
1.37622,1.27582,1.22456,1.48296,0,200,0,0.258925,3.07967,-7.43244,-4.68162,-9.81077,-7.10639,10,10,0,214.033,0,324.478,0,380.86,0,96.6155,49.0565,9.66752,47.8404,14.536,47.0328,16.968,49.8073,4.38597,-10.7551,-23.466,-9.64237,80.1846,11.575,112.31,-33.7515,-163.89,10,6.95271e-310,-234.66,6.68183e-310,801.846,1.4822e-323,1123.1,5.23261e-310,-1638.9,49.0565,-224.993,47.8404,816.382,47.0328,1140.07,49.8073,-1634.52,4.50305,53.5595,-129.26,-81.4194,-170.622,-123.589,186.002,235.809,
1.36885,1.28383,1.22267,1.4839,0,200,0,-0.266761,2.54981,-6.74005,-3.98261,-10,-7.32419,10,10,0,222.141,0,315.658,0,382.943,0,95.5873,48.9839,10.0288,47.9554,14.152,47.0006,17.057,49.8113,4.33941,-9.33398,-16.3887,-10.5695,70.8462,12.66,115.224,-34.5568,-164.37,10,6.95271e-310,-163.887,6.68183e-310,708.462,1.4822e-323,1152.24,5.23261e-310,-1643.7,48.9839,-153.858,47.9554,722.614,47.0006,1169.3,49.8113,-1639.36,-4.63932,44.3446,-117.218,-69.2628,-174.378,-127.377,186.625,236.436,
1.36126,1.29131,1.22124,1.48467,0,200,0,-0.78981,2.02231,-6.07478,-3.31133,-10,-7.50654,10,10,0,230.485,0,307.433,0,384.511,0,94.7436,48.9064,10.4001,48.0599,13.793,46.9762,17.124,49.8147,4.30121,-8.00909,-9.34598,-11.2724,61.8749,13.6397,117.666,-35.5366,-164.654,10,6.95271e-310,-93.4598,6.68183e-310,618.749,1.4822e-323,1176.66,5.23261e-310,-1646.54,48.9064,-83.0597,48.0599,632.542,46.9762,1193.78,49.8147,-1642.24,-13.7358,35.1706,-105.648,-57.5884,-177.525,-130.549,186.995,236.809,
1.35322,1.29839,1.22017,1.48507,0,200,0,-1.32159,1.48563,-5.41679,-2.6478,-10,-7.65401,10,10,0,239.331,0,299.642,0,385.685,0,94.2954,48.8212,10.7931,48.1564,13.4523,46.958,17.1741,49.8164,4.28091,-6.72165,-2.18475,-11.7954,53.0031,14.549,119.642,-36.6613,-164.649,10,6.95271e-310,-21.8475,6.68183e-310,530.031,1.4822e-323,1196.42,5.23261e-310,-1646.49,48.8212,-11.0544,48.1564,543.483,46.958,1213.59,49.8164,-1642.2,-22.9842,25.837,-94.2051,-46.0487,-180.071,-133.113,186.989,236.806,
1.34521,1.3076,1.21943,1.48517,0,200,0,-1.90543,0.896728,-4.63757,-1.86158,-10,-7.80903,10,10,0,248.15,0,289.517,0,386.502,0,94.19,48.7331,11.1841,48.2782,13.0085,46.9452,17.209,49.8168,4.27613,-5.17545,5.67933,-12.8509,42.4978,15.3973,121.722,-37.3492,-163.852,10,6.95271e-310,56.7933,6.68183e-310,424.978,1.4822e-323,1217.22,5.23261e-310,-1638.52,48.7331,67.9775,48.2782,437.987,46.9452,1234.43,49.8168,-1634.24,-33.1378,15.5953,-80.6535,-32.3753,-182.754,-135.809,185.961,235.778,
1.33635,1.31553,1.2189,1.48495,0,200,0,-2.49305,0.303295,-3.90312,-1.12128,-10,-7.92248,10,10,0,257.892,0,280.79,0,387.082,0,94.4272,48.6321,11.6153,48.3798,12.625,46.9361,17.2338,49.8159,4.28688,-3.76744,13.5955,-13.5148,32.5976,16.1838,123.246,-38.4805,-163.067,10,6.95271e-310,135.955,6.68183e-310,325.976,1.4822e-323,1232.46,5.23261e-310,-1630.67,48.6321,147.571,48.3798,338.601,46.9361,1249.69,49.8159,-1626.39,-43.3575,5.27469,-67.8803,-19.5005,-184.718,-137.782,184.949,234.764,
1.32935,1.3257,1.21869,1.48435,0,200,0,-3.05758,-0.26597,-3.09943,-0.310354,-10,-8.04561,10,10,0,265.591,0,269.611,0,387.319,0,95.0864,48.5497,11.9554,48.5056,12.1327,46.9324,17.2439,49.8133,4.31673,-2.19653,21.2023,-15.0996,21.7657,16.7394,124.903,-38.5776,-161.291,10,6.95271e-310,212.023,6.68183e-310,217.657,1.4822e-323,1249.03,5.23261e-310,-1612.91,48.5497,223.978,48.5056,229.79,46.9324,1266.27,49.8133,-1608.59,-53.1752,-4.62557,-53.9031,-5.39747,-186.856,-139.924,182.654,232.467,
1.32173,1.33501,1.21872,1.48312,0,200,0,-3.62436,-0.838071,-2.31974,0.47571,-10,-8.1218,10,10,0,273.975,0,259.369,0,387.28,0,96.4443,48.4571,12.325,48.6165,11.6805,46.933,17.2422,49.8079,4.37822,-0.692884,28.8404,-16.4582,11.2591,17.2171,125.93,-38.8617,-159.196,10,6.95271e-310,288.404,6.68183e-310,112.591,1.4822e-323,1259.3,5.23261e-310,-1591.96,48.4571,300.729,48.6165,124.271,46.933,1276.54,49.8079,-1587.59,-63.0323,-14.5751,-40.3433,8.27323,-188.182,-141.249,179.946,229.754,
1.31429,1.3438,1.21914,1.48121,0,200,0,-4.16629,-1.38536,-1.57031,1.23094,-10,-8.15138,10,10,0,282.161,0,249.692,0,386.818,0,98.5402,48.3641,12.6853,48.7174,11.2524,46.9402,17.2225,49.7995,4.47311,0.756079,36.1447,-17.7565,1.16187,17.5665,126.333,-39.0185,-156.569,10,6.95271e-310,361.447,6.68183e-310,11.6187,1.4822e-323,1263.33,5.23261e-310,-1565.69,48.3641,374.133,48.7174,22.8712,46.9402,1280.56,49.7995,-1561.21,-72.4572,-24.0932,-27.3098,21.4076,-188.703,-141.763,176.547,226.347,
1.307,1.35446,1.2199,1.47872,0,200,0,-4.75007,-1.97453,-0.719525,2.08846,-10,-8.17144,9.88798,10,0,290.176,0,237.973,0,385.988,0,101.282,48.2703,13.0374,48.8345,10.7328,46.9532,17.1871,49.7882,4.59723,2.3806,44.0142,-19.6457,-10.2987,17.7595,126.612,-38.6696,-153.025,10,6.95271e-310,440.142,6.68183e-310,-102.987,1.4822e-323,1266.12,5.23261e-310,-1530.25,48.2703,453.179,48.8345,-92.2541,46.9532,1283.31,49.7882,-1525.66,-82.6099,-34.3396,-12.5135,36.321,-189.065,-142.112,171.965,221.753,
1.29925,1.36358,1.22165,1.47565,0,200,0,-5.31002,-2.54037,0.0595961,2.87309,-10,-8.10625,9.58806,10,0,298.706,0,227.941,0,384.063,0,104.657,48.1678,13.4113,48.9303,10.287,46.9832,17.1049,49.7739,4.74996,3.85306,51.5637,-20.8674,-20.7925,17.8487,125.754,-38.6562,-148.993,10,6.95271e-310,515.637,6.68183e-310,-207.925,1.4822e-323,1257.54,5.23261e-310,-1489.93,48.1678,529.048,48.9303,-197.638,46.9832,1274.64,49.7739,-1485.18,-92.3482,-44.1804,1.03645,49.9668,-187.962,-140.978,166.749,216.523,
1.29319,1.37251,1.22365,1.47221,0,200,0,-5.79041,-3.02548,0.775124,3.59379,-10,-8.01696,9.25478,10,0,305.363,0,218.12,0,381.862,0,108.44,48.0858,13.7025,49.0202,9.8497,47.0174,17.0108,49.7572,4.92113,5.20587,58.0412,-22.3239,-30.4276,17.7436,124.573,-38.0607,-144.511,10,6.95271e-310,580.412,6.68183e-310,-304.276,1.4822e-323,1245.73,5.23261e-310,-1445.11,48.0858,594.115,49.0202,-294.427,47.0174,1262.74,49.7572,-1440.19,-100.703,-52.6171,13.4804,62.5007,-186.443,-139.425,160.953,210.71,
1.28658,1.38123,1.2268,1.4679,0,200,0,-6.28388,-3.52422,1.49992,4.32342,-10,-7.8448,8.84578,10,0,312.64,0,208.523,0,378.395,0,113.186,47.9941,14.0203,49.1043,9.42166,47.0707,16.8625,49.7355,5.13575,6.569,64.6961,-23.4345,-40.1864,17.5187,122.288,-37.5134,-139.012,10,6.95271e-310,646.961,6.68183e-310,-401.864,1.4822e-323,1222.88,5.23261e-310,-1390.12,47.9941,660.981,49.1043,-392.443,47.0707,1239.74,49.7355,-1384.98,-109.285,-61.2909,26.0856,75.1899,-183.502,-136.431,153.84,203.575,
1.27978,1.39017,1.22965,1.464,0,200,0,-6.79739,-4.04328,2.23657,5.0648,-10,-7.6995,8.46554,10,0,320.114,0,198.689,0,375.257,0,117.47,47.8977,14.3461,49.1866,8.98228,47.1186,16.7282,49.7152,5.32942,7.86024,71.6221,-24.7451,-50.1031,17.2353,120.362,-37.1871,-133.898,10,6.95271e-310,716.221,6.68183e-310,-501.031,1.4822e-323,1203.62,5.23261e-310,-1338.98,47.8977,730.567,49.1866,-492.049,47.1186,1220.34,49.7152,-1333.65,-118.216,-70.3179,38.8969,88.0835,-181.023,-133.904,147.227,196.942,
1.27386,1.39899,1.23363,1.45939,0,200,0,-7.26571,-4.51652,2.93942,5.77209,-10,-7.48077,8.00921,10,0,326.626,0,188.986,0,370.881,0,122.546,47.8119,14.6294,49.2639,8.54809,47.1848,16.5406,49.69,5.55875,9.08023,77.939,-25.9049,-59.5628,16.7632,117.458,-36.4786,-127.761,10,6.95271e-310,779.39,6.68183e-310,-595.628,1.4822e-323,1174.58,5.23261e-310,-1277.61,47.8119,794.02,49.2639,-587.08,47.1848,1191.12,49.69,-1272.05,-126.36,-78.5482,51.1203,100.384,-177.285,-130.1,139.291,188.981,
1.26825,1.40726,1.23772,1.45442,0,200,0,-7.70279,-4.95837,3.60509,6.44173,-9.9555,-7.23851,7.53679,10,0,332.796,0,179.89,0,366.385,0,128.017,47.7291,14.8974,49.3329,8.14044,47.252,16.3476,49.6618,5.80581,10.2102,83.8355,-27.036,-68.5209,16.2125,114.238,-35.7101,-121.407,10,6.95271e-310,838.355,6.68183e-310,-685.209,1.4822e-323,1142.38,5.23261e-310,-1214.07,47.7291,853.252,49.3329,-677.069,47.252,1158.73,49.6618,-1208.27,-133.962,-86.2325,62.6973,112.03,-173.139,-125.887,131.075,180.736,
1.26357,1.41523,1.24175,1.44895,0,200,0,-8.08781,-5.34743,4.23036,7.07064,-9.70094,-6.98019,7.03995,9.89363,0,337.95,0,171.124,0,361.956,0,134.028,47.6588,15.1209,49.3962,7.74702,47.3175,16.1572,49.6293,6.07711,11.2585,89.0298,-28.3468,-76.9336,15.5555,110.801,-34.5688,-114.725,10,6.95271e-310,890.298,6.68183e-310,-769.336,1.4822e-323,1108.01,5.23261e-310,-1147.25,47.6588,905.419,49.3962,-761.589,47.3175,1124.16,49.6293,-1141.18,-140.658,-92.9988,73.5714,122.968,-168.712,-121.395,122.434,172.063,
1.25861,1.42299,1.24709,1.44312,0,200,0,-8.4771,-5.74107,4.84969,7.69335,-9.37492,-6.64924,6.48493,9.33653,0,343.408,0,162.581,0,356.076,0,140.448,47.5832,15.3571,49.4549,7.36319,47.4032,15.9041,49.593,6.36666,12.2327,94.2824,-29.2255,-85.2655,14.78,106.398,-33.6079,-107.26,10,6.95271e-310,942.824,6.68183e-310,-852.655,1.4822e-323,1063.98,5.23261e-310,-1072.6,47.5832,958.181,49.4549,-845.292,47.4032,1079.89,49.593,-1066.23,-147.428,-99.8446,84.3425,133.797,-163.042,-115.639,112.781,162.374,
1.25335,1.43034,1.25236,1.43692,0,200,0,-8.86361,-6.13226,5.4606,8.30728,-9.03525,-6.30478,5.92028,8.76955,0,349.195,0,154.501,0,350.276,0,147.263,47.5017,15.6073,49.5076,6.99969,47.4864,15.6539,49.5526,6.67381,13.1548,99.4984,-30.1106,-93.4835,13.96,101.813,-32.7785,-99.664,10,6.95271e-310,994.984,6.68183e-310,-934.835,1.4822e-323,1018.13,5.23261e-310,-996.64,47.5017,1010.59,49.5076,-927.835,47.4864,1033.78,49.5526,-989.966,-154.15,-106.648,94.9669,144.474,-157.135,-109.648,102.961,152.514,
1.24955,1.43679,1.25773,1.42965,0,200,0,-9.14914,-6.42122,5.99021,8.83943,-8.65031,-5.91505,5.29961,8.14602,0,353.374,0,147.408,0,344.37,0,155.265,47.4421,15.7876,49.5517,6.68034,47.5697,15.3987,49.5027,7.0341,13.975,103.352,-31.0438,-100.607,13.033,96.618,-31.3068,-91.3153,10,6.95271e-310,1033.52,6.68183e-310,-1006.07,1.4822e-323,966.18,5.23261e-310,-913.153,47.4421,1049.31,49.5517,-999.389,47.5697,981.579,49.5027,-906.118,-159.116,-111.673,104.178,153.729,-150.44,-102.87,92.1671,141.67,
1.24539,1.44392,1.26334,1.4235,0,200,0,-9.4836,-6.75948,6.54938,9.40127,-8.29601,-5.55583,4.7218,7.56567,0,357.948,0,139.565,0,338.201,0,162.028,47.376,15.9848,49.5981,6.32684,47.6553,15.1317,49.4586,7.3383,14.6815,107.866,-31.9888,-108.126,12.0497,91.8362,-30.3264,-83.5407,10,6.95271e-310,1078.66,6.68183e-310,-1081.26,1.4822e-323,918.362,5.23261e-310,-835.407,47.376,1094.64,49.5981,-1074.93,47.6553,933.493,49.4586,-828.068,-164.932,-117.556,113.902,163.5,-144.278,-96.6231,82.1183,131.577,
1.2422,1.4499,1.2692,1.41571,0,200,0,-9.72331,-7.00213,7.0375,9.89152,-7.87062,-5.12539,4.0584,6.89889,0,361.455,0,132.986,0,331.754,0,170.597,47.3248,16.1357,49.635,6.03012,47.7432,14.8522,49.3999,7.72334,15.3238,111.101,-32.8719,-114.69,10.9636,86.0966,-28.7568,-74.6149,10,6.95271e-310,1111.01,6.68183e-310,-1146.9,1.4822e-323,860.966,5.23261e-310,-746.149,47.3248,1127.15,49.635,-1140.87,47.7432,875.818,49.3999,-738.426,-169.101,-121.776,122.391,172.026,-136.88,-89.1371,70.5808,119.981,
1.23971,1.45529,1.27525,1.40829,0,200,0,-9.91911,-7.20025,7.46604,10,-7.44338,-4.69303,3.41071,6.24783,0,364.197,0,127.054,0,325.097,0,178.757,47.2845,16.2536,49.6668,5.76236,47.8322,14.563,49.3412,8.08959,15.8085,113.744,-33.5549,-120.451,9.86191,80.3326,-27.2409,-65.8991,10,6.95271e-310,1137.44,6.68183e-310,-1204.51,1.4822e-323,803.326,5.23261e-310,-658.991,47.2845,1153.7,49.6668,-1198.75,47.8322,817.889,49.3412,-650.901,-172.506,-125.222,129.844,179.511,-129.45,-81.6179,59.3166,108.658,
1.23736,1.46013,1.28157,1.40133,0,200,0,-10,-7.38018,7.85333,10,-7.01352,-4.25794,2.78388,5.61769,0,366.781,0,121.729,0,318.15,0,186.416,47.2462,16.3646,49.6942,5.52183,47.9232,14.2606,49.2837,8.43294,16.1618,116.143,-33.9614,-125.658,8.7723,74.5338,-26.0004,-57.4625,10,6.95271e-310,1161.43,6.68183e-310,-1256.58,1.4822e-323,745.338,5.23261e-310,-574.625,47.2462,1177.8,49.6942,-1251.06,47.9232,759.598,49.2837,-566.193,-175.597,-128.351,136.58,186.274,-121.974,-74.0511,48.4152,97.699,
1.2355,1.46421,1.28822,1.39228,0,200,0,-10,-7.4895,8.21226,10,-6.50219,-3.74121,2.03994,4.86925,0,368.824,0,117.246,0,310.834,0,196.369,47.2157,16.4524,49.7162,5.31929,48.017,13.9415,49.2054,8.87851,16.4843,117.596,-34.4274,-130.484,7.52178,67.6374,-24.189,-47.4498,10,6.95271e-310,1175.96,6.68183e-310,-1304.84,1.4822e-323,676.374,5.23261e-310,-474.498,47.2157,1192.42,49.7162,-1299.52,48.017,690.316,49.2054,-465.619,-177.468,-130.252,142.822,192.538,-113.082,-65.0645,35.4772,84.6826,
1.23428,1.46777,1.29502,1.38461,0,200,0,-10,-7.57069,8.50415,10,-6.02179,-3.25542,1.36643,4.19174,0,370.169,0,113.331,0,303.359,0,204.806,47.1955,16.5101,49.7349,5.14231,48.1106,13.6149,49.1359,9.25565,16.6158,118.677,-34.5462,-134.408,6.34863,61.1588,-22.7347,-38.3828,10,6.95271e-310,1186.77,6.68183e-310,-1344.08,1.4822e-323,611.588,5.23261e-310,-383.828,47.1955,1203.28,49.7349,-1338.93,48.1106,625.203,49.1359,-374.573,-178.86,-131.664,147.898,197.633,-104.727,-56.6161,23.764,72.8999,
1.2332,1.47056,1.30233,1.37489,0,200,0,-10,-7.59542,8.77824,10,-5.4549,-2.68289,0.572196,3.3922,0,371.355,0,110.26,0,295.318,0,215.497,47.1777,16.561,49.749,5.00341,48.2089,13.2629,49.0436,9.73277,16.6893,118.998,-34.6415,-138.094,4.99899,53.5153,-20.9004,-27.6899,10,6.95271e-310,1189.98,6.68183e-310,-1380.94,1.4822e-323,535.153,5.23261e-310,-276.899,47.1777,1206.54,49.749,-1375.93,48.2089,548.416,49.0436,-267.166,-179.272,-132.094,152.665,202.414,-94.8678,-46.6589,9.95124,58.9948,
1.23263,1.47345,1.30979,1.36684,0,200,0,-10,-7.62103,9.01649,10,-4.93224,-2.15461,-0.143118,2.67229,0,371.988,0,107.083,0,287.105,0,224.355,47.1682,16.5881,49.7633,4.85971,48.3066,12.9026,48.9636,10.1274,16.5928,119.337,-34.5305,-141.296,3.71421,46.469,-19.4703,-18.0572,10,6.95271e-310,1193.37,6.68183e-310,-1412.96,1.4822e-323,464.69,5.23261e-310,-180.572,47.1682,1209.96,49.7633,-1408.1,48.3066,477.592,48.9636,-170.444,-179.708,-132.54,156.809,206.572,-85.7781,-37.4715,-2.48902,46.4746,
1.23221,1.47544,1.31752,1.35678,0,200,0,-10,-7.58428,9.23101,10,-4.33588,-1.5526,-0.968211,1.8412,0,372.449,0,104.894,0,278.602,0,235.416,47.1612,16.6079,49.7728,4.7607,48.4049,12.5288,48.8593,10.6192,16.4129,118.837,-34.4372,-144.181,2.25692,38.4304,-17.6881,-6.9451,10,6.95271e-310,1188.37,6.68183e-310,-1441.81,1.4822e-323,384.304,5.23261e-310,-69.451,47.1612,1204.98,49.7728,-1437.05,48.4049,396.833,48.8593,-58.8318,-179.062,-131.9,160.539,210.312,-75.4066,-27.0018,-16.8385,32.0209,
1.23215,1.47715,1.32589,1.34701,0,200,0,-10,-7.52611,9.41218,10,-3.72078,-0.931577,-1.79926,1.00405,0,372.515,0,103.009,0,269.401,0,246.16,47.1602,16.6107,49.7809,4.67539,48.508,12.1234,48.7533,11.0959,16.0593,118.052,-34.0861,-146.617,0.75682,30.1405,-16.1063,4.24948,10,6.95271e-310,1180.52,6.68183e-310,-1466.17,1.4822e-323,301.405,5.23261e-310,42.4948,47.1602,1197.13,49.7809,-1461.5,48.508,313.529,48.7533,53.5907,-178.049,-130.889,163.69,213.471,-64.7093,-16.2013,-31.2916,17.4617,
1.23243,1.47841,1.33456,1.33694,0,200,0,-10,-7.43278,9.56155,10,-3.08283,-0.287675,-2.65653,0.140211,0,372.199,0,101.625,0,259.856,0,257.246,47.165,16.5971,49.7868,4.61275,48.6113,11.7021,48.639,11.5867,15.5526,116.798,-33.6257,-148.627,-0.816862,21.544,-14.5524,15.7991,10,6.95271e-310,1167.98,6.68183e-310,-1486.27,1.4822e-323,215.44,5.23261e-310,157.991,47.165,1184.57,49.7868,-1481.65,48.6113,227.142,48.639,169.578,-176.431,-129.266,166.288,216.075,-53.6144,-5.00304,-46.2005,2.43845,
1.23316,1.47928,1.34358,1.32731,0,200,0,-10,-7.31331,9.66816,10,-2.44246,0.358645,-3.49936,-0.709164,0,371.395,0,100.663,0,249.943,0,267.832,47.1771,16.5627,49.7908,4.56919,48.7148,11.2635,48.5252,12.0542,14.8791,115.196,-32.9479,-150.061,-2.3884,12.9167,-13.1937,27.1564,10,6.95271e-310,1151.96,6.68183e-310,-1500.61,1.4822e-323,129.167,5.23261e-310,271.564,47.1771,1168.52,49.7908,-1496.04,48.7148,140.431,48.5252,283.618,-174.365,-127.188,168.142,217.933,-42.4775,6.23731,-60.8585,-12.3333,
1.23459,1.47988,1.3524,1.31808,0,200,0,-9.8726,-7.15856,9.73316,10,-1.82197,0.98473,-4.31762,-1.53393,0,369.826,0,100.004,0,240.24,0,277.983,47.2007,16.4954,49.7935,4.53936,48.8123,10.8334,48.4119,12.5015,14.0755,113.126,-32.2734,-150.935,-3.95121,4.55896,-11.8184,38.1842,10,6.95271e-310,1131.26,6.68183e-310,-1509.35,1.4822e-323,45.5896,5.23261e-310,381.842,47.2007,1147.75,49.7935,-1504.81,48.8123,56.423,48.4119,394.344,-171.697,-124.497,169.272,219.066,-31.6865,17.1257,-75.089,-26.6771,
1.2367,1.48017,1.36076,1.30922,0,200,0,-9.68309,-6.96705,9.75726,10,-1.23142,1.5804,-5.1045,-2.3273,0,367.506,0,99.6871,0,231.039,0,287.738,47.2354,16.3958,49.7948,4.52503,48.9012,10.4247,48.2991,12.9303,13.1724,110.568,-31.6663,-151.259,-5.48964,-3.39428,-10.3693,48.7909,10,6.95271e-310,1105.68,6.68183e-310,-1512.59,1.4822e-323,-33.9428,5.23261e-310,487.909,47.2354,1122.07,49.7948,-1508.06,48.9012,-23.518,48.2991,500.839,-168.402,-121.166,169.692,219.486,-21.416,27.4852,-88.774,-40.4748,
1.23942,1.48014,1.36879,1.30025,0,200,0,-9.45378,-6.73519,9.74828,10,-0.653728,2.16281,-5.88923,-3.1188,0,364.513,0,99.7267,0,222.207,0,297.598,47.2798,16.2672,49.7947,4.52683,48.9833,10.0318,48.1813,13.3628,12.1626,107.473,-31.1591,-151.138,-7.06297,-11.1731,-8.77717,59.37,10,6.95271e-310,1074.73,6.68183e-310,-1511.38,1.4822e-323,-111.731,5.23261e-310,593.7,47.2798,1091,49.7947,-1506.85,48.9833,-101.699,48.1813,607.063,-164.414,-117.134,169.535,219.33,-11.3692,37.6141,-102.421,-54.24,
1.24262,1.47976,1.37669,1.2912,0,200,0,-9.1906,-6.46903,9.70839,10,-0.080361,2.74065,-6.67646,-3.9131,0,360.994,0,100.135,0,213.519,0,307.551,47.3316,16.1158,49.793,4.54532,49.061,9.64459,48.0584,13.7982,11.034,103.921,-30.6777,-150.602,-8.6769,-18.8925,-7.13111,69.9846,10,6.95271e-310,1039.21,6.68183e-310,-1506.02,1.4822e-323,-188.925,5.23261e-310,699.846,47.3316,1055.32,49.793,-1501.47,49.061,-179.28,48.0584,713.644,-159.836,-112.505,168.842,218.635,-1.39758,47.6634,-116.112,-68.0539,
1.24629,1.47889,1.38442,1.28237,0,200,0,-8.89338,-6.16843,9.62508,10,0.481251,3.30646,-7.44551,-4.68926,0,356.96,0,101.098,0,205.017,0,317.267,47.3904,15.9422,49.789,4.58888,49.1341,9.26508,47.9347,14.2221,9.79505,99.9093,-30.1178,-149.481,-10.2747,-26.4524,-5.51533,80.3556,10,6.95271e-310,999.093,6.68183e-310,-1494.81,1.4822e-323,-264.524,5.23261e-310,803.556,47.3904,1015.03,49.789,-1490.23,49.1341,-255.259,47.9347,817.778,-154.667,-107.277,167.393,217.182,8.36958,57.5037,-129.487,-81.5524,
1.25035,1.47725,1.39206,1.27419,0,200,0,-8.56433,-5.83568,9.47981,10,1.02749,3.85669,-8.1692,-5.41975,0,352.491,0,102.904,0,196.606,0,326.27,47.4547,15.7495,49.7814,4.67062,49.2035,8.88913,47.8166,14.614,8.45666,95.4686,-29.2807,-147.529,-11.7708,-33.804,-4.08882,90.1163,10,6.95271e-310,954.686,6.68183e-310,-1475.29,1.4822e-323,-338.04,5.23261e-310,901.163,47.4547,970.436,49.7814,-1470.62,49.2035,-329.151,47.8166,915.777,-148.945,-101.49,164.866,214.648,17.8694,67.0729,-142.073,-94.2565,
1.25472,1.47492,1.39954,1.26671,0,200,0,-8.21095,-5.47837,9.27887,10,1.5533,4.38624,-8.84129,-6.09819,0,347.679,0,105.461,0,188.38,0,334.496,47.5232,15.5418,49.7704,4.78635,49.2686,8.52094,47.706,14.9711,7.04644,90.6999,-28.2022,-144.828,-13.1544,-40.8794,-2.85325,99.182,10,6.95271e-310,906.999,6.68183e-310,-1448.28,1.4822e-323,-408.794,5.23261e-310,991.82,47.5232,922.541,49.7704,-1443.49,49.2686,-400.273,47.706,1006.79,-142.799,-95.2759,161.372,211.142,27.0139,76.2825,-153.762,-106.055,
1.25951,1.47203,1.40671,1.26023,0,200,0,-7.83769,-5.10086,9.02146,10,2.04511,4.88149,-9.44262,-6.70516,0,342.419,0,108.638,0,180.497,0,341.628,47.597,15.3144,49.7563,4.93008,49.3284,8.16763,47.608,15.2801,5.606,85.6631,-26.9145,-141.367,-14.3842,-47.4961,-1.77636,107.294,10,6.95271e-310,856.631,6.68183e-310,-1413.67,1.4822e-323,-474.961,5.23261e-310,1072.94,47.597,871.946,49.7563,-1408.74,49.3284,-466.793,47.608,1088.22,-136.308,-88.7106,156.895,206.651,35.5672,84.8956,-164.219,-116.612,
1.2648,1.4687,1.41353,1.25404,0,200,0,-7.43268,-4.69123,8.72106,10,2.51659,5.35611,-10,-7.28349,0,336.592,0,112.303,0,172.996,0,348.431,47.6774,15.062,49.7396,5.09581,49.3829,7.83107,47.5126,15.5742,4.10857,80.1984,-25.6065,-137.328,-15.5798,-53.8382,-0.64772,115.022,10,6.95271e-310,801.984,6.68183e-310,-1373.28,1.4822e-323,-538.382,5.23261e-310,1150.22,47.6774,817.046,49.7396,-1368.19,49.3829,-530.551,47.5126,1165.8,-129.264,-81.5866,151.671,201.41,43.7668,93.1497,-174.182,-126.669,
1.27034,1.46492,1.42048,1.24805,0,200,0,-7.00747,-4.26127,8.38379,10,2.99234,5.83492,-10,-7.85078,0,330.502,0,116.469,0,165.35,0,355.022,47.7601,14.7978,49.72,5.28414,49.4362,7.48763,47.4184,15.8586,2.51126,74.4617,-24.1584,-132.794,-16.7728,-60.2368,0.357197,122.604,10,6.95271e-310,744.617,6.68183e-310,-1327.94,1.4822e-323,-602.368,5.23261e-310,1226.04,47.7601,759.415,49.72,-1322.65,49.4362,-594.881,47.4184,1241.9,-121.869,-74.109,145.805,195.525,52.0407,101.477,-183.954,-136.535,
1.27619,1.46053,1.42741,1.24248,0,200,0,-6.55812,-3.80699,7.99705,10,3.46207,6.30757,-10,-8.38701,0,324.069,0,121.293,0,157.73,0,361.152,47.8458,14.5182,49.6963,5.50217,49.4869,7.14502,47.3293,16.1226,0.835758,68.4,-22.5309,-127.594,-17.9161,-66.5534,1.23824,129.77,10,6.95271e-310,684,6.68183e-310,-1275.94,1.4822e-323,-665.534,5.23261e-310,1297.7,47.8458,698.519,49.6963,-1270.44,49.4869,-658.389,47.3293,1313.82,-114.054,-66.2085,139.079,188.775,60.2099,109.697,-193.19,-145.861,
1.28243,1.45518,1.4339,1.23738,0,200,0,-6.06975,-3.31346,7.54124,10,3.91043,6.75853,-10,-8.87176,0,317.201,0,127.173,0,150.585,0,366.754,47.9355,14.2192,49.6662,5.76772,49.5322,6.82343,47.2465,16.3635,-0.889646,61.8128,-20.7028,-121.465,-18.9683,-72.5818,2.0707,136.248,10,6.95271e-310,618.128,6.68183e-310,-1214.65,1.4822e-323,-725.818,5.23261e-310,1362.48,47.9355,632.347,49.6662,-1208.88,49.5322,-718.995,47.2465,1378.84,-105.561,-57.6254,131.152,180.818,68.0074,117.54,-201.538,-154.291,
1.28892,1.45033,1.44004,1.23297,0,200,0,-5.59757,-2.83604,7.09334,9.9475,4.3209,7.17135,-10,-9.31471,0,310.069,0,132.512,0,143.836,0,371.606,48.0267,13.9081,49.6376,6.00871,49.5732,6.51937,47.1739,16.5717,-2.5666,55.4444,-19.0941,-115.441,-19.9863,-78.0997,2.91553,142.169,10,6.95271e-310,554.444,6.68183e-310,-1154.41,1.4822e-323,-780.997,5.23261e-310,1421.69,48.0267,568.352,49.6376,-1148.4,49.5732,-774.478,47.1739,1438.26,-97.3491,-49.3224,123.362,173,75.146,124.719,-209.169,-161.995,
1.29576,1.44402,1.44553,1.22915,0,200,0,-5.07391,-2.30697,6.55054,9.40246,4.70449,7.55696,-10,-9.68491,0,302.542,0,139.459,0,137.798,0,375.811,48.1207,13.5792,49.5987,6.32209,49.6082,6.24718,47.1102,16.7519,-4.27734,48.3828,-17.1522,-108.142,-20.8657,-83.2562,3.69329,147.116,10,6.95271e-310,483.828,6.68183e-310,-1081.42,1.4822e-323,-832.562,5.23261e-310,1471.16,48.1207,497.407,49.5987,-1075.09,49.6082,-826.315,47.1102,1487.91,-88.2419,-40.1211,113.922,163.521,81.8172,131.425,-215.543,-168.433,
1.30287,1.43842,1.45056,1.22575,0,200,0,-4.56749,-1.79507,6.03224,8.88209,5.04916,7.9034,-10,-10,0,294.724,0,145.615,0,132.261,0,379.555,48.216,13.2369,49.5625,6.59957,49.639,5.99741,47.0529,16.9122,-5.91964,41.5544,-15.5763,-101.17,-21.7641,-87.8887,4.59873,151.732,10,6.95271e-310,415.544,6.68183e-310,-1011.7,1.4822e-323,-878.887,5.23261e-310,1517.32,48.216,428.781,49.5625,-1005.1,49.639,-872.89,47.0529,1534.23,-79.4346,-31.2185,104.909,154.471,87.8114,137.45,-221.492,-174.439,
1.31034,1.43156,1.455,1.22295,0,200,0,-4.01643,-1.23839,5.42787,8.27505,5.36744,8.22318,-10,-10,0,286.498,0,153.156,0,127.371,0,382.626,48.3137,12.8759,49.5161,6.93916,49.6652,5.77665,47.0055,17.0435,-7.58748,34.1253,-13.7304,-93.0397,-22.5526,-92.1666,5.45338,155.416,10,6.95271e-310,341.253,6.68183e-310,-930.397,1.4822e-323,-921.666,5.23261e-310,1554.16,48.3137,354.129,49.5161,-923.457,49.6652,-915.89,47.0055,1571.2,-69.8509,-21.5372,94.3977,143.914,93.3467,143.012,-226.239,-179.233,
1.31798,1.42467,1.45904,1.22069,0,200,0,-3.4664,-0.682792,4.80918,7.65354,5.65592,8.51299,-10,-10,0,278.101,0,160.736,0,122.928,0,385.118,48.4106,12.5067,49.4671,7.28021,49.6881,5.57602,46.9668,17.1499,-9.21584,26.7113,-11.9698,-84.7159,-23.3066,-96.0437,6.29878,158.526,10,6.95271e-310,267.113,6.68183e-310,-847.159,1.4822e-323,-960.437,5.23261e-310,1585.26,48.4106,279.619,49.4671,-839.878,49.6881,-954.861,46.9668,1602.41,-60.2852,-11.8746,83.6378,133.105,98.3638,148.052,-230.245,-183.279,
1.3258,1.41836,1.46251,1.21886,0,200,0,-2.93138,-0.142234,4.21151,7.05317,5.9015,8.75965,-10,-10,0,269.493,0,167.683,0,119.118,0,387.135,48.5069,12.1275,49.4202,7.59248,49.7071,5.4039,46.9353,17.236,-10.7387,19.5008,-10.5408,-76.6734,-24.054,-99.3438,7.27257,161.211,10,6.95271e-310,195.008,6.68183e-310,-766.734,1.4822e-323,-993.438,5.23261e-310,1612.11,48.5069,207.135,49.4202,-759.142,49.7071,-988.034,46.9353,1629.35,-50.9806,-2.47363,73.2437,122.664,102.635,152.342,-233.706,-186.771,
1.33407,1.41103,1.46547,1.21733,0,200,0,-2.35193,0.442888,3.54262,6.38101,6.12794,8.98701,-10,-10,0,260.397,0,175.738,0,115.862,0,388.809,48.6056,11.726,49.3633,7.95414,49.7229,5.25673,46.909,17.3074,-12.3154,11.6927,-8.99014,-67.672,-24.7898,-102.387,8.27386,163.298,10,6.95271e-310,116.927,6.68183e-310,-676.72,1.4822e-323,-1023.87,5.23261e-310,1632.98,48.6056,128.653,49.3633,-668.766,49.7229,-1018.62,46.909,1650.29,-40.9032,7.7024,61.6108,110.974,106.573,156.296,-236.395,-189.486,
1.34265,1.40286,1.46802,1.21617,0,200,0,-1.74009,1.06041,2.81299,5.64754,6.33746,9.19729,-10,-10,0,250.958,0,184.728,0,113.054,0,390.088,48.7044,11.3085,49.2966,8.35733,49.7362,5.12979,46.8888,17.3619,-13.9438,3.44958,-7.33954,-57.8524,-25.5251,-105.204,9.24541,164.792,10,6.95271e-310,34.4958,6.68183e-310,-578.524,1.4822e-323,-1052.04,5.23261e-310,1647.92,48.7044,45.8043,49.2966,-570.166,49.7362,-1046.91,46.8888,1665.28,-30.2624,18.442,48.9216,98.2182,110.217,159.953,-238.319,-191.431,
1.35128,1.3958,1.47014,1.21532,0,200,0,-1.16318,1.64283,2.14016,4.97126,6.50655,9.367,-10,-10,0,241.467,0,192.493,0,110.721,0,391.025,48.8002,10.8878,49.2364,8.70509,49.7469,5.02428,46.874,17.4019,-15.427,-4.32121,-6.16252,-48.7953,-26.2845,-107.476,10.3462,166.113,10,6.95271e-310,-43.2121,6.68183e-310,-487.953,1.4822e-323,-1074.76,5.23261e-310,1661.13,48.8002,-32.3243,49.2364,-479.248,49.7469,-1069.74,46.874,1678.53,-20.2292,28.571,37.2202,86.4566,113.157,162.904,-240.021,-193.147,
1.36002,1.38806,1.4719,1.21478,0,200,0,-0.566883,2.24449,1.42301,4.25014,6.66045,9.5214,-10,-10,0,231.856,0,201.009,0,108.783,0,391.617,48.8934,10.4611,49.1675,9.08601,49.7557,4.93664,46.8647,17.4271,-16.9449,-12.3517,-4.91445,-39.1407,-27.0486,-109.545,11.3736,166.898,10,6.95271e-310,-123.517,6.68183e-310,-391.407,1.4822e-323,-1095.45,5.23261e-310,1668.98,48.8934,-113.056,49.1675,-382.321,49.7557,-1090.52,46.8647,1686.41,-9.85883,39.0346,24.748,73.9155,115.834,165.59,-241.034,-194.169,
1.36839,1.37913,1.47333,1.21454,0,200,0,0.0423413,2.85865,0.648026,3.47038,6.80934,9.6707,-10,-10,0,222.642,0,210.83,0,107.214,0,391.881,48.9793,10.0511,49.0844,9.52462,49.7627,4.86567,46.8605,17.4383,-18.5442,-20.5553,-3.39127,-28.7069,-27.8026,-111.548,12.1478,166.977,10,6.95271e-310,-205.553,6.68183e-310,-287.069,1.4822e-323,-1115.48,5.23261e-310,1669.77,48.9793,-195.502,49.0844,-277.545,49.7627,-1110.61,46.8605,1687.21,0.736371,49.7157,11.27,60.3545,118.423,168.186,-241.135,-194.274,
1.37648,1.37052,1.4742,1.21466,0,200,0,0.625045,3.44594,-0.102892,2.71464,6.92313,9.78473,-10,-10,0,213.743,0,220.308,0,106.252,0,391.749,49.059,9.65458,49.0005,9.94721,49.7669,4.82214,46.8626,17.4327,-20.0364,-28.4004,-2.06409,-18.5956,-28.5315,-113.079,12.907,166.562,10,6.95271e-310,-284.004,6.68183e-310,-185.956,1.4822e-323,-1130.79,5.23261e-310,1665.62,49.059,-274.349,49.0005,-176.009,49.7669,-1125.96,46.8626,1683.05,10.8704,59.9294,-1.78943,47.2111,120.402,170.169,-240.599,-193.737,
1.38444,1.36129,1.47489,1.21519,0,200,0,1.21065,4.03588,-0.890912,1.92122,7.02872,9.8905,-10,-10,0,204.99,0,230.459,0,105.501,0,391.169,49.1343,9.2639,48.9067,10.3989,49.7702,4.78813,46.8718,17.408,-21.5738,-36.2834,-0.621234,-7.98328,-29.2653,-114.5,13.4878,165.563,10,6.95271e-310,-362.834,6.68183e-310,-79.8328,1.4822e-323,-1145,5.23261e-310,1655.63,49.1343,-353.57,48.9067,-69.4339,49.7702,-1140.21,46.8718,1673.04,21.0548,70.1892,-15.4941,33.4125,122.239,172.009,-239.312,-192.44,
1.39229,1.3527,1.47528,1.21639,0,200,0,1.76221,4.59153,-1.65017,1.15672,7.09998,9.96187,-10,-10,0,196.356,0,239.911,0,105.066,0,389.85,49.2055,8.87793,48.8155,10.8188,49.7721,4.76845,46.8926,17.3518,-22.9607,-43.7065,0.617104,2.24355,-29.9282,-115.459,14.0232,164.017,10,6.95271e-310,-437.065,6.68183e-310,22.4355,1.4822e-323,-1154.59,5.23261e-310,1640.17,49.2055,-428.187,48.8155,33.2543,49.7721,-1149.82,46.8926,1657.52,30.6472,79.8527,-28.6986,20.1169,123.478,173.25,-237.319,-190.427,
1.39991,1.34221,1.47541,1.21834,0,200,0,2.34076,5.17389,-2.52251,0.277702,7.1709,10,-10,-10,0,187.971,0,251.446,0,104.921,0,387.702,49.2717,8.50263,48.6994,11.3301,49.7727,4.76189,46.9264,17.2602,-24.5098,-51.4925,2.35646,13.9951,-30.571,-116.414,14.1671,161.254,10,6.95271e-310,-514.925,6.68183e-310,139.951,1.4822e-323,-1164.14,5.23261e-310,1612.54,49.2717,-506.422,48.6994,151.281,49.7727,-1159.38,46.9264,1629.8,40.7089,89.9807,-43.8698,4.8296,124.711,174.484,-233.761,-186.834,
1.40732,1.33311,1.47525,1.22092,0,200,0,2.86142,5.69809,-3.3187,-0.524523,7.19818,10,-10,-10,0,179.824,0,261.451,0,105.105,0,384.867,49.3334,8.13748,48.5943,11.7726,49.7719,4.77024,46.9707,17.1392,-25.8053,-58.4975,3.70042,24.7227,-31.1145,-116.783,14.3397,158.139,10,6.95271e-310,-584.975,6.68183e-310,247.227,1.4822e-323,-1167.83,5.23261e-310,1581.39,49.3334,-576.837,48.5943,258.999,49.7719,-1163.06,46.9707,1598.53,49.7639,99.0973,-57.7164,-9.12213,125.186,174.958,-229.747,-182.777,
1.41446,1.3251,1.47474,1.22388,0,200,0,3.33601,6.17595,-4.04918,-1.26053,7.18883,10,-10,-10,0,171.968,0,270.271,0,105.659,0,381.611,49.3902,7.7849,48.4984,12.1618,49.7695,4.7953,47.0212,17.0001,-26.8938,-64.8809,4.71775,34.5666,-31.5797,-116.658,14.5471,154.78,10,6.95271e-310,-648.809,6.68183e-310,345.666,1.4822e-323,-1166.58,5.23261e-310,1547.8,49.3902,-641.024,48.4984,357.828,49.7695,-1161.79,47.0212,1564.8,58.0176,107.408,-70.4205,-21.9222,125.023,174.793,-225.42,-178.399,
1.42199,1.31581,1.47375,1.22729,0,200,0,3.85327,6.69649,-4.8688,-2.08676,7.16339,10,-10,-9.94557,0,163.689,0,280.487,0,106.753,0,377.854,49.4474,7.41297,48.3833,12.6117,49.7647,4.8448,47.079,16.8394,-28.1172,-71.8375,5.84897,45.6132,-32.1198,-116.318,14.6651,150.608,10,6.95271e-310,-718.375,6.68183e-310,456.132,1.4822e-323,-1163.18,5.23261e-310,1506.08,49.4474,-710.962,48.3833,468.744,49.7647,-1158.34,47.079,1522.92,67.0133,116.461,-84.6747,-36.2914,124.581,174.345,-220.045,-172.966,
1.42798,1.30773,1.47203,1.23101,0,200,0,4.26979,7.11552,-5.56973,-2.79363,7.0905,9.95149,-10,-9.59643,0,157.098,0,289.372,0,108.638,0,373.768,49.491,7.11655,48.2799,13.0021,49.7563,4.93008,47.1413,16.6644,-29.0042,-77.4388,6.80915,55.0616,-32.429,-115.341,14.6794,145.944,10,6.95271e-310,-774.388,6.68183e-310,550.616,1.4822e-323,-1153.41,5.23261e-310,1459.44,49.491,-767.271,48.2799,563.618,49.7563,-1148.48,47.1413,1476.1,74.2573,123.748,-96.8648,-48.5849,123.313,173.069,-214.036,-166.894,
1.43448,1.29981,1.46953,1.23518,0,200,0,4.70031,7.54864,-6.27695,-3.50687,6.96723,9.8275,-10,-9.20481,0,149.953,0,298.086,0,111.393,0,369.18,49.5361,6.79494,48.1754,13.3841,49.7438,5.05469,47.2103,16.4676,-29.7905,-83.2267,7.46529,64.596,-32.7218,-113.687,14.8735,140.712,10,6.95271e-310,-832.267,6.68183e-310,645.96,1.4822e-323,-1136.87,5.23261e-310,1407.12,49.5361,-825.472,48.1754,659.344,49.7438,-1131.82,47.2103,1423.59,81.7445,131.281,-109.164,-60.989,121.169,170.913,-207.294,-160.084,
1.4411,1.29208,1.46714,1.24019,0,200,0,5.1164,7.96725,-6.9938,-4.22975,6.82766,9.68723,-10,-8.76937,0,142.663,0,306.589,0,114.017,0,363.67,49.5801,6.4665,48.0705,13.7561,49.7316,5.1733,47.2922,16.2309,-30.5156,-88.8191,8.10256,74.2614,-32.9397,-111.813,14.872,134.898,10,6.95271e-310,-888.191,6.68183e-310,742.614,1.4822e-323,-1118.13,5.23261e-310,1348.98,49.5801,-881.724,48.0705,756.37,49.7316,-1112.96,47.2922,1365.22,88.9808,138.561,-121.631,-73.5609,118.742,168.474,-199.803,-152.511,
1.44622,1.28476,1.46403,1.24459,0,200,0,5.46821,8.32093,-7.62238,-4.8642,6.67068,9.5293,-10,-8.33921,0,137.034,0,314.643,0,117.444,0,358.832,49.6125,6.2127,47.9684,14.1077,49.7153,5.32823,47.3632,16.0228,-31.1242,-93.5481,8.66389,82.7379,-33.1036,-109.707,14.8527,129.149,10,6.95271e-310,-935.481,6.68183e-310,827.379,1.4822e-323,-1097.07,5.23261e-310,1291.49,49.6125,-929.269,47.9684,841.487,49.7153,-1091.74,47.3632,1307.51,95.0994,144.712,-132.563,-84.5947,116.012,165.727,-192.393,-145.03,
1.45151,1.27776,1.46017,1.24986,0,200,0,5.80927,8.66384,-8.24445,-5.49201,6.45547,9.3129,-10,-7.8413,0,131.22,0,322.342,0,121.689,0,353.031,49.6447,5.95041,47.8685,14.4431,49.6944,5.52004,47.447,15.7728,-31.5503,-98.1312,9.03032,91.1275,-33.119,-106.817,14.862,122.496,10,6.95271e-310,-981.312,6.68183e-310,911.275,1.4822e-323,-1068.17,5.23261e-310,1224.96,49.6447,-975.362,47.8685,925.718,49.6944,-1062.65,47.447,1240.73,101.031,150.675,-143.382,-95.5132,112.269,161.963,-183.817,-136.37,
1.45629,1.27108,1.45666,1.2555,0,200,0,6.11129,8.96746,-8.84327,-6.09644,6.24527,9.10156,-10,-7.33026,0,125.96,0,329.685,0,125.551,0,346.822,49.6725,5.71295,47.7711,14.7623,49.6747,5.6945,47.5353,15.5047,-31.9407,-102.189,9.4822,99.2044,-33.0612,-103.994,14.5996,115.669,10,6.95271e-310,-1021.89,6.68183e-310,992.044,1.4822e-323,-1039.94,5.23261e-310,1156.69,49.6725,-1016.18,47.7711,1006.81,49.6747,-1034.24,47.5353,1172.19,106.283,155.956,-153.796,-106.025,108.613,158.288,-175.018,-127.483,
1.46057,1.26484,1.45182,1.26207,0,200,0,6.37386,9.23141,-9.40296,-6.66148,5.95092,8.8056,-9.46498,-6.7259,0,121.254,0,336.553,0,130.877,0,339.598,49.6965,5.50039,47.678,15.0603,49.6465,5.93494,47.6361,15.1922,-32.0368,-105.716,9.76576,106.754,-32.7263,-100.04,14.3616,107.593,10,6.95271e-310,-1057.16,6.68183e-310,1067.54,1.4822e-323,-1000.4,5.23261e-310,1075.93,49.6965,-1051.66,47.678,1082.6,49.6465,-994.461,47.6361,1091.12,110.85,160.546,-163.53,-115.852,103.494,153.141,-164.608,-116.972,
1.46433,1.25895,1.44756,1.26779,0,200,0,6.6136,9.47232,-9.91744,-7.1811,5.69868,8.55188,-8.9349,-6.19088,0,117.115,0,343.026,0,135.557,0,333.31,49.7169,5.31334,47.5885,15.3406,49.6208,6.1461,47.7221,14.9197,-32.2435,-108.936,10.0222,113.695,-32.5256,-96.651,14.0432,100.443,10,6.95271e-310,-1089.36,6.68183e-310,1136.95,1.4822e-323,-966.51,5.23261e-310,1004.43,49.7169,-1084.05,47.5885,1152.29,49.6208,-960.364,47.7221,1019.35,115.019,164.736,-172.477,-124.889,99.1076,148.728,-155.39,-107.667,
1.46768,1.25337,1.44191,1.2745,0,200,0,6.82083,9.68056,-10,-7.67224,5.35862,8.20977,-8.30449,-5.55478,0,113.423,0,349.169,0,141.779,0,325.928,49.7344,5.14648,47.5021,15.6061,49.5853,6.42669,47.8212,14.5991,-32.1809,-111.72,10.1151,120.255,-32.0461,-92.0818,13.7349,91.9395,10,6.95271e-310,-1117.2,6.68183e-310,1202.55,1.4822e-323,-920.818,5.23261e-310,919.395,49.7344,-1112.05,47.5021,1218.16,49.5853,-914.391,47.8212,933.994,118.623,168.358,-180.932,-133.43,93.1933,142.779,-144.426,-96.6048,
1.47066,1.24836,1.43651,1.28243,0,200,0,6.97787,9.83847,-10,-8.14225,4.99383,7.84294,-7.61516,-4.85886,0,110.154,0,354.679,0,147.711,0,317.201,49.7495,4.99864,47.4233,15.8439,49.5499,6.694,47.9355,14.2192,-31.9735,-113.827,10.3394,126.535,-31.322,-87.1781,13.0378,82.6421,10,6.95271e-310,-1138.27,6.68183e-310,1265.35,1.4822e-323,-871.781,5.23261e-310,826.421,49.7495,-1133.27,47.4233,1281.2,49.5499,-865.087,47.9355,840.64,121.354,171.104,-189.028,-141.604,86.8492,136.399,-132.437,-84.502,
1.47275,1.24378,1.43132,1.28926,0,200,0,7.10071,9.9619,-10,-8.54301,4.66105,7.50813,-6.99562,-4.23381,0,107.847,0,359.715,0,153.42,0,309.687,49.7599,4.8943,47.3503,16.0608,49.5145,6.95103,48.0315,13.8914,-31.8182,-115.477,10.53,131.887,-30.6818,-82.7048,12.3617,74.2875,10,6.95271e-310,-1154.77,6.68183e-310,1318.87,1.4822e-323,-827.048,5.23261e-310,742.875,49.7599,-1149.87,47.3503,1334.93,49.5145,-820.097,48.0315,756.766,123.491,173.25,-195.924,-148.574,81.0618,130.576,-121.663,-73.6315,
1.47487,1.23997,1.42483,1.29728,0,200,0,7.19794,10,-10,-8.90305,4.22848,7.07291,-6.28116,-3.51303,0,105.514,0,363.907,0,160.565,0,300.867,49.7702,4.78873,47.2887,16.2411,49.4683,7.2725,48.1414,13.5059,-31.3613,-116.781,10.4069,136.698,-29.7388,-76.8888,11.7346,64.6538,10,6.95271e-310,-1167.81,6.68183e-310,1366.98,1.4822e-323,-768.888,5.23261e-310,646.538,49.7702,-1163.02,47.2887,1383.22,49.4683,-761.616,48.1414,660.043,125.182,174.952,-202.124,-154.836,73.5388,123.007,-109.238,-61.0962,
1.47638,1.23674,1.41944,1.30634,0,200,0,7.23433,10,-10,-9.24151,3.81098,6.65311,-5.54309,-2.76804,0,103.853,0,367.466,0,166.497,0,290.901,49.7773,4.71357,47.2359,16.3941,49.4283,7.53917,48.2617,13.0692,-30.8723,-117.266,10.64,141.224,-28.6041,-71.2728,10.5244,54.7028,10,6.95271e-310,-1172.66,6.68183e-310,1412.24,1.4822e-323,-712.728,5.23261e-310,547.028,49.7773,-1167.95,47.2359,1428.63,49.4283,-705.188,48.2617,560.098,125.814,175.592,-207.958,-160.722,66.2779,115.706,-96.4015,-48.1398,
1.47746,1.23392,1.41274,1.31425,0,200,0,7.266,10,-10,-9.50521,3.35811,6.19727,-4.83659,-2.05568,0,102.666,0,370.564,0,173.866,0,282.201,49.7824,4.65988,47.1896,16.527,49.3767,7.87013,48.3636,12.6871,-30.3113,-117.69,10.4302,144.747,-27.5141,-65.1819,9.7451,45.1792,10,6.95271e-310,-1176.9,6.68183e-310,1447.47,1.4822e-323,-651.819,5.23261e-310,451.792,49.7824,-1172.24,47.1896,1464,49.3767,-643.949,48.3636,464.479,126.365,176.148,-212.498,-165.308,58.4018,107.779,-84.1145,-35.7509,
1.47843,1.23147,1.40646,1.32444,0,200,0,7.25103,10,-10,-9.78738,2.85785,5.69412,-4.01689,-1.2287,0,101.599,0,373.253,0,180.774,0,270.996,49.7869,4.61155,47.149,16.6424,49.3263,8.18004,48.4903,12.1938,-29.6624,-117.485,10.5069,148.523,-26.1075,-58.4509,8.27282,34.1314,10,6.95271e-310,-1174.85,6.68183e-310,1485.23,1.4822e-323,-584.509,5.23261e-310,341.314,49.7869,-1170.24,47.149,1501.87,49.3263,-576.329,48.4903,353.507,126.105,175.892,-217.364,-170.215,49.7018,99.0281,-69.859,-21.3687,
1.479,1.22934,1.40064,1.3329,0,200,0,7.23327,10,-10,-10,2.41643,5.24991,-3.31492,-0.520897,0,100.979,0,375.6,0,187.167,0,261.689,49.7895,4.58351,47.1134,16.7429,49.278,8.46661,48.5918,11.7831,-29.1547,-117.244,10.4729,151.54,-24.9347,-52.5112,7.01683,24.6718,10,6.95271e-310,-1172.44,6.68183e-310,1515.4,1.4822e-323,-525.112,5.23261e-310,246.718,49.7895,-1167.85,47.1134,1532.15,49.278,-516.645,48.5918,258.501,125.796,175.586,-221.253,-174.14,42.0249,91.3028,-57.6508,-9.05908,
1.47942,1.22759,1.39357,1.3433,0,200,0,7.18125,10,-10,-10,1.86089,4.69086,-2.46903,0.33189,0,100.518,0,377.525,0,194.945,0,250.246,49.7914,4.56263,47.0841,16.8253,49.2169,8.81482,48.7117,11.277,-28.4608,-116.541,10.3138,154.428,-23.4202,-45.0345,5.43718,13.2748,10,6.95271e-310,-1165.41,6.68183e-310,1544.28,1.4822e-323,-450.345,5.23261e-310,132.748,49.7914,-1160.85,47.0841,1561.11,49.2169,-441.531,48.7117,144.025,124.891,174.683,-224.976,-177.891,32.3633,81.5801,-42.9397,5.772,
1.47954,1.2263,1.38697,1.35278,0,200,0,7.11718,9.98022,-10,-10,1.34087,4.16743,-1.69797,1.10897,0,100.386,0,378.948,0,202.209,0,239.819,49.7919,4.55666,47.0622,16.8862,49.1576,9.13962,48.8164,10.8147,-27.8419,-115.677,10.0969,156.672,-22.0209,-38.0351,3.92304,2.88789,10,6.95271e-310,-1156.77,6.68183e-310,1566.72,1.4822e-323,-380.351,5.23261e-310,28.8789,49.7919,-1152.22,47.0622,1583.6,49.1576,-371.211,48.8164,39.6935,123.777,173.569,-227.867,-180.805,23.3194,72.477,-29.53,19.2865,
1.47933,1.2253,1.38033,1.36238,0,200,0,7.03144,9.89442,-10,-10,0.809759,3.63277,-0.923167,1.88962,0,100.61,0,380.042,0,209.512,0,229.259,49.791,4.5668,47.0454,16.933,49.0958,9.46579,48.918,10.3456,-27.2383,-114.522,9.86963,158.552,-20.5851,-30.8853,2.27364,-7.54759,10,6.95271e-310,-1145.22,6.68183e-310,1585.52,1.4822e-323,-308.853,5.23261e-310,-75.4759,49.791,-1140.66,47.0454,1602.45,49.0958,-299.388,48.918,-65.1303,122.286,172.077,-230.29,-183.245,14.0828,63.1786,-16.0551,32.8629,
1.47881,1.22464,1.37417,1.37243,0,200,0,6.91672,9.77956,-10,-10,0.279822,3.09942,-0.143055,2.67557,0,101.19,0,380.767,0,216.288,0,218.199,49.7886,4.59306,47.0343,16.964,49.0366,9.76803,49.0195,9.85323,-26.6832,-112.978,9.79271,160.196,-19.098,-23.75,0.318946,-18.0523,10,6.95271e-310,-1129.78,6.68183e-310,1601.96,1.4822e-323,-237.5,5.23261e-310,-180.523,49.7886,-1125.18,47.0343,1618.92,49.0366,-227.732,49.0195,-170.669,120.291,170.079,-232.41,-185.376,4.86646,53.903,-2.48792,46.5316,
1.47792,1.22426,1.36649,1.38167,0,200,0,6.79798,9.66059,-10,-10,-0.29912,2.51609,0.635757,3.45949,0,102.165,0,381.189,0,224.738,0,208.035,49.7845,4.63721,47.0277,16.9821,48.9601,10.1444,49.1085,9.39988,-26.0501,-111.38,9.24205,161.032,-17.6145,-15.9549,-1.29066,-28.5384,10,6.95271e-310,-1113.8,6.68183e-310,1610.32,1.4822e-323,-159.549,5.23261e-310,-285.384,49.7845,-1109.16,47.0277,1627.3,48.9601,-149.404,49.1085,-275.984,118.226,168.01,-233.488,-186.46,-5.20209,43.758,11.0566,60.1651,
1.47607,1.22418,1.35909,1.393,0,200,0,6.60207,9.46418,-10,-10,-0.927531,1.88328,1.52311,4.35279,0,104.196,0,381.282,0,232.871,0,195.578,49.7759,4.72909,47.0263,16.986,48.8837,10.5062,49.2118,8.84313,-25.444,-108.745,9.13993,161.75,-15.8304,-7.49156,-3.77958,-40.4827,10,6.95271e-310,-1087.45,6.68183e-310,1617.5,1.4822e-323,-74.9156,5.23261e-310,-404.827,49.7759,-1082.73,47.0263,1634.49,48.8837,-64.4094,49.2118,-395.984,114.819,164.594,-234.415,-187.389,-16.131,32.7528,26.4888,75.7006,
1.47384,1.22448,1.3515,1.40291,0,200,0,6.40045,9.26194,-10,-10,-1.53255,1.2736,2.33181,5.16639,0,106.648,0,380.952,0,241.229,0,184.676,49.7652,4.84003,47.0314,16.9719,48.8025,10.8773,49.297,8.35497,-24.8488,-106.035,8.79992,161.64,-14.1696,0.657366,-5.96114,-51.3669,10,6.95271e-310,-1060.35,6.68183e-310,1616.4,1.4822e-323,6.57366,5.23261e-310,-513.669,49.7652,-1055.51,47.0314,1633.37,48.8025,17.4509,49.297,-505.314,111.312,161.077,-234.273,-187.242,-26.653,22.1495,40.5533,89.8503,
1.47117,1.22524,1.34367,1.41288,0,200,0,6.16982,9.03057,-10,-10,-2.15784,0.643323,3.14391,5.98314,0,109.587,0,380.108,0,249.838,0,173.708,49.7521,4.97301,47.0444,16.9359,48.7159,11.2589,49.3779,7.86303,-24.2441,-102.935,8.38264,160.935,-12.4576,9.08065,-8.25008,-62.2947,10,6.95271e-310,-1029.35,6.68183e-310,1609.35,1.4822e-323,90.8065,5.23261e-310,-622.947,49.7521,-1024.37,47.0444,1626.29,48.7159,102.065,49.3779,-615.084,107.301,157.053,-233.366,-186.321,-37.5277,11.1882,54.6768,104.055,
1.46803,1.22671,1.33577,1.42254,0,200,0,5.90824,8.76807,-10,-10,-2.78948,0.00648452,3.93043,6.77389,0,113.041,0,378.5,0,258.525,0,163.083,49.7362,5.1292,47.0691,16.8671,48.6255,11.6432,49.4515,7.38572,-23.5913,-99.4185,7.85268,159.387,-10.713,17.5906,-10.5227,-72.8763,10,6.95271e-310,-994.185,6.68183e-310,1593.87,1.4822e-323,175.906,5.23261e-310,-728.763,49.7362,-989.056,47.0691,1610.73,48.6255,187.55,49.4515,-721.378,102.752,152.488,-231.371,-184.302,-48.5127,0.112774,68.3552,117.807,
1.46439,1.22887,1.3282,1.43186,0,200,0,5.61245,8.47119,-10,-10,-3.40955,-0.618741,4.67755,7.52485,0,117.049,0,376.114,0,266.856,0,152.826,49.7172,5.31036,47.1056,16.7649,48.5359,12.0112,49.5182,6.92433,-22.9059,-95.4426,7.32107,157.03,-8.951,25.9461,-12.8194,-82.926,10,6.95271e-310,-954.426,6.68183e-310,1570.3,1.4822e-323,259.461,5.23261e-310,-829.26,49.7172,-949.115,47.1056,1587.06,48.5359,271.472,49.5182,-822.335,97.6079,147.325,-228.335,-181.23,-59.2966,-10.7607,81.3487,130.867,
1.46045,1.23149,1.32093,1.44077,0,200,0,5.29814,8.15566,-10,-10,-4.01296,-1.22724,5.38423,8.23496,0,121.386,0,373.24,0,274.858,0,143.032,49.6959,5.50634,47.1492,16.6418,48.4472,12.364,49.5779,6.48313,-22.2314,-91.2176,6.76623,154.138,-7.22915,34.078,-15.1065,-92.4298,10,6.95271e-310,-912.176,6.68183e-310,1541.38,1.4822e-323,340.78,5.23261e-310,-924.298,49.6959,-906.669,47.1492,1558.02,48.4472,353.144,49.5779,-917.815,92.1416,141.838,-224.61,-177.461,-69.7905,-21.3433,93.6388,143.217,
1.45602,1.23491,1.31418,1.44898,0,200,0,4.95153,7.80761,-10,-9.91802,-4.58654,-1.80568,6.0243,8.878,0,126.25,0,369.47,0,282.28,0,134.002,49.671,5.72605,47.206,16.4801,48.3627,12.6905,49.6295,6.07592,-21.4822,-86.5581,6.20753,150.322,-5.51741,41.809,-17.2785,-101.036,10,6.95271e-310,-865.581,6.68183e-310,1503.22,1.4822e-323,418.09,5.23261e-310,-1010.36,49.671,-859.855,47.206,1519.7,48.3627,430.78,49.6295,-1004.29,86.1136,135.785,-219.693,-172.487,-79.7659,-31.4032,104.771,154.4,
1.45123,1.23816,1.30767,1.45625,0,200,0,4.60182,7.45629,-10,-9.61989,-5.11866,-2.34261,6.61032,9.46648,0,131.523,0,365.898,0,289.438,0,126,49.643,5.96409,47.2593,16.3267,48.2791,13.005,49.6723,5.71474,-20.7946,-81.8576,5.67778,146.34,-3.91879,48.982,-19.376,-108.915,10,6.95271e-310,-818.576,6.68183e-310,1463.4,1.4822e-323,489.82,5.23261e-310,-1089.15,49.643,-812.612,47.2593,1479.72,48.2791,502.825,49.6723,-1083.44,80.0316,129.675,-214.562,-167.302,-89.0201,-40.7411,114.962,164.634,
1.44608,1.24206,1.30149,1.46305,0,200,0,4.2263,7.07897,-10,-9.26773,-5.63311,-2.86174,7.15054,10,0,137.192,0,361.613,0,296.24,0,118.525,49.6116,6.21984,47.3225,16.1425,48.1977,13.3033,49.71,5.37709,-20.0389,-76.8097,5.10804,141.636,-2.3273,55.9176,-21.3881,-116.177,10,6.95271e-310,-768.097,6.68183e-310,1416.36,1.4822e-323,559.176,5.23261e-310,-1161.77,49.6116,-761.877,47.3225,1432.5,48.1977,572.479,49.71,-1156.4,73.5009,123.113,-208.5,-161.178,-97.9672,-49.7694,124.357,174.067,
1.44054,1.24641,1.29555,1.46949,0,200,0,3.82647,6.67711,-10,-8.87386,-6.13347,-3.36669,7.65779,10,0,143.282,0,356.828,0,302.766,0,111.433,49.5764,6.49442,47.3923,15.9365,48.118,13.589,49.7437,5.05647,-19.2473,-71.4344,4.52576,136.375,-0.748467,62.6639,-23.3858,-122.995,10,6.95271e-310,-714.344,6.68183e-310,1363.75,1.4822e-323,626.639,5.23261e-310,-1229.95,49.5764,-707.85,47.3923,1379.69,48.118,640.228,49.7437,-1224.89,66.5473,116.124,-201.72,-154.328,-106.669,-58.5511,133.179,182.923,
1.43476,1.25109,1.28999,1.47583,0,200,0,3.40839,6.25683,-10,-8.45464,-6.62053,-3.85814,8.14135,10,0,149.636,0,351.673,0,308.883,0,104.459,49.5381,6.78069,47.4664,15.7142,48.0417,13.8563,49.7747,4.74101,-18.4656,-65.8133,3.97796,130.776,0.79644,69.2315,-25.4442,-129.493,10,6.95271e-310,-658.133,6.68183e-310,1307.76,1.4822e-323,692.315,5.23261e-310,-1294.93,49.5381,-651.352,47.4664,1323.47,48.0417,706.171,49.7747,-1290.19,59.2764,108.815,-194.504,-147.037,-115.14,-67.098,141.589,191.363,
1.42866,1.25627,1.28469,1.48163,0,200,0,2.9695,5.81551,-10,-7.99073,-7.08796,-4.32983,8.58129,10,0,156.346,0,345.979,0,314.722,0,98.0788,49.4958,7.08274,47.5472,15.4683,47.9674,14.1112,49.8014,4.45222,-17.6223,-59.9116,3.369,124.579,2.30855,75.5348,-27.397,-135.404,10,6.95271e-310,-599.116,6.68183e-310,1245.79,1.4822e-323,755.348,5.23261e-310,-1354.04,49.4958,-592.033,47.5472,1261.26,47.9674,769.459,49.8014,-1349.59,51.6435,101.139,-186.516,-138.969,-123.269,-75.3014,149.24,199.041,
1.4228,1.26169,1.27983,1.48674,0,200,0,2.54149,5.38506,-10,-7.51419,-7.51995,-4.7658,8.96295,10,0,162.792,0,340.02,0,320.061,0,92.463,49.4534,7.37268,47.6302,15.2105,47.8984,14.3438,49.8235,4.19792,-16.7671,-54.1554,2.6639,118.214,3.69492,81.3609,-29.1145,-140.531,10,6.95271e-310,-541.554,6.68183e-310,1182.14,1.4822e-323,813.609,5.23261e-310,-1405.31,49.4534,-534.181,47.6302,1197.35,47.8984,827.953,49.8235,-1401.12,44.1998,93.6533,-178.312,-130.681,-130.782,-82.8834,155.877,205.701,
1.41634,1.26781,1.27535,1.49132,0,200,0,2.07407,4.91485,-9.71794,-6.9739,-7.92918,-5.17875,9.29746,10,0,169.898,0,333.284,0,324.992,0,87.4272,49.4048,7.69196,47.7225,14.9185,47.8336,14.5584,49.8422,3.96978,-15.7981,-47.8685,1.95007,110.997,5.08815,86.8802,-30.7525,-145.024,10,6.95271e-310,-478.685,6.68183e-310,1109.97,1.4822e-323,868.802,5.23261e-310,-1450.24,49.4048,-470.993,47.7225,1124.89,47.8336,883.36,49.8422,-1446.27,36.0709,85.4757,-169.008,-121.285,-137.899,-90.0652,161.695,211.537,
1.40974,1.27298,1.27121,1.49534,0,200,0,1.62647,4.46426,-9.23091,-6.48247,-8.29073,-5.54378,9.60661,10,0,177.162,0,327.602,0,329.54,0,82.9979,49.3529,8.01803,47.7989,14.6718,47.773,14.756,49.8577,3.76905,-14.9861,-41.8481,1.43834,104.427,6.34455,91.7569,-32.5036,-149.177,10,6.95271e-310,-418.481,6.68183e-310,1044.27,1.4822e-323,917.569,5.23261e-310,-1491.77,49.3529,-410.463,47.7989,1058.95,47.773,932.326,49.8577,-1488,28.2864,77.6394,-160.538,-112.739,-144.187,-96.4136,167.072,216.929,
1.40311,1.27893,1.26744,1.49893,0,200,0,1.16212,3.9968,-8.69411,-5.9407,-8.63584,-5.89212,9.86814,10,0,184.452,0,321.05,0,333.692,0,79.0563,49.2987,8.34492,47.8855,14.3869,47.717,14.9363,49.8709,3.59037,-14.0623,-35.6012,0.777198,97.1872,7.55714,96.4122,-34.0383,-152.689,10,6.95271e-310,-356.012,6.68183e-310,971.872,1.4822e-323,964.122,5.23261e-310,-1526.89,49.2987,-347.667,47.8855,986.259,47.717,979.058,49.8709,-1523.3,20.2109,69.5096,-151.202,-103.316,-150.189,-102.472,171.62,221.491,
1.39609,1.28576,1.26395,1.50189,0,200,0,0.663553,3.49479,-8.08869,-5.32969,-8.96135,-6.22064,10,10,0,192.177,0,313.536,0,337.528,0,75.8002,49.2389,8.69093,47.9826,14.0594,47.6646,15.1026,49.8813,3.44274,-12.9828,-28.8927,-0.027723,89.0223,8.7548,100.803,-35.3691,-155.497,10,6.95271e-310,-288.927,6.68183e-310,890.223,1.4822e-323,1008.03,5.23261e-310,-1554.97,49.2389,-280.236,47.9826,904.283,47.6646,1023.13,49.8813,-1551.53,11.5401,60.7789,-140.673,-92.6903,-155.85,-108.185,175.256,225.137,
1.38904,1.29165,1.26088,1.5045,0,200,0,0.188203,3.01585,-7.53742,-4.77371,-9.24306,-6.50502,10,10,0,199.928,0,307.063,0,340.903,0,72.9263,49.1764,9.03769,48.0645,13.7769,47.618,15.2487,49.8902,3.3124,-12.0602,-22.4963,-0.602704,81.5886,9.8276,104.603,-36.844,-158.062,10,6.95271e-310,-224.963,6.68183e-310,815.886,1.4822e-323,1046.03,5.23261e-310,-1580.62,49.1764,-215.925,48.0645,829.663,47.618,1061.28,49.8902,-1577.3,3.2731,52.4495,-131.086,-83.021,-160.749,-113.131,178.578,228.468,
1.38188,1.29853,1.25833,1.50678,0,200,0,-0.315709,2.50814,-6.9252,-4.1561,-9.50693,-6.77114,10,10,0,207.811,0,299.497,0,343.711,0,70.4216,49.1104,9.38987,48.1582,13.4459,47.5789,15.3702,49.8976,3.1988,-11.0082,-15.7141,-1.3041,73.3337,10.8591,108.163,-38.1284,-159.97,10,6.95271e-310,-157.141,6.68183e-310,733.337,1.4822e-323,1081.63,5.23261e-310,-1599.7,49.1104,-147.751,48.1582,746.783,47.5789,1097,49.8976,-1596.51,-5.49058,43.6198,-120.438,-72.2801,-165.338,-117.759,181.052,230.949,
1.37453,1.3065,1.25603,1.50869,0,200,0,-0.853633,1.96617,-6.24248,-3.46731,-9.76405,-7.0303,10,10,0,215.892,0,290.73,0,346.242,0,68.3124,49.0401,9.7504,48.2638,13.0617,47.5434,15.4797,49.9036,3.10311,-9.80961,-8.47259,-2.24977,64.1294,11.8488,111.631,-39.1986,-161.315,10,6.95271e-310,-84.7259,6.68183e-310,641.294,1.4822e-323,1116.31,5.23261e-310,-1613.15,49.0401,-74.9755,48.2638,654.355,47.5434,1131.79,49.9036,-1610.05,-14.8458,34.1943,-108.565,-60.301,-169.81,-122.266,182.797,232.7,
1.36703,1.3133,1.25422,1.5103,0,200,0,-1.36864,1.44688,-5.62302,-2.8428,-9.97171,-7.23958,10,10,0,224.145,0,283.242,0,348.233,0,66.5459,48.9656,10.118,48.3516,12.7328,47.5154,15.5657,49.9085,3.02297,-8.78497,-1.53906,-2.85671,55.779,12.7302,114.433,-40.5008,-162.467,10,6.95271e-310,-15.3906,6.68183e-310,557.79,1.4822e-323,1144.33,5.23261e-310,-1624.67,48.9656,-5.27262,48.3516,570.522,47.5154,1159.89,49.9085,-1621.65,-23.8024,25.1631,-97.7916,-49.44,-173.421,-125.906,184.29,234.199,
1.35937,1.32152,1.25283,1.5115,0,200,0,-1.92543,0.885553,-4.91642,-2.13028,-10,-7.43725,10,10,0,232.568,0,274.199,0,349.762,0,65.2277,48.8866,10.4927,48.4546,12.3349,47.4937,15.6317,49.9121,2.96316,-7.57756,5.95858,-3.75035,46.2551,13.5556,117.082,-41.5178,-162.888,10,6.95271e-310,59.5858,6.68183e-310,462.551,1.4822e-323,1170.82,5.23261e-310,-1628.88,48.8866,70.0785,48.4546,474.886,47.4937,1186.45,49.9121,-1625.92,-33.4857,15.4009,-85.503,-37.0484,-176.837,-129.343,184.84,234.752,
1.3515,1.33007,1.25182,1.51234,0,200,0,-2.49974,0.306407,-4.18429,-1.39219,-10,-7.60958,10,10,0,241.229,0,264.8,0,350.869,0,64.3049,48.8025,10.8773,48.5582,11.9204,47.4779,15.6795,49.9146,2.92129,-6.34051,13.6934,-4.68955,36.3886,14.3003,119.394,-42.489,-162.85,10,6.95271e-310,136.934,6.68183e-310,363.886,1.4822e-323,1193.94,5.23261e-310,-1628.5,48.8025,147.811,48.5582,375.806,47.4779,1209.62,49.9146,-1625.57,-43.4737,5.32882,-72.7702,-24.212,-179.818,-132.341,184.794,234.709,
1.34361,1.33978,1.25111,1.51285,0,200,0,-3.10569,-0.30456,-3.38539,-0.58677,-10,-7.77391,10,10,0,249.903,0,254.122,0,351.66,0,63.738,48.7152,11.2618,48.6717,11.4485,47.4666,15.7137,49.9161,2.89556,-4.98935,21.8559,-5.95446,25.6241,14.9432,121.601,-43.2113,-162.243,10,6.95271e-310,218.559,6.68183e-310,256.241,1.4822e-323,1216.01,5.23261e-310,-1622.43,48.7152,229.821,48.6717,267.689,47.4666,1231.72,49.9161,-1619.53,-54.0119,-5.2967,-58.8764,-10.2047,-182.665,-135.199,184.014,233.93,
1.33515,1.34988,1.25065,1.51313,0,200,0,-3.74888,-0.953333,-2.54718,0.257944,-10,-7.921,10,10,0,259.21,0,243.009,0,352.161,0,63.4349,48.6182,11.6735,48.7848,10.9562,47.4595,15.7353,49.9169,2.8818,-3.61918,30.5215,-7.28213,14.3319,15.5105,123.578,-44.0302,-161.326,10,6.95271e-310,305.215,6.68183e-310,143.319,1.4822e-323,1235.78,5.23261e-310,-1613.26,48.6182,316.888,48.7848,154.275,47.4595,1251.52,49.9169,-1610.38,-65.1979,-16.5797,-44.2989,4.48598,-185.216,-137.757,182.832,232.749,
1.32868,1.358,1.25051,1.51306,0,200,0,-4.2519,-1.46075,-1.88336,0.926799,-10,-8.01934,10,10,0,266.329,0,234.071,0,352.319,0,63.5139,48.5416,11.9879,48.8723,10.5595,47.4572,15.7421,49.9167,2.88539,-2.54788,37.2995,-8.44941,5.39041,15.8529,124.902,-44.5454,-160.272,10,6.95271e-310,372.995,6.68183e-310,53.9041,1.4822e-323,1249.02,5.23261e-310,-1602.72,48.5416,384.983,48.8723,64.4636,47.4572,1264.76,49.9167,-1599.84,-73.9461,-25.4044,-32.754,16.1182,-186.924,-139.467,181.473,231.389,
1.32087,1.3669,1.2507,1.51259,0,200,0,-4.83357,-2.04789,-1.13311,1.68233,-10,-8.09586,10,10,0,274.924,0,224.29,0,352.108,0,64.0281,48.4465,12.3669,48.9642,10.1245,47.4602,15.733,49.9153,2.90872,-1.36717,45.1384,-9.6369,-4.71372,16.1815,125.936,-45.2753,-158.759,10,6.95271e-310,451.384,6.68183e-310,-47.1372,1.4822e-323,1259.36,5.23261e-310,-1587.59,48.4465,463.751,48.9642,-37.0127,47.4602,1275.09,49.9153,-1584.68,-84.062,-35.6156,-19.7063,29.2579,-188.258,-140.797,179.517,229.433,
1.31397,1.37526,1.25127,1.51156,0,200,0,-5.3585,-2.57779,-0.439216,2.381,-10,-8.13101,10,10,0,282.504,0,215.088,0,351.476,0,65.1618,48.3601,12.7004,49.0472,9.71455,47.4693,15.7057,49.9123,2.96017,-0.25864,52.2136,-10.8446,-14.0574,16.364,126.416,-45.6885,-156.741,10,6.95271e-310,522.136,6.68183e-310,-140.574,1.4822e-323,1264.16,5.23261e-310,-1567.41,48.3601,534.837,49.0472,-130.859,47.4693,1279.86,49.9123,-1564.45,-93.1913,-44.8312,-7.63854,41.4087,-188.878,-141.409,176.909,226.821,
1.30723,1.38353,1.25253,1.50978,0,200,0,-5.87107,-3.09535,0.247559,3.07229,-10,-8.10989,9.96411,10,0,289.926,0,205.992,0,350.092,0,67.1128,48.2733,13.0264,49.1259,9.30864,47.489,15.646,49.907,3.04869,0.859182,59.1232,-11.983,-23.3038,16.4408,126.145,-45.9079,-153.943,10,6.95271e-310,591.232,6.68183e-310,-233.038,1.4822e-323,1261.45,5.23261e-310,-1539.43,48.2733,604.259,49.1259,-223.729,47.489,1277.09,49.907,-1536.38,-102.106,-53.8322,4.30537,53.4312,-188.53,-141.041,173.289,223.196,
1.30086,1.39168,1.25452,1.50738,0,200,0,-6.3612,-3.59031,0.916654,3.74566,-10,-8.03428,9.7011,10,0,296.926,0,197.028,0,347.903,0,69.7543,48.1894,13.3333,49.2001,8.908,47.52,15.5515,49.8995,3.16852,1.96057,65.7312,-13.0429,-32.3107,16.4041,125.147,-45.9029,-150.407,10,6.95271e-310,657.312,6.68183e-310,-323.107,1.4822e-323,1251.47,5.23261e-310,-1504.07,48.1894,670.645,49.2001,-314.199,47.52,1267.02,49.8995,-1500.9,-110.63,-62.4402,15.9418,65.1419,-187.247,-139.727,168.715,218.614,
1.2948,1.39994,1.25699,1.50449,0,200,0,-6.83986,-4.07367,1.58335,4.41649,-10,-7.92212,9.39533,10,0,303.596,0,187.945,0,345.188,0,72.9396,48.1077,13.6253,49.272,8.50145,47.5583,15.4341,49.8901,3.31301,3.05551,72.1852,-14.1464,-41.2839,16.259,123.662,-45.6949,-146.296,10,6.95271e-310,721.852,6.68183e-310,-412.839,1.4822e-323,1236.62,5.23261e-310,-1462.96,48.1077,735.477,49.272,-404.337,47.5583,1252.05,49.8901,-1459.65,-118.954,-70.8465,27.5366,76.8086,-185.334,-137.776,163.397,213.287,
1.2896,1.40825,1.25984,1.50146,0,200,0,-7.28451,-4.52243,2.2229,5.06001,-10,-7.78934,9.06567,10,0,309.318,0,178.796,0,342.05,0,76.2747,48.0362,13.8753,49.341,8.09136,47.6021,15.2984,49.8798,3.46426,4.08062,78.1809,-15.3292,-49.8896,15.9901,121.903,-45.2165,-141.864,10,6.95271e-310,781.809,6.68183e-310,-498.896,1.4822e-323,1219.03,5.23261e-310,-1418.64,48.0362,795.685,49.341,-490.805,47.6021,1234.33,49.8798,-1415.18,-126.687,-78.6509,38.6592,88.0001,-183.069,-135.467,157.664,207.544,
1.28359,1.41645,1.26272,1.49769,0,200,0,-7.75554,-4.9983,2.88908,5.7299,-10,-7.62784,8.70444,10,0,315.922,0,169.779,0,338.886,0,80.4141,47.952,14.1635,49.4056,7.68663,47.6459,15.1614,49.8665,3.65193,5.1489,84.5335,-16.5536,-58.8531,15.6794,119.757,-44.8469,-137.009,10,6.95271e-310,845.335,6.68183e-310,-588.531,1.4822e-323,1197.57,5.23261e-310,-1370.09,47.952,859.498,49.4056,-580.844,47.6459,1212.73,49.8665,-1366.44,-134.879,-86.927,50.2448,99.6504,-180.304,-132.658,151.382,201.248,
1.27916,1.42434,1.26654,1.49341,0,200,0,-8.14836,-5.39476,3.48656,6.33078,-10,-7.40584,8.28368,10,0,320.8,0,161.105,0,334.681,0,85.1202,47.8887,14.376,49.4647,7.29681,47.7035,14.9791,49.8504,3.86524,6.12149,89.8312,-17.6676,-66.89,15.2198,116.805,-43.942,-131.353,10,6.95271e-310,898.312,6.68183e-310,-668.9,1.4822e-323,1168.05,5.23261e-310,-1313.53,47.8887,912.688,49.4647,-661.603,47.7035,1183.03,49.8504,-1309.67,-141.711,-93.8218,60.6357,110.1,-176.501,-128.797,144.064,193.914,
1.27464,1.43184,1.26992,1.48888,0,200,0,-8.53173,-5.78189,4.07042,6.9177,-9.93555,-7.1897,7.87012,10,0,325.77,0,152.853,0,330.963,0,90.1033,47.8233,14.5922,49.518,6.92552,47.7539,14.8178,49.8324,4.09103,7.06167,95.0021,-18.9147,-74.7429,14.7248,113.928,-43.0733,-125.795,10,6.95271e-310,950.021,6.68183e-310,-747.429,1.4822e-323,1139.28,5.23261e-310,-1257.95,47.8233,964.613,49.518,-740.504,47.7539,1154.09,49.8324,-1253.86,-148.378,-100.555,70.7898,120.308,-172.792,-125.038,136.872,186.704,
1.27022,1.43904,1.27456,1.48381,0,200,0,-8.89993,-6.15383,4.63321,7.4833,-9.64667,-6.8969,7.39154,10,0,330.634,0,144.93,0,325.862,0,95.6796,47.7583,14.8035,49.5666,6.56868,47.8221,14.5962,49.811,4.34359,7.93396,99.9689,-19.788,-82.3116,14.1531,110.03,-42.1934,-119.361,10,6.95271e-310,999.689,6.68183e-310,-823.116,1.4822e-323,1100.3,5.23261e-310,-1193.61,47.7583,1014.49,49.5666,-816.547,47.8221,1114.89,49.811,-1189.27,-154.781,-107.023,80.5776,130.144,-167.768,-119.946,128.549,178.36,
